 ---------------------------------------------------------------
 Surface and Strip Forces by surface

  Sref = 0.15330       Cref = 0.19250       Bref = 0.91440    
  Xref = 0.10920       Yref =  0.0000       Zref =  0.0000    

  Surface # 1     Wing                                    
     # Chordwise = 10   # Spanwise = 20     First strip =  1
     Surface area Ssurf =    0.127742     Ave. chord Cave =    0.279400

 Forces referred to Sref, Cref, Bref about Xref, Yref, Zref
 Standard axis orientation,  X fwd, Z down         
     CLsurf  =   0.23695     Clsurf  =  -0.05170
     CYsurf  =   0.00338     Cmsurf  =  -0.01192
     CDsurf  =   0.00702     Cnsurf  =  -0.00392
     CDisurf =   0.00702     CDvsurf =   0.00000

 Forces referred to Ssurf, Cave 
     CLsurf  =   0.28436     CDsurf  =   0.00843

 Strip Forces referred to Strip Area, Chord
    j     Xle      Yle      Zle      Chord    Area     c_cl     ai     cl_norm    cl       cd       cdv    cm_c/4     cm_LE   C.P.x/c
     1   0.0002   0.0007   0.0000   0.2794   0.0008   0.0949   0.0442   0.3628   0.3333   0.0974   0.0000  -0.0066  -0.0878    0.270
     2   0.0019   0.0063   0.0000   0.2794   0.0023   0.0949   0.0426   0.3693   0.3393   0.0190   0.0000  -0.0059  -0.0870    0.267
     3   0.0052   0.0174   0.0000   0.2794   0.0038   0.0949   0.0426   0.3696   0.3395   0.0148   0.0000  -0.0037  -0.0849    0.261
     4   0.0101   0.0337   0.0000   0.2794   0.0052   0.0949   0.0436   0.3698   0.3397   0.0132   0.0000  -0.0009  -0.0823    0.253
     5   0.0164   0.0548   0.0000   0.2794   0.0065   0.0949   0.0453   0.3700   0.3399   0.0119   0.0000   0.0018  -0.0797    0.245
     6   0.0239   0.0801   0.0000   0.2794   0.0076   0.0948   0.0473   0.3696   0.3396   0.0108   0.0000   0.0041  -0.0773    0.238
     7   0.0326   0.1092   0.0000   0.2794   0.0085   0.0944   0.0495   0.3682   0.3383   0.0100   0.0000   0.0061  -0.0751    0.232
     8   0.0421   0.1411   0.0000   0.2794   0.0093   0.0936   0.0518   0.3651   0.3354   0.0092   0.0000   0.0078  -0.0728    0.227
     9   0.0523   0.1752   0.0000   0.2794   0.0097   0.0922   0.0542   0.3596   0.3304   0.0086   0.0000   0.0093  -0.0701    0.222
    10   0.0629   0.2107   0.0000   0.2794   0.0100   0.0900   0.0569   0.3511   0.3225   0.0081   0.0000   0.0109  -0.0668    0.216
    11   0.0736   0.2465   0.0000   0.2794   0.0100   0.0869   0.0598   0.3388   0.3113   0.0076   0.0000   0.0125  -0.0625    0.210
    12   0.0842   0.2820   0.0000   0.2794   0.0097   0.0826   0.0627   0.3221   0.2959   0.0070   0.0000   0.0143  -0.0571    0.202
    13   0.0944   0.3161   0.0000   0.2794   0.0093   0.0770   0.0655   0.3005   0.2760   0.0064   0.0000   0.0162  -0.0505    0.191
    14   0.1039   0.3480   0.0000   0.2794   0.0085   0.0701   0.0677   0.2734   0.2511   0.0056   0.0000   0.0181  -0.0428    0.178
    15   0.1126   0.3771   0.0000   0.2794   0.0076   0.0617   0.0689   0.2408   0.2212   0.0048   0.0000   0.0196  -0.0341    0.161
    16   0.1201   0.4024   0.0000   0.2794   0.0065   0.0521   0.0686   0.2031   0.1866   0.0038   0.0000   0.0203  -0.0252    0.141
    17   0.1264   0.4235   0.0000   0.2794   0.0052   0.0413   0.0664   0.1611   0.1480   0.0027   0.0000   0.0194  -0.0168    0.119
    18   0.1313   0.4398   0.0000   0.2794   0.0038   0.0298   0.0624   0.1162   0.1068   0.0015   0.0000   0.0164  -0.0098    0.096
    19   0.1346   0.4509   0.0000   0.2794   0.0023   0.0179   0.0572   0.0699   0.0642   0.0003   0.0000   0.0111  -0.0047    0.076
    20   0.1363   0.4565   0.0000   0.2794   0.0008   0.0060   0.0537   0.0233   0.0214  -0.0007   0.0000   0.0039  -0.0013    0.066

  Surface # 2     Wing (YDUP)                             
     # Chordwise = 10   # Spanwise = 20     First strip = 21
     Surface area Ssurf =    0.127742     Ave. chord Cave =    0.279400

 Forces referred to Sref, Cref, Bref about Xref, Yref, Zref
 Standard axis orientation,  X fwd, Z down         
     CLsurf  =   0.23695     Clsurf  =   0.05170
     CYsurf  =  -0.00338     Cmsurf  =  -0.01192
     CDsurf  =   0.00702     Cnsurf  =   0.00392
     CDisurf =   0.00702     CDvsurf =   0.00000

 Forces referred to Ssurf, Cave 
     CLsurf  =   0.28436     CDsurf  =   0.00843

 Strip Forces referred to Strip Area, Chord
    j     Xle      Yle      Zle      Chord    Area     c_cl     ai     cl_norm    cl       cd       cdv    cm_c/4     cm_LE   C.P.x/c
    21   0.0002  -0.0007   0.0000   0.2794   0.0008   0.0949   0.0442   0.3628   0.3333   0.0974   0.0000  -0.0066   0.0878    0.270
    22   0.0019  -0.0063   0.0000   0.2794   0.0023   0.0949   0.0426   0.3693   0.3393   0.0190   0.0000  -0.0059   0.0870    0.267
    23   0.0052  -0.0174   0.0000   0.2794   0.0038   0.0949   0.0426   0.3696   0.3395   0.0148   0.0000  -0.0037   0.0849    0.261
    24   0.0101  -0.0337   0.0000   0.2794   0.0052   0.0949   0.0436   0.3698   0.3397   0.0132   0.0000  -0.0009   0.0823    0.253
    25   0.0164  -0.0548   0.0000   0.2794   0.0065   0.0949   0.0453   0.3700   0.3399   0.0119   0.0000   0.0018   0.0797    0.245
    26   0.0239  -0.0801   0.0000   0.2794   0.0076   0.0948   0.0473   0.3696   0.3396   0.0108   0.0000   0.0041   0.0773    0.238
    27   0.0326  -0.1092   0.0000   0.2794   0.0085   0.0944   0.0495   0.3682   0.3383   0.0100   0.0000   0.0061   0.0751    0.232
    28   0.0421  -0.1411   0.0000   0.2794   0.0093   0.0936   0.0518   0.3651   0.3354   0.0092   0.0000   0.0078   0.0728    0.227
    29   0.0523  -0.1752   0.0000   0.2794   0.0097   0.0922   0.0542   0.3596   0.3304   0.0086   0.0000   0.0093   0.0701    0.222
    30   0.0629  -0.2107   0.0000   0.2794   0.0100   0.0900   0.0569   0.3511   0.3225   0.0081   0.0000   0.0109   0.0668    0.216
    31   0.0736  -0.2465   0.0000   0.2794   0.0100   0.0869   0.0598   0.3388   0.3113   0.0076   0.0000   0.0125   0.0625    0.210
    32   0.0842  -0.2820   0.0000   0.2794   0.0097   0.0826   0.0627   0.3221   0.2959   0.0070   0.0000   0.0143   0.0571    0.202
    33   0.0944  -0.3161   0.0000   0.2794   0.0093   0.0770   0.0655   0.3005   0.2760   0.0064   0.0000   0.0162   0.0505    0.191
    34   0.1039  -0.3480   0.0000   0.2794   0.0085   0.0701   0.0677   0.2734   0.2511   0.0056   0.0000   0.0181   0.0428    0.178
    35   0.1126  -0.3771   0.0000   0.2794   0.0076   0.0617   0.0689   0.2408   0.2212   0.0048   0.0000   0.0196   0.0341    0.161
    36   0.1201  -0.4024   0.0000   0.2794   0.0065   0.0521   0.0686   0.2031   0.1866   0.0038   0.0000   0.0203   0.0252    0.141
    37   0.1264  -0.4235   0.0000   0.2794   0.0052   0.0413   0.0664   0.1611   0.1480   0.0027   0.0000   0.0194   0.0168    0.119
    38   0.1313  -0.4398   0.0000   0.2794   0.0038   0.0298   0.0624   0.1162   0.1068   0.0015   0.0000   0.0164   0.0098    0.096
    39   0.1346  -0.4509   0.0000   0.2794   0.0023   0.0179   0.0572   0.0699   0.0642   0.0003   0.0000   0.0111   0.0047    0.076
    40   0.1363  -0.4565   0.0000   0.2794   0.0008   0.0060   0.0537   0.0233   0.0214  -0.0007   0.0000   0.0039   0.0013    0.066
 ---------------------------------------------------------------
