 ---------------------------------------------------------------
 Surface and Strip Forces by surface

  Sref = 0.11150       Cref = 0.18670       Bref = 0.60960    
  Xref = 0.10920       Yref =  0.0000       Zref =  0.0000    

  Surface # 1     Wing                                    
     # Chordwise = 10   # Spanwise = 20     First strip =  1
     Surface area Ssurf =    0.069677     Ave. chord Cave =    0.228600

 Forces referred to Sref, Cref, Bref about Xref, Yref, Zref
 Standard axis orientation,  X fwd, Z down         
     CLsurf  =   0.32578     Clsurf  =  -0.07010
     CYsurf  =   0.00556     Cmsurf  =   0.06851
     CDsurf  =   0.02117     Cnsurf  =  -0.00963
     CDisurf =   0.02117     CDvsurf =   0.00000

 Forces referred to Ssurf, Cave 
     CLsurf  =   0.52132     CDsurf  =   0.03387

 Strip Forces referred to Strip Area, Chord
    j     Xle      Yle      Zle      Chord    Area     c_cl     ai     cl_norm    cl       cd       cdv    cm_c/4     cm_LE   C.P.x/c
     1   0.0001   0.0005   0.0000   0.2286   0.0004   0.1459   0.1097   0.6235   0.6080   0.2298   0.0000   0.0028  -0.1547    0.245
     2   0.0007   0.0042   0.0000   0.2286   0.0013   0.1459   0.1094   0.6534   0.6371   0.0601   0.0000   0.0033  -0.1542    0.245
     3   0.0019   0.0116   0.0000   0.2286   0.0021   0.1458   0.1100   0.6551   0.6387   0.0496   0.0000   0.0049  -0.1525    0.242
     4   0.0036   0.0225   0.0000   0.2286   0.0029   0.1457   0.1111   0.6552   0.6388   0.0460   0.0000   0.0072  -0.1502    0.239
     5   0.0059   0.0365   0.0000   0.2286   0.0036   0.1454   0.1128   0.6542   0.6379   0.0433   0.0000   0.0097  -0.1474    0.235
     6   0.0087   0.0534   0.0000   0.2286   0.0042   0.1447   0.1149   0.6515   0.6352   0.0410   0.0000   0.0120  -0.1443    0.231
     7   0.0118   0.0728   0.0000   0.2286   0.0047   0.1435   0.1174   0.6462   0.6301   0.0391   0.0000   0.0142  -0.1408    0.227
     8   0.0153   0.0941   0.0000   0.2286   0.0051   0.1415   0.1202   0.6374   0.6215   0.0375   0.0000   0.0164  -0.1366    0.224
     9   0.0190   0.1168   0.0000   0.2286   0.0053   0.1385   0.1235   0.6240   0.6085   0.0361   0.0000   0.0184  -0.1313    0.220
    10   0.0228   0.1404   0.0000   0.2286   0.0054   0.1343   0.1271   0.6053   0.5902   0.0346   0.0000   0.0206  -0.1247    0.215
    11   0.0267   0.1644   0.0000   0.2286   0.0054   0.1287   0.1309   0.5802   0.5657   0.0331   0.0000   0.0228  -0.1165    0.210
    12   0.0305   0.1880   0.0000   0.2286   0.0053   0.1216   0.1349   0.5480   0.5343   0.0314   0.0000   0.0250  -0.1066    0.203
    13   0.0342   0.2107   0.0000   0.2286   0.0051   0.1127   0.1387   0.5080   0.4954   0.0293   0.0000   0.0272  -0.0949    0.195
    14   0.0377   0.2320   0.0000   0.2286   0.0047   0.1021   0.1419   0.4601   0.4486   0.0268   0.0000   0.0289  -0.0817    0.185
    15   0.0408   0.2514   0.0000   0.2286   0.0042   0.0897   0.1442   0.4042   0.3942   0.0239   0.0000   0.0299  -0.0674    0.174
    16   0.0436   0.2683   0.0000   0.2286   0.0036   0.0757   0.1451   0.3410   0.3325   0.0204   0.0000   0.0294  -0.0527    0.162
    17   0.0459   0.2823   0.0000   0.2286   0.0029   0.0603   0.1444   0.2714   0.2646   0.0165   0.0000   0.0269  -0.0385    0.148
    18   0.0476   0.2932   0.0000   0.2286   0.0021   0.0437   0.1421   0.1969   0.1920   0.0119   0.0000   0.0220  -0.0255    0.135
    19   0.0488   0.3006   0.0000   0.2286   0.0013   0.0265   0.1387   0.1193   0.1163   0.0068   0.0000   0.0145  -0.0142    0.125
    20   0.0494   0.3043   0.0000   0.2286   0.0004   0.0089   0.1364   0.0401   0.0391   0.0014   0.0000   0.0051  -0.0045    0.120

  Surface # 2     Wing (YDUP)                             
     # Chordwise = 10   # Spanwise = 20     First strip = 21
     Surface area Ssurf =    0.069677     Ave. chord Cave =    0.228600

 Forces referred to Sref, Cref, Bref about Xref, Yref, Zref
 Standard axis orientation,  X fwd, Z down         
     CLsurf  =   0.32578     Clsurf  =   0.07010
     CYsurf  =  -0.00556     Cmsurf  =   0.06851
     CDsurf  =   0.02117     Cnsurf  =   0.00963
     CDisurf =   0.02117     CDvsurf =   0.00000

 Forces referred to Ssurf, Cave 
     CLsurf  =   0.52132     CDsurf  =   0.03387

 Strip Forces referred to Strip Area, Chord
    j     Xle      Yle      Zle      Chord    Area     c_cl     ai     cl_norm    cl       cd       cdv    cm_c/4     cm_LE   C.P.x/c
    21   0.0001  -0.0005   0.0000   0.2286   0.0004   0.1459   0.1097   0.6235   0.6080   0.2298   0.0000   0.0028   0.1547    0.245
    22   0.0007  -0.0042   0.0000   0.2286   0.0013   0.1459   0.1094   0.6534   0.6371   0.0601   0.0000   0.0033   0.1542    0.245
    23   0.0019  -0.0116   0.0000   0.2286   0.0021   0.1458   0.1100   0.6551   0.6387   0.0496   0.0000   0.0049   0.1525    0.242
    24   0.0036  -0.0225   0.0000   0.2286   0.0029   0.1457   0.1111   0.6552   0.6388   0.0460   0.0000   0.0072   0.1502    0.239
    25   0.0059  -0.0365   0.0000   0.2286   0.0036   0.1454   0.1128   0.6542   0.6379   0.0433   0.0000   0.0097   0.1474    0.235
    26   0.0087  -0.0534   0.0000   0.2286   0.0042   0.1447   0.1149   0.6515   0.6352   0.0410   0.0000   0.0120   0.1443    0.231
    27   0.0118  -0.0728   0.0000   0.2286   0.0047   0.1435   0.1174   0.6462   0.6301   0.0391   0.0000   0.0142   0.1408    0.227
    28   0.0153  -0.0941   0.0000   0.2286   0.0051   0.1415   0.1202   0.6374   0.6215   0.0375   0.0000   0.0164   0.1366    0.224
    29   0.0190  -0.1168   0.0000   0.2286   0.0053   0.1385   0.1235   0.6240   0.6085   0.0361   0.0000   0.0184   0.1313    0.220
    30   0.0228  -0.1404   0.0000   0.2286   0.0054   0.1343   0.1271   0.6053   0.5902   0.0346   0.0000   0.0206   0.1247    0.215
    31   0.0267  -0.1644   0.0000   0.2286   0.0054   0.1287   0.1309   0.5802   0.5657   0.0331   0.0000   0.0228   0.1165    0.210
    32   0.0305  -0.1880   0.0000   0.2286   0.0053   0.1216   0.1349   0.5480   0.5343   0.0314   0.0000   0.0250   0.1066    0.203
    33   0.0342  -0.2107   0.0000   0.2286   0.0051   0.1127   0.1387   0.5080   0.4954   0.0293   0.0000   0.0272   0.0949    0.195
    34   0.0377  -0.2320   0.0000   0.2286   0.0047   0.1021   0.1419   0.4601   0.4486   0.0268   0.0000   0.0289   0.0817    0.185
    35   0.0408  -0.2514   0.0000   0.2286   0.0042   0.0897   0.1442   0.4042   0.3942   0.0239   0.0000   0.0299   0.0674    0.174
    36   0.0436  -0.2683   0.0000   0.2286   0.0036   0.0757   0.1451   0.3410   0.3325   0.0204   0.0000   0.0294   0.0527    0.162
    37   0.0459  -0.2823   0.0000   0.2286   0.0029   0.0603   0.1444   0.2714   0.2646   0.0165   0.0000   0.0269   0.0385    0.148
    38   0.0476  -0.2932   0.0000   0.2286   0.0021   0.0437   0.1421   0.1969   0.1920   0.0119   0.0000   0.0220   0.0255    0.135
    39   0.0488  -0.3006   0.0000   0.2286   0.0013   0.0265   0.1387   0.1193   0.1163   0.0068   0.0000   0.0145   0.0142    0.125
    40   0.0494  -0.3043   0.0000   0.2286   0.0004   0.0089   0.1364   0.0401   0.0391   0.0014   0.0000   0.0051   0.0045    0.120
 ---------------------------------------------------------------
