 ---------------------------------------------------------------
 Surface and Strip Forces by surface

  Sref = 0.24770       Cref = 0.30480       Bref = 0.81280    
  Xref = 0.10920       Yref =  0.0000       Zref =  0.0000    

  Surface # 1     Wing                                    
     # Chordwise = 10   # Spanwise = 20     First strip =  1
     Surface area Ssurf =    0.123871     Ave. chord Cave =    0.304800

 Forces referred to Sref, Cref, Bref about Xref, Yref, Zref
 Standard axis orientation,  X fwd, Z down         
     CLsurf  =   0.14665     Clsurf  =  -0.03157
     CYsurf  =   0.00138     Cmsurf  =   0.00762
     CDsurf  =   0.00537     Cnsurf  =  -0.00237
     CDisurf =   0.00537     CDvsurf =   0.00000

 Forces referred to Ssurf, Cave 
     CLsurf  =   0.29324     CDsurf  =   0.01074

 Strip Forces referred to Strip Area, Chord
    j     Xle      Yle      Zle      Chord    Area     c_cl     ai     cl_norm    cl       cd       cdv    cm_c/4     cm_LE   C.P.x/c
     1   0.0001   0.0006   0.0000   0.3048   0.0008   0.1101   0.0635   0.3657   0.3548   0.0868   0.0000   0.0020  -0.0870    0.244
     2   0.0010   0.0056   0.0000   0.3048   0.0023   0.1101   0.0623   0.3719   0.3607   0.0201   0.0000   0.0023  -0.0866    0.244
     3   0.0027   0.0155   0.0000   0.3048   0.0037   0.1100   0.0620   0.3721   0.3609   0.0162   0.0000   0.0034  -0.0855    0.241
     4   0.0053   0.0299   0.0000   0.3048   0.0051   0.1099   0.0623   0.3717   0.3606   0.0150   0.0000   0.0050  -0.0839    0.236
     5   0.0086   0.0487   0.0000   0.3048   0.0063   0.1096   0.0632   0.3709   0.3598   0.0141   0.0000   0.0066  -0.0820    0.232
     6   0.0126   0.0712   0.0000   0.3048   0.0074   0.1091   0.0643   0.3692   0.3581   0.0133   0.0000   0.0082  -0.0800    0.227
     7   0.0171   0.0970   0.0000   0.3048   0.0083   0.1081   0.0658   0.3660   0.3551   0.0126   0.0000   0.0097  -0.0778    0.223
     8   0.0221   0.1254   0.0000   0.3048   0.0090   0.1066   0.0674   0.3609   0.3501   0.0120   0.0000   0.0110  -0.0753    0.219
     9   0.0275   0.1558   0.0000   0.3048   0.0095   0.1043   0.0693   0.3533   0.3427   0.0114   0.0000   0.0123  -0.0721    0.214
    10   0.0330   0.1873   0.0000   0.3048   0.0097   0.1012   0.0714   0.3425   0.3323   0.0109   0.0000   0.0137  -0.0682    0.209
    11   0.0387   0.2191   0.0000   0.3048   0.0097   0.0969   0.0735   0.3282   0.3183   0.0104   0.0000   0.0151  -0.0634    0.203
    12   0.0442   0.2506   0.0000   0.3048   0.0095   0.0915   0.0757   0.3097   0.3004   0.0097   0.0000   0.0165  -0.0576    0.195
    13   0.0496   0.2810   0.0000   0.3048   0.0090   0.0847   0.0776   0.2868   0.2782   0.0090   0.0000   0.0179  -0.0508    0.186
    14   0.0546   0.3094   0.0000   0.3048   0.0083   0.0765   0.0789   0.2592   0.2514   0.0081   0.0000   0.0191  -0.0430    0.174
    15   0.0591   0.3352   0.0000   0.3048   0.0074   0.0671   0.0794   0.2271   0.2203   0.0071   0.0000   0.0197  -0.0347    0.160
    16   0.0631   0.3577   0.0000   0.3048   0.0063   0.0564   0.0787   0.1908   0.1851   0.0059   0.0000   0.0195  -0.0263    0.145
    17   0.0664   0.3765   0.0000   0.3048   0.0051   0.0446   0.0765   0.1511   0.1466   0.0046   0.0000   0.0180  -0.0184    0.128
    18   0.0690   0.3909   0.0000   0.3048   0.0037   0.0322   0.0730   0.1091   0.1058   0.0030   0.0000   0.0147  -0.0115    0.111
    19   0.0707   0.4008   0.0000   0.3048   0.0023   0.0194   0.0687   0.0657   0.0638   0.0014   0.0000   0.0098  -0.0060    0.097
    20   0.0716   0.4058   0.0000   0.3048   0.0008   0.0065   0.0659   0.0220   0.0213  -0.0000   0.0000   0.0034  -0.0019    0.089

  Surface # 2     Wing (YDUP)                             
     # Chordwise = 10   # Spanwise = 20     First strip = 21
     Surface area Ssurf =    0.123871     Ave. chord Cave =    0.304800

 Forces referred to Sref, Cref, Bref about Xref, Yref, Zref
 Standard axis orientation,  X fwd, Z down         
     CLsurf  =   0.14665     Clsurf  =   0.03157
     CYsurf  =  -0.00138     Cmsurf  =   0.00762
     CDsurf  =   0.00537     Cnsurf  =   0.00237
     CDisurf =   0.00537     CDvsurf =   0.00000

 Forces referred to Ssurf, Cave 
     CLsurf  =   0.29324     CDsurf  =   0.01074

 Strip Forces referred to Strip Area, Chord
    j     Xle      Yle      Zle      Chord    Area     c_cl     ai     cl_norm    cl       cd       cdv    cm_c/4     cm_LE   C.P.x/c
    21   0.0001  -0.0006   0.0000   0.3048   0.0008   0.1101   0.0635   0.3657   0.3548   0.0868   0.0000   0.0020   0.0870    0.244
    22   0.0010  -0.0056   0.0000   0.3048   0.0023   0.1101   0.0623   0.3719   0.3607   0.0201   0.0000   0.0023   0.0866    0.244
    23   0.0027  -0.0155   0.0000   0.3048   0.0037   0.1100   0.0620   0.3721   0.3609   0.0162   0.0000   0.0034   0.0855    0.241
    24   0.0053  -0.0299   0.0000   0.3048   0.0051   0.1099   0.0623   0.3717   0.3606   0.0150   0.0000   0.0050   0.0839    0.236
    25   0.0086  -0.0487   0.0000   0.3048   0.0063   0.1096   0.0632   0.3709   0.3598   0.0141   0.0000   0.0066   0.0820    0.232
    26   0.0126  -0.0712   0.0000   0.3048   0.0074   0.1091   0.0643   0.3692   0.3581   0.0133   0.0000   0.0082   0.0800    0.227
    27   0.0171  -0.0970   0.0000   0.3048   0.0083   0.1081   0.0658   0.3660   0.3551   0.0126   0.0000   0.0097   0.0778    0.223
    28   0.0221  -0.1254   0.0000   0.3048   0.0090   0.1066   0.0674   0.3609   0.3501   0.0120   0.0000   0.0110   0.0753    0.219
    29   0.0275  -0.1558   0.0000   0.3048   0.0095   0.1043   0.0693   0.3533   0.3427   0.0114   0.0000   0.0123   0.0721    0.214
    30   0.0330  -0.1873   0.0000   0.3048   0.0097   0.1012   0.0714   0.3425   0.3323   0.0109   0.0000   0.0137   0.0682    0.209
    31   0.0387  -0.2191   0.0000   0.3048   0.0097   0.0969   0.0735   0.3282   0.3183   0.0104   0.0000   0.0151   0.0634    0.203
    32   0.0442  -0.2506   0.0000   0.3048   0.0095   0.0915   0.0757   0.3097   0.3004   0.0097   0.0000   0.0165   0.0576    0.195
    33   0.0496  -0.2810   0.0000   0.3048   0.0090   0.0847   0.0776   0.2868   0.2782   0.0090   0.0000   0.0179   0.0508    0.186
    34   0.0546  -0.3094   0.0000   0.3048   0.0083   0.0765   0.0789   0.2592   0.2514   0.0081   0.0000   0.0191   0.0430    0.174
    35   0.0591  -0.3352   0.0000   0.3048   0.0074   0.0671   0.0794   0.2271   0.2203   0.0071   0.0000   0.0197   0.0347    0.160
    36   0.0631  -0.3577   0.0000   0.3048   0.0063   0.0564   0.0787   0.1908   0.1851   0.0059   0.0000   0.0195   0.0263    0.145
    37   0.0664  -0.3765   0.0000   0.3048   0.0051   0.0446   0.0765   0.1511   0.1466   0.0046   0.0000   0.0180   0.0184    0.128
    38   0.0690  -0.3909   0.0000   0.3048   0.0037   0.0322   0.0730   0.1091   0.1058   0.0030   0.0000   0.0147   0.0115    0.111
    39   0.0707  -0.4008   0.0000   0.3048   0.0023   0.0194   0.0687   0.0657   0.0638   0.0014   0.0000   0.0098   0.0060    0.097
    40   0.0716  -0.4058   0.0000   0.3048   0.0008   0.0065   0.0659   0.0220   0.0213  -0.0000   0.0000   0.0034   0.0019    0.089
 ---------------------------------------------------------------
