 ---------------------------------------------------------------
 Surface and Strip Forces by surface

  Sref = 0.11560       Cref = 0.16590       Bref = 0.71120    
  Xref = 0.10920       Yref =  0.0000       Zref =  0.0000    

  Surface # 1     Wing                                    
     # Chordwise = 10   # Spanwise = 20     First strip =  1
     Surface area Ssurf =    0.072258     Ave. chord Cave =    0.203200

 Forces referred to Sref, Cref, Bref about Xref, Yref, Zref
 Standard axis orientation,  X fwd, Z down         
     CLsurf  =   0.31422     Clsurf  =  -0.06825
     CYsurf  =   0.00417     Cmsurf  =   0.07968
     CDsurf  =   0.01492     Cnsurf  =  -0.00737
     CDisurf =   0.01492     CDvsurf =   0.00000

 Forces referred to Ssurf, Cave 
     CLsurf  =   0.50270     CDsurf  =   0.02386

 Strip Forces referred to Strip Area, Chord
    j     Xle      Yle      Zle      Chord    Area     c_cl     ai     cl_norm    cl       cd       cdv    cm_c/4     cm_LE   C.P.x/c
     1   0.0001   0.0005   0.0000   0.2032   0.0004   0.1229   0.0747   0.6030   0.5909   0.1416   0.0000  -0.0007  -0.1504    0.251
     2   0.0007   0.0049   0.0000   0.2032   0.0013   0.1229   0.0746   0.6175   0.6051   0.0403   0.0000  -0.0000  -0.1497    0.250
     3   0.0020   0.0135   0.0000   0.2032   0.0022   0.1229   0.0753   0.6184   0.6060   0.0341   0.0000   0.0018  -0.1479    0.247
     4   0.0038   0.0262   0.0000   0.2032   0.0030   0.1229   0.0766   0.6186   0.6062   0.0314   0.0000   0.0041  -0.1456    0.243
     5   0.0062   0.0426   0.0000   0.2032   0.0037   0.1227   0.0784   0.6182   0.6058   0.0293   0.0000   0.0064  -0.1432    0.240
     6   0.0090   0.0623   0.0000   0.2032   0.0043   0.1223   0.0805   0.6165   0.6041   0.0278   0.0000   0.0084  -0.1407    0.236
     7   0.0123   0.0849   0.0000   0.2032   0.0048   0.1215   0.0829   0.6126   0.6003   0.0265   0.0000   0.0101  -0.1380    0.233
     8   0.0159   0.1098   0.0000   0.2032   0.0052   0.1202   0.0856   0.6057   0.5936   0.0256   0.0000   0.0117  -0.1348    0.230
     9   0.0197   0.1363   0.0000   0.2032   0.0055   0.1180   0.0888   0.5950   0.5830   0.0249   0.0000   0.0132  -0.1306    0.227
    10   0.0237   0.1638   0.0000   0.2032   0.0057   0.1149   0.0924   0.5794   0.5677   0.0242   0.0000   0.0149  -0.1252    0.224
    11   0.0277   0.1918   0.0000   0.2032   0.0057   0.1107   0.0965   0.5579   0.5467   0.0236   0.0000   0.0167  -0.1182    0.219
    12   0.0317   0.2193   0.0000   0.2032   0.0055   0.1051   0.1009   0.5298   0.5191   0.0227   0.0000   0.0188  -0.1094    0.214
    13   0.0355   0.2458   0.0000   0.2032   0.0052   0.0980   0.1055   0.4940   0.4841   0.0217   0.0000   0.0211  -0.0985    0.207
    14   0.0391   0.2707   0.0000   0.2032   0.0048   0.0893   0.1098   0.4501   0.4410   0.0203   0.0000   0.0233  -0.0857    0.197
    15   0.0424   0.2933   0.0000   0.2032   0.0043   0.0789   0.1132   0.3976   0.3896   0.0184   0.0000   0.0250  -0.0713    0.186
    16   0.0452   0.3130   0.0000   0.2032   0.0037   0.0669   0.1153   0.3369   0.3302   0.0161   0.0000   0.0257  -0.0560    0.172
    17   0.0476   0.3294   0.0000   0.2032   0.0030   0.0534   0.1154   0.2690   0.2636   0.0132   0.0000   0.0246  -0.0407    0.157
    18   0.0494   0.3421   0.0000   0.2032   0.0022   0.0388   0.1133   0.1955   0.1916   0.0097   0.0000   0.0209  -0.0266    0.141
    19   0.0507   0.3507   0.0000   0.2032   0.0013   0.0235   0.1095   0.1184   0.1160   0.0056   0.0000   0.0142  -0.0146    0.128
    20   0.0513   0.3551   0.0000   0.2032   0.0004   0.0079   0.1064   0.0397   0.0389   0.0012   0.0000   0.0051  -0.0046    0.120

  Surface # 2     Wing (YDUP)                             
     # Chordwise = 10   # Spanwise = 20     First strip = 21
     Surface area Ssurf =    0.072258     Ave. chord Cave =    0.203200

 Forces referred to Sref, Cref, Bref about Xref, Yref, Zref
 Standard axis orientation,  X fwd, Z down         
     CLsurf  =   0.31422     Clsurf  =   0.06825
     CYsurf  =  -0.00417     Cmsurf  =   0.07968
     CDsurf  =   0.01492     Cnsurf  =   0.00737
     CDisurf =   0.01492     CDvsurf =   0.00000

 Forces referred to Ssurf, Cave 
     CLsurf  =   0.50270     CDsurf  =   0.02386

 Strip Forces referred to Strip Area, Chord
    j     Xle      Yle      Zle      Chord    Area     c_cl     ai     cl_norm    cl       cd       cdv    cm_c/4     cm_LE   C.P.x/c
    21   0.0001  -0.0005   0.0000   0.2032   0.0004   0.1229   0.0747   0.6030   0.5909   0.1416   0.0000  -0.0007   0.1504    0.251
    22   0.0007  -0.0049   0.0000   0.2032   0.0013   0.1229   0.0746   0.6175   0.6051   0.0403   0.0000  -0.0000   0.1497    0.250
    23   0.0020  -0.0135   0.0000   0.2032   0.0022   0.1229   0.0753   0.6184   0.6060   0.0341   0.0000   0.0018   0.1479    0.247
    24   0.0038  -0.0262   0.0000   0.2032   0.0030   0.1229   0.0766   0.6186   0.6062   0.0314   0.0000   0.0041   0.1456    0.243
    25   0.0062  -0.0426   0.0000   0.2032   0.0037   0.1227   0.0784   0.6182   0.6058   0.0293   0.0000   0.0064   0.1432    0.240
    26   0.0090  -0.0623   0.0000   0.2032   0.0043   0.1223   0.0805   0.6165   0.6041   0.0278   0.0000   0.0084   0.1407    0.236
    27   0.0123  -0.0849   0.0000   0.2032   0.0048   0.1215   0.0829   0.6126   0.6003   0.0265   0.0000   0.0101   0.1380    0.233
    28   0.0159  -0.1098   0.0000   0.2032   0.0052   0.1202   0.0856   0.6057   0.5936   0.0256   0.0000   0.0117   0.1348    0.230
    29   0.0197  -0.1363   0.0000   0.2032   0.0055   0.1180   0.0888   0.5950   0.5830   0.0249   0.0000   0.0132   0.1306    0.227
    30   0.0237  -0.1638   0.0000   0.2032   0.0057   0.1149   0.0924   0.5794   0.5677   0.0242   0.0000   0.0149   0.1252    0.224
    31   0.0277  -0.1918   0.0000   0.2032   0.0057   0.1107   0.0965   0.5579   0.5467   0.0236   0.0000   0.0167   0.1182    0.219
    32   0.0317  -0.2193   0.0000   0.2032   0.0055   0.1051   0.1009   0.5298   0.5191   0.0227   0.0000   0.0188   0.1094    0.214
    33   0.0355  -0.2458   0.0000   0.2032   0.0052   0.0980   0.1055   0.4940   0.4841   0.0217   0.0000   0.0211   0.0985    0.207
    34   0.0391  -0.2707   0.0000   0.2032   0.0048   0.0893   0.1098   0.4501   0.4410   0.0203   0.0000   0.0233   0.0857    0.197
    35   0.0424  -0.2933   0.0000   0.2032   0.0043   0.0789   0.1132   0.3976   0.3896   0.0184   0.0000   0.0250   0.0713    0.186
    36   0.0452  -0.3130   0.0000   0.2032   0.0037   0.0669   0.1153   0.3369   0.3302   0.0161   0.0000   0.0257   0.0560    0.172
    37   0.0476  -0.3294   0.0000   0.2032   0.0030   0.0534   0.1154   0.2690   0.2636   0.0132   0.0000   0.0246   0.0407    0.157
    38   0.0494  -0.3421   0.0000   0.2032   0.0022   0.0388   0.1133   0.1955   0.1916   0.0097   0.0000   0.0209   0.0266    0.141
    39   0.0507  -0.3507   0.0000   0.2032   0.0013   0.0235   0.1095   0.1184   0.1160   0.0056   0.0000   0.0142   0.0146    0.128
    40   0.0513  -0.3551   0.0000   0.2032   0.0004   0.0079   0.1064   0.0397   0.0389   0.0012   0.0000   0.0051   0.0046    0.120
 ---------------------------------------------------------------
