 ---------------------------------------------------------------
 Surface and Strip Forces by surface

  Sref = 0.20900       Cref = 0.22950       Bref = 0.91440    
  Xref = 0.10920       Yref =  0.0000       Zref =  0.0000    

  Surface # 1     Wing                                    
     # Chordwise = 10   # Spanwise = 20     First strip =  1
     Surface area Ssurf =    0.116129     Ave. chord Cave =    0.254000

 Forces referred to Sref, Cref, Bref about Xref, Yref, Zref
 Standard axis orientation,  X fwd, Z down         
     CLsurf  =   0.17380     Clsurf  =  -0.03811
     CYsurf  =   0.00269     Cmsurf  =  -0.00378
     CDsurf  =   0.00514     Cnsurf  =  -0.00298
     CDisurf =   0.00514     CDvsurf =   0.00000

 Forces referred to Ssurf, Cave 
     CLsurf  =   0.31279     CDsurf  =   0.00926

 Strip Forces referred to Strip Area, Chord
    j     Xle      Yle      Zle      Chord    Area     c_cl     ai     cl_norm    cl       cd       cdv    cm_c/4     cm_LE   C.P.x/c
     1   0.0002   0.0007   0.0000   0.2540   0.0007   0.0939   0.0415   0.3941   0.3627   0.1009   0.0000  -0.0081  -0.0964    0.272
     2   0.0019   0.0063   0.0000   0.2540   0.0021   0.0939   0.0402   0.4012   0.3692   0.0206   0.0000  -0.0071  -0.0955    0.269
     3   0.0051   0.0174   0.0000   0.2540   0.0035   0.0939   0.0405   0.4017   0.3696   0.0163   0.0000  -0.0046  -0.0931    0.263
     4   0.0100   0.0337   0.0000   0.2540   0.0048   0.0940   0.0420   0.4022   0.3701   0.0145   0.0000  -0.0015  -0.0902    0.254
     5   0.0162   0.0548   0.0000   0.2540   0.0059   0.0941   0.0440   0.4027   0.3706   0.0130   0.0000   0.0014  -0.0875    0.246
     6   0.0237   0.0801   0.0000   0.2540   0.0069   0.0941   0.0463   0.4028   0.3706   0.0117   0.0000   0.0039  -0.0851    0.240
     7   0.0323   0.1092   0.0000   0.2540   0.0078   0.0938   0.0486   0.4018   0.3697   0.0108   0.0000   0.0059  -0.0829    0.234
     8   0.0417   0.1411   0.0000   0.2540   0.0084   0.0931   0.0511   0.3990   0.3671   0.0100   0.0000   0.0075  -0.0807    0.230
     9   0.0518   0.1752   0.0000   0.2540   0.0089   0.0919   0.0538   0.3937   0.3623   0.0094   0.0000   0.0090  -0.0781    0.225
    10   0.0623   0.2107   0.0000   0.2540   0.0091   0.0899   0.0567   0.3851   0.3544   0.0089   0.0000   0.0105  -0.0748    0.220
    11   0.0729   0.2465   0.0000   0.2540   0.0091   0.0870   0.0599   0.3726   0.3428   0.0084   0.0000   0.0121  -0.0704    0.215
    12   0.0834   0.2820   0.0000   0.2540   0.0089   0.0829   0.0633   0.3552   0.3269   0.0079   0.0000   0.0140  -0.0648    0.207
    13   0.0935   0.3161   0.0000   0.2540   0.0084   0.0776   0.0667   0.3324   0.3058   0.0072   0.0000   0.0160  -0.0578    0.198
    14   0.1029   0.3480   0.0000   0.2540   0.0078   0.0708   0.0696   0.3034   0.2792   0.0064   0.0000   0.0182  -0.0494    0.185
    15   0.1115   0.3771   0.0000   0.2540   0.0069   0.0626   0.0715   0.2682   0.2468   0.0055   0.0000   0.0200  -0.0399    0.169
    16   0.1190   0.4024   0.0000   0.2540   0.0059   0.0529   0.0718   0.2269   0.2088   0.0044   0.0000   0.0210  -0.0298    0.149
    17   0.1252   0.4235   0.0000   0.2540   0.0048   0.0421   0.0701   0.1805   0.1661   0.0032   0.0000   0.0205  -0.0201    0.127
    18   0.1301   0.4398   0.0000   0.2540   0.0035   0.0304   0.0663   0.1304   0.1200   0.0019   0.0000   0.0176  -0.0118    0.103
    19   0.1333   0.4509   0.0000   0.2540   0.0021   0.0183   0.0610   0.0785   0.0723   0.0005   0.0000   0.0121  -0.0057    0.083
    20   0.1350   0.4565   0.0000   0.2540   0.0007   0.0061   0.0573   0.0262   0.0241  -0.0006   0.0000   0.0043  -0.0016    0.072

  Surface # 2     Wing (YDUP)                             
     # Chordwise = 10   # Spanwise = 20     First strip = 21
     Surface area Ssurf =    0.116129     Ave. chord Cave =    0.254000

 Forces referred to Sref, Cref, Bref about Xref, Yref, Zref
 Standard axis orientation,  X fwd, Z down         
     CLsurf  =   0.17380     Clsurf  =   0.03811
     CYsurf  =  -0.00269     Cmsurf  =  -0.00378
     CDsurf  =   0.00514     Cnsurf  =   0.00298
     CDisurf =   0.00514     CDvsurf =   0.00000

 Forces referred to Ssurf, Cave 
     CLsurf  =   0.31279     CDsurf  =   0.00926

 Strip Forces referred to Strip Area, Chord
    j     Xle      Yle      Zle      Chord    Area     c_cl     ai     cl_norm    cl       cd       cdv    cm_c/4     cm_LE   C.P.x/c
    21   0.0002  -0.0007   0.0000   0.2540   0.0007   0.0939   0.0415   0.3941   0.3627   0.1009   0.0000  -0.0081   0.0964    0.272
    22   0.0019  -0.0063   0.0000   0.2540   0.0021   0.0939   0.0402   0.4012   0.3692   0.0206   0.0000  -0.0071   0.0955    0.269
    23   0.0051  -0.0174   0.0000   0.2540   0.0035   0.0939   0.0405   0.4017   0.3696   0.0163   0.0000  -0.0046   0.0931    0.263
    24   0.0100  -0.0337   0.0000   0.2540   0.0048   0.0940   0.0420   0.4022   0.3701   0.0145   0.0000  -0.0015   0.0902    0.254
    25   0.0162  -0.0548   0.0000   0.2540   0.0059   0.0941   0.0440   0.4027   0.3706   0.0130   0.0000   0.0014   0.0875    0.246
    26   0.0237  -0.0801   0.0000   0.2540   0.0069   0.0941   0.0463   0.4028   0.3706   0.0117   0.0000   0.0039   0.0851    0.240
    27   0.0323  -0.1092   0.0000   0.2540   0.0078   0.0938   0.0486   0.4018   0.3697   0.0108   0.0000   0.0059   0.0829    0.234
    28   0.0417  -0.1411   0.0000   0.2540   0.0084   0.0931   0.0511   0.3990   0.3671   0.0100   0.0000   0.0075   0.0807    0.230
    29   0.0518  -0.1752   0.0000   0.2540   0.0089   0.0919   0.0538   0.3937   0.3623   0.0094   0.0000   0.0090   0.0781    0.225
    30   0.0623  -0.2107   0.0000   0.2540   0.0091   0.0899   0.0567   0.3851   0.3544   0.0089   0.0000   0.0105   0.0748    0.220
    31   0.0729  -0.2465   0.0000   0.2540   0.0091   0.0870   0.0599   0.3726   0.3428   0.0084   0.0000   0.0121   0.0704    0.215
    32   0.0834  -0.2820   0.0000   0.2540   0.0089   0.0829   0.0633   0.3552   0.3269   0.0079   0.0000   0.0140   0.0648    0.207
    33   0.0935  -0.3161   0.0000   0.2540   0.0084   0.0776   0.0667   0.3324   0.3058   0.0072   0.0000   0.0160   0.0578    0.198
    34   0.1029  -0.3480   0.0000   0.2540   0.0078   0.0708   0.0696   0.3034   0.2792   0.0064   0.0000   0.0182   0.0494    0.185
    35   0.1115  -0.3771   0.0000   0.2540   0.0069   0.0626   0.0715   0.2682   0.2468   0.0055   0.0000   0.0200   0.0399    0.169
    36   0.1190  -0.4024   0.0000   0.2540   0.0059   0.0529   0.0718   0.2269   0.2088   0.0044   0.0000   0.0210   0.0298    0.149
    37   0.1252  -0.4235   0.0000   0.2540   0.0048   0.0421   0.0701   0.1805   0.1661   0.0032   0.0000   0.0205   0.0201    0.127
    38   0.1301  -0.4398   0.0000   0.2540   0.0035   0.0304   0.0663   0.1304   0.1200   0.0019   0.0000   0.0176   0.0118    0.103
    39   0.1333  -0.4509   0.0000   0.2540   0.0021   0.0183   0.0610   0.0785   0.0723   0.0005   0.0000   0.0121   0.0057    0.083
    40   0.1350  -0.4565   0.0000   0.2540   0.0007   0.0061   0.0573   0.0262   0.0241  -0.0006   0.0000   0.0043   0.0016    0.072
 ---------------------------------------------------------------
