 ---------------------------------------------------------------
 Surface and Strip Forces by surface

  Sref = 0.11920       Cref = 0.20760       Bref = 0.60960    
  Xref = 0.10920       Yref =  0.0000       Zref =  0.0000    

  Surface # 1     Wing                                    
     # Chordwise = 10   # Spanwise = 20     First strip =  1
     Surface area Ssurf =    0.085161     Ave. chord Cave =    0.279400

 Forces referred to Sref, Cref, Bref about Xref, Yref, Zref
 Standard axis orientation,  X fwd, Z down         
     CLsurf  =   0.30473     Clsurf  =  -0.06550
     CYsurf  =   0.00863     Cmsurf  =   0.01610
     CDsurf  =   0.02039     Cnsurf  =  -0.01139
     CDisurf =   0.02039     CDvsurf =   0.00000

 Forces referred to Ssurf, Cave 
     CLsurf  =   0.42654     CDsurf  =   0.02854

 Strip Forces referred to Strip Area, Chord
    j     Xle      Yle      Zle      Chord    Area     c_cl     ai     cl_norm    cl       cd       cdv    cm_c/4     cm_LE   C.P.x/c
     1   0.0001   0.0005   0.0000   0.2794   0.0005   0.1465   0.1105   0.5237   0.4779   0.3352   0.0000  -0.0035  -0.1284    0.257
     2   0.0013   0.0042   0.0000   0.2794   0.0016   0.1465   0.1097   0.5706   0.5206   0.0647   0.0000  -0.0029  -0.1278    0.256
     3   0.0036   0.0116   0.0000   0.2794   0.0026   0.1465   0.1100   0.5733   0.5231   0.0481   0.0000  -0.0008  -0.1258    0.251
     4   0.0071   0.0225   0.0000   0.2794   0.0035   0.1464   0.1113   0.5737   0.5234   0.0436   0.0000   0.0024  -0.1227    0.245
     5   0.0115   0.0365   0.0000   0.2794   0.0043   0.1461   0.1133   0.5731   0.5229   0.0403   0.0000   0.0059  -0.1191    0.239
     6   0.0168   0.0534   0.0000   0.2794   0.0051   0.1454   0.1158   0.5710   0.5210   0.0373   0.0000   0.0094  -0.1152    0.232
     7   0.0228   0.0728   0.0000   0.2794   0.0057   0.1442   0.1186   0.5667   0.5171   0.0347   0.0000   0.0127  -0.1110    0.225
     8   0.0295   0.0941   0.0000   0.2794   0.0062   0.1422   0.1218   0.5592   0.5102   0.0323   0.0000   0.0158  -0.1064    0.219
     9   0.0367   0.1168   0.0000   0.2794   0.0065   0.1392   0.1251   0.5475   0.4996   0.0301   0.0000   0.0187  -0.1010    0.213
    10   0.0441   0.1404   0.0000   0.2794   0.0067   0.1349   0.1285   0.5308   0.4843   0.0279   0.0000   0.0216  -0.0946    0.205
    11   0.0516   0.1644   0.0000   0.2794   0.0067   0.1291   0.1319   0.5083   0.4638   0.0257   0.0000   0.0243  -0.0870    0.198
    12   0.0590   0.1880   0.0000   0.2794   0.0065   0.1217   0.1351   0.4793   0.4374   0.0234   0.0000   0.0269  -0.0782    0.188
    13   0.0662   0.2107   0.0000   0.2794   0.0062   0.1126   0.1377   0.4435   0.4046   0.0209   0.0000   0.0292  -0.0682    0.178
    14   0.0729   0.2320   0.0000   0.2794   0.0057   0.1017   0.1395   0.4006   0.3655   0.0182   0.0000   0.0308  -0.0574    0.166
    15   0.0789   0.2514   0.0000   0.2794   0.0051   0.0890   0.1401   0.3509   0.3202   0.0153   0.0000   0.0314  -0.0461    0.152
    16   0.0842   0.2683   0.0000   0.2794   0.0043   0.0749   0.1394   0.2952   0.2694   0.0123   0.0000   0.0303  -0.0350    0.137
    17   0.0886   0.2823   0.0000   0.2794   0.0035   0.0594   0.1373   0.2344   0.2139   0.0091   0.0000   0.0273  -0.0247    0.123
    18   0.0921   0.2932   0.0000   0.2794   0.0026   0.0430   0.1340   0.1698   0.1549   0.0058   0.0000   0.0219  -0.0159    0.109
    19   0.0944   0.3006   0.0000   0.2794   0.0016   0.0260   0.1303   0.1029   0.0939   0.0023   0.0000   0.0142  -0.0086    0.098
    20   0.0956   0.3043   0.0000   0.2794   0.0005   0.0087   0.1283   0.0347   0.0316  -0.0008   0.0000   0.0049  -0.0027    0.094

  Surface # 2     Wing (YDUP)                             
     # Chordwise = 10   # Spanwise = 20     First strip = 21
     Surface area Ssurf =    0.085161     Ave. chord Cave =    0.279400

 Forces referred to Sref, Cref, Bref about Xref, Yref, Zref
 Standard axis orientation,  X fwd, Z down         
     CLsurf  =   0.30473     Clsurf  =   0.06550
     CYsurf  =  -0.00863     Cmsurf  =   0.01610
     CDsurf  =   0.02039     Cnsurf  =   0.01139
     CDisurf =   0.02039     CDvsurf =   0.00000

 Forces referred to Ssurf, Cave 
     CLsurf  =   0.42654     CDsurf  =   0.02854

 Strip Forces referred to Strip Area, Chord
    j     Xle      Yle      Zle      Chord    Area     c_cl     ai     cl_norm    cl       cd       cdv    cm_c/4     cm_LE   C.P.x/c
    21   0.0001  -0.0005   0.0000   0.2794   0.0005   0.1465   0.1105   0.5237   0.4779   0.3352   0.0000  -0.0035   0.1284    0.257
    22   0.0013  -0.0042   0.0000   0.2794   0.0016   0.1465   0.1097   0.5706   0.5206   0.0647   0.0000  -0.0029   0.1278    0.256
    23   0.0036  -0.0116   0.0000   0.2794   0.0026   0.1465   0.1100   0.5733   0.5231   0.0481   0.0000  -0.0008   0.1258    0.251
    24   0.0071  -0.0225   0.0000   0.2794   0.0035   0.1464   0.1113   0.5737   0.5234   0.0436   0.0000   0.0024   0.1227    0.245
    25   0.0115  -0.0365   0.0000   0.2794   0.0043   0.1461   0.1133   0.5731   0.5229   0.0403   0.0000   0.0059   0.1191    0.239
    26   0.0168  -0.0534   0.0000   0.2794   0.0051   0.1454   0.1158   0.5710   0.5210   0.0373   0.0000   0.0094   0.1152    0.232
    27   0.0228  -0.0728   0.0000   0.2794   0.0057   0.1442   0.1186   0.5667   0.5171   0.0347   0.0000   0.0127   0.1110    0.225
    28   0.0295  -0.0941   0.0000   0.2794   0.0062   0.1422   0.1218   0.5592   0.5102   0.0323   0.0000   0.0158   0.1064    0.219
    29   0.0367  -0.1168   0.0000   0.2794   0.0065   0.1392   0.1251   0.5475   0.4996   0.0301   0.0000   0.0187   0.1010    0.213
    30   0.0441  -0.1404   0.0000   0.2794   0.0067   0.1349   0.1285   0.5308   0.4843   0.0279   0.0000   0.0216   0.0946    0.205
    31   0.0516  -0.1644   0.0000   0.2794   0.0067   0.1291   0.1319   0.5083   0.4638   0.0257   0.0000   0.0243   0.0870    0.198
    32   0.0590  -0.1880   0.0000   0.2794   0.0065   0.1217   0.1351   0.4793   0.4374   0.0234   0.0000   0.0269   0.0782    0.188
    33   0.0662  -0.2107   0.0000   0.2794   0.0062   0.1126   0.1377   0.4435   0.4046   0.0209   0.0000   0.0292   0.0682    0.178
    34   0.0729  -0.2320   0.0000   0.2794   0.0057   0.1017   0.1395   0.4006   0.3655   0.0182   0.0000   0.0308   0.0574    0.166
    35   0.0789  -0.2514   0.0000   0.2794   0.0051   0.0890   0.1401   0.3509   0.3202   0.0153   0.0000   0.0314   0.0461    0.152
    36   0.0842  -0.2683   0.0000   0.2794   0.0043   0.0749   0.1394   0.2952   0.2694   0.0123   0.0000   0.0303   0.0350    0.137
    37   0.0886  -0.2823   0.0000   0.2794   0.0035   0.0594   0.1373   0.2344   0.2139   0.0091   0.0000   0.0273   0.0247    0.123
    38   0.0921  -0.2932   0.0000   0.2794   0.0026   0.0430   0.1340   0.1698   0.1549   0.0058   0.0000   0.0219   0.0159    0.109
    39   0.0944  -0.3006   0.0000   0.2794   0.0016   0.0260   0.1303   0.1029   0.0939   0.0023   0.0000   0.0142   0.0086    0.098
    40   0.0956  -0.3043   0.0000   0.2794   0.0005   0.0087   0.1283   0.0347   0.0316  -0.0008   0.0000   0.0049   0.0027    0.094
 ---------------------------------------------------------------
