 ---------------------------------------------------------------
 Surface and Strip Forces by surface

  Sref = 0.16520       Cref = 0.20740       Bref = 0.81280    
  Xref = 0.10920       Yref =  0.0000       Zref =  0.0000    

  Surface # 1     Wing                                    
     # Chordwise = 10   # Spanwise = 20     First strip =  1
     Surface area Ssurf =    0.103226     Ave. chord Cave =    0.254000

 Forces referred to Sref, Cref, Bref about Xref, Yref, Zref
 Standard axis orientation,  X fwd, Z down         
     CLsurf  =   0.21988     Clsurf  =  -0.04744
     CYsurf  =   0.00086     Cmsurf  =   0.04672
     CDsurf  =   0.00784     Cnsurf  =  -0.00319
     CDisurf =   0.00784     CDvsurf =   0.00000

 Forces referred to Ssurf, Cave 
     CLsurf  =   0.35189     CDsurf  =   0.01255

 Strip Forces referred to Strip Area, Chord
    j     Xle      Yle      Zle      Chord    Area     c_cl     ai     cl_norm    cl       cd       cdv    cm_c/4     cm_LE   C.P.x/c
     1   0.0000   0.0006   0.0000   0.2540   0.0006   0.1097   0.0626   0.4315   0.4298   0.0443   0.0000   0.0065  -0.1014    0.235
     2   0.0004   0.0056   0.0000   0.2540   0.0019   0.1097   0.0622   0.4341   0.4324   0.0174   0.0000   0.0067  -0.1012    0.235
     3   0.0010   0.0155   0.0000   0.2540   0.0031   0.1097   0.0622   0.4341   0.4324   0.0158   0.0000   0.0072  -0.1006    0.233
     4   0.0019   0.0299   0.0000   0.2540   0.0042   0.1096   0.0625   0.4336   0.4320   0.0152   0.0000   0.0079  -0.0997    0.232
     5   0.0030   0.0487   0.0000   0.2540   0.0053   0.1093   0.0631   0.4325   0.4308   0.0147   0.0000   0.0087  -0.0986    0.230
     6   0.0045   0.0712   0.0000   0.2540   0.0062   0.1087   0.0640   0.4302   0.4286   0.0143   0.0000   0.0095  -0.0973    0.228
     7   0.0061   0.0970   0.0000   0.2540   0.0069   0.1077   0.0651   0.4263   0.4247   0.0140   0.0000   0.0102  -0.0956    0.226
     8   0.0078   0.1254   0.0000   0.2540   0.0075   0.1061   0.0665   0.4202   0.4186   0.0138   0.0000   0.0109  -0.0934    0.224
     9   0.0097   0.1558   0.0000   0.2540   0.0079   0.1039   0.0682   0.4112   0.4096   0.0136   0.0000   0.0117  -0.0903    0.221
    10   0.0117   0.1873   0.0000   0.2540   0.0081   0.1008   0.0703   0.3989   0.3973   0.0133   0.0000   0.0127  -0.0863    0.218
    11   0.0137   0.2191   0.0000   0.2540   0.0081   0.0967   0.0727   0.3826   0.3811   0.0131   0.0000   0.0137  -0.0812    0.214
    12   0.0157   0.2506   0.0000   0.2540   0.0079   0.0914   0.0752   0.3617   0.3603   0.0127   0.0000   0.0149  -0.0749    0.209
    13   0.0176   0.2810   0.0000   0.2540   0.0075   0.0849   0.0778   0.3358   0.3345   0.0122   0.0000   0.0162  -0.0672    0.201
    14   0.0193   0.3094   0.0000   0.2540   0.0069   0.0770   0.0802   0.3045   0.3033   0.0114   0.0000   0.0174  -0.0582    0.193
    15   0.0209   0.3352   0.0000   0.2540   0.0062   0.0677   0.0818   0.2678   0.2668   0.0104   0.0000   0.0183  -0.0482    0.181
    16   0.0224   0.3577   0.0000   0.2540   0.0053   0.0571   0.0823   0.2259   0.2251   0.0091   0.0000   0.0184  -0.0377    0.168
    17   0.0235   0.3765   0.0000   0.2540   0.0042   0.0454   0.0813   0.1796   0.1789   0.0075   0.0000   0.0173  -0.0273    0.153
    18   0.0244   0.3909   0.0000   0.2540   0.0031   0.0329   0.0786   0.1300   0.1295   0.0055   0.0000   0.0145  -0.0178    0.138
    19   0.0250   0.4008   0.0000   0.2540   0.0019   0.0198   0.0745   0.0785   0.0782   0.0032   0.0000   0.0098  -0.0097    0.124
    20   0.0254   0.4058   0.0000   0.2540   0.0006   0.0066   0.0714   0.0262   0.0261   0.0009   0.0000   0.0035  -0.0030    0.116

  Surface # 2     Wing (YDUP)                             
     # Chordwise = 10   # Spanwise = 20     First strip = 21
     Surface area Ssurf =    0.103226     Ave. chord Cave =    0.254000

 Forces referred to Sref, Cref, Bref about Xref, Yref, Zref
 Standard axis orientation,  X fwd, Z down         
     CLsurf  =   0.21988     Clsurf  =   0.04744
     CYsurf  =  -0.00086     Cmsurf  =   0.04672
     CDsurf  =   0.00784     Cnsurf  =   0.00319
     CDisurf =   0.00784     CDvsurf =   0.00000

 Forces referred to Ssurf, Cave 
     CLsurf  =   0.35189     CDsurf  =   0.01255

 Strip Forces referred to Strip Area, Chord
    j     Xle      Yle      Zle      Chord    Area     c_cl     ai     cl_norm    cl       cd       cdv    cm_c/4     cm_LE   C.P.x/c
    21   0.0000  -0.0006   0.0000   0.2540   0.0006   0.1097   0.0626   0.4315   0.4298   0.0443   0.0000   0.0065   0.1014    0.235
    22   0.0004  -0.0056   0.0000   0.2540   0.0019   0.1097   0.0622   0.4341   0.4324   0.0174   0.0000   0.0067   0.1012    0.235
    23   0.0010  -0.0155   0.0000   0.2540   0.0031   0.1097   0.0622   0.4341   0.4324   0.0158   0.0000   0.0072   0.1006    0.233
    24   0.0019  -0.0299   0.0000   0.2540   0.0042   0.1096   0.0625   0.4336   0.4320   0.0152   0.0000   0.0079   0.0997    0.232
    25   0.0030  -0.0487   0.0000   0.2540   0.0053   0.1093   0.0631   0.4325   0.4308   0.0147   0.0000   0.0087   0.0986    0.230
    26   0.0045  -0.0712   0.0000   0.2540   0.0062   0.1087   0.0640   0.4302   0.4286   0.0143   0.0000   0.0095   0.0973    0.228
    27   0.0061  -0.0970   0.0000   0.2540   0.0069   0.1077   0.0651   0.4263   0.4247   0.0140   0.0000   0.0102   0.0956    0.226
    28   0.0078  -0.1254   0.0000   0.2540   0.0075   0.1061   0.0665   0.4202   0.4186   0.0138   0.0000   0.0109   0.0934    0.224
    29   0.0097  -0.1558   0.0000   0.2540   0.0079   0.1039   0.0682   0.4112   0.4096   0.0136   0.0000   0.0117   0.0903    0.221
    30   0.0117  -0.1873   0.0000   0.2540   0.0081   0.1008   0.0703   0.3989   0.3973   0.0133   0.0000   0.0127   0.0863    0.218
    31   0.0137  -0.2191   0.0000   0.2540   0.0081   0.0967   0.0727   0.3826   0.3811   0.0131   0.0000   0.0137   0.0812    0.214
    32   0.0157  -0.2506   0.0000   0.2540   0.0079   0.0914   0.0752   0.3617   0.3603   0.0127   0.0000   0.0149   0.0749    0.209
    33   0.0176  -0.2810   0.0000   0.2540   0.0075   0.0849   0.0778   0.3358   0.3345   0.0122   0.0000   0.0162   0.0672    0.201
    34   0.0193  -0.3094   0.0000   0.2540   0.0069   0.0770   0.0802   0.3045   0.3033   0.0114   0.0000   0.0174   0.0582    0.193
    35   0.0209  -0.3352   0.0000   0.2540   0.0062   0.0677   0.0818   0.2678   0.2668   0.0104   0.0000   0.0183   0.0482    0.181
    36   0.0224  -0.3577   0.0000   0.2540   0.0053   0.0571   0.0823   0.2259   0.2251   0.0091   0.0000   0.0184   0.0377    0.168
    37   0.0235  -0.3765   0.0000   0.2540   0.0042   0.0454   0.0813   0.1796   0.1789   0.0075   0.0000   0.0173   0.0273    0.153
    38   0.0244  -0.3909   0.0000   0.2540   0.0031   0.0329   0.0786   0.1300   0.1295   0.0055   0.0000   0.0145   0.0178    0.138
    39   0.0250  -0.4008   0.0000   0.2540   0.0019   0.0198   0.0745   0.0785   0.0782   0.0032   0.0000   0.0098   0.0097    0.124
    40   0.0254  -0.4058   0.0000   0.2540   0.0006   0.0066   0.0714   0.0262   0.0261   0.0009   0.0000   0.0035   0.0030    0.116
 ---------------------------------------------------------------
