 ---------------------------------------------------------------
 Surface and Strip Forces by surface

  Sref = 0.15480       Cref = 0.25400       Bref = 0.60960    
  Xref = 0.10920       Yref =  0.0000       Zref =  0.0000    

  Surface # 1     Wing                                    
     # Chordwise = 10   # Spanwise = 20     First strip =  1
     Surface area Ssurf =    0.077419     Ave. chord Cave =    0.254000

 Forces referred to Sref, Cref, Bref about Xref, Yref, Zref
 Standard axis orientation,  X fwd, Z down         
     CLsurf  =   0.23465     Clsurf  =  -0.05022
     CYsurf  =   0.00201     Cmsurf  =   0.04167
     CDsurf  =   0.01502     Cnsurf  =  -0.00579
     CDisurf =   0.01502     CDvsurf =   0.00000

 Forces referred to Ssurf, Cave 
     CLsurf  =   0.46919     CDsurf  =   0.03003

 Strip Forces referred to Strip Area, Chord
    j     Xle      Yle      Zle      Chord    Area     c_cl     ai     cl_norm    cl       cd       cdv    cm_c/4     cm_LE   C.P.x/c
     1   0.0000   0.0005   0.0000   0.2540   0.0005   0.1479   0.1162   0.5722   0.5679   0.1342   0.0000   0.0110  -0.1340    0.231
     2   0.0004   0.0042   0.0000   0.2540   0.0014   0.1478   0.1159   0.5867   0.5824   0.0455   0.0000   0.0112  -0.1338    0.231
     3   0.0010   0.0116   0.0000   0.2540   0.0023   0.1478   0.1159   0.5874   0.5830   0.0399   0.0000   0.0120  -0.1330    0.229
     4   0.0020   0.0225   0.0000   0.2540   0.0032   0.1476   0.1163   0.5868   0.5825   0.0381   0.0000   0.0130  -0.1317    0.228
     5   0.0032   0.0365   0.0000   0.2540   0.0039   0.1471   0.1171   0.5852   0.5808   0.0368   0.0000   0.0143  -0.1300    0.225
     6   0.0047   0.0534   0.0000   0.2540   0.0046   0.1462   0.1183   0.5817   0.5774   0.0357   0.0000   0.0155  -0.1279    0.223
     7   0.0064   0.0728   0.0000   0.2540   0.0052   0.1447   0.1198   0.5757   0.5714   0.0347   0.0000   0.0168  -0.1251    0.221
     8   0.0082   0.0941   0.0000   0.2540   0.0056   0.1423   0.1216   0.5664   0.5622   0.0337   0.0000   0.0181  -0.1215    0.218
     9   0.0102   0.1168   0.0000   0.2540   0.0059   0.1389   0.1238   0.5530   0.5489   0.0328   0.0000   0.0195  -0.1168    0.214
    10   0.0123   0.1404   0.0000   0.2540   0.0061   0.1344   0.1264   0.5347   0.5307   0.0318   0.0000   0.0210  -0.1109    0.211
    11   0.0144   0.1644   0.0000   0.2540   0.0061   0.1284   0.1291   0.5109   0.5071   0.0307   0.0000   0.0225  -0.1035    0.206
    12   0.0165   0.1880   0.0000   0.2540   0.0059   0.1209   0.1320   0.4809   0.4774   0.0293   0.0000   0.0240  -0.0946    0.200
    13   0.0185   0.2107   0.0000   0.2540   0.0056   0.1117   0.1347   0.4445   0.4412   0.0275   0.0000   0.0254  -0.0843    0.192
    14   0.0203   0.2320   0.0000   0.2540   0.0052   0.1009   0.1369   0.4013   0.3983   0.0254   0.0000   0.0264  -0.0727    0.184
    15   0.0220   0.2514   0.0000   0.2540   0.0046   0.0884   0.1383   0.3516   0.3490   0.0228   0.0000   0.0266  -0.0602    0.174
    16   0.0235   0.2683   0.0000   0.2540   0.0039   0.0744   0.1386   0.2959   0.2938   0.0197   0.0000   0.0257  -0.0474    0.163
    17   0.0247   0.2823   0.0000   0.2540   0.0032   0.0592   0.1376   0.2351   0.2334   0.0161   0.0000   0.0231  -0.0350    0.151
    18   0.0257   0.2932   0.0000   0.2540   0.0023   0.0429   0.1352   0.1704   0.1691   0.0118   0.0000   0.0187  -0.0234    0.140
    19   0.0263   0.3006   0.0000   0.2540   0.0014   0.0259   0.1320   0.1031   0.1023   0.0070   0.0000   0.0122  -0.0132    0.130
    20   0.0267   0.3043   0.0000   0.2540   0.0005   0.0087   0.1299   0.0346   0.0343   0.0019   0.0000   0.0043  -0.0043    0.125

  Surface # 2     Wing (YDUP)                             
     # Chordwise = 10   # Spanwise = 20     First strip = 21
     Surface area Ssurf =    0.077419     Ave. chord Cave =    0.254000

 Forces referred to Sref, Cref, Bref about Xref, Yref, Zref
 Standard axis orientation,  X fwd, Z down         
     CLsurf  =   0.23465     Clsurf  =   0.05022
     CYsurf  =  -0.00201     Cmsurf  =   0.04167
     CDsurf  =   0.01502     Cnsurf  =   0.00579
     CDisurf =   0.01502     CDvsurf =   0.00000

 Forces referred to Ssurf, Cave 
     CLsurf  =   0.46919     CDsurf  =   0.03003

 Strip Forces referred to Strip Area, Chord
    j     Xle      Yle      Zle      Chord    Area     c_cl     ai     cl_norm    cl       cd       cdv    cm_c/4     cm_LE   C.P.x/c
    21   0.0000  -0.0005   0.0000   0.2540   0.0005   0.1479   0.1162   0.5722   0.5679   0.1342   0.0000   0.0110   0.1340    0.231
    22   0.0004  -0.0042   0.0000   0.2540   0.0014   0.1478   0.1159   0.5867   0.5824   0.0455   0.0000   0.0112   0.1338    0.231
    23   0.0010  -0.0116   0.0000   0.2540   0.0023   0.1478   0.1159   0.5874   0.5830   0.0399   0.0000   0.0120   0.1330    0.229
    24   0.0020  -0.0225   0.0000   0.2540   0.0032   0.1476   0.1163   0.5868   0.5825   0.0381   0.0000   0.0130   0.1317    0.228
    25   0.0032  -0.0365   0.0000   0.2540   0.0039   0.1471   0.1171   0.5852   0.5808   0.0368   0.0000   0.0143   0.1300    0.225
    26   0.0047  -0.0534   0.0000   0.2540   0.0046   0.1462   0.1183   0.5817   0.5774   0.0357   0.0000   0.0155   0.1279    0.223
    27   0.0064  -0.0728   0.0000   0.2540   0.0052   0.1447   0.1198   0.5757   0.5714   0.0347   0.0000   0.0168   0.1251    0.221
    28   0.0082  -0.0941   0.0000   0.2540   0.0056   0.1423   0.1216   0.5664   0.5622   0.0337   0.0000   0.0181   0.1215    0.218
    29   0.0102  -0.1168   0.0000   0.2540   0.0059   0.1389   0.1238   0.5530   0.5489   0.0328   0.0000   0.0195   0.1168    0.214
    30   0.0123  -0.1404   0.0000   0.2540   0.0061   0.1344   0.1264   0.5347   0.5307   0.0318   0.0000   0.0210   0.1109    0.211
    31   0.0144  -0.1644   0.0000   0.2540   0.0061   0.1284   0.1291   0.5109   0.5071   0.0307   0.0000   0.0225   0.1035    0.206
    32   0.0165  -0.1880   0.0000   0.2540   0.0059   0.1209   0.1320   0.4809   0.4774   0.0293   0.0000   0.0240   0.0946    0.200
    33   0.0185  -0.2107   0.0000   0.2540   0.0056   0.1117   0.1347   0.4445   0.4412   0.0275   0.0000   0.0254   0.0843    0.192
    34   0.0203  -0.2320   0.0000   0.2540   0.0052   0.1009   0.1369   0.4013   0.3983   0.0254   0.0000   0.0264   0.0727    0.184
    35   0.0220  -0.2514   0.0000   0.2540   0.0046   0.0884   0.1383   0.3516   0.3490   0.0228   0.0000   0.0266   0.0602    0.174
    36   0.0235  -0.2683   0.0000   0.2540   0.0039   0.0744   0.1386   0.2959   0.2938   0.0197   0.0000   0.0257   0.0474    0.163
    37   0.0247  -0.2823   0.0000   0.2540   0.0032   0.0592   0.1376   0.2351   0.2334   0.0161   0.0000   0.0231   0.0350    0.151
    38   0.0257  -0.2932   0.0000   0.2540   0.0023   0.0429   0.1352   0.1704   0.1691   0.0118   0.0000   0.0187   0.0234    0.140
    39   0.0263  -0.3006   0.0000   0.2540   0.0014   0.0259   0.1320   0.1031   0.1023   0.0070   0.0000   0.0122   0.0132    0.130
    40   0.0267  -0.3043   0.0000   0.2540   0.0005   0.0087   0.1299   0.0346   0.0343   0.0019   0.0000   0.0043   0.0043    0.125
 ---------------------------------------------------------------
