 ---------------------------------------------------------------
 Surface and Strip Forces by surface

  Sref = 0.13010       Cref = 0.18670       Bref = 0.71120    
  Xref = 0.10920       Yref =  0.0000       Zref =  0.0000    

  Surface # 1     Wing                                    
     # Chordwise = 10   # Spanwise = 20     First strip =  1
     Surface area Ssurf =    0.081290     Ave. chord Cave =    0.228600

 Forces referred to Sref, Cref, Bref about Xref, Yref, Zref
 Standard axis orientation,  X fwd, Z down         
     CLsurf  =   0.27920     Clsurf  =  -0.06018
     CYsurf  =   0.00150     Cmsurf  =   0.07482
     CDsurf  =   0.01303     Cnsurf  =  -0.00540
     CDisurf =   0.01303     CDvsurf =   0.00000

 Forces referred to Ssurf, Cave 
     CLsurf  =   0.44685     CDsurf  =   0.02085

 Strip Forces referred to Strip Area, Chord
    j     Xle      Yle      Zle      Chord    Area     c_cl     ai     cl_norm    cl       cd       cdv    cm_c/4     cm_LE   C.P.x/c
     1   0.0000   0.0005   0.0000   0.2286   0.0005   0.1253   0.0817   0.5455   0.5433   0.0728   0.0000   0.0074  -0.1293    0.236
     2   0.0003   0.0049   0.0000   0.2286   0.0015   0.1253   0.0814   0.5512   0.5490   0.0290   0.0000   0.0077  -0.1291    0.236
     3   0.0009   0.0135   0.0000   0.2286   0.0024   0.1252   0.0816   0.5514   0.5491   0.0263   0.0000   0.0084  -0.1283    0.235
     4   0.0017   0.0262   0.0000   0.2286   0.0033   0.1251   0.0820   0.5509   0.5486   0.0252   0.0000   0.0093  -0.1273    0.233
     5   0.0027   0.0426   0.0000   0.2286   0.0041   0.1248   0.0828   0.5495   0.5473   0.0244   0.0000   0.0102  -0.1260    0.231
     6   0.0040   0.0623   0.0000   0.2286   0.0048   0.1241   0.0839   0.5466   0.5444   0.0238   0.0000   0.0112  -0.1243    0.229
     7   0.0055   0.0849   0.0000   0.2286   0.0054   0.1230   0.0853   0.5416   0.5394   0.0233   0.0000   0.0121  -0.1221    0.228
     8   0.0071   0.1098   0.0000   0.2286   0.0059   0.1212   0.0871   0.5338   0.5316   0.0229   0.0000   0.0131  -0.1192    0.225
     9   0.0088   0.1363   0.0000   0.2286   0.0062   0.1186   0.0893   0.5223   0.5202   0.0225   0.0000   0.0141  -0.1153    0.223
    10   0.0106   0.1638   0.0000   0.2286   0.0064   0.1150   0.0919   0.5065   0.5045   0.0221   0.0000   0.0153  -0.1103    0.220
    11   0.0123   0.1918   0.0000   0.2286   0.0064   0.1103   0.0949   0.4857   0.4837   0.0216   0.0000   0.0166  -0.1038    0.216
    12   0.0141   0.2193   0.0000   0.2286   0.0062   0.1043   0.0982   0.4591   0.4572   0.0210   0.0000   0.0181  -0.0957    0.210
    13   0.0158   0.2458   0.0000   0.2286   0.0059   0.0968   0.1015   0.4261   0.4244   0.0201   0.0000   0.0197  -0.0860    0.204
    14   0.0174   0.2707   0.0000   0.2286   0.0054   0.0878   0.1046   0.3865   0.3849   0.0189   0.0000   0.0211  -0.0748    0.195
    15   0.0189   0.2933   0.0000   0.2286   0.0048   0.0773   0.1069   0.3401   0.3387   0.0173   0.0000   0.0221  -0.0623    0.185
    16   0.0202   0.3130   0.0000   0.2286   0.0041   0.0653   0.1081   0.2872   0.2860   0.0152   0.0000   0.0221  -0.0492    0.173
    17   0.0212   0.3294   0.0000   0.2286   0.0033   0.0520   0.1076   0.2287   0.2277   0.0125   0.0000   0.0207  -0.0361    0.159
    18   0.0220   0.3421   0.0000   0.2286   0.0024   0.0377   0.1054   0.1659   0.1652   0.0093   0.0000   0.0172  -0.0240    0.146
    19   0.0226   0.3507   0.0000   0.2286   0.0015   0.0228   0.1018   0.1003   0.0999   0.0056   0.0000   0.0116  -0.0133    0.134
    20   0.0229   0.3551   0.0000   0.2286   0.0005   0.0076   0.0990   0.0336   0.0334   0.0016   0.0000   0.0041  -0.0042    0.127

  Surface # 2     Wing (YDUP)                             
     # Chordwise = 10   # Spanwise = 20     First strip = 21
     Surface area Ssurf =    0.081290     Ave. chord Cave =    0.228600

 Forces referred to Sref, Cref, Bref about Xref, Yref, Zref
 Standard axis orientation,  X fwd, Z down         
     CLsurf  =   0.27920     Clsurf  =   0.06018
     CYsurf  =  -0.00150     Cmsurf  =   0.07482
     CDsurf  =   0.01303     Cnsurf  =   0.00540
     CDisurf =   0.01303     CDvsurf =   0.00000

 Forces referred to Ssurf, Cave 
     CLsurf  =   0.44685     CDsurf  =   0.02085

 Strip Forces referred to Strip Area, Chord
    j     Xle      Yle      Zle      Chord    Area     c_cl     ai     cl_norm    cl       cd       cdv    cm_c/4     cm_LE   C.P.x/c
    21   0.0000  -0.0005   0.0000   0.2286   0.0005   0.1253   0.0817   0.5455   0.5433   0.0728   0.0000   0.0074   0.1293    0.236
    22   0.0003  -0.0049   0.0000   0.2286   0.0015   0.1253   0.0814   0.5512   0.5490   0.0290   0.0000   0.0077   0.1291    0.236
    23   0.0009  -0.0135   0.0000   0.2286   0.0024   0.1252   0.0816   0.5514   0.5491   0.0263   0.0000   0.0084   0.1283    0.235
    24   0.0017  -0.0262   0.0000   0.2286   0.0033   0.1251   0.0820   0.5509   0.5486   0.0252   0.0000   0.0093   0.1273    0.233
    25   0.0027  -0.0426   0.0000   0.2286   0.0041   0.1248   0.0828   0.5495   0.5473   0.0244   0.0000   0.0102   0.1260    0.231
    26   0.0040  -0.0623   0.0000   0.2286   0.0048   0.1241   0.0839   0.5466   0.5444   0.0238   0.0000   0.0112   0.1243    0.229
    27   0.0055  -0.0849   0.0000   0.2286   0.0054   0.1230   0.0853   0.5416   0.5394   0.0233   0.0000   0.0121   0.1221    0.228
    28   0.0071  -0.1098   0.0000   0.2286   0.0059   0.1212   0.0871   0.5338   0.5316   0.0229   0.0000   0.0131   0.1192    0.225
    29   0.0088  -0.1363   0.0000   0.2286   0.0062   0.1186   0.0893   0.5223   0.5202   0.0225   0.0000   0.0141   0.1153    0.223
    30   0.0106  -0.1638   0.0000   0.2286   0.0064   0.1150   0.0919   0.5065   0.5045   0.0221   0.0000   0.0153   0.1103    0.220
    31   0.0123  -0.1918   0.0000   0.2286   0.0064   0.1103   0.0949   0.4857   0.4837   0.0216   0.0000   0.0166   0.1038    0.216
    32   0.0141  -0.2193   0.0000   0.2286   0.0062   0.1043   0.0982   0.4591   0.4572   0.0210   0.0000   0.0181   0.0957    0.210
    33   0.0158  -0.2458   0.0000   0.2286   0.0059   0.0968   0.1015   0.4261   0.4244   0.0201   0.0000   0.0197   0.0860    0.204
    34   0.0174  -0.2707   0.0000   0.2286   0.0054   0.0878   0.1046   0.3865   0.3849   0.0189   0.0000   0.0211   0.0748    0.195
    35   0.0189  -0.2933   0.0000   0.2286   0.0048   0.0773   0.1069   0.3401   0.3387   0.0173   0.0000   0.0221   0.0623    0.185
    36   0.0202  -0.3130   0.0000   0.2286   0.0041   0.0653   0.1081   0.2872   0.2860   0.0152   0.0000   0.0221   0.0492    0.173
    37   0.0212  -0.3294   0.0000   0.2286   0.0033   0.0520   0.1076   0.2287   0.2277   0.0125   0.0000   0.0207   0.0361    0.159
    38   0.0220  -0.3421   0.0000   0.2286   0.0024   0.0377   0.1054   0.1659   0.1652   0.0093   0.0000   0.0172   0.0240    0.146
    39   0.0226  -0.3507   0.0000   0.2286   0.0015   0.0228   0.1018   0.1003   0.0999   0.0056   0.0000   0.0116   0.0133    0.134
    40   0.0229  -0.3551   0.0000   0.2286   0.0005   0.0076   0.0990   0.0336   0.0334   0.0016   0.0000   0.0041   0.0042    0.127
 ---------------------------------------------------------------
