 ---------------------------------------------------------------
 Surface and Strip Forces by surface

  Sref = 0.16260       Cref = 0.22950       Bref = 0.71120    
  Xref = 0.10920       Yref =  0.0000       Zref =  0.0000    

  Surface # 1     Wing                                    
     # Chordwise = 10   # Spanwise = 20     First strip =  1
     Surface area Ssurf =    0.090322     Ave. chord Cave =    0.254000

 Forces referred to Sref, Cref, Bref about Xref, Yref, Zref
 Standard axis orientation,  X fwd, Z down         
     CLsurf  =   0.22340     Clsurf  =  -0.04795
     CYsurf  =   0.00062     Cmsurf  =   0.04881
     CDsurf  =   0.01035     Cnsurf  =  -0.00384
     CDisurf =   0.01035     CDvsurf =   0.00000

 Forces referred to Ssurf, Cave 
     CLsurf  =   0.40216     CDsurf  =   0.01863

 Strip Forces referred to Strip Area, Chord
    j     Xle      Yle      Zle      Chord    Area     c_cl     ai     cl_norm    cl       cd       cdv    cm_c/4     cm_LE   C.P.x/c
     1   0.0000   0.0005   0.0000   0.2540   0.0006   0.1265   0.0845   0.4967   0.4961   0.0470   0.0000   0.0106  -0.1138    0.229
     2   0.0002   0.0049   0.0000   0.2540   0.0017   0.1265   0.0844   0.4995   0.4989   0.0240   0.0000   0.0108  -0.1137    0.228
     3   0.0005   0.0135   0.0000   0.2540   0.0027   0.1264   0.0844   0.4995   0.4988   0.0226   0.0000   0.0111  -0.1133    0.228
     4   0.0009   0.0262   0.0000   0.2540   0.0037   0.1263   0.0846   0.4988   0.4982   0.0220   0.0000   0.0115  -0.1127    0.227
     5   0.0015   0.0426   0.0000   0.2540   0.0046   0.1259   0.0850   0.4972   0.4966   0.0217   0.0000   0.0120  -0.1118    0.226
     6   0.0022   0.0623   0.0000   0.2540   0.0054   0.1251   0.0858   0.4942   0.4936   0.0213   0.0000   0.0126  -0.1104    0.224
     7   0.0030   0.0849   0.0000   0.2540   0.0060   0.1238   0.0868   0.4890   0.4884   0.0210   0.0000   0.0132  -0.1085    0.223
     8   0.0039   0.1098   0.0000   0.2540   0.0065   0.1218   0.0881   0.4812   0.4806   0.0208   0.0000   0.0139  -0.1059    0.221
     9   0.0049   0.1363   0.0000   0.2540   0.0069   0.1190   0.0898   0.4700   0.4694   0.0205   0.0000   0.0147  -0.1023    0.219
    10   0.0059   0.1638   0.0000   0.2540   0.0071   0.1151   0.0919   0.4548   0.4542   0.0201   0.0000   0.0157  -0.0976    0.215
    11   0.0068   0.1918   0.0000   0.2540   0.0071   0.1101   0.0943   0.4350   0.4345   0.0197   0.0000   0.0168  -0.0916    0.211
    12   0.0078   0.2193   0.0000   0.2540   0.0069   0.1038   0.0969   0.4101   0.4096   0.0191   0.0000   0.0180  -0.0842    0.206
    13   0.0088   0.2458   0.0000   0.2540   0.0065   0.0961   0.0994   0.3796   0.3792   0.0182   0.0000   0.0192  -0.0754    0.199
    14   0.0097   0.2707   0.0000   0.2540   0.0060   0.0870   0.1017   0.3434   0.3429   0.0171   0.0000   0.0202  -0.0654    0.191
    15   0.0105   0.2933   0.0000   0.2540   0.0054   0.0763   0.1032   0.3013   0.3009   0.0156   0.0000   0.0207  -0.0544    0.181
    16   0.0112   0.3130   0.0000   0.2540   0.0046   0.0643   0.1037   0.2538   0.2535   0.0136   0.0000   0.0204  -0.0429    0.170
    17   0.0118   0.3294   0.0000   0.2540   0.0037   0.0511   0.1028   0.2017   0.2015   0.0112   0.0000   0.0187  -0.0316    0.157
    18   0.0122   0.3421   0.0000   0.2540   0.0027   0.0370   0.1003   0.1461   0.1459   0.0083   0.0000   0.0154  -0.0210    0.144
    19   0.0125   0.3507   0.0000   0.2540   0.0017   0.0224   0.0967   0.0883   0.0882   0.0050   0.0000   0.0103  -0.0118    0.133
    20   0.0127   0.3551   0.0000   0.2540   0.0006   0.0075   0.0941   0.0295   0.0295   0.0016   0.0000   0.0036  -0.0037    0.127

  Surface # 2     Wing (YDUP)                             
     # Chordwise = 10   # Spanwise = 20     First strip = 21
     Surface area Ssurf =    0.090322     Ave. chord Cave =    0.254000

 Forces referred to Sref, Cref, Bref about Xref, Yref, Zref
 Standard axis orientation,  X fwd, Z down         
     CLsurf  =   0.22340     Clsurf  =   0.04795
     CYsurf  =  -0.00062     Cmsurf  =   0.04881
     CDsurf  =   0.01035     Cnsurf  =   0.00384
     CDisurf =   0.01035     CDvsurf =   0.00000

 Forces referred to Ssurf, Cave 
     CLsurf  =   0.40216     CDsurf  =   0.01863

 Strip Forces referred to Strip Area, Chord
    j     Xle      Yle      Zle      Chord    Area     c_cl     ai     cl_norm    cl       cd       cdv    cm_c/4     cm_LE   C.P.x/c
    21   0.0000  -0.0005   0.0000   0.2540   0.0006   0.1265   0.0845   0.4967   0.4961   0.0470   0.0000   0.0106   0.1138    0.229
    22   0.0002  -0.0049   0.0000   0.2540   0.0017   0.1265   0.0844   0.4995   0.4989   0.0240   0.0000   0.0108   0.1137    0.228
    23   0.0005  -0.0135   0.0000   0.2540   0.0027   0.1264   0.0844   0.4995   0.4988   0.0226   0.0000   0.0111   0.1133    0.228
    24   0.0009  -0.0262   0.0000   0.2540   0.0037   0.1263   0.0846   0.4988   0.4982   0.0220   0.0000   0.0115   0.1127    0.227
    25   0.0015  -0.0426   0.0000   0.2540   0.0046   0.1259   0.0850   0.4972   0.4966   0.0217   0.0000   0.0120   0.1118    0.226
    26   0.0022  -0.0623   0.0000   0.2540   0.0054   0.1251   0.0858   0.4942   0.4936   0.0213   0.0000   0.0126   0.1104    0.224
    27   0.0030  -0.0849   0.0000   0.2540   0.0060   0.1238   0.0868   0.4890   0.4884   0.0210   0.0000   0.0132   0.1085    0.223
    28   0.0039  -0.1098   0.0000   0.2540   0.0065   0.1218   0.0881   0.4812   0.4806   0.0208   0.0000   0.0139   0.1059    0.221
    29   0.0049  -0.1363   0.0000   0.2540   0.0069   0.1190   0.0898   0.4700   0.4694   0.0205   0.0000   0.0147   0.1023    0.219
    30   0.0059  -0.1638   0.0000   0.2540   0.0071   0.1151   0.0919   0.4548   0.4542   0.0201   0.0000   0.0157   0.0976    0.215
    31   0.0068  -0.1918   0.0000   0.2540   0.0071   0.1101   0.0943   0.4350   0.4345   0.0197   0.0000   0.0168   0.0916    0.211
    32   0.0078  -0.2193   0.0000   0.2540   0.0069   0.1038   0.0969   0.4101   0.4096   0.0191   0.0000   0.0180   0.0842    0.206
    33   0.0088  -0.2458   0.0000   0.2540   0.0065   0.0961   0.0994   0.3796   0.3792   0.0182   0.0000   0.0192   0.0754    0.199
    34   0.0097  -0.2707   0.0000   0.2540   0.0060   0.0870   0.1017   0.3434   0.3429   0.0171   0.0000   0.0202   0.0654    0.191
    35   0.0105  -0.2933   0.0000   0.2540   0.0054   0.0763   0.1032   0.3013   0.3009   0.0156   0.0000   0.0207   0.0544    0.181
    36   0.0112  -0.3130   0.0000   0.2540   0.0046   0.0643   0.1037   0.2538   0.2535   0.0136   0.0000   0.0204   0.0429    0.170
    37   0.0118  -0.3294   0.0000   0.2540   0.0037   0.0511   0.1028   0.2017   0.2015   0.0112   0.0000   0.0187   0.0316    0.157
    38   0.0122  -0.3421   0.0000   0.2540   0.0027   0.0370   0.1003   0.1461   0.1459   0.0083   0.0000   0.0154   0.0210    0.144
    39   0.0125  -0.3507   0.0000   0.2540   0.0017   0.0224   0.0967   0.0883   0.0882   0.0050   0.0000   0.0103   0.0118    0.133
    40   0.0127  -0.3551   0.0000   0.2540   0.0006   0.0075   0.0941   0.0295   0.0295   0.0016   0.0000   0.0036   0.0037    0.127
 ---------------------------------------------------------------
