 ---------------------------------------------------------------
 Surface and Strip Forces by surface

  Sref = 0.15170       Cref = 0.22640       Bref = 0.71120    
  Xref = 0.10920       Yref =  0.0000       Zref =  0.0000    

  Surface # 1     Wing                                    
     # Chordwise = 10   # Spanwise = 20     First strip =  1
     Surface area Ssurf =    0.108387     Ave. chord Cave =    0.304800

 Forces referred to Sref, Cref, Bref about Xref, Yref, Zref
 Standard axis orientation,  X fwd, Z down         
     CLsurf  =   0.23945     Clsurf  =  -0.05171
     CYsurf  =   0.00626     Cmsurf  =  -0.01518
     CDsurf  =   0.01191     Cnsurf  =  -0.00747
     CDisurf =   0.01191     CDvsurf =   0.00000

 Forces referred to Ssurf, Cave 
     CLsurf  =   0.33514     CDsurf  =   0.01668

 Strip Forces referred to Strip Area, Chord
    j     Xle      Yle      Zle      Chord    Area     c_cl     ai     cl_norm    cl       cd       cdv    cm_c/4     cm_LE   C.P.x/c
     1   0.0002   0.0005   0.0000   0.3048   0.0007   0.1245   0.0782   0.4429   0.3836   0.2378   0.0000  -0.0087  -0.1030    0.273
     2   0.0019   0.0049   0.0000   0.3048   0.0020   0.1245   0.0766   0.4692   0.4063   0.0416   0.0000  -0.0080  -0.1023    0.270
     3   0.0054   0.0135   0.0000   0.3048   0.0033   0.1244   0.0767   0.4706   0.4075   0.0301   0.0000  -0.0057  -0.1002    0.264
     4   0.0104   0.0262   0.0000   0.3048   0.0044   0.1244   0.0780   0.4709   0.4077   0.0271   0.0000  -0.0023  -0.0970    0.256
     5   0.0169   0.0426   0.0000   0.3048   0.0055   0.1243   0.0801   0.4707   0.4076   0.0248   0.0000   0.0013  -0.0935    0.247
     6   0.0247   0.0623   0.0000   0.3048   0.0065   0.1239   0.0826   0.4695   0.4066   0.0226   0.0000   0.0048  -0.0900    0.238
     7   0.0337   0.0849   0.0000   0.3048   0.0073   0.1231   0.0855   0.4667   0.4041   0.0207   0.0000   0.0080  -0.0864    0.230
     8   0.0435   0.1098   0.0000   0.3048   0.0079   0.1216   0.0885   0.4614   0.3996   0.0190   0.0000   0.0110  -0.0825    0.222
     9   0.0540   0.1363   0.0000   0.3048   0.0083   0.1193   0.0917   0.4528   0.3921   0.0174   0.0000   0.0137  -0.0782    0.215
    10   0.0650   0.1638   0.0000   0.3048   0.0085   0.1159   0.0950   0.4400   0.3810   0.0159   0.0000   0.0164  -0.0731    0.207
    11   0.0760   0.1918   0.0000   0.3048   0.0085   0.1112   0.0981   0.4223   0.3657   0.0144   0.0000   0.0190  -0.0671    0.198
    12   0.0870   0.2193   0.0000   0.3048   0.0083   0.1051   0.1010   0.3991   0.3456   0.0128   0.0000   0.0216  -0.0601    0.188
    13   0.0975   0.2458   0.0000   0.3048   0.0079   0.0973   0.1034   0.3698   0.3202   0.0112   0.0000   0.0239  -0.0520    0.175
    14   0.1073   0.2707   0.0000   0.3048   0.0073   0.0880   0.1048   0.3343   0.2895   0.0094   0.0000   0.0258  -0.0431    0.161
    15   0.1163   0.2933   0.0000   0.3048   0.0065   0.0771   0.1050   0.2929   0.2537   0.0076   0.0000   0.0268  -0.0339    0.144
    16   0.1241   0.3130   0.0000   0.3048   0.0055   0.0647   0.1037   0.2462   0.2132   0.0057   0.0000   0.0264  -0.0249    0.126
    17   0.1306   0.3294   0.0000   0.3048   0.0044   0.0513   0.1010   0.1951   0.1690   0.0038   0.0000   0.0240  -0.0168    0.108
    18   0.1356   0.3421   0.0000   0.3048   0.0033   0.0370   0.0970   0.1410   0.1221   0.0019   0.0000   0.0195  -0.0101    0.090
    19   0.1391   0.3507   0.0000   0.3048   0.0020   0.0223   0.0927   0.0852   0.0738   0.0001   0.0000   0.0128  -0.0052    0.077
    20   0.1408   0.3551   0.0000   0.3048   0.0007   0.0075   0.0903   0.0286   0.0248  -0.0013   0.0000   0.0044  -0.0016    0.071

  Surface # 2     Wing (YDUP)                             
     # Chordwise = 10   # Spanwise = 20     First strip = 21
     Surface area Ssurf =    0.108387     Ave. chord Cave =    0.304800

 Forces referred to Sref, Cref, Bref about Xref, Yref, Zref
 Standard axis orientation,  X fwd, Z down         
     CLsurf  =   0.23945     Clsurf  =   0.05171
     CYsurf  =  -0.00626     Cmsurf  =  -0.01518
     CDsurf  =   0.01191     Cnsurf  =   0.00747
     CDisurf =   0.01191     CDvsurf =   0.00000

 Forces referred to Ssurf, Cave 
     CLsurf  =   0.33514     CDsurf  =   0.01668

 Strip Forces referred to Strip Area, Chord
    j     Xle      Yle      Zle      Chord    Area     c_cl     ai     cl_norm    cl       cd       cdv    cm_c/4     cm_LE   C.P.x/c
    21   0.0002  -0.0005   0.0000   0.3048   0.0007   0.1245   0.0782   0.4429   0.3836   0.2378   0.0000  -0.0087   0.1030    0.273
    22   0.0019  -0.0049   0.0000   0.3048   0.0020   0.1245   0.0766   0.4692   0.4063   0.0416   0.0000  -0.0080   0.1023    0.270
    23   0.0054  -0.0135   0.0000   0.3048   0.0033   0.1244   0.0767   0.4706   0.4075   0.0301   0.0000  -0.0057   0.1002    0.264
    24   0.0104  -0.0262   0.0000   0.3048   0.0044   0.1244   0.0780   0.4709   0.4077   0.0271   0.0000  -0.0023   0.0970    0.256
    25   0.0169  -0.0426   0.0000   0.3048   0.0055   0.1243   0.0801   0.4707   0.4076   0.0248   0.0000   0.0013   0.0935    0.247
    26   0.0247  -0.0623   0.0000   0.3048   0.0065   0.1239   0.0826   0.4695   0.4066   0.0226   0.0000   0.0048   0.0900    0.238
    27   0.0337  -0.0849   0.0000   0.3048   0.0073   0.1231   0.0855   0.4667   0.4041   0.0207   0.0000   0.0080   0.0864    0.230
    28   0.0435  -0.1098   0.0000   0.3048   0.0079   0.1216   0.0885   0.4614   0.3996   0.0190   0.0000   0.0110   0.0825    0.222
    29   0.0540  -0.1363   0.0000   0.3048   0.0083   0.1193   0.0917   0.4528   0.3921   0.0174   0.0000   0.0137   0.0782    0.215
    30   0.0650  -0.1638   0.0000   0.3048   0.0085   0.1159   0.0950   0.4400   0.3810   0.0159   0.0000   0.0164   0.0731    0.207
    31   0.0760  -0.1918   0.0000   0.3048   0.0085   0.1112   0.0981   0.4223   0.3657   0.0144   0.0000   0.0190   0.0671    0.198
    32   0.0870  -0.2193   0.0000   0.3048   0.0083   0.1051   0.1010   0.3991   0.3456   0.0128   0.0000   0.0216   0.0601    0.188
    33   0.0975  -0.2458   0.0000   0.3048   0.0079   0.0973   0.1034   0.3698   0.3202   0.0112   0.0000   0.0239   0.0520    0.175
    34   0.1073  -0.2707   0.0000   0.3048   0.0073   0.0880   0.1048   0.3343   0.2895   0.0094   0.0000   0.0258   0.0431    0.161
    35   0.1163  -0.2933   0.0000   0.3048   0.0065   0.0771   0.1050   0.2929   0.2537   0.0076   0.0000   0.0268   0.0339    0.144
    36   0.1241  -0.3130   0.0000   0.3048   0.0055   0.0647   0.1037   0.2462   0.2132   0.0057   0.0000   0.0264   0.0249    0.126
    37   0.1306  -0.3294   0.0000   0.3048   0.0044   0.0513   0.1010   0.1951   0.1690   0.0038   0.0000   0.0240   0.0168    0.108
    38   0.1356  -0.3421   0.0000   0.3048   0.0033   0.0370   0.0970   0.1410   0.1221   0.0019   0.0000   0.0195   0.0101    0.090
    39   0.1391  -0.3507   0.0000   0.3048   0.0020   0.0223   0.0927   0.0852   0.0738   0.0001   0.0000   0.0128   0.0052    0.077
    40   0.1408  -0.3551   0.0000   0.3048   0.0007   0.0075   0.0903   0.0286   0.0248  -0.0013   0.0000   0.0044   0.0016    0.071
 ---------------------------------------------------------------
