 ---------------------------------------------------------------
 Surface and Strip Forces by surface

  Sref = 0.14630       Cref = 0.20660       Bref = 0.71120    
  Xref = 0.10920       Yref =  0.0000       Zref =  0.0000    

  Surface # 1     Wing                                    
     # Chordwise = 10   # Spanwise = 20     First strip =  1
     Surface area Ssurf =    0.081290     Ave. chord Cave =    0.228600

 Forces referred to Sref, Cref, Bref about Xref, Yref, Zref
 Standard axis orientation,  X fwd, Z down         
     CLsurf  =   0.24829     Clsurf  =  -0.05410
     CYsurf  =   0.00621     Cmsurf  =   0.01573
     CDsurf  =   0.01212     Cnsurf  =  -0.00697
     CDisurf =   0.01212     CDvsurf =   0.00000

 Forces referred to Ssurf, Cave 
     CLsurf  =   0.44685     CDsurf  =   0.02181

 Strip Forces referred to Strip Area, Chord
    j     Xle      Yle      Zle      Chord    Area     c_cl     ai     cl_norm    cl       cd       cdv    cm_c/4     cm_LE   C.P.x/c
     1   0.0002   0.0005   0.0000   0.2286   0.0005   0.1218   0.0698   0.5522   0.5074   0.2280   0.0000  -0.0103  -0.1375    0.270
     2   0.0015   0.0049   0.0000   0.2286   0.0015   0.1218   0.0696   0.5783   0.5313   0.0477   0.0000  -0.0092  -0.1365    0.267
     3   0.0041   0.0135   0.0000   0.2286   0.0024   0.1219   0.0708   0.5799   0.5329   0.0374   0.0000  -0.0063  -0.1337    0.262
     4   0.0079   0.0262   0.0000   0.2286   0.0033   0.1220   0.0731   0.5809   0.5337   0.0336   0.0000  -0.0024  -0.1300    0.254
     5   0.0128   0.0426   0.0000   0.2286   0.0041   0.1220   0.0760   0.5815   0.5343   0.0304   0.0000   0.0015  -0.1264    0.247
     6   0.0187   0.0623   0.0000   0.2286   0.0048   0.1218   0.0791   0.5811   0.5340   0.0278   0.0000   0.0050  -0.1229    0.241
     7   0.0255   0.0849   0.0000   0.2286   0.0054   0.1213   0.0825   0.5790   0.5320   0.0257   0.0000   0.0079  -0.1195    0.235
     8   0.0329   0.1098   0.0000   0.2286   0.0059   0.1202   0.0861   0.5740   0.5274   0.0239   0.0000   0.0105  -0.1158    0.230
     9   0.0409   0.1363   0.0000   0.2286   0.0062   0.1183   0.0900   0.5651   0.5192   0.0225   0.0000   0.0129  -0.1116    0.225
    10   0.0492   0.1638   0.0000   0.2286   0.0064   0.1154   0.0942   0.5514   0.5067   0.0211   0.0000   0.0154  -0.1062    0.220
    11   0.0575   0.1918   0.0000   0.2286   0.0064   0.1113   0.0986   0.5318   0.4887   0.0198   0.0000   0.0179  -0.0995    0.213
    12   0.0658   0.2193   0.0000   0.2286   0.0062   0.1058   0.1031   0.5054   0.4644   0.0184   0.0000   0.0206  -0.0911    0.206
    13   0.0738   0.2458   0.0000   0.2286   0.0059   0.0987   0.1075   0.4714   0.4331   0.0168   0.0000   0.0234  -0.0809    0.196
    14   0.0812   0.2707   0.0000   0.2286   0.0054   0.0898   0.1112   0.4291   0.3943   0.0150   0.0000   0.0260  -0.0692    0.184
    15   0.0880   0.2933   0.0000   0.2286   0.0048   0.0792   0.1137   0.3785   0.3478   0.0129   0.0000   0.0280  -0.0562    0.170
    16   0.0939   0.3130   0.0000   0.2286   0.0041   0.0670   0.1145   0.3202   0.2942   0.0105   0.0000   0.0285  -0.0428    0.153
    17   0.0988   0.3294   0.0000   0.2286   0.0033   0.0534   0.1133   0.2551   0.2344   0.0079   0.0000   0.0270  -0.0300    0.135
    18   0.1026   0.3421   0.0000   0.2286   0.0024   0.0387   0.1101   0.1851   0.1700   0.0052   0.0000   0.0226  -0.0189    0.117
    19   0.1052   0.3507   0.0000   0.2286   0.0015   0.0234   0.1057   0.1120   0.1029   0.0022   0.0000   0.0152  -0.0100    0.102
    20   0.1065   0.3551   0.0000   0.2286   0.0005   0.0078   0.1027   0.0376   0.0346  -0.0005   0.0000   0.0054  -0.0031    0.095

  Surface # 2     Wing (YDUP)                             
     # Chordwise = 10   # Spanwise = 20     First strip = 21
     Surface area Ssurf =    0.081290     Ave. chord Cave =    0.228600

 Forces referred to Sref, Cref, Bref about Xref, Yref, Zref
 Standard axis orientation,  X fwd, Z down         
     CLsurf  =   0.24829     Clsurf  =   0.05410
     CYsurf  =  -0.00621     Cmsurf  =   0.01573
     CDsurf  =   0.01212     Cnsurf  =   0.00697
     CDisurf =   0.01212     CDvsurf =   0.00000

 Forces referred to Ssurf, Cave 
     CLsurf  =   0.44685     CDsurf  =   0.02181

 Strip Forces referred to Strip Area, Chord
    j     Xle      Yle      Zle      Chord    Area     c_cl     ai     cl_norm    cl       cd       cdv    cm_c/4     cm_LE   C.P.x/c
    21   0.0002  -0.0005   0.0000   0.2286   0.0005   0.1218   0.0698   0.5522   0.5074   0.2280   0.0000  -0.0103   0.1375    0.270
    22   0.0015  -0.0049   0.0000   0.2286   0.0015   0.1218   0.0696   0.5783   0.5313   0.0477   0.0000  -0.0092   0.1365    0.267
    23   0.0041  -0.0135   0.0000   0.2286   0.0024   0.1219   0.0708   0.5799   0.5329   0.0374   0.0000  -0.0063   0.1337    0.262
    24   0.0079  -0.0262   0.0000   0.2286   0.0033   0.1220   0.0731   0.5809   0.5337   0.0336   0.0000  -0.0024   0.1300    0.254
    25   0.0128  -0.0426   0.0000   0.2286   0.0041   0.1220   0.0760   0.5815   0.5343   0.0304   0.0000   0.0015   0.1264    0.247
    26   0.0187  -0.0623   0.0000   0.2286   0.0048   0.1218   0.0791   0.5811   0.5340   0.0278   0.0000   0.0050   0.1229    0.241
    27   0.0255  -0.0849   0.0000   0.2286   0.0054   0.1213   0.0825   0.5790   0.5320   0.0257   0.0000   0.0079   0.1195    0.235
    28   0.0329  -0.1098   0.0000   0.2286   0.0059   0.1202   0.0861   0.5740   0.5274   0.0239   0.0000   0.0105   0.1158    0.230
    29   0.0409  -0.1363   0.0000   0.2286   0.0062   0.1183   0.0900   0.5651   0.5192   0.0225   0.0000   0.0129   0.1116    0.225
    30   0.0492  -0.1638   0.0000   0.2286   0.0064   0.1154   0.0942   0.5514   0.5067   0.0211   0.0000   0.0154   0.1062    0.220
    31   0.0575  -0.1918   0.0000   0.2286   0.0064   0.1113   0.0986   0.5318   0.4887   0.0198   0.0000   0.0179   0.0995    0.213
    32   0.0658  -0.2193   0.0000   0.2286   0.0062   0.1058   0.1031   0.5054   0.4644   0.0184   0.0000   0.0206   0.0911    0.206
    33   0.0738  -0.2458   0.0000   0.2286   0.0059   0.0987   0.1075   0.4714   0.4331   0.0168   0.0000   0.0234   0.0809    0.196
    34   0.0812  -0.2707   0.0000   0.2286   0.0054   0.0898   0.1112   0.4291   0.3943   0.0150   0.0000   0.0260   0.0692    0.184
    35   0.0880  -0.2933   0.0000   0.2286   0.0048   0.0792   0.1137   0.3785   0.3478   0.0129   0.0000   0.0280   0.0562    0.170
    36   0.0939  -0.3130   0.0000   0.2286   0.0041   0.0670   0.1145   0.3202   0.2942   0.0105   0.0000   0.0285   0.0428    0.153
    37   0.0988  -0.3294   0.0000   0.2286   0.0033   0.0534   0.1133   0.2551   0.2344   0.0079   0.0000   0.0270   0.0300    0.135
    38   0.1026  -0.3421   0.0000   0.2286   0.0024   0.0387   0.1101   0.1851   0.1700   0.0052   0.0000   0.0226   0.0189    0.117
    39   0.1052  -0.3507   0.0000   0.2286   0.0015   0.0234   0.1057   0.1120   0.1029   0.0022   0.0000   0.0152   0.0100    0.102
    40   0.1065  -0.3551   0.0000   0.2286   0.0005   0.0078   0.1027   0.0376   0.0346  -0.0005   0.0000   0.0054   0.0031    0.095
 ---------------------------------------------------------------
