 ---------------------------------------------------------------
 Surface and Strip Forces by surface

  Sref = 0.11150       Cref = 0.15750       Bref = 0.81280    
  Xref = 0.10920       Yref =  0.0000       Zref =  0.0000    

  Surface # 1     Wing                                    
     # Chordwise = 10   # Spanwise = 20     First strip =  1
     Surface area Ssurf =    0.092903     Ave. chord Cave =    0.228600

 Forces referred to Sref, Cref, Bref about Xref, Yref, Zref
 Standard axis orientation,  X fwd, Z down         
     CLsurf  =   0.32578     Clsurf  =  -0.07177
     CYsurf  =   0.00860     Cmsurf  =  -0.01908
     CDsurf  =   0.01234     Cnsurf  =  -0.00818
     CDisurf =   0.01234     CDvsurf =   0.00000

 Forces referred to Ssurf, Cave 
     CLsurf  =   0.39099     CDsurf  =   0.01481

 Strip Forces referred to Strip Area, Chord
    j     Xle      Yle      Zle      Chord    Area     c_cl     ai     cl_norm    cl       cd       cdv    cm_c/4     cm_LE   C.P.x/c
     1   0.0002   0.0006   0.0000   0.2286   0.0006   0.1040   0.0462   0.5011   0.4385   0.1794   0.0000  -0.0155  -0.1208    0.285
     2   0.0021   0.0056   0.0000   0.2286   0.0017   0.1040   0.0458   0.5188   0.4540   0.0355   0.0000  -0.0141  -0.1195    0.281
     3   0.0059   0.0155   0.0000   0.2286   0.0028   0.1041   0.0475   0.5202   0.4552   0.0278   0.0000  -0.0104  -0.1162    0.273
     4   0.0114   0.0299   0.0000   0.2286   0.0038   0.1044   0.0504   0.5217   0.4565   0.0246   0.0000  -0.0058  -0.1121    0.263
     5   0.0185   0.0487   0.0000   0.2286   0.0047   0.1046   0.0538   0.5234   0.4580   0.0217   0.0000  -0.0015  -0.1083    0.253
     6   0.0271   0.0712   0.0000   0.2286   0.0055   0.1048   0.0573   0.5248   0.4592   0.0194   0.0000   0.0022  -0.1051    0.245
     7   0.0369   0.0970   0.0000   0.2286   0.0062   0.1048   0.0608   0.5247   0.4591   0.0176   0.0000   0.0051  -0.1024    0.239
     8   0.0477   0.1254   0.0000   0.2286   0.0067   0.1043   0.0644   0.5224   0.4571   0.0161   0.0000   0.0075  -0.0996    0.234
     9   0.0593   0.1558   0.0000   0.2286   0.0071   0.1031   0.0682   0.5167   0.4521   0.0150   0.0000   0.0096  -0.0964    0.229
    10   0.0712   0.1873   0.0000   0.2286   0.0073   0.1011   0.0724   0.5068   0.4434   0.0140   0.0000   0.0118  -0.0924    0.223
    11   0.0834   0.2191   0.0000   0.2286   0.0073   0.0981   0.0769   0.4915   0.4300   0.0130   0.0000   0.0141  -0.0871    0.217
    12   0.0953   0.2506   0.0000   0.2286   0.0071   0.0937   0.0816   0.4697   0.4110   0.0120   0.0000   0.0166  -0.0802    0.210
    13   0.1069   0.2810   0.0000   0.2286   0.0067   0.0879   0.0862   0.4406   0.3855   0.0108   0.0000   0.0195  -0.0716    0.199
    14   0.1177   0.3094   0.0000   0.2286   0.0062   0.0804   0.0903   0.4031   0.3527   0.0094   0.0000   0.0225  -0.0612    0.186
    15   0.1275   0.3352   0.0000   0.2286   0.0055   0.0712   0.0931   0.3571   0.3125   0.0078   0.0000   0.0250  -0.0494    0.170
    16   0.1361   0.3577   0.0000   0.2286   0.0047   0.0604   0.0940   0.3029   0.2650   0.0061   0.0000   0.0265  -0.0370    0.150
    17   0.1432   0.3765   0.0000   0.2286   0.0038   0.0482   0.0927   0.2416   0.2114   0.0042   0.0000   0.0258  -0.0251    0.128
    18   0.1487   0.3909   0.0000   0.2286   0.0028   0.0349   0.0890   0.1752   0.1533   0.0024   0.0000   0.0222  -0.0150    0.105
    19   0.1525   0.4008   0.0000   0.2286   0.0017   0.0211   0.0837   0.1058   0.0926   0.0005   0.0000   0.0152  -0.0074    0.086
    20   0.1544   0.4058   0.0000   0.2286   0.0006   0.0070   0.0801   0.0355   0.0310  -0.0011   0.0000   0.0054  -0.0021    0.076

  Surface # 2     Wing (YDUP)                             
     # Chordwise = 10   # Spanwise = 20     First strip = 21
     Surface area Ssurf =    0.092903     Ave. chord Cave =    0.228600

 Forces referred to Sref, Cref, Bref about Xref, Yref, Zref
 Standard axis orientation,  X fwd, Z down         
     CLsurf  =   0.32578     Clsurf  =   0.07177
     CYsurf  =  -0.00860     Cmsurf  =  -0.01908
     CDsurf  =   0.01234     Cnsurf  =   0.00818
     CDisurf =   0.01234     CDvsurf =   0.00000

 Forces referred to Ssurf, Cave 
     CLsurf  =   0.39099     CDsurf  =   0.01481

 Strip Forces referred to Strip Area, Chord
    j     Xle      Yle      Zle      Chord    Area     c_cl     ai     cl_norm    cl       cd       cdv    cm_c/4     cm_LE   C.P.x/c
    21   0.0002  -0.0006   0.0000   0.2286   0.0006   0.1040   0.0462   0.5011   0.4385   0.1794   0.0000  -0.0155   0.1208    0.285
    22   0.0021  -0.0056   0.0000   0.2286   0.0017   0.1040   0.0458   0.5188   0.4540   0.0355   0.0000  -0.0141   0.1195    0.281
    23   0.0059  -0.0155   0.0000   0.2286   0.0028   0.1041   0.0475   0.5202   0.4552   0.0278   0.0000  -0.0104   0.1162    0.273
    24   0.0114  -0.0299   0.0000   0.2286   0.0038   0.1044   0.0504   0.5217   0.4565   0.0246   0.0000  -0.0058   0.1121    0.263
    25   0.0185  -0.0487   0.0000   0.2286   0.0047   0.1046   0.0538   0.5234   0.4580   0.0217   0.0000  -0.0015   0.1083    0.253
    26   0.0271  -0.0712   0.0000   0.2286   0.0055   0.1048   0.0573   0.5248   0.4592   0.0194   0.0000   0.0022   0.1051    0.245
    27   0.0369  -0.0970   0.0000   0.2286   0.0062   0.1048   0.0608   0.5247   0.4591   0.0176   0.0000   0.0051   0.1024    0.239
    28   0.0477  -0.1254   0.0000   0.2286   0.0067   0.1043   0.0644   0.5224   0.4571   0.0161   0.0000   0.0075   0.0996    0.234
    29   0.0593  -0.1558   0.0000   0.2286   0.0071   0.1031   0.0682   0.5167   0.4521   0.0150   0.0000   0.0096   0.0964    0.229
    30   0.0712  -0.1873   0.0000   0.2286   0.0073   0.1011   0.0724   0.5068   0.4434   0.0140   0.0000   0.0118   0.0924    0.223
    31   0.0834  -0.2191   0.0000   0.2286   0.0073   0.0981   0.0769   0.4915   0.4300   0.0130   0.0000   0.0141   0.0871    0.217
    32   0.0953  -0.2506   0.0000   0.2286   0.0071   0.0937   0.0816   0.4697   0.4110   0.0120   0.0000   0.0166   0.0802    0.210
    33   0.1069  -0.2810   0.0000   0.2286   0.0067   0.0879   0.0862   0.4406   0.3855   0.0108   0.0000   0.0195   0.0716    0.199
    34   0.1177  -0.3094   0.0000   0.2286   0.0062   0.0804   0.0903   0.4031   0.3527   0.0094   0.0000   0.0225   0.0612    0.186
    35   0.1275  -0.3352   0.0000   0.2286   0.0055   0.0712   0.0931   0.3571   0.3125   0.0078   0.0000   0.0250   0.0494    0.170
    36   0.1361  -0.3577   0.0000   0.2286   0.0047   0.0604   0.0940   0.3029   0.2650   0.0061   0.0000   0.0265   0.0370    0.150
    37   0.1432  -0.3765   0.0000   0.2286   0.0038   0.0482   0.0927   0.2416   0.2114   0.0042   0.0000   0.0258   0.0251    0.128
    38   0.1487  -0.3909   0.0000   0.2286   0.0028   0.0349   0.0890   0.1752   0.1533   0.0024   0.0000   0.0222   0.0150    0.105
    39   0.1525  -0.4008   0.0000   0.2286   0.0017   0.0211   0.0837   0.1058   0.0926   0.0005   0.0000   0.0152   0.0074    0.086
    40   0.1544  -0.4058   0.0000   0.2286   0.0006   0.0070   0.0801   0.0355   0.0310  -0.0011   0.0000   0.0054   0.0021    0.076
 ---------------------------------------------------------------
