 ---------------------------------------------------------------
 Surface and Strip Forces by surface

  Sref = 0.14860       Cref = 0.18360       Bref = 0.81280    
  Xref = 0.10920       Yref =  0.0000       Zref =  0.0000    

  Surface # 1     Wing                                    
     # Chordwise = 10   # Spanwise = 20     First strip =  1
     Surface area Ssurf =    0.082580     Ave. chord Cave =    0.203200

 Forces referred to Sref, Cref, Bref about Xref, Yref, Zref
 Standard axis orientation,  X fwd, Z down         
     CLsurf  =   0.24444     Clsurf  =  -0.05360
     CYsurf  =   0.00374     Cmsurf  =   0.03749
     CDsurf  =   0.00899     Cnsurf  =  -0.00502
     CDisurf =   0.00899     CDvsurf =   0.00000

 Forces referred to Ssurf, Cave 
     CLsurf  =   0.43987     CDsurf  =   0.01618

 Strip Forces referred to Strip Area, Chord
    j     Xle      Yle      Zle      Chord    Area     c_cl     ai     cl_norm    cl       cd       cdv    cm_c/4     cm_LE   C.P.x/c
     1   0.0001   0.0006   0.0000   0.2032   0.0005   0.1056   0.0519   0.5297   0.5093   0.1211   0.0000  -0.0059  -0.1332    0.262
     2   0.0011   0.0056   0.0000   0.2032   0.0015   0.1056   0.0516   0.5403   0.5195   0.0306   0.0000  -0.0049  -0.1322    0.260
     3   0.0031   0.0155   0.0000   0.2032   0.0025   0.1056   0.0526   0.5411   0.5203   0.0252   0.0000  -0.0024  -0.1298    0.255
     4   0.0060   0.0299   0.0000   0.2032   0.0034   0.1057   0.0543   0.5418   0.5210   0.0226   0.0000   0.0005  -0.1270    0.249
     5   0.0098   0.0487   0.0000   0.2032   0.0042   0.1058   0.0565   0.5424   0.5215   0.0206   0.0000   0.0033  -0.1243    0.244
     6   0.0143   0.0712   0.0000   0.2032   0.0049   0.1057   0.0589   0.5420   0.5212   0.0190   0.0000   0.0056  -0.1220    0.239
     7   0.0195   0.0970   0.0000   0.2032   0.0055   0.1053   0.0614   0.5401   0.5194   0.0179   0.0000   0.0074  -0.1197    0.236
     8   0.0252   0.1254   0.0000   0.2032   0.0060   0.1044   0.0642   0.5358   0.5152   0.0171   0.0000   0.0089  -0.1172    0.233
     9   0.0314   0.1558   0.0000   0.2032   0.0063   0.1029   0.0672   0.5282   0.5079   0.0164   0.0000   0.0104  -0.1140    0.230
    10   0.0377   0.1873   0.0000   0.2032   0.0065   0.1006   0.0707   0.5165   0.4966   0.0159   0.0000   0.0118  -0.1098    0.226
    11   0.0441   0.2191   0.0000   0.2032   0.0065   0.0973   0.0747   0.4996   0.4804   0.0154   0.0000   0.0135  -0.1041    0.222
    12   0.0504   0.2506   0.0000   0.2032   0.0063   0.0929   0.0791   0.4766   0.4583   0.0149   0.0000   0.0155  -0.0968    0.216
    13   0.0566   0.2810   0.0000   0.2032   0.0060   0.0870   0.0837   0.4466   0.4295   0.0142   0.0000   0.0178  -0.0875    0.209
    14   0.0623   0.3094   0.0000   0.2032   0.0055   0.0797   0.0881   0.4088   0.3931   0.0132   0.0000   0.0202  -0.0763    0.199
    15   0.0675   0.3352   0.0000   0.2032   0.0049   0.0707   0.0917   0.3626   0.3487   0.0119   0.0000   0.0224  -0.0633    0.186
    16   0.0720   0.3577   0.0000   0.2032   0.0042   0.0601   0.0939   0.3082   0.2964   0.0103   0.0000   0.0238  -0.0492    0.170
    17   0.0758   0.3765   0.0000   0.2032   0.0034   0.0480   0.0938   0.2465   0.2370   0.0083   0.0000   0.0234  -0.0350    0.151
    18   0.0787   0.3909   0.0000   0.2032   0.0025   0.0349   0.0913   0.1791   0.1722   0.0059   0.0000   0.0203  -0.0222    0.132
    19   0.0807   0.4008   0.0000   0.2032   0.0015   0.0211   0.0868   0.1084   0.1042   0.0031   0.0000   0.0141  -0.0117    0.115
    20   0.0817   0.4058   0.0000   0.2032   0.0005   0.0071   0.0830   0.0363   0.0349   0.0003   0.0000   0.0051  -0.0035    0.105

  Surface # 2     Wing (YDUP)                             
     # Chordwise = 10   # Spanwise = 20     First strip = 21
     Surface area Ssurf =    0.082580     Ave. chord Cave =    0.203200

 Forces referred to Sref, Cref, Bref about Xref, Yref, Zref
 Standard axis orientation,  X fwd, Z down         
     CLsurf  =   0.24444     Clsurf  =   0.05360
     CYsurf  =  -0.00374     Cmsurf  =   0.03749
     CDsurf  =   0.00899     Cnsurf  =   0.00502
     CDisurf =   0.00899     CDvsurf =   0.00000

 Forces referred to Ssurf, Cave 
     CLsurf  =   0.43987     CDsurf  =   0.01618

 Strip Forces referred to Strip Area, Chord
    j     Xle      Yle      Zle      Chord    Area     c_cl     ai     cl_norm    cl       cd       cdv    cm_c/4     cm_LE   C.P.x/c
    21   0.0001  -0.0006   0.0000   0.2032   0.0005   0.1056   0.0519   0.5297   0.5093   0.1211   0.0000  -0.0059   0.1332    0.262
    22   0.0011  -0.0056   0.0000   0.2032   0.0015   0.1056   0.0516   0.5403   0.5195   0.0306   0.0000  -0.0049   0.1322    0.260
    23   0.0031  -0.0155   0.0000   0.2032   0.0025   0.1056   0.0526   0.5411   0.5203   0.0252   0.0000  -0.0024   0.1298    0.255
    24   0.0060  -0.0299   0.0000   0.2032   0.0034   0.1057   0.0543   0.5418   0.5210   0.0226   0.0000   0.0005   0.1270    0.249
    25   0.0098  -0.0487   0.0000   0.2032   0.0042   0.1058   0.0565   0.5424   0.5215   0.0206   0.0000   0.0033   0.1243    0.244
    26   0.0143  -0.0712   0.0000   0.2032   0.0049   0.1057   0.0589   0.5420   0.5212   0.0190   0.0000   0.0056   0.1220    0.239
    27   0.0195  -0.0970   0.0000   0.2032   0.0055   0.1053   0.0614   0.5401   0.5194   0.0179   0.0000   0.0074   0.1197    0.236
    28   0.0252  -0.1254   0.0000   0.2032   0.0060   0.1044   0.0642   0.5358   0.5152   0.0171   0.0000   0.0089   0.1172    0.233
    29   0.0314  -0.1558   0.0000   0.2032   0.0063   0.1029   0.0672   0.5282   0.5079   0.0164   0.0000   0.0104   0.1140    0.230
    30   0.0377  -0.1873   0.0000   0.2032   0.0065   0.1006   0.0707   0.5165   0.4966   0.0159   0.0000   0.0118   0.1098    0.226
    31   0.0441  -0.2191   0.0000   0.2032   0.0065   0.0973   0.0747   0.4996   0.4804   0.0154   0.0000   0.0135   0.1041    0.222
    32   0.0504  -0.2506   0.0000   0.2032   0.0063   0.0929   0.0791   0.4766   0.4583   0.0149   0.0000   0.0155   0.0968    0.216
    33   0.0566  -0.2810   0.0000   0.2032   0.0060   0.0870   0.0837   0.4466   0.4295   0.0142   0.0000   0.0178   0.0875    0.209
    34   0.0623  -0.3094   0.0000   0.2032   0.0055   0.0797   0.0881   0.4088   0.3931   0.0132   0.0000   0.0202   0.0763    0.199
    35   0.0675  -0.3352   0.0000   0.2032   0.0049   0.0707   0.0917   0.3626   0.3487   0.0119   0.0000   0.0224   0.0633    0.186
    36   0.0720  -0.3577   0.0000   0.2032   0.0042   0.0601   0.0939   0.3082   0.2964   0.0103   0.0000   0.0238   0.0492    0.170
    37   0.0758  -0.3765   0.0000   0.2032   0.0034   0.0480   0.0938   0.2465   0.2370   0.0083   0.0000   0.0234   0.0350    0.151
    38   0.0787  -0.3909   0.0000   0.2032   0.0025   0.0349   0.0913   0.1791   0.1722   0.0059   0.0000   0.0203   0.0222    0.132
    39   0.0807  -0.4008   0.0000   0.2032   0.0015   0.0211   0.0868   0.1084   0.1042   0.0031   0.0000   0.0141   0.0117    0.115
    40   0.0817  -0.4058   0.0000   0.2032   0.0005   0.0071   0.0830   0.0363   0.0349   0.0003   0.0000   0.0051   0.0035    0.105
 ---------------------------------------------------------------
