 ---------------------------------------------------------------
 Surface and Strip Forces by surface

  Sref = 0.24770       Cref = 0.30480       Bref = 0.81280    
  Xref = 0.10920       Yref =  0.0000       Zref =  0.0000    

  Surface # 1     Wing                                    
     # Chordwise = 10   # Spanwise = 20     First strip =  1
     Surface area Ssurf =    0.123871     Ave. chord Cave =    0.304800

 Forces referred to Sref, Cref, Bref about Xref, Yref, Zref
 Standard axis orientation,  X fwd, Z down         
     CLsurf  =   0.14665     Clsurf  =  -0.03147
     CYsurf  =   0.00069     Cmsurf  =   0.01518
     CDsurf  =   0.00526     Cnsurf  =  -0.00199
     CDisurf =   0.00526     CDvsurf =   0.00000

 Forces referred to Ssurf, Cave 
     CLsurf  =   0.29324     CDsurf  =   0.01052

 Strip Forces referred to Strip Area, Chord
    j     Xle      Yle      Zle      Chord    Area     c_cl     ai     cl_norm    cl       cd       cdv    cm_c/4     cm_LE   C.P.x/c
     1   0.0001   0.0006   0.0000   0.3048   0.0008   0.1109   0.0650   0.3634   0.3607   0.0503   0.0000   0.0067  -0.0839    0.231
     2   0.0005   0.0056   0.0000   0.3048   0.0023   0.1109   0.0644   0.3665   0.3637   0.0161   0.0000   0.0069  -0.0837    0.231
     3   0.0014   0.0155   0.0000   0.3048   0.0037   0.1108   0.0641   0.3665   0.3637   0.0141   0.0000   0.0075  -0.0831    0.229
     4   0.0026   0.0299   0.0000   0.3048   0.0051   0.1106   0.0643   0.3660   0.3633   0.0134   0.0000   0.0083  -0.0822    0.227
     5   0.0043   0.0487   0.0000   0.3048   0.0063   0.1103   0.0648   0.3649   0.3622   0.0129   0.0000   0.0092  -0.0810    0.225
     6   0.0062   0.0712   0.0000   0.3048   0.0074   0.1096   0.0655   0.3628   0.3601   0.0125   0.0000   0.0100  -0.0796    0.222
     7   0.0085   0.0970   0.0000   0.3048   0.0083   0.1085   0.0665   0.3592   0.3565   0.0121   0.0000   0.0109  -0.0779    0.220
     8   0.0110   0.1254   0.0000   0.3048   0.0090   0.1069   0.0677   0.3536   0.3509   0.0118   0.0000   0.0117  -0.0756    0.217
     9   0.0136   0.1558   0.0000   0.3048   0.0095   0.1044   0.0691   0.3455   0.3429   0.0115   0.0000   0.0126  -0.0728    0.213
    10   0.0164   0.1873   0.0000   0.3048   0.0097   0.1010   0.0708   0.3344   0.3318   0.0111   0.0000   0.0135  -0.0691    0.209
    11   0.0192   0.2191   0.0000   0.3048   0.0097   0.0966   0.0726   0.3198   0.3174   0.0108   0.0000   0.0146  -0.0644    0.204
    12   0.0220   0.2506   0.0000   0.3048   0.0095   0.0911   0.0745   0.3013   0.2990   0.0103   0.0000   0.0157  -0.0588    0.198
    13   0.0246   0.2810   0.0000   0.3048   0.0090   0.0842   0.0762   0.2787   0.2766   0.0097   0.0000   0.0167  -0.0522    0.190
    14   0.0271   0.3094   0.0000   0.3048   0.0083   0.0761   0.0775   0.2516   0.2497   0.0089   0.0000   0.0176  -0.0446    0.180
    15   0.0294   0.3352   0.0000   0.3048   0.0074   0.0666   0.0780   0.2204   0.2187   0.0080   0.0000   0.0180  -0.0365    0.168
    16   0.0313   0.3577   0.0000   0.3048   0.0063   0.0560   0.0775   0.1851   0.1837   0.0068   0.0000   0.0177  -0.0281    0.154
    17   0.0330   0.3765   0.0000   0.3048   0.0051   0.0443   0.0756   0.1467   0.1456   0.0054   0.0000   0.0162  -0.0200    0.138
    18   0.0342   0.3909   0.0000   0.3048   0.0037   0.0320   0.0724   0.1059   0.1051   0.0038   0.0000   0.0133  -0.0129    0.123
    19   0.0351   0.4008   0.0000   0.3048   0.0023   0.0193   0.0683   0.0638   0.0633   0.0021   0.0000   0.0088  -0.0069    0.110
    20   0.0355   0.4058   0.0000   0.3048   0.0008   0.0064   0.0656   0.0213   0.0211   0.0004   0.0000   0.0031  -0.0022    0.103

  Surface # 2     Wing (YDUP)                             
     # Chordwise = 10   # Spanwise = 20     First strip = 21
     Surface area Ssurf =    0.123871     Ave. chord Cave =    0.304800

 Forces referred to Sref, Cref, Bref about Xref, Yref, Zref
 Standard axis orientation,  X fwd, Z down         
     CLsurf  =   0.14665     Clsurf  =   0.03147
     CYsurf  =  -0.00069     Cmsurf  =   0.01518
     CDsurf  =   0.00526     Cnsurf  =   0.00199
     CDisurf =   0.00526     CDvsurf =   0.00000

 Forces referred to Ssurf, Cave 
     CLsurf  =   0.29324     CDsurf  =   0.01052

 Strip Forces referred to Strip Area, Chord
    j     Xle      Yle      Zle      Chord    Area     c_cl     ai     cl_norm    cl       cd       cdv    cm_c/4     cm_LE   C.P.x/c
    21   0.0001  -0.0006   0.0000   0.3048   0.0008   0.1109   0.0650   0.3634   0.3607   0.0503   0.0000   0.0067   0.0839    0.231
    22   0.0005  -0.0056   0.0000   0.3048   0.0023   0.1109   0.0644   0.3665   0.3637   0.0161   0.0000   0.0069   0.0837    0.231
    23   0.0014  -0.0155   0.0000   0.3048   0.0037   0.1108   0.0641   0.3665   0.3637   0.0141   0.0000   0.0075   0.0831    0.229
    24   0.0026  -0.0299   0.0000   0.3048   0.0051   0.1106   0.0643   0.3660   0.3633   0.0134   0.0000   0.0083   0.0822    0.227
    25   0.0043  -0.0487   0.0000   0.3048   0.0063   0.1103   0.0648   0.3649   0.3622   0.0129   0.0000   0.0092   0.0810    0.225
    26   0.0062  -0.0712   0.0000   0.3048   0.0074   0.1096   0.0655   0.3628   0.3601   0.0125   0.0000   0.0100   0.0796    0.222
    27   0.0085  -0.0970   0.0000   0.3048   0.0083   0.1085   0.0665   0.3592   0.3565   0.0121   0.0000   0.0109   0.0779    0.220
    28   0.0110  -0.1254   0.0000   0.3048   0.0090   0.1069   0.0677   0.3536   0.3509   0.0118   0.0000   0.0117   0.0756    0.217
    29   0.0136  -0.1558   0.0000   0.3048   0.0095   0.1044   0.0691   0.3455   0.3429   0.0115   0.0000   0.0126   0.0728    0.213
    30   0.0164  -0.1873   0.0000   0.3048   0.0097   0.1010   0.0708   0.3344   0.3318   0.0111   0.0000   0.0135   0.0691    0.209
    31   0.0192  -0.2191   0.0000   0.3048   0.0097   0.0966   0.0726   0.3198   0.3174   0.0108   0.0000   0.0146   0.0644    0.204
    32   0.0220  -0.2506   0.0000   0.3048   0.0095   0.0911   0.0745   0.3013   0.2990   0.0103   0.0000   0.0157   0.0588    0.198
    33   0.0246  -0.2810   0.0000   0.3048   0.0090   0.0842   0.0762   0.2787   0.2766   0.0097   0.0000   0.0167   0.0522    0.190
    34   0.0271  -0.3094   0.0000   0.3048   0.0083   0.0761   0.0775   0.2516   0.2497   0.0089   0.0000   0.0176   0.0446    0.180
    35   0.0294  -0.3352   0.0000   0.3048   0.0074   0.0666   0.0780   0.2204   0.2187   0.0080   0.0000   0.0180   0.0365    0.168
    36   0.0313  -0.3577   0.0000   0.3048   0.0063   0.0560   0.0775   0.1851   0.1837   0.0068   0.0000   0.0177   0.0281    0.154
    37   0.0330  -0.3765   0.0000   0.3048   0.0051   0.0443   0.0756   0.1467   0.1456   0.0054   0.0000   0.0162   0.0200    0.138
    38   0.0342  -0.3909   0.0000   0.3048   0.0037   0.0320   0.0724   0.1059   0.1051   0.0038   0.0000   0.0133   0.0129    0.123
    39   0.0351  -0.4008   0.0000   0.3048   0.0023   0.0193   0.0683   0.0638   0.0633   0.0021   0.0000   0.0088   0.0069    0.110
    40   0.0355  -0.4058   0.0000   0.3048   0.0008   0.0064   0.0656   0.0213   0.0211   0.0004   0.0000   0.0031   0.0022    0.103
 ---------------------------------------------------------------
