 ---------------------------------------------------------------
 Surface and Strip Forces by surface

  Sref = 0.11150       Cref = 0.15750       Bref = 0.81280    
  Xref = 0.10920       Yref =  0.0000       Zref =  0.0000    

  Surface # 1     Wing                                    
     # Chordwise = 10   # Spanwise = 20     First strip =  1
     Surface area Ssurf =    0.092903     Ave. chord Cave =    0.228600

 Forces referred to Sref, Cref, Bref about Xref, Yref, Zref
 Standard axis orientation,  X fwd, Z down         
     CLsurf  =   0.32578     Clsurf  =  -0.07140
     CYsurf  =   0.00646     Cmsurf  =   0.01597
     CDsurf  =   0.01216     Cnsurf  =  -0.00712
     CDisurf =   0.01216     CDvsurf =   0.00000

 Forces referred to Ssurf, Cave 
     CLsurf  =   0.39099     CDsurf  =   0.01460

 Strip Forces referred to Strip Area, Chord
    j     Xle      Yle      Zle      Chord    Area     c_cl     ai     cl_norm    cl       cd       cdv    cm_c/4     cm_LE   C.P.x/c
     1   0.0002   0.0006   0.0000   0.2286   0.0006   0.1055   0.0512   0.4855   0.4486   0.1481   0.0000  -0.0097  -0.1202    0.272
     2   0.0016   0.0056   0.0000   0.2286   0.0017   0.1055   0.0505   0.4989   0.4609   0.0317   0.0000  -0.0087  -0.1192    0.269
     3   0.0045   0.0155   0.0000   0.2286   0.0028   0.1056   0.0515   0.4999   0.4618   0.0252   0.0000  -0.0058  -0.1165    0.262
     4   0.0087   0.0299   0.0000   0.2286   0.0038   0.1057   0.0536   0.5007   0.4626   0.0225   0.0000  -0.0022  -0.1131    0.255
     5   0.0141   0.0487   0.0000   0.2286   0.0047   0.1058   0.0561   0.5015   0.4633   0.0202   0.0000   0.0013  -0.1100    0.247
     6   0.0206   0.0712   0.0000   0.2286   0.0055   0.1058   0.0589   0.5016   0.4634   0.0183   0.0000   0.0042  -0.1071    0.241
     7   0.0280   0.0970   0.0000   0.2286   0.0062   0.1055   0.0618   0.5004   0.4622   0.0169   0.0000   0.0065  -0.1045    0.236
     8   0.0362   0.1254   0.0000   0.2286   0.0067   0.1047   0.0648   0.4968   0.4590   0.0158   0.0000   0.0086  -0.1018    0.231
     9   0.0450   0.1558   0.0000   0.2286   0.0071   0.1033   0.0681   0.4901   0.4527   0.0149   0.0000   0.0104  -0.0985    0.227
    10   0.0541   0.1873   0.0000   0.2286   0.0073   0.1010   0.0717   0.4793   0.4428   0.0141   0.0000   0.0122  -0.0944    0.222
    11   0.0633   0.2191   0.0000   0.2286   0.0073   0.0977   0.0757   0.4635   0.4282   0.0133   0.0000   0.0142  -0.0890    0.217
    12   0.0724   0.2506   0.0000   0.2286   0.0071   0.0931   0.0799   0.4419   0.4082   0.0125   0.0000   0.0165  -0.0820    0.210
    13   0.0812   0.2810   0.0000   0.2286   0.0067   0.0871   0.0840   0.4134   0.3820   0.0115   0.0000   0.0189  -0.0733    0.200
    14   0.0894   0.3094   0.0000   0.2286   0.0062   0.0795   0.0877   0.3776   0.3488   0.0104   0.0000   0.0214  -0.0630    0.189
    15   0.0968   0.3352   0.0000   0.2286   0.0055   0.0704   0.0904   0.3340   0.3086   0.0090   0.0000   0.0235  -0.0513    0.174
    16   0.1033   0.3577   0.0000   0.2286   0.0047   0.0596   0.0914   0.2830   0.2615   0.0074   0.0000   0.0246  -0.0390    0.156
    17   0.1087   0.3765   0.0000   0.2286   0.0038   0.0475   0.0903   0.2257   0.2085   0.0056   0.0000   0.0238  -0.0270    0.136
    18   0.1129   0.3909   0.0000   0.2286   0.0028   0.0344   0.0869   0.1636   0.1511   0.0036   0.0000   0.0204  -0.0166    0.115
    19   0.1158   0.4008   0.0000   0.2286   0.0017   0.0208   0.0820   0.0988   0.0913   0.0015   0.0000   0.0139  -0.0085    0.097
    20   0.1172   0.4058   0.0000   0.2286   0.0006   0.0069   0.0785   0.0331   0.0306  -0.0005   0.0000   0.0050  -0.0025    0.088

  Surface # 2     Wing (YDUP)                             
     # Chordwise = 10   # Spanwise = 20     First strip = 21
     Surface area Ssurf =    0.092903     Ave. chord Cave =    0.228600

 Forces referred to Sref, Cref, Bref about Xref, Yref, Zref
 Standard axis orientation,  X fwd, Z down         
     CLsurf  =   0.32578     Clsurf  =   0.07140
     CYsurf  =  -0.00646     Cmsurf  =   0.01597
     CDsurf  =   0.01216     Cnsurf  =   0.00712
     CDisurf =   0.01216     CDvsurf =   0.00000

 Forces referred to Ssurf, Cave 
     CLsurf  =   0.39099     CDsurf  =   0.01460

 Strip Forces referred to Strip Area, Chord
    j     Xle      Yle      Zle      Chord    Area     c_cl     ai     cl_norm    cl       cd       cdv    cm_c/4     cm_LE   C.P.x/c
    21   0.0002  -0.0006   0.0000   0.2286   0.0006   0.1055   0.0512   0.4855   0.4486   0.1481   0.0000  -0.0097   0.1202    0.272
    22   0.0016  -0.0056   0.0000   0.2286   0.0017   0.1055   0.0505   0.4989   0.4609   0.0317   0.0000  -0.0087   0.1192    0.269
    23   0.0045  -0.0155   0.0000   0.2286   0.0028   0.1056   0.0515   0.4999   0.4618   0.0252   0.0000  -0.0058   0.1165    0.262
    24   0.0087  -0.0299   0.0000   0.2286   0.0038   0.1057   0.0536   0.5007   0.4626   0.0225   0.0000  -0.0022   0.1131    0.255
    25   0.0141  -0.0487   0.0000   0.2286   0.0047   0.1058   0.0561   0.5015   0.4633   0.0202   0.0000   0.0013   0.1100    0.247
    26   0.0206  -0.0712   0.0000   0.2286   0.0055   0.1058   0.0589   0.5016   0.4634   0.0183   0.0000   0.0042   0.1071    0.241
    27   0.0280  -0.0970   0.0000   0.2286   0.0062   0.1055   0.0618   0.5004   0.4622   0.0169   0.0000   0.0065   0.1045    0.236
    28   0.0362  -0.1254   0.0000   0.2286   0.0067   0.1047   0.0648   0.4968   0.4590   0.0158   0.0000   0.0086   0.1018    0.231
    29   0.0450  -0.1558   0.0000   0.2286   0.0071   0.1033   0.0681   0.4901   0.4527   0.0149   0.0000   0.0104   0.0985    0.227
    30   0.0541  -0.1873   0.0000   0.2286   0.0073   0.1010   0.0717   0.4793   0.4428   0.0141   0.0000   0.0122   0.0944    0.222
    31   0.0633  -0.2191   0.0000   0.2286   0.0073   0.0977   0.0757   0.4635   0.4282   0.0133   0.0000   0.0142   0.0890    0.217
    32   0.0724  -0.2506   0.0000   0.2286   0.0071   0.0931   0.0799   0.4419   0.4082   0.0125   0.0000   0.0165   0.0820    0.210
    33   0.0812  -0.2810   0.0000   0.2286   0.0067   0.0871   0.0840   0.4134   0.3820   0.0115   0.0000   0.0189   0.0733    0.200
    34   0.0894  -0.3094   0.0000   0.2286   0.0062   0.0795   0.0877   0.3776   0.3488   0.0104   0.0000   0.0214   0.0630    0.189
    35   0.0968  -0.3352   0.0000   0.2286   0.0055   0.0704   0.0904   0.3340   0.3086   0.0090   0.0000   0.0235   0.0513    0.174
    36   0.1033  -0.3577   0.0000   0.2286   0.0047   0.0596   0.0914   0.2830   0.2615   0.0074   0.0000   0.0246   0.0390    0.156
    37   0.1087  -0.3765   0.0000   0.2286   0.0038   0.0475   0.0903   0.2257   0.2085   0.0056   0.0000   0.0238   0.0270    0.136
    38   0.1129  -0.3909   0.0000   0.2286   0.0028   0.0344   0.0869   0.1636   0.1511   0.0036   0.0000   0.0204   0.0166    0.115
    39   0.1158  -0.4008   0.0000   0.2286   0.0017   0.0208   0.0820   0.0988   0.0913   0.0015   0.0000   0.0139   0.0085    0.097
    40   0.1172  -0.4058   0.0000   0.2286   0.0006   0.0069   0.0785   0.0331   0.0306  -0.0005   0.0000   0.0050   0.0025    0.088
 ---------------------------------------------------------------
