 ---------------------------------------------------------------
 Surface and Strip Forces by surface

  Sref = 0.12390       Cref = 0.20740       Bref = 0.60960    
  Xref = 0.10920       Yref =  0.0000       Zref =  0.0000    

  Surface # 1     Wing                                    
     # Chordwise = 10   # Spanwise = 20     First strip =  1
     Surface area Ssurf =    0.077419     Ave. chord Cave =    0.254000

 Forces referred to Sref, Cref, Bref about Xref, Yref, Zref
 Standard axis orientation,  X fwd, Z down         
     CLsurf  =   0.29318     Clsurf  =  -0.06292
     CYsurf  =   0.00487     Cmsurf  =   0.04820
     CDsurf  =   0.01909     Cnsurf  =  -0.00852
     CDisurf =   0.01909     CDvsurf =   0.00000

 Forces referred to Ssurf, Cave 
     CLsurf  =   0.46919     CDsurf  =   0.03056

 Strip Forces referred to Strip Area, Chord
    j     Xle      Yle      Zle      Chord    Area     c_cl     ai     cl_norm    cl       cd       cdv    cm_c/4     cm_LE   C.P.x/c
     1   0.0001   0.0005   0.0000   0.2540   0.0005   0.1470   0.1129   0.5655   0.5498   0.2227   0.0000   0.0045  -0.1381    0.242
     2   0.0007   0.0042   0.0000   0.2540   0.0014   0.1469   0.1124   0.5935   0.5771   0.0556   0.0000   0.0050  -0.1376    0.241
     3   0.0020   0.0116   0.0000   0.2540   0.0023   0.1469   0.1126   0.5951   0.5786   0.0452   0.0000   0.0064  -0.1362    0.239
     4   0.0038   0.0225   0.0000   0.2540   0.0032   0.1467   0.1135   0.5950   0.5785   0.0420   0.0000   0.0084  -0.1340    0.235
     5   0.0062   0.0365   0.0000   0.2540   0.0039   0.1464   0.1148   0.5938   0.5774   0.0396   0.0000   0.0107  -0.1314    0.231
     6   0.0091   0.0534   0.0000   0.2540   0.0046   0.1456   0.1166   0.5910   0.5747   0.0375   0.0000   0.0129  -0.1285    0.227
     7   0.0124   0.0728   0.0000   0.2540   0.0052   0.1442   0.1188   0.5857   0.5695   0.0358   0.0000   0.0151  -0.1250    0.223
     8   0.0161   0.0941   0.0000   0.2540   0.0056   0.1421   0.1213   0.5771   0.5612   0.0342   0.0000   0.0172  -0.1209    0.219
     9   0.0200   0.1168   0.0000   0.2540   0.0059   0.1389   0.1241   0.5644   0.5488   0.0327   0.0000   0.0192  -0.1158    0.215
    10   0.0240   0.1404   0.0000   0.2540   0.0061   0.1345   0.1272   0.5466   0.5315   0.0313   0.0000   0.0212  -0.1096    0.210
    11   0.0281   0.1644   0.0000   0.2540   0.0061   0.1287   0.1304   0.5230   0.5086   0.0297   0.0000   0.0233  -0.1019    0.204
    12   0.0321   0.1880   0.0000   0.2540   0.0059   0.1213   0.1337   0.4930   0.4794   0.0279   0.0000   0.0253  -0.0927    0.197
    13   0.0360   0.2107   0.0000   0.2540   0.0056   0.1122   0.1366   0.4562   0.4436   0.0259   0.0000   0.0272  -0.0821    0.189
    14   0.0397   0.2320   0.0000   0.2540   0.0052   0.1014   0.1390   0.4123   0.4009   0.0235   0.0000   0.0285  -0.0703    0.179
    15   0.0430   0.2514   0.0000   0.2540   0.0046   0.0890   0.1404   0.3615   0.3515   0.0207   0.0000   0.0290  -0.0577    0.167
    16   0.0459   0.2683   0.0000   0.2540   0.0039   0.0749   0.1405   0.3043   0.2959   0.0176   0.0000   0.0282  -0.0449    0.155
    17   0.0483   0.2823   0.0000   0.2540   0.0032   0.0595   0.1392   0.2418   0.2351   0.0140   0.0000   0.0254  -0.0327    0.142
    18   0.0501   0.2932   0.0000   0.2540   0.0023   0.0431   0.1366   0.1753   0.1704   0.0100   0.0000   0.0206  -0.0216    0.129
    19   0.0514   0.3006   0.0000   0.2540   0.0014   0.0261   0.1331   0.1061   0.1032   0.0055   0.0000   0.0135  -0.0120    0.120
    20   0.0520   0.3043   0.0000   0.2540   0.0005   0.0087   0.1310   0.0357   0.0347   0.0010   0.0000   0.0047  -0.0038    0.115

  Surface # 2     Wing (YDUP)                             
     # Chordwise = 10   # Spanwise = 20     First strip = 21
     Surface area Ssurf =    0.077419     Ave. chord Cave =    0.254000

 Forces referred to Sref, Cref, Bref about Xref, Yref, Zref
 Standard axis orientation,  X fwd, Z down         
     CLsurf  =   0.29318     Clsurf  =   0.06292
     CYsurf  =  -0.00487     Cmsurf  =   0.04820
     CDsurf  =   0.01909     Cnsurf  =   0.00852
     CDisurf =   0.01909     CDvsurf =   0.00000

 Forces referred to Ssurf, Cave 
     CLsurf  =   0.46919     CDsurf  =   0.03056

 Strip Forces referred to Strip Area, Chord
    j     Xle      Yle      Zle      Chord    Area     c_cl     ai     cl_norm    cl       cd       cdv    cm_c/4     cm_LE   C.P.x/c
    21   0.0001  -0.0005   0.0000   0.2540   0.0005   0.1470   0.1129   0.5655   0.5498   0.2227   0.0000   0.0045   0.1381    0.242
    22   0.0007  -0.0042   0.0000   0.2540   0.0014   0.1469   0.1124   0.5935   0.5771   0.0556   0.0000   0.0050   0.1376    0.241
    23   0.0020  -0.0116   0.0000   0.2540   0.0023   0.1469   0.1126   0.5951   0.5786   0.0452   0.0000   0.0064   0.1362    0.239
    24   0.0038  -0.0225   0.0000   0.2540   0.0032   0.1467   0.1135   0.5950   0.5785   0.0420   0.0000   0.0084   0.1340    0.235
    25   0.0062  -0.0365   0.0000   0.2540   0.0039   0.1464   0.1148   0.5938   0.5774   0.0396   0.0000   0.0107   0.1314    0.231
    26   0.0091  -0.0534   0.0000   0.2540   0.0046   0.1456   0.1166   0.5910   0.5747   0.0375   0.0000   0.0129   0.1285    0.227
    27   0.0124  -0.0728   0.0000   0.2540   0.0052   0.1442   0.1188   0.5857   0.5695   0.0358   0.0000   0.0151   0.1250    0.223
    28   0.0161  -0.0941   0.0000   0.2540   0.0056   0.1421   0.1213   0.5771   0.5612   0.0342   0.0000   0.0172   0.1209    0.219
    29   0.0200  -0.1168   0.0000   0.2540   0.0059   0.1389   0.1241   0.5644   0.5488   0.0327   0.0000   0.0192   0.1158    0.215
    30   0.0240  -0.1404   0.0000   0.2540   0.0061   0.1345   0.1272   0.5466   0.5315   0.0313   0.0000   0.0212   0.1096    0.210
    31   0.0281  -0.1644   0.0000   0.2540   0.0061   0.1287   0.1304   0.5230   0.5086   0.0297   0.0000   0.0233   0.1019    0.204
    32   0.0321  -0.1880   0.0000   0.2540   0.0059   0.1213   0.1337   0.4930   0.4794   0.0279   0.0000   0.0253   0.0927    0.197
    33   0.0360  -0.2107   0.0000   0.2540   0.0056   0.1122   0.1366   0.4562   0.4436   0.0259   0.0000   0.0272   0.0821    0.189
    34   0.0397  -0.2320   0.0000   0.2540   0.0052   0.1014   0.1390   0.4123   0.4009   0.0235   0.0000   0.0285   0.0703    0.179
    35   0.0430  -0.2514   0.0000   0.2540   0.0046   0.0890   0.1404   0.3615   0.3515   0.0207   0.0000   0.0290   0.0577    0.167
    36   0.0459  -0.2683   0.0000   0.2540   0.0039   0.0749   0.1405   0.3043   0.2959   0.0176   0.0000   0.0282   0.0449    0.155
    37   0.0483  -0.2823   0.0000   0.2540   0.0032   0.0595   0.1392   0.2418   0.2351   0.0140   0.0000   0.0254   0.0327    0.142
    38   0.0501  -0.2932   0.0000   0.2540   0.0023   0.0431   0.1366   0.1753   0.1704   0.0100   0.0000   0.0206   0.0216    0.129
    39   0.0514  -0.3006   0.0000   0.2540   0.0014   0.0261   0.1331   0.1061   0.1032   0.0055   0.0000   0.0135   0.0120    0.120
    40   0.0520  -0.3043   0.0000   0.2540   0.0005   0.0087   0.1310   0.0357   0.0347   0.0010   0.0000   0.0047   0.0038    0.115
 ---------------------------------------------------------------
