 ---------------------------------------------------------------
 Surface and Strip Forces by surface

  Sref = 0.86700E-01   Cref = 0.14000       Bref = 0.71120    
  Xref = 0.10920       Yref =  0.0000       Zref =  0.0000    

  Surface # 1     Wing                                    
     # Chordwise = 10   # Spanwise = 20     First strip =  1
     Surface area Ssurf =    0.072258     Ave. chord Cave =    0.203200

 Forces referred to Sref, Cref, Bref about Xref, Yref, Zref
 Standard axis orientation,  X fwd, Z down         
     CLsurf  =   0.41897     Clsurf  =  -0.09128
     CYsurf  =   0.00778     Cmsurf  =   0.09893
     CDsurf  =   0.02011     Cnsurf  =  -0.01066
     CDisurf =   0.02011     CDvsurf =   0.00000

 Forces referred to Ssurf, Cave 
     CLsurf  =   0.50270     CDsurf  =   0.02413

 Strip Forces referred to Strip Area, Chord
    j     Xle      Yle      Zle      Chord    Area     c_cl     ai     cl_norm    cl       cd       cdv    cm_c/4     cm_LE   C.P.x/c
     1   0.0001   0.0005   0.0000   0.2032   0.0004   0.1219   0.0711   0.6034   0.5803   0.1825   0.0000  -0.0055  -0.1524    0.259
     2   0.0010   0.0049   0.0000   0.2032   0.0013   0.1219   0.0711   0.6235   0.5996   0.0456   0.0000  -0.0045  -0.1515    0.258
     3   0.0027   0.0135   0.0000   0.2032   0.0022   0.1220   0.0722   0.6249   0.6009   0.0374   0.0000  -0.0020  -0.1491    0.253
     4   0.0053   0.0262   0.0000   0.2032   0.0030   0.1220   0.0742   0.6256   0.6015   0.0338   0.0000   0.0011  -0.1460    0.248
     5   0.0086   0.0426   0.0000   0.2032   0.0037   0.1220   0.0766   0.6258   0.6018   0.0311   0.0000   0.0042  -0.1430    0.243
     6   0.0126   0.0623   0.0000   0.2032   0.0043   0.1217   0.0792   0.6249   0.6009   0.0289   0.0000   0.0068  -0.1401    0.239
     7   0.0171   0.0849   0.0000   0.2032   0.0048   0.1211   0.0822   0.6219   0.5980   0.0272   0.0000   0.0091  -0.1371    0.235
     8   0.0222   0.1098   0.0000   0.2032   0.0052   0.1199   0.0854   0.6159   0.5923   0.0259   0.0000   0.0111  -0.1337    0.231
     9   0.0275   0.1363   0.0000   0.2032   0.0055   0.1180   0.0890   0.6060   0.5827   0.0249   0.0000   0.0130  -0.1295    0.228
    10   0.0331   0.1638   0.0000   0.2032   0.0057   0.1150   0.0930   0.5911   0.5684   0.0240   0.0000   0.0149  -0.1241    0.224
    11   0.0387   0.1918   0.0000   0.2032   0.0057   0.1110   0.0974   0.5701   0.5482   0.0231   0.0000   0.0170  -0.1171    0.219
    12   0.0443   0.2193   0.0000   0.2032   0.0055   0.1055   0.1022   0.5422   0.5213   0.0220   0.0000   0.0194  -0.1082    0.213
    13   0.0496   0.2458   0.0000   0.2032   0.0052   0.0985   0.1071   0.5062   0.4868   0.0208   0.0000   0.0220  -0.0973    0.205
    14   0.0547   0.2707   0.0000   0.2032   0.0048   0.0899   0.1116   0.4617   0.4440   0.0192   0.0000   0.0245  -0.0843    0.195
    15   0.0592   0.2933   0.0000   0.2032   0.0043   0.0795   0.1152   0.4082   0.3925   0.0172   0.0000   0.0266  -0.0698    0.182
    16   0.0632   0.3130   0.0000   0.2032   0.0037   0.0674   0.1172   0.3461   0.3328   0.0147   0.0000   0.0275  -0.0543    0.167
    17   0.0665   0.3294   0.0000   0.2032   0.0030   0.0538   0.1171   0.2764   0.2658   0.0118   0.0000   0.0263  -0.0391    0.151
    18   0.0691   0.3421   0.0000   0.2032   0.0022   0.0391   0.1147   0.2009   0.1931   0.0085   0.0000   0.0224  -0.0252    0.134
    19   0.0708   0.3507   0.0000   0.2032   0.0013   0.0237   0.1107   0.1217   0.1170   0.0046   0.0000   0.0152  -0.0136    0.120
    20   0.0717   0.3551   0.0000   0.2032   0.0004   0.0079   0.1075   0.0408   0.0393   0.0006   0.0000   0.0054  -0.0042    0.112

  Surface # 2     Wing (YDUP)                             
     # Chordwise = 10   # Spanwise = 20     First strip = 21
     Surface area Ssurf =    0.072258     Ave. chord Cave =    0.203200

 Forces referred to Sref, Cref, Bref about Xref, Yref, Zref
 Standard axis orientation,  X fwd, Z down         
     CLsurf  =   0.41897     Clsurf  =   0.09128
     CYsurf  =  -0.00778     Cmsurf  =   0.09893
     CDsurf  =   0.02011     Cnsurf  =   0.01066
     CDisurf =   0.02011     CDvsurf =   0.00000

 Forces referred to Ssurf, Cave 
     CLsurf  =   0.50270     CDsurf  =   0.02413

 Strip Forces referred to Strip Area, Chord
    j     Xle      Yle      Zle      Chord    Area     c_cl     ai     cl_norm    cl       cd       cdv    cm_c/4     cm_LE   C.P.x/c
    21   0.0001  -0.0005   0.0000   0.2032   0.0004   0.1219   0.0711   0.6034   0.5803   0.1825   0.0000  -0.0055   0.1524    0.259
    22   0.0010  -0.0049   0.0000   0.2032   0.0013   0.1219   0.0711   0.6235   0.5996   0.0456   0.0000  -0.0045   0.1515    0.258
    23   0.0027  -0.0135   0.0000   0.2032   0.0022   0.1220   0.0722   0.6249   0.6009   0.0374   0.0000  -0.0020   0.1491    0.253
    24   0.0053  -0.0262   0.0000   0.2032   0.0030   0.1220   0.0742   0.6256   0.6015   0.0338   0.0000   0.0011   0.1460    0.248
    25   0.0086  -0.0426   0.0000   0.2032   0.0037   0.1220   0.0766   0.6258   0.6018   0.0311   0.0000   0.0042   0.1430    0.243
    26   0.0126  -0.0623   0.0000   0.2032   0.0043   0.1217   0.0792   0.6249   0.6009   0.0289   0.0000   0.0068   0.1401    0.239
    27   0.0171  -0.0849   0.0000   0.2032   0.0048   0.1211   0.0822   0.6219   0.5980   0.0272   0.0000   0.0091   0.1371    0.235
    28   0.0222  -0.1098   0.0000   0.2032   0.0052   0.1199   0.0854   0.6159   0.5923   0.0259   0.0000   0.0111   0.1337    0.231
    29   0.0275  -0.1363   0.0000   0.2032   0.0055   0.1180   0.0890   0.6060   0.5827   0.0249   0.0000   0.0130   0.1295    0.228
    30   0.0331  -0.1638   0.0000   0.2032   0.0057   0.1150   0.0930   0.5911   0.5684   0.0240   0.0000   0.0149   0.1241    0.224
    31   0.0387  -0.1918   0.0000   0.2032   0.0057   0.1110   0.0974   0.5701   0.5482   0.0231   0.0000   0.0170   0.1171    0.219
    32   0.0443  -0.2193   0.0000   0.2032   0.0055   0.1055   0.1022   0.5422   0.5213   0.0220   0.0000   0.0194   0.1082    0.213
    33   0.0496  -0.2458   0.0000   0.2032   0.0052   0.0985   0.1071   0.5062   0.4868   0.0208   0.0000   0.0220   0.0973    0.205
    34   0.0547  -0.2707   0.0000   0.2032   0.0048   0.0899   0.1116   0.4617   0.4440   0.0192   0.0000   0.0245   0.0843    0.195
    35   0.0592  -0.2933   0.0000   0.2032   0.0043   0.0795   0.1152   0.4082   0.3925   0.0172   0.0000   0.0266   0.0698    0.182
    36   0.0632  -0.3130   0.0000   0.2032   0.0037   0.0674   0.1172   0.3461   0.3328   0.0147   0.0000   0.0275   0.0543    0.167
    37   0.0665  -0.3294   0.0000   0.2032   0.0030   0.0538   0.1171   0.2764   0.2658   0.0118   0.0000   0.0263   0.0391    0.151
    38   0.0691  -0.3421   0.0000   0.2032   0.0022   0.0391   0.1147   0.2009   0.1931   0.0085   0.0000   0.0224   0.0252    0.134
    39   0.0708  -0.3507   0.0000   0.2032   0.0013   0.0237   0.1107   0.1217   0.1170   0.0046   0.0000   0.0152   0.0136    0.120
    40   0.0717  -0.3551   0.0000   0.2032   0.0004   0.0079   0.1075   0.0408   0.0393   0.0006   0.0000   0.0054   0.0042    0.112
 ---------------------------------------------------------------
