 ---------------------------------------------------------------
 Surface and Strip Forces by surface

  Sref = 0.16720       Cref = 0.18360       Bref = 0.91440    
  Xref = 0.10920       Yref =  0.0000       Zref =  0.0000    

  Surface # 1     Wing                                    
     # Chordwise = 10   # Spanwise = 20     First strip =  1
     Surface area Ssurf =    0.092903     Ave. chord Cave =    0.203200

 Forces referred to Sref, Cref, Bref about Xref, Yref, Zref
 Standard axis orientation,  X fwd, Z down         
     CLsurf  =   0.21725     Clsurf  =  -0.04736
     CYsurf  =   0.00031     Cmsurf  =   0.07033
     CDsurf  =   0.00609     Cnsurf  =  -0.00300
     CDisurf =   0.00609     CDvsurf =   0.00000

 Forces referred to Ssurf, Cave 
     CLsurf  =   0.39099     CDsurf  =   0.01095

 Strip Forces referred to Strip Area, Chord
    j     Xle      Yle      Zle      Chord    Area     c_cl     ai     cl_norm    cl       cd       cdv    cm_c/4     cm_LE   C.P.x/c
     1   0.0000   0.0007   0.0000   0.2032   0.0006   0.0959   0.0468   0.4722   0.4719   0.0202   0.0000   0.0062  -0.1117    0.237
     2   0.0001   0.0063   0.0000   0.2032   0.0017   0.0959   0.0467   0.4729   0.4726   0.0125   0.0000   0.0063  -0.1116    0.237
     3   0.0004   0.0174   0.0000   0.2032   0.0028   0.0958   0.0468   0.4728   0.4725   0.0120   0.0000   0.0066  -0.1113    0.236
     4   0.0008   0.0337   0.0000   0.2032   0.0038   0.0957   0.0471   0.4723   0.4721   0.0117   0.0000   0.0070  -0.1108    0.235
     5   0.0012   0.0548   0.0000   0.2032   0.0047   0.0955   0.0475   0.4712   0.4710   0.0115   0.0000   0.0073  -0.1102    0.234
     6   0.0018   0.0801   0.0000   0.2032   0.0055   0.0951   0.0482   0.4691   0.4689   0.0114   0.0000   0.0077  -0.1093    0.234
     7   0.0024   0.1092   0.0000   0.2032   0.0062   0.0943   0.0491   0.4654   0.4651   0.0114   0.0000   0.0080  -0.1080    0.233
     8   0.0031   0.1411   0.0000   0.2032   0.0067   0.0932   0.0504   0.4596   0.4593   0.0114   0.0000   0.0084  -0.1062    0.232
     9   0.0039   0.1752   0.0000   0.2032   0.0071   0.0914   0.0521   0.4511   0.4509   0.0115   0.0000   0.0089  -0.1036    0.230
    10   0.0047   0.2107   0.0000   0.2032   0.0073   0.0891   0.0543   0.4393   0.4391   0.0116   0.0000   0.0096  -0.1000    0.228
    11   0.0055   0.2465   0.0000   0.2032   0.0073   0.0859   0.0570   0.4236   0.4234   0.0116   0.0000   0.0104  -0.0952    0.225
    12   0.0063   0.2820   0.0000   0.2032   0.0071   0.0818   0.0602   0.4032   0.4030   0.0117   0.0000   0.0115  -0.0891    0.221
    13   0.0071   0.3161   0.0000   0.2032   0.0067   0.0765   0.0637   0.3772   0.3771   0.0116   0.0000   0.0128  -0.0813    0.216
    14   0.0078   0.3480   0.0000   0.2032   0.0062   0.0700   0.0674   0.3451   0.3449   0.0113   0.0000   0.0143  -0.0718    0.209
    15   0.0084   0.3771   0.0000   0.2032   0.0055   0.0621   0.0707   0.3062   0.3061   0.0107   0.0000   0.0157  -0.0607    0.199
    16   0.0090   0.4024   0.0000   0.2032   0.0047   0.0529   0.0729   0.2605   0.2604   0.0097   0.0000   0.0167  -0.0483    0.186
    17   0.0094   0.4235   0.0000   0.2032   0.0038   0.0423   0.0735   0.2086   0.2085   0.0082   0.0000   0.0166  -0.0355    0.170
    18   0.0098   0.4398   0.0000   0.2032   0.0028   0.0308   0.0717   0.1516   0.1515   0.0063   0.0000   0.0147  -0.0232    0.153
    19   0.0101   0.4509   0.0000   0.2032   0.0017   0.0186   0.0676   0.0916   0.0916   0.0038   0.0000   0.0104  -0.0125    0.136
    20   0.0102   0.4565   0.0000   0.2032   0.0006   0.0062   0.0636   0.0306   0.0306   0.0012   0.0000   0.0038  -0.0038    0.126

  Surface # 2     Wing (YDUP)                             
     # Chordwise = 10   # Spanwise = 20     First strip = 21
     Surface area Ssurf =    0.092903     Ave. chord Cave =    0.203200

 Forces referred to Sref, Cref, Bref about Xref, Yref, Zref
 Standard axis orientation,  X fwd, Z down         
     CLsurf  =   0.21725     Clsurf  =   0.04736
     CYsurf  =  -0.00031     Cmsurf  =   0.07033
     CDsurf  =   0.00609     Cnsurf  =   0.00300
     CDisurf =   0.00609     CDvsurf =   0.00000

 Forces referred to Ssurf, Cave 
     CLsurf  =   0.39099     CDsurf  =   0.01095

 Strip Forces referred to Strip Area, Chord
    j     Xle      Yle      Zle      Chord    Area     c_cl     ai     cl_norm    cl       cd       cdv    cm_c/4     cm_LE   C.P.x/c
    21   0.0000  -0.0007   0.0000   0.2032   0.0006   0.0959   0.0468   0.4722   0.4719   0.0202   0.0000   0.0062   0.1117    0.237
    22   0.0001  -0.0063   0.0000   0.2032   0.0017   0.0959   0.0467   0.4729   0.4726   0.0125   0.0000   0.0063   0.1116    0.237
    23   0.0004  -0.0174   0.0000   0.2032   0.0028   0.0958   0.0468   0.4728   0.4725   0.0120   0.0000   0.0066   0.1113    0.236
    24   0.0008  -0.0337   0.0000   0.2032   0.0038   0.0957   0.0471   0.4723   0.4721   0.0117   0.0000   0.0070   0.1108    0.235
    25   0.0012  -0.0548   0.0000   0.2032   0.0047   0.0955   0.0475   0.4712   0.4710   0.0115   0.0000   0.0073   0.1102    0.234
    26   0.0018  -0.0801   0.0000   0.2032   0.0055   0.0951   0.0482   0.4691   0.4689   0.0114   0.0000   0.0077   0.1093    0.234
    27   0.0024  -0.1092   0.0000   0.2032   0.0062   0.0943   0.0491   0.4654   0.4651   0.0114   0.0000   0.0080   0.1080    0.233
    28   0.0031  -0.1411   0.0000   0.2032   0.0067   0.0932   0.0504   0.4596   0.4593   0.0114   0.0000   0.0084   0.1062    0.232
    29   0.0039  -0.1752   0.0000   0.2032   0.0071   0.0914   0.0521   0.4511   0.4509   0.0115   0.0000   0.0089   0.1036    0.230
    30   0.0047  -0.2107   0.0000   0.2032   0.0073   0.0891   0.0543   0.4393   0.4391   0.0116   0.0000   0.0096   0.1000    0.228
    31   0.0055  -0.2465   0.0000   0.2032   0.0073   0.0859   0.0570   0.4236   0.4234   0.0116   0.0000   0.0104   0.0952    0.225
    32   0.0063  -0.2820   0.0000   0.2032   0.0071   0.0818   0.0602   0.4032   0.4030   0.0117   0.0000   0.0115   0.0891    0.221
    33   0.0071  -0.3161   0.0000   0.2032   0.0067   0.0765   0.0637   0.3772   0.3771   0.0116   0.0000   0.0128   0.0813    0.216
    34   0.0078  -0.3480   0.0000   0.2032   0.0062   0.0700   0.0674   0.3451   0.3449   0.0113   0.0000   0.0143   0.0718    0.209
    35   0.0084  -0.3771   0.0000   0.2032   0.0055   0.0621   0.0707   0.3062   0.3061   0.0107   0.0000   0.0157   0.0607    0.199
    36   0.0090  -0.4024   0.0000   0.2032   0.0047   0.0529   0.0729   0.2605   0.2604   0.0097   0.0000   0.0167   0.0483    0.186
    37   0.0094  -0.4235   0.0000   0.2032   0.0038   0.0423   0.0735   0.2086   0.2085   0.0082   0.0000   0.0166   0.0355    0.170
    38   0.0098  -0.4398   0.0000   0.2032   0.0028   0.0308   0.0717   0.1516   0.1515   0.0063   0.0000   0.0147   0.0232    0.153
    39   0.0101  -0.4509   0.0000   0.2032   0.0017   0.0186   0.0676   0.0916   0.0916   0.0038   0.0000   0.0104   0.0125    0.136
    40   0.0102  -0.4565   0.0000   0.2032   0.0006   0.0062   0.0636   0.0306   0.0306   0.0012   0.0000   0.0038   0.0038    0.126
 ---------------------------------------------------------------
