 ---------------------------------------------------------------
 Surface and Strip Forces by surface

  Sref = 0.22710       Cref = 0.27940       Bref = 0.81280    
  Xref = 0.10920       Yref =  0.0000       Zref =  0.0000    

  Surface # 1     Wing                                    
     # Chordwise = 10   # Spanwise = 20     First strip =  1
     Surface area Ssurf =    0.113548     Ave. chord Cave =    0.279400

 Forces referred to Sref, Cref, Bref about Xref, Yref, Zref
 Standard axis orientation,  X fwd, Z down         
     CLsurf  =   0.15995     Clsurf  =  -0.03443
     CYsurf  =   0.00081     Cmsurf  =   0.02032
     CDsurf  =   0.00574     Cnsurf  =  -0.00228
     CDisurf =   0.00574     CDvsurf =   0.00000

 Forces referred to Ssurf, Cave 
     CLsurf  =   0.31990     CDsurf  =   0.01148

 Strip Forces referred to Strip Area, Chord
    j     Xle      Yle      Zle      Chord    Area     c_cl     ai     cl_norm    cl       cd       cdv    cm_c/4     cm_LE   C.P.x/c
     1   0.0001   0.0006   0.0000   0.2794   0.0007   0.1102   0.0635   0.3942   0.3912   0.0530   0.0000   0.0059  -0.0924    0.235
     2   0.0005   0.0056   0.0000   0.2794   0.0021   0.1102   0.0630   0.3975   0.3945   0.0174   0.0000   0.0061  -0.0922    0.235
     3   0.0014   0.0155   0.0000   0.2794   0.0034   0.1102   0.0629   0.3975   0.3945   0.0152   0.0000   0.0067  -0.0915    0.233
     4   0.0026   0.0299   0.0000   0.2794   0.0047   0.1100   0.0631   0.3971   0.3941   0.0145   0.0000   0.0076  -0.0905    0.231
     5   0.0043   0.0487   0.0000   0.2794   0.0058   0.1097   0.0637   0.3961   0.3931   0.0139   0.0000   0.0086  -0.0892    0.228
     6   0.0062   0.0712   0.0000   0.2794   0.0068   0.1091   0.0646   0.3939   0.3910   0.0135   0.0000   0.0095  -0.0878    0.226
     7   0.0085   0.0970   0.0000   0.2794   0.0076   0.1081   0.0657   0.3903   0.3873   0.0131   0.0000   0.0104  -0.0860    0.223
     8   0.0110   0.1254   0.0000   0.2794   0.0082   0.1065   0.0671   0.3845   0.3816   0.0127   0.0000   0.0113  -0.0837    0.220
     9   0.0136   0.1558   0.0000   0.2794   0.0087   0.1042   0.0687   0.3761   0.3733   0.0124   0.0000   0.0122  -0.0807    0.217
    10   0.0164   0.1873   0.0000   0.2794   0.0089   0.1009   0.0707   0.3645   0.3617   0.0121   0.0000   0.0132  -0.0768    0.214
    11   0.0192   0.2191   0.0000   0.2794   0.0089   0.0967   0.0728   0.3491   0.3465   0.0117   0.0000   0.0143  -0.0720    0.209
    12   0.0220   0.2506   0.0000   0.2794   0.0087   0.0913   0.0751   0.3296   0.3271   0.0113   0.0000   0.0155  -0.0660    0.203
    13   0.0246   0.2810   0.0000   0.2794   0.0082   0.0846   0.0772   0.3054   0.3031   0.0107   0.0000   0.0167  -0.0588    0.195
    14   0.0271   0.3094   0.0000   0.2794   0.0076   0.0766   0.0790   0.2764   0.2743   0.0099   0.0000   0.0178  -0.0505    0.185
    15   0.0294   0.3352   0.0000   0.2794   0.0068   0.0672   0.0800   0.2425   0.2407   0.0089   0.0000   0.0184  -0.0415    0.173
    16   0.0313   0.3577   0.0000   0.2794   0.0058   0.0566   0.0799   0.2042   0.2026   0.0077   0.0000   0.0183  -0.0322    0.160
    17   0.0330   0.3765   0.0000   0.2794   0.0047   0.0449   0.0784   0.1620   0.1608   0.0062   0.0000   0.0170  -0.0231    0.144
    18   0.0342   0.3909   0.0000   0.2794   0.0034   0.0324   0.0753   0.1171   0.1162   0.0044   0.0000   0.0141  -0.0149    0.129
    19   0.0351   0.4008   0.0000   0.2794   0.0021   0.0196   0.0712   0.0706   0.0701   0.0025   0.0000   0.0094  -0.0080    0.115
    20   0.0355   0.4058   0.0000   0.2794   0.0007   0.0065   0.0682   0.0236   0.0234   0.0006   0.0000   0.0033  -0.0025    0.108

  Surface # 2     Wing (YDUP)                             
     # Chordwise = 10   # Spanwise = 20     First strip = 21
     Surface area Ssurf =    0.113548     Ave. chord Cave =    0.279400

 Forces referred to Sref, Cref, Bref about Xref, Yref, Zref
 Standard axis orientation,  X fwd, Z down         
     CLsurf  =   0.15995     Clsurf  =   0.03443
     CYsurf  =  -0.00081     Cmsurf  =   0.02032
     CDsurf  =   0.00574     Cnsurf  =   0.00228
     CDisurf =   0.00574     CDvsurf =   0.00000

 Forces referred to Ssurf, Cave 
     CLsurf  =   0.31990     CDsurf  =   0.01148

 Strip Forces referred to Strip Area, Chord
    j     Xle      Yle      Zle      Chord    Area     c_cl     ai     cl_norm    cl       cd       cdv    cm_c/4     cm_LE   C.P.x/c
    21   0.0001  -0.0006   0.0000   0.2794   0.0007   0.1102   0.0635   0.3942   0.3912   0.0530   0.0000   0.0059   0.0924    0.235
    22   0.0005  -0.0056   0.0000   0.2794   0.0021   0.1102   0.0630   0.3975   0.3945   0.0174   0.0000   0.0061   0.0922    0.235
    23   0.0014  -0.0155   0.0000   0.2794   0.0034   0.1102   0.0629   0.3975   0.3945   0.0152   0.0000   0.0067   0.0915    0.233
    24   0.0026  -0.0299   0.0000   0.2794   0.0047   0.1100   0.0631   0.3971   0.3941   0.0145   0.0000   0.0076   0.0905    0.231
    25   0.0043  -0.0487   0.0000   0.2794   0.0058   0.1097   0.0637   0.3961   0.3931   0.0139   0.0000   0.0086   0.0892    0.228
    26   0.0062  -0.0712   0.0000   0.2794   0.0068   0.1091   0.0646   0.3939   0.3910   0.0135   0.0000   0.0095   0.0878    0.226
    27   0.0085  -0.0970   0.0000   0.2794   0.0076   0.1081   0.0657   0.3903   0.3873   0.0131   0.0000   0.0104   0.0860    0.223
    28   0.0110  -0.1254   0.0000   0.2794   0.0082   0.1065   0.0671   0.3845   0.3816   0.0127   0.0000   0.0113   0.0837    0.220
    29   0.0136  -0.1558   0.0000   0.2794   0.0087   0.1042   0.0687   0.3761   0.3733   0.0124   0.0000   0.0122   0.0807    0.217
    30   0.0164  -0.1873   0.0000   0.2794   0.0089   0.1009   0.0707   0.3645   0.3617   0.0121   0.0000   0.0132   0.0768    0.214
    31   0.0192  -0.2191   0.0000   0.2794   0.0089   0.0967   0.0728   0.3491   0.3465   0.0117   0.0000   0.0143   0.0720    0.209
    32   0.0220  -0.2506   0.0000   0.2794   0.0087   0.0913   0.0751   0.3296   0.3271   0.0113   0.0000   0.0155   0.0660    0.203
    33   0.0246  -0.2810   0.0000   0.2794   0.0082   0.0846   0.0772   0.3054   0.3031   0.0107   0.0000   0.0167   0.0588    0.195
    34   0.0271  -0.3094   0.0000   0.2794   0.0076   0.0766   0.0790   0.2764   0.2743   0.0099   0.0000   0.0178   0.0505    0.185
    35   0.0294  -0.3352   0.0000   0.2794   0.0068   0.0672   0.0800   0.2425   0.2407   0.0089   0.0000   0.0184   0.0415    0.173
    36   0.0313  -0.3577   0.0000   0.2794   0.0058   0.0566   0.0799   0.2042   0.2026   0.0077   0.0000   0.0183   0.0322    0.160
    37   0.0330  -0.3765   0.0000   0.2794   0.0047   0.0449   0.0784   0.1620   0.1608   0.0062   0.0000   0.0170   0.0231    0.144
    38   0.0342  -0.3909   0.0000   0.2794   0.0034   0.0324   0.0753   0.1171   0.1162   0.0044   0.0000   0.0141   0.0149    0.129
    39   0.0351  -0.4008   0.0000   0.2794   0.0021   0.0196   0.0712   0.0706   0.0701   0.0025   0.0000   0.0094   0.0080    0.115
    40   0.0355  -0.4058   0.0000   0.2794   0.0007   0.0065   0.0682   0.0236   0.0234   0.0006   0.0000   0.0033   0.0025    0.108
 ---------------------------------------------------------------
