 ---------------------------------------------------------------
 Surface and Strip Forces by surface

  Sref = 0.20900       Cref = 0.22950       Bref = 0.91440    
  Xref = 0.10920       Yref =  0.0000       Zref =  0.0000    

  Surface # 1     Wing                                    
     # Chordwise = 10   # Spanwise = 20     First strip =  1
     Surface area Ssurf =    0.116129     Ave. chord Cave =    0.254000

 Forces referred to Sref, Cref, Bref about Xref, Yref, Zref
 Standard axis orientation,  X fwd, Z down         
     CLsurf  =   0.17380     Clsurf  =  -0.03832
     CYsurf  =   0.00360     Cmsurf  =  -0.01897
     CDsurf  =   0.00523     Cnsurf  =  -0.00346
     CDisurf =   0.00523     CDvsurf =   0.00000

 Forces referred to Ssurf, Cave 
     CLsurf  =   0.31279     CDsurf  =   0.00940

 Strip Forces referred to Strip Area, Chord
    j     Xle      Yle      Zle      Chord    Area     c_cl     ai     cl_norm    cl       cd       cdv    cm_c/4     cm_LE   C.P.x/c
     1   0.0003   0.0007   0.0000   0.2540   0.0007   0.0925   0.0377   0.4093   0.3552   0.1228   0.0000  -0.0131  -0.0970    0.287
     2   0.0025   0.0063   0.0000   0.2540   0.0021   0.0925   0.0363   0.4188   0.3635   0.0232   0.0000  -0.0119  -0.0958    0.283
     3   0.0068   0.0174   0.0000   0.2540   0.0035   0.0926   0.0372   0.4196   0.3641   0.0180   0.0000  -0.0086  -0.0929    0.274
     4   0.0132   0.0337   0.0000   0.2540   0.0048   0.0927   0.0394   0.4206   0.3650   0.0159   0.0000  -0.0047  -0.0893    0.263
     5   0.0215   0.0548   0.0000   0.2540   0.0059   0.0930   0.0421   0.4219   0.3661   0.0140   0.0000  -0.0009  -0.0861    0.253
     6   0.0314   0.0801   0.0000   0.2540   0.0069   0.0932   0.0449   0.4229   0.3670   0.0125   0.0000   0.0021  -0.0834    0.244
     7   0.0428   0.1092   0.0000   0.2540   0.0078   0.0932   0.0478   0.4230   0.3671   0.0112   0.0000   0.0046  -0.0811    0.237
     8   0.0553   0.1411   0.0000   0.2540   0.0084   0.0927   0.0508   0.4212   0.3655   0.0103   0.0000   0.0066  -0.0789    0.232
     9   0.0686   0.1752   0.0000   0.2540   0.0089   0.0918   0.0539   0.4168   0.3617   0.0095   0.0000   0.0083  -0.0763    0.227
    10   0.0825   0.2107   0.0000   0.2540   0.0091   0.0900   0.0572   0.4089   0.3549   0.0088   0.0000   0.0101  -0.0731    0.222
    11   0.0966   0.2465   0.0000   0.2540   0.0091   0.0873   0.0609   0.3967   0.3443   0.0082   0.0000   0.0120  -0.0689    0.215
    12   0.1105   0.2820   0.0000   0.2540   0.0089   0.0835   0.0648   0.3793   0.3292   0.0075   0.0000   0.0141  -0.0634    0.207
    13   0.1238   0.3161   0.0000   0.2540   0.0084   0.0783   0.0685   0.3558   0.3088   0.0067   0.0000   0.0165  -0.0564    0.197
    14   0.1363   0.3480   0.0000   0.2540   0.0078   0.0716   0.0717   0.3255   0.2825   0.0058   0.0000   0.0190  -0.0480    0.183
    15   0.1477   0.3771   0.0000   0.2540   0.0069   0.0634   0.0738   0.2881   0.2501   0.0047   0.0000   0.0212  -0.0383    0.165
    16   0.1576   0.4024   0.0000   0.2540   0.0059   0.0537   0.0741   0.2440   0.2117   0.0035   0.0000   0.0226  -0.0282    0.143
    17   0.1659   0.4235   0.0000   0.2540   0.0048   0.0427   0.0721   0.1941   0.1685   0.0023   0.0000   0.0221  -0.0185    0.119
    18   0.1723   0.4398   0.0000   0.2540   0.0035   0.0308   0.0679   0.1403   0.1217   0.0011   0.0000   0.0191  -0.0105    0.093
    19   0.1766   0.4509   0.0000   0.2540   0.0021   0.0185   0.0623   0.0844   0.0733  -0.0002   0.0000   0.0131  -0.0048    0.071
    20   0.1788   0.4565   0.0000   0.2540   0.0007   0.0062   0.0584   0.0282   0.0245  -0.0011   0.0000   0.0047  -0.0013    0.059

  Surface # 2     Wing (YDUP)                             
     # Chordwise = 10   # Spanwise = 20     First strip = 21
     Surface area Ssurf =    0.116129     Ave. chord Cave =    0.254000

 Forces referred to Sref, Cref, Bref about Xref, Yref, Zref
 Standard axis orientation,  X fwd, Z down         
     CLsurf  =   0.17380     Clsurf  =   0.03832
     CYsurf  =  -0.00360     Cmsurf  =  -0.01897
     CDsurf  =   0.00523     Cnsurf  =   0.00346
     CDisurf =   0.00523     CDvsurf =   0.00000

 Forces referred to Ssurf, Cave 
     CLsurf  =   0.31279     CDsurf  =   0.00940

 Strip Forces referred to Strip Area, Chord
    j     Xle      Yle      Zle      Chord    Area     c_cl     ai     cl_norm    cl       cd       cdv    cm_c/4     cm_LE   C.P.x/c
    21   0.0003  -0.0007   0.0000   0.2540   0.0007   0.0925   0.0377   0.4093   0.3552   0.1228   0.0000  -0.0131   0.0970    0.287
    22   0.0025  -0.0063   0.0000   0.2540   0.0021   0.0925   0.0363   0.4188   0.3635   0.0232   0.0000  -0.0119   0.0958    0.283
    23   0.0068  -0.0174   0.0000   0.2540   0.0035   0.0926   0.0372   0.4196   0.3641   0.0180   0.0000  -0.0086   0.0929    0.274
    24   0.0132  -0.0337   0.0000   0.2540   0.0048   0.0927   0.0394   0.4206   0.3650   0.0159   0.0000  -0.0047   0.0893    0.263
    25   0.0215  -0.0548   0.0000   0.2540   0.0059   0.0930   0.0421   0.4219   0.3661   0.0140   0.0000  -0.0009   0.0861    0.253
    26   0.0314  -0.0801   0.0000   0.2540   0.0069   0.0932   0.0449   0.4229   0.3670   0.0125   0.0000   0.0021   0.0834    0.244
    27   0.0428  -0.1092   0.0000   0.2540   0.0078   0.0932   0.0478   0.4230   0.3671   0.0112   0.0000   0.0046   0.0811    0.237
    28   0.0553  -0.1411   0.0000   0.2540   0.0084   0.0927   0.0508   0.4212   0.3655   0.0103   0.0000   0.0066   0.0789    0.232
    29   0.0686  -0.1752   0.0000   0.2540   0.0089   0.0918   0.0539   0.4168   0.3617   0.0095   0.0000   0.0083   0.0763    0.227
    30   0.0825  -0.2107   0.0000   0.2540   0.0091   0.0900   0.0572   0.4089   0.3549   0.0088   0.0000   0.0101   0.0731    0.222
    31   0.0966  -0.2465   0.0000   0.2540   0.0091   0.0873   0.0609   0.3967   0.3443   0.0082   0.0000   0.0120   0.0689    0.215
    32   0.1105  -0.2820   0.0000   0.2540   0.0089   0.0835   0.0648   0.3793   0.3292   0.0075   0.0000   0.0141   0.0634    0.207
    33   0.1238  -0.3161   0.0000   0.2540   0.0084   0.0783   0.0685   0.3558   0.3088   0.0067   0.0000   0.0165   0.0564    0.197
    34   0.1363  -0.3480   0.0000   0.2540   0.0078   0.0716   0.0717   0.3255   0.2825   0.0058   0.0000   0.0190   0.0480    0.183
    35   0.1477  -0.3771   0.0000   0.2540   0.0069   0.0634   0.0738   0.2881   0.2501   0.0047   0.0000   0.0212   0.0383    0.165
    36   0.1576  -0.4024   0.0000   0.2540   0.0059   0.0537   0.0741   0.2440   0.2117   0.0035   0.0000   0.0226   0.0282    0.143
    37   0.1659  -0.4235   0.0000   0.2540   0.0048   0.0427   0.0721   0.1941   0.1685   0.0023   0.0000   0.0221   0.0185    0.119
    38   0.1723  -0.4398   0.0000   0.2540   0.0035   0.0308   0.0679   0.1403   0.1217   0.0011   0.0000   0.0191   0.0105    0.093
    39   0.1766  -0.4509   0.0000   0.2540   0.0021   0.0185   0.0623   0.0844   0.0733  -0.0002   0.0000   0.0131   0.0048    0.071
    40   0.1788  -0.4565   0.0000   0.2540   0.0007   0.0062   0.0584   0.0282   0.0245  -0.0011   0.0000   0.0047   0.0013    0.059
 ---------------------------------------------------------------
