 ---------------------------------------------------------------
 Surface and Strip Forces by surface

  Sref = 0.99100E-01   Cref = 0.16590       Bref = 0.60960    
  Xref = 0.10920       Yref =  0.0000       Zref =  0.0000    

  Surface # 1     Wing                                    
     # Chordwise = 10   # Spanwise = 20     First strip =  1
     Surface area Ssurf =    0.061935     Ave. chord Cave =    0.203200

 Forces referred to Sref, Cref, Bref about Xref, Yref, Zref
 Standard axis orientation,  X fwd, Z down         
     CLsurf  =   0.36654     Clsurf  =  -0.07943
     CYsurf  =   0.01027     Cmsurf  =   0.07216
     CDsurf  =   0.02416     Cnsurf  =  -0.01288
     CDisurf =   0.02416     CDvsurf =   0.00000

 Forces referred to Ssurf, Cave 
     CLsurf  =   0.58649     CDsurf  =   0.03866

 Strip Forces referred to Strip Area, Chord
    j     Xle      Yle      Zle      Chord    Area     c_cl     ai     cl_norm    cl       cd       cdv    cm_c/4     cm_LE   C.P.x/c
     1   0.0001   0.0005   0.0000   0.2032   0.0004   0.1430   0.0992   0.6910   0.6537   0.3386   0.0000  -0.0077  -0.1785    0.262
     2   0.0010   0.0042   0.0000   0.2032   0.0011   0.1431   0.0997   0.7415   0.7014   0.0779   0.0000  -0.0067  -0.1775    0.259
     3   0.0028   0.0116   0.0000   0.2032   0.0019   0.1431   0.1014   0.7447   0.7045   0.0622   0.0000  -0.0037  -0.1747    0.255
     4   0.0055   0.0225   0.0000   0.2032   0.0025   0.1431   0.1039   0.7460   0.7057   0.0563   0.0000   0.0002  -0.1708    0.250
     5   0.0089   0.0365   0.0000   0.2032   0.0032   0.1430   0.1070   0.7464   0.7061   0.0516   0.0000   0.0043  -0.1668    0.244
     6   0.0130   0.0534   0.0000   0.2032   0.0037   0.1427   0.1105   0.7453   0.7051   0.0479   0.0000   0.0079  -0.1628    0.239
     7   0.0177   0.0728   0.0000   0.2032   0.0041   0.1419   0.1143   0.7415   0.7015   0.0448   0.0000   0.0112  -0.1587    0.234
     8   0.0229   0.0941   0.0000   0.2032   0.0045   0.1403   0.1185   0.7339   0.6943   0.0423   0.0000   0.0141  -0.1540    0.230
     9   0.0284   0.1168   0.0000   0.2032   0.0047   0.1379   0.1230   0.7213   0.6824   0.0402   0.0000   0.0169  -0.1484    0.225
    10   0.0341   0.1404   0.0000   0.2032   0.0048   0.1342   0.1280   0.7025   0.6645   0.0382   0.0000   0.0197  -0.1413    0.220
    11   0.0400   0.1644   0.0000   0.2032   0.0048   0.1292   0.1333   0.6762   0.6397   0.0362   0.0000   0.0227  -0.1324    0.215
    12   0.0457   0.1880   0.0000   0.2032   0.0047   0.1225   0.1387   0.6415   0.6068   0.0340   0.0000   0.0257  -0.1215    0.208
    13   0.0512   0.2107   0.0000   0.2032   0.0045   0.1141   0.1441   0.5973   0.5650   0.0315   0.0000   0.0289  -0.1083    0.199
    14   0.0564   0.2320   0.0000   0.2032   0.0041   0.1037   0.1488   0.5432   0.5138   0.0286   0.0000   0.0317  -0.0933    0.188
    15   0.0611   0.2514   0.0000   0.2032   0.0037   0.0915   0.1523   0.4790   0.4531   0.0251   0.0000   0.0336  -0.0767    0.176
    16   0.0652   0.2683   0.0000   0.2032   0.0032   0.0774   0.1541   0.4053   0.3834   0.0212   0.0000   0.0339  -0.0596    0.162
    17   0.0686   0.2823   0.0000   0.2032   0.0025   0.0617   0.1539   0.3233   0.3059   0.0167   0.0000   0.0317  -0.0430    0.146
    18   0.0713   0.2932   0.0000   0.2032   0.0019   0.0449   0.1517   0.2350   0.2223   0.0118   0.0000   0.0263  -0.0281    0.132
    19   0.0731   0.3006   0.0000   0.2032   0.0011   0.0272   0.1481   0.1426   0.1349   0.0063   0.0000   0.0176  -0.0154    0.120
    20   0.0740   0.3043   0.0000   0.2032   0.0004   0.0091   0.1456   0.0480   0.0454   0.0005   0.0000   0.0062  -0.0049    0.114

  Surface # 2     Wing (YDUP)                             
     # Chordwise = 10   # Spanwise = 20     First strip = 21
     Surface area Ssurf =    0.061935     Ave. chord Cave =    0.203200

 Forces referred to Sref, Cref, Bref about Xref, Yref, Zref
 Standard axis orientation,  X fwd, Z down         
     CLsurf  =   0.36654     Clsurf  =   0.07943
     CYsurf  =  -0.01027     Cmsurf  =   0.07216
     CDsurf  =   0.02416     Cnsurf  =   0.01288
     CDisurf =   0.02416     CDvsurf =   0.00000

 Forces referred to Ssurf, Cave 
     CLsurf  =   0.58649     CDsurf  =   0.03866

 Strip Forces referred to Strip Area, Chord
    j     Xle      Yle      Zle      Chord    Area     c_cl     ai     cl_norm    cl       cd       cdv    cm_c/4     cm_LE   C.P.x/c
    21   0.0001  -0.0005   0.0000   0.2032   0.0004   0.1430   0.0992   0.6910   0.6537   0.3386   0.0000  -0.0077   0.1785    0.262
    22   0.0010  -0.0042   0.0000   0.2032   0.0011   0.1431   0.0997   0.7415   0.7014   0.0779   0.0000  -0.0067   0.1775    0.259
    23   0.0028  -0.0116   0.0000   0.2032   0.0019   0.1431   0.1014   0.7447   0.7045   0.0622   0.0000  -0.0037   0.1747    0.255
    24   0.0055  -0.0225   0.0000   0.2032   0.0025   0.1431   0.1039   0.7460   0.7057   0.0563   0.0000   0.0002   0.1708    0.250
    25   0.0089  -0.0365   0.0000   0.2032   0.0032   0.1430   0.1070   0.7464   0.7061   0.0516   0.0000   0.0043   0.1668    0.244
    26   0.0130  -0.0534   0.0000   0.2032   0.0037   0.1427   0.1105   0.7453   0.7051   0.0479   0.0000   0.0079   0.1628    0.239
    27   0.0177  -0.0728   0.0000   0.2032   0.0041   0.1419   0.1143   0.7415   0.7015   0.0448   0.0000   0.0112   0.1587    0.234
    28   0.0229  -0.0941   0.0000   0.2032   0.0045   0.1403   0.1185   0.7339   0.6943   0.0423   0.0000   0.0141   0.1540    0.230
    29   0.0284  -0.1168   0.0000   0.2032   0.0047   0.1379   0.1230   0.7213   0.6824   0.0402   0.0000   0.0169   0.1484    0.225
    30   0.0341  -0.1404   0.0000   0.2032   0.0048   0.1342   0.1280   0.7025   0.6645   0.0382   0.0000   0.0197   0.1413    0.220
    31   0.0400  -0.1644   0.0000   0.2032   0.0048   0.1292   0.1333   0.6762   0.6397   0.0362   0.0000   0.0227   0.1324    0.215
    32   0.0457  -0.1880   0.0000   0.2032   0.0047   0.1225   0.1387   0.6415   0.6068   0.0340   0.0000   0.0257   0.1215    0.208
    33   0.0512  -0.2107   0.0000   0.2032   0.0045   0.1141   0.1441   0.5973   0.5650   0.0315   0.0000   0.0289   0.1083    0.199
    34   0.0564  -0.2320   0.0000   0.2032   0.0041   0.1037   0.1488   0.5432   0.5138   0.0286   0.0000   0.0317   0.0933    0.188
    35   0.0611  -0.2514   0.0000   0.2032   0.0037   0.0915   0.1523   0.4790   0.4531   0.0251   0.0000   0.0336   0.0767    0.176
    36   0.0652  -0.2683   0.0000   0.2032   0.0032   0.0774   0.1541   0.4053   0.3834   0.0212   0.0000   0.0339   0.0596    0.162
    37   0.0686  -0.2823   0.0000   0.2032   0.0025   0.0617   0.1539   0.3233   0.3059   0.0167   0.0000   0.0317   0.0430    0.146
    38   0.0713  -0.2932   0.0000   0.2032   0.0019   0.0449   0.1517   0.2350   0.2223   0.0118   0.0000   0.0263   0.0281    0.132
    39   0.0731  -0.3006   0.0000   0.2032   0.0011   0.0272   0.1481   0.1426   0.1349   0.0063   0.0000   0.0176   0.0154    0.120
    40   0.0740  -0.3043   0.0000   0.2032   0.0004   0.0091   0.1456   0.0480   0.0454   0.0005   0.0000   0.0062   0.0049    0.114
 ---------------------------------------------------------------
