 ---------------------------------------------------------------
 Surface and Strip Forces by surface

  Sref = 0.14860       Cref = 0.16590       Bref = 0.91440    
  Xref = 0.10920       Yref =  0.0000       Zref =  0.0000    

  Surface # 1     Wing                                    
     # Chordwise = 10   # Spanwise = 20     First strip =  1
     Surface area Ssurf =    0.092903     Ave. chord Cave =    0.203200

 Forces referred to Sref, Cref, Bref about Xref, Yref, Zref
 Standard axis orientation,  X fwd, Z down         
     CLsurf  =   0.24444     Clsurf  =  -0.05337
     CYsurf  =   0.00070     Cmsurf  =   0.08109
     CDsurf  =   0.00688     Cnsurf  =  -0.00346
     CDisurf =   0.00688     CDvsurf =   0.00000

 Forces referred to Ssurf, Cave 
     CLsurf  =   0.39099     CDsurf  =   0.01101

 Strip Forces referred to Strip Area, Chord
    j     Xle      Yle      Zle      Chord    Area     c_cl     ai     cl_norm    cl       cd       cdv    cm_c/4     cm_LE   C.P.x/c
     1   0.0000   0.0007   0.0000   0.2032   0.0006   0.0955   0.0460   0.4703   0.4694   0.0289   0.0000   0.0047  -0.1127    0.240
     2   0.0003   0.0063   0.0000   0.2032   0.0017   0.0955   0.0458   0.4717   0.4708   0.0137   0.0000   0.0049  -0.1125    0.240
     3   0.0008   0.0174   0.0000   0.2032   0.0028   0.0955   0.0459   0.4717   0.4708   0.0127   0.0000   0.0055  -0.1119    0.238
     4   0.0015   0.0337   0.0000   0.2032   0.0038   0.0954   0.0463   0.4714   0.4705   0.0122   0.0000   0.0062  -0.1111    0.237
     5   0.0024   0.0548   0.0000   0.2032   0.0047   0.0952   0.0470   0.4705   0.4696   0.0119   0.0000   0.0068  -0.1103    0.236
     6   0.0036   0.0801   0.0000   0.2032   0.0055   0.0949   0.0478   0.4686   0.4677   0.0116   0.0000   0.0073  -0.1092    0.234
     7   0.0048   0.1092   0.0000   0.2032   0.0062   0.0942   0.0489   0.4652   0.4643   0.0115   0.0000   0.0078  -0.1079    0.233
     8   0.0063   0.1411   0.0000   0.2032   0.0067   0.0931   0.0503   0.4598   0.4589   0.0114   0.0000   0.0083  -0.1060    0.232
     9   0.0078   0.1752   0.0000   0.2032   0.0071   0.0914   0.0522   0.4516   0.4508   0.0115   0.0000   0.0089  -0.1034    0.230
    10   0.0094   0.2107   0.0000   0.2032   0.0073   0.0891   0.0545   0.4402   0.4393   0.0115   0.0000   0.0096  -0.0999    0.228
    11   0.0109   0.2465   0.0000   0.2032   0.0073   0.0860   0.0573   0.4248   0.4239   0.0115   0.0000   0.0106  -0.0951    0.225
    12   0.0125   0.2820   0.0000   0.2032   0.0071   0.0819   0.0605   0.4045   0.4037   0.0115   0.0000   0.0117  -0.0890    0.221
    13   0.0140   0.3161   0.0000   0.2032   0.0067   0.0767   0.0642   0.3787   0.3780   0.0114   0.0000   0.0131  -0.0812    0.215
    14   0.0155   0.3480   0.0000   0.2032   0.0062   0.0702   0.0679   0.3466   0.3459   0.0110   0.0000   0.0147  -0.0716    0.208
    15   0.0167   0.3771   0.0000   0.2032   0.0055   0.0623   0.0712   0.3077   0.3071   0.0104   0.0000   0.0162  -0.0604    0.197
    16   0.0179   0.4024   0.0000   0.2032   0.0047   0.0530   0.0735   0.2618   0.2613   0.0094   0.0000   0.0172  -0.0480    0.184
    17   0.0188   0.4235   0.0000   0.2032   0.0038   0.0425   0.0740   0.2096   0.2092   0.0080   0.0000   0.0172  -0.0350    0.168
    18   0.0195   0.4398   0.0000   0.2032   0.0028   0.0309   0.0721   0.1523   0.1521   0.0060   0.0000   0.0152  -0.0227    0.150
    19   0.0200   0.4509   0.0000   0.2032   0.0017   0.0187   0.0679   0.0921   0.0919   0.0036   0.0000   0.0108  -0.0122    0.133
    20   0.0203   0.4565   0.0000   0.2032   0.0006   0.0062   0.0638   0.0307   0.0307   0.0011   0.0000   0.0039  -0.0037    0.122

  Surface # 2     Wing (YDUP)                             
     # Chordwise = 10   # Spanwise = 20     First strip = 21
     Surface area Ssurf =    0.092903     Ave. chord Cave =    0.203200

 Forces referred to Sref, Cref, Bref about Xref, Yref, Zref
 Standard axis orientation,  X fwd, Z down         
     CLsurf  =   0.24444     Clsurf  =   0.05337
     CYsurf  =  -0.00070     Cmsurf  =   0.08109
     CDsurf  =   0.00688     Cnsurf  =   0.00346
     CDisurf =   0.00688     CDvsurf =   0.00000

 Forces referred to Ssurf, Cave 
     CLsurf  =   0.39099     CDsurf  =   0.01101

 Strip Forces referred to Strip Area, Chord
    j     Xle      Yle      Zle      Chord    Area     c_cl     ai     cl_norm    cl       cd       cdv    cm_c/4     cm_LE   C.P.x/c
    21   0.0000  -0.0007   0.0000   0.2032   0.0006   0.0955   0.0460   0.4703   0.4694   0.0289   0.0000   0.0047   0.1127    0.240
    22   0.0003  -0.0063   0.0000   0.2032   0.0017   0.0955   0.0458   0.4717   0.4708   0.0137   0.0000   0.0049   0.1125    0.240
    23   0.0008  -0.0174   0.0000   0.2032   0.0028   0.0955   0.0459   0.4717   0.4708   0.0127   0.0000   0.0055   0.1119    0.238
    24   0.0015  -0.0337   0.0000   0.2032   0.0038   0.0954   0.0463   0.4714   0.4705   0.0122   0.0000   0.0062   0.1111    0.237
    25   0.0024  -0.0548   0.0000   0.2032   0.0047   0.0952   0.0470   0.4705   0.4696   0.0119   0.0000   0.0068   0.1103    0.236
    26   0.0036  -0.0801   0.0000   0.2032   0.0055   0.0949   0.0478   0.4686   0.4677   0.0116   0.0000   0.0073   0.1092    0.234
    27   0.0048  -0.1092   0.0000   0.2032   0.0062   0.0942   0.0489   0.4652   0.4643   0.0115   0.0000   0.0078   0.1079    0.233
    28   0.0063  -0.1411   0.0000   0.2032   0.0067   0.0931   0.0503   0.4598   0.4589   0.0114   0.0000   0.0083   0.1060    0.232
    29   0.0078  -0.1752   0.0000   0.2032   0.0071   0.0914   0.0522   0.4516   0.4508   0.0115   0.0000   0.0089   0.1034    0.230
    30   0.0094  -0.2107   0.0000   0.2032   0.0073   0.0891   0.0545   0.4402   0.4393   0.0115   0.0000   0.0096   0.0999    0.228
    31   0.0109  -0.2465   0.0000   0.2032   0.0073   0.0860   0.0573   0.4248   0.4239   0.0115   0.0000   0.0106   0.0951    0.225
    32   0.0125  -0.2820   0.0000   0.2032   0.0071   0.0819   0.0605   0.4045   0.4037   0.0115   0.0000   0.0117   0.0890    0.221
    33   0.0140  -0.3161   0.0000   0.2032   0.0067   0.0767   0.0642   0.3787   0.3780   0.0114   0.0000   0.0131   0.0812    0.215
    34   0.0155  -0.3480   0.0000   0.2032   0.0062   0.0702   0.0679   0.3466   0.3459   0.0110   0.0000   0.0147   0.0716    0.208
    35   0.0167  -0.3771   0.0000   0.2032   0.0055   0.0623   0.0712   0.3077   0.3071   0.0104   0.0000   0.0162   0.0604    0.197
    36   0.0179  -0.4024   0.0000   0.2032   0.0047   0.0530   0.0735   0.2618   0.2613   0.0094   0.0000   0.0172   0.0480    0.184
    37   0.0188  -0.4235   0.0000   0.2032   0.0038   0.0425   0.0740   0.2096   0.2092   0.0080   0.0000   0.0172   0.0350    0.168
    38   0.0195  -0.4398   0.0000   0.2032   0.0028   0.0309   0.0721   0.1523   0.1521   0.0060   0.0000   0.0152   0.0227    0.150
    39   0.0200  -0.4509   0.0000   0.2032   0.0017   0.0187   0.0679   0.0921   0.0919   0.0036   0.0000   0.0108   0.0122    0.133
    40   0.0203  -0.4565   0.0000   0.2032   0.0006   0.0062   0.0638   0.0307   0.0307   0.0011   0.0000   0.0039   0.0037    0.122
 ---------------------------------------------------------------
