 ---------------------------------------------------------------
 Surface and Strip Forces by surface

  Sref = 0.19510       Cref = 0.22640       Bref = 0.91440    
  Xref = 0.10920       Yref =  0.0000       Zref =  0.0000    

  Surface # 1     Wing                                    
     # Chordwise = 10   # Spanwise = 20     First strip =  1
     Surface area Ssurf =    0.139355     Ave. chord Cave =    0.304800

 Forces referred to Sref, Cref, Bref about Xref, Yref, Zref
 Standard axis orientation,  X fwd, Z down         
     CLsurf  =   0.18618     Clsurf  =  -0.04077
     CYsurf  =   0.00386     Cmsurf  =  -0.03963
     CDsurf  =   0.00567     Cnsurf  =  -0.00391
     CDisurf =   0.00567     CDvsurf =   0.00000

 Forces referred to Ssurf, Cave 
     CLsurf  =   0.26066     CDsurf  =   0.00794

 Strip Forces referred to Strip Area, Chord
    j     Xle      Yle      Zle      Chord    Area     c_cl     ai     cl_norm    cl       cd       cdv    cm_c/4     cm_LE   C.P.x/c
     1   0.0003   0.0007   0.0000   0.3048   0.0009   0.0939   0.0418   0.3634   0.2994   0.1274   0.0000  -0.0128  -0.0815    0.293
     2   0.0029   0.0063   0.0000   0.3048   0.0026   0.0939   0.0395   0.3729   0.3073   0.0212   0.0000  -0.0118  -0.0806    0.288
     3   0.0081   0.0174   0.0000   0.3048   0.0042   0.0939   0.0396   0.3735   0.3077   0.0157   0.0000  -0.0090  -0.0781    0.279
     4   0.0156   0.0337   0.0000   0.3048   0.0057   0.0940   0.0412   0.3740   0.3082   0.0140   0.0000  -0.0053  -0.0748    0.267
     5   0.0254   0.0548   0.0000   0.3048   0.0071   0.0941   0.0436   0.3748   0.3088   0.0125   0.0000  -0.0017  -0.0716    0.256
     6   0.0372   0.0801   0.0000   0.3048   0.0083   0.0942   0.0462   0.3752   0.3091   0.0111   0.0000   0.0015  -0.0687    0.245
     7   0.0506   0.1092   0.0000   0.3048   0.0093   0.0941   0.0490   0.3747   0.3087   0.0099   0.0000   0.0042  -0.0662    0.237
     8   0.0655   0.1411   0.0000   0.3048   0.0101   0.0935   0.0518   0.3726   0.3069   0.0089   0.0000   0.0064  -0.0637    0.229
     9   0.0813   0.1752   0.0000   0.3048   0.0106   0.0923   0.0548   0.3679   0.3031   0.0081   0.0000   0.0084  -0.0610    0.222
    10   0.0977   0.2107   0.0000   0.3048   0.0109   0.0903   0.0579   0.3601   0.2967   0.0074   0.0000   0.0104  -0.0578    0.215
    11   0.1144   0.2465   0.0000   0.3048   0.0109   0.0873   0.0611   0.3482   0.2869   0.0066   0.0000   0.0124  -0.0537    0.207
    12   0.1308   0.2820   0.0000   0.3048   0.0106   0.0832   0.0643   0.3315   0.2732   0.0059   0.0000   0.0146  -0.0486    0.196
    13   0.1466   0.3161   0.0000   0.3048   0.0101   0.0776   0.0671   0.3094   0.2549   0.0050   0.0000   0.0170  -0.0423    0.183
    14   0.1615   0.3480   0.0000   0.3048   0.0093   0.0706   0.0690   0.2815   0.2319   0.0041   0.0000   0.0192  -0.0351    0.167
    15   0.1749   0.3771   0.0000   0.3048   0.0083   0.0621   0.0697   0.2476   0.2040   0.0031   0.0000   0.0210  -0.0271    0.147
    16   0.1867   0.4024   0.0000   0.3048   0.0071   0.0522   0.0687   0.2085   0.1717   0.0021   0.0000   0.0218  -0.0191    0.123
    17   0.1965   0.4235   0.0000   0.3048   0.0057   0.0413   0.0656   0.1650   0.1359   0.0010   0.0000   0.0208  -0.0119    0.097
    18   0.2040   0.4398   0.0000   0.3048   0.0042   0.0297   0.0609   0.1188   0.0979   0.0001   0.0000   0.0175  -0.0062    0.071
    19   0.2092   0.4509   0.0000   0.3048   0.0026   0.0179   0.0554   0.0714   0.0588  -0.0009   0.0000   0.0118  -0.0026    0.049
    20   0.2118   0.4565   0.0000   0.3048   0.0009   0.0059   0.0521   0.0239   0.0197  -0.0013   0.0000   0.0042  -0.0007    0.039

  Surface # 2     Wing (YDUP)                             
     # Chordwise = 10   # Spanwise = 20     First strip = 21
     Surface area Ssurf =    0.139355     Ave. chord Cave =    0.304800

 Forces referred to Sref, Cref, Bref about Xref, Yref, Zref
 Standard axis orientation,  X fwd, Z down         
     CLsurf  =   0.18618     Clsurf  =   0.04077
     CYsurf  =  -0.00386     Cmsurf  =  -0.03963
     CDsurf  =   0.00567     Cnsurf  =   0.00391
     CDisurf =   0.00567     CDvsurf =   0.00000

 Forces referred to Ssurf, Cave 
     CLsurf  =   0.26066     CDsurf  =   0.00794

 Strip Forces referred to Strip Area, Chord
    j     Xle      Yle      Zle      Chord    Area     c_cl     ai     cl_norm    cl       cd       cdv    cm_c/4     cm_LE   C.P.x/c
    21   0.0003  -0.0007   0.0000   0.3048   0.0009   0.0939   0.0418   0.3634   0.2994   0.1274   0.0000  -0.0128   0.0815    0.293
    22   0.0029  -0.0063   0.0000   0.3048   0.0026   0.0939   0.0395   0.3729   0.3073   0.0212   0.0000  -0.0118   0.0806    0.288
    23   0.0081  -0.0174   0.0000   0.3048   0.0042   0.0939   0.0396   0.3735   0.3077   0.0157   0.0000  -0.0090   0.0781    0.279
    24   0.0156  -0.0337   0.0000   0.3048   0.0057   0.0940   0.0412   0.3740   0.3082   0.0140   0.0000  -0.0053   0.0748    0.267
    25   0.0254  -0.0548   0.0000   0.3048   0.0071   0.0941   0.0436   0.3748   0.3088   0.0125   0.0000  -0.0017   0.0716    0.256
    26   0.0372  -0.0801   0.0000   0.3048   0.0083   0.0942   0.0462   0.3752   0.3091   0.0111   0.0000   0.0015   0.0687    0.245
    27   0.0506  -0.1092   0.0000   0.3048   0.0093   0.0941   0.0490   0.3747   0.3087   0.0099   0.0000   0.0042   0.0662    0.237
    28   0.0655  -0.1411   0.0000   0.3048   0.0101   0.0935   0.0518   0.3726   0.3069   0.0089   0.0000   0.0064   0.0637    0.229
    29   0.0813  -0.1752   0.0000   0.3048   0.0106   0.0923   0.0548   0.3679   0.3031   0.0081   0.0000   0.0084   0.0610    0.222
    30   0.0977  -0.2107   0.0000   0.3048   0.0109   0.0903   0.0579   0.3601   0.2967   0.0074   0.0000   0.0104   0.0578    0.215
    31   0.1144  -0.2465   0.0000   0.3048   0.0109   0.0873   0.0611   0.3482   0.2869   0.0066   0.0000   0.0124   0.0537    0.207
    32   0.1308  -0.2820   0.0000   0.3048   0.0106   0.0832   0.0643   0.3315   0.2732   0.0059   0.0000   0.0146   0.0486    0.196
    33   0.1466  -0.3161   0.0000   0.3048   0.0101   0.0776   0.0671   0.3094   0.2549   0.0050   0.0000   0.0170   0.0423    0.183
    34   0.1615  -0.3480   0.0000   0.3048   0.0093   0.0706   0.0690   0.2815   0.2319   0.0041   0.0000   0.0192   0.0351    0.167
    35   0.1749  -0.3771   0.0000   0.3048   0.0083   0.0621   0.0697   0.2476   0.2040   0.0031   0.0000   0.0210   0.0271    0.147
    36   0.1867  -0.4024   0.0000   0.3048   0.0071   0.0522   0.0687   0.2085   0.1717   0.0021   0.0000   0.0218   0.0191    0.123
    37   0.1965  -0.4235   0.0000   0.3048   0.0057   0.0413   0.0656   0.1650   0.1359   0.0010   0.0000   0.0208   0.0119    0.097
    38   0.2040  -0.4398   0.0000   0.3048   0.0042   0.0297   0.0609   0.1188   0.0979   0.0001   0.0000   0.0175   0.0062    0.071
    39   0.2092  -0.4509   0.0000   0.3048   0.0026   0.0179   0.0554   0.0714   0.0588  -0.0009   0.0000   0.0118   0.0026    0.049
    40   0.2118  -0.4565   0.0000   0.3048   0.0009   0.0059   0.0521   0.0239   0.0197  -0.0013   0.0000   0.0042   0.0007    0.039
 ---------------------------------------------------------------
