 ---------------------------------------------------------------
 Surface and Strip Forces by surface

  Sref = 0.13940       Cref = 0.22860       Bref = 0.60960    
  Xref = 0.10920       Yref =  0.0000       Zref =  0.0000    

  Surface # 1     Wing                                    
     # Chordwise = 10   # Spanwise = 20     First strip =  1
     Surface area Ssurf =    0.069677     Ave. chord Cave =    0.228600

 Forces referred to Sref, Cref, Bref about Xref, Yref, Zref
 Standard axis orientation,  X fwd, Z down         
     CLsurf  =   0.26058     Clsurf  =  -0.05652
     CYsurf  =   0.00999     Cmsurf  =   0.01361
     CDsurf  =   0.01751     Cnsurf  =  -0.01076
     CDisurf =   0.01751     CDvsurf =   0.00000

 Forces referred to Ssurf, Cave 
     CLsurf  =   0.52132     CDsurf  =   0.03504

 Strip Forces referred to Strip Area, Chord
    j     Xle      Yle      Zle      Chord    Area     c_cl     ai     cl_norm    cl       cd       cdv    cm_c/4     cm_LE   C.P.x/c
     1   0.0002   0.0005   0.0000   0.2286   0.0004   0.1428   0.0964   0.6328   0.5610   0.4206   0.0000  -0.0143  -0.1603    0.276
     2   0.0015   0.0042   0.0000   0.2286   0.0013   0.1429   0.0969   0.6994   0.6200   0.0820   0.0000  -0.0132  -0.1592    0.271
     3   0.0042   0.0116   0.0000   0.2286   0.0021   0.1429   0.0990   0.7036   0.6237   0.0623   0.0000  -0.0097  -0.1560    0.266
     4   0.0082   0.0225   0.0000   0.2286   0.0029   0.1430   0.1022   0.7052   0.6252   0.0558   0.0000  -0.0048  -0.1515    0.258
     5   0.0133   0.0365   0.0000   0.2286   0.0036   0.1430   0.1060   0.7063   0.6262   0.0507   0.0000   0.0003  -0.1467    0.250
     6   0.0194   0.0534   0.0000   0.2286   0.0042   0.1428   0.1102   0.7060   0.6259   0.0462   0.0000   0.0050  -0.1421    0.242
     7   0.0265   0.0728   0.0000   0.2286   0.0047   0.1421   0.1147   0.7033   0.6235   0.0424   0.0000   0.0092  -0.1374    0.235
     8   0.0342   0.0941   0.0000   0.2286   0.0051   0.1407   0.1194   0.6969   0.6178   0.0392   0.0000   0.0130  -0.1324    0.229
     9   0.0425   0.1168   0.0000   0.2286   0.0053   0.1383   0.1243   0.6856   0.6078   0.0363   0.0000   0.0165  -0.1266    0.223
    10   0.0511   0.1404   0.0000   0.2286   0.0054   0.1347   0.1295   0.6681   0.5923   0.0337   0.0000   0.0200  -0.1197    0.216
    11   0.0598   0.1644   0.0000   0.2286   0.0054   0.1297   0.1348   0.6433   0.5703   0.0310   0.0000   0.0235  -0.1112    0.209
    12   0.0684   0.1880   0.0000   0.2286   0.0053   0.1229   0.1400   0.6101   0.5409   0.0282   0.0000   0.0271  -0.1009    0.200
    13   0.0767   0.2107   0.0000   0.2286   0.0051   0.1143   0.1447   0.5677   0.5033   0.0252   0.0000   0.0305  -0.0888    0.189
    14   0.0844   0.2320   0.0000   0.2286   0.0047   0.1038   0.1484   0.5156   0.4571   0.0219   0.0000   0.0334  -0.0752    0.177
    15   0.0915   0.2514   0.0000   0.2286   0.0042   0.0914   0.1508   0.4540   0.4025   0.0183   0.0000   0.0353  -0.0607    0.162
    16   0.0976   0.2683   0.0000   0.2286   0.0036   0.0771   0.1514   0.3835   0.3400   0.0145   0.0000   0.0352  -0.0462    0.146
    17   0.1027   0.2823   0.0000   0.2286   0.0029   0.0614   0.1501   0.3055   0.2708   0.0106   0.0000   0.0326  -0.0325    0.130
    18   0.1067   0.2932   0.0000   0.2286   0.0021   0.0446   0.1470   0.2218   0.1967   0.0066   0.0000   0.0268  -0.0206    0.114
    19   0.1094   0.3006   0.0000   0.2286   0.0013   0.0270   0.1430   0.1346   0.1193   0.0025   0.0000   0.0177  -0.0111    0.102
    20   0.1107   0.3043   0.0000   0.2286   0.0004   0.0090   0.1405   0.0455   0.0403  -0.0014   0.0000   0.0062  -0.0035    0.097

  Surface # 2     Wing (YDUP)                             
     # Chordwise = 10   # Spanwise = 20     First strip = 21
     Surface area Ssurf =    0.069677     Ave. chord Cave =    0.228600

 Forces referred to Sref, Cref, Bref about Xref, Yref, Zref
 Standard axis orientation,  X fwd, Z down         
     CLsurf  =   0.26058     Clsurf  =   0.05652
     CYsurf  =  -0.00999     Cmsurf  =   0.01361
     CDsurf  =   0.01751     Cnsurf  =   0.01076
     CDisurf =   0.01751     CDvsurf =   0.00000

 Forces referred to Ssurf, Cave 
     CLsurf  =   0.52132     CDsurf  =   0.03504

 Strip Forces referred to Strip Area, Chord
    j     Xle      Yle      Zle      Chord    Area     c_cl     ai     cl_norm    cl       cd       cdv    cm_c/4     cm_LE   C.P.x/c
    21   0.0002  -0.0005   0.0000   0.2286   0.0004   0.1428   0.0964   0.6328   0.5610   0.4206   0.0000  -0.0143   0.1603    0.276
    22   0.0015  -0.0042   0.0000   0.2286   0.0013   0.1429   0.0969   0.6994   0.6200   0.0820   0.0000  -0.0132   0.1592    0.271
    23   0.0042  -0.0116   0.0000   0.2286   0.0021   0.1429   0.0990   0.7036   0.6237   0.0623   0.0000  -0.0097   0.1560    0.266
    24   0.0082  -0.0225   0.0000   0.2286   0.0029   0.1430   0.1022   0.7052   0.6252   0.0558   0.0000  -0.0048   0.1515    0.258
    25   0.0133  -0.0365   0.0000   0.2286   0.0036   0.1430   0.1060   0.7063   0.6262   0.0507   0.0000   0.0003   0.1467    0.250
    26   0.0194  -0.0534   0.0000   0.2286   0.0042   0.1428   0.1102   0.7060   0.6259   0.0462   0.0000   0.0050   0.1421    0.242
    27   0.0265  -0.0728   0.0000   0.2286   0.0047   0.1421   0.1147   0.7033   0.6235   0.0424   0.0000   0.0092   0.1374    0.235
    28   0.0342  -0.0941   0.0000   0.2286   0.0051   0.1407   0.1194   0.6969   0.6178   0.0392   0.0000   0.0130   0.1324    0.229
    29   0.0425  -0.1168   0.0000   0.2286   0.0053   0.1383   0.1243   0.6856   0.6078   0.0363   0.0000   0.0165   0.1266    0.223
    30   0.0511  -0.1404   0.0000   0.2286   0.0054   0.1347   0.1295   0.6681   0.5923   0.0337   0.0000   0.0200   0.1197    0.216
    31   0.0598  -0.1644   0.0000   0.2286   0.0054   0.1297   0.1348   0.6433   0.5703   0.0310   0.0000   0.0235   0.1112    0.209
    32   0.0684  -0.1880   0.0000   0.2286   0.0053   0.1229   0.1400   0.6101   0.5409   0.0282   0.0000   0.0271   0.1009    0.200
    33   0.0767  -0.2107   0.0000   0.2286   0.0051   0.1143   0.1447   0.5677   0.5033   0.0252   0.0000   0.0305   0.0888    0.189
    34   0.0844  -0.2320   0.0000   0.2286   0.0047   0.1038   0.1484   0.5156   0.4571   0.0219   0.0000   0.0334   0.0752    0.177
    35   0.0915  -0.2514   0.0000   0.2286   0.0042   0.0914   0.1508   0.4540   0.4025   0.0183   0.0000   0.0353   0.0607    0.162
    36   0.0976  -0.2683   0.0000   0.2286   0.0036   0.0771   0.1514   0.3835   0.3400   0.0145   0.0000   0.0352   0.0462    0.146
    37   0.1027  -0.2823   0.0000   0.2286   0.0029   0.0614   0.1501   0.3055   0.2708   0.0106   0.0000   0.0326   0.0325    0.130
    38   0.1067  -0.2932   0.0000   0.2286   0.0021   0.0446   0.1470   0.2218   0.1967   0.0066   0.0000   0.0268   0.0206    0.114
    39   0.1094  -0.3006   0.0000   0.2286   0.0013   0.0270   0.1430   0.1346   0.1193   0.0025   0.0000   0.0177   0.0111    0.102
    40   0.1107  -0.3043   0.0000   0.2286   0.0004   0.0090   0.1405   0.0455   0.0403  -0.0014   0.0000   0.0062   0.0035    0.097
 ---------------------------------------------------------------
