 ---------------------------------------------------------------
 Surface and Strip Forces by surface

  Sref = 0.12390       Cref = 0.17500       Bref = 0.81280    
  Xref = 0.10920       Yref =  0.0000       Zref =  0.0000    

  Surface # 1     Wing                                    
     # Chordwise = 10   # Spanwise = 20     First strip =  1
     Surface area Ssurf =    0.103226     Ave. chord Cave =    0.254000

 Forces referred to Sref, Cref, Bref about Xref, Yref, Zref
 Standard axis orientation,  X fwd, Z down         
     CLsurf  =   0.29318     Clsurf  =  -0.06426
     CYsurf  =   0.00725     Cmsurf  =  -0.02638
     CDsurf  =   0.01113     Cnsurf  =  -0.00723
     CDisurf =   0.01113     CDvsurf =   0.00000

 Forces referred to Ssurf, Cave 
     CLsurf  =   0.35189     CDsurf  =   0.01336

 Strip Forces referred to Strip Area, Chord
    j     Xle      Yle      Zle      Chord    Area     c_cl     ai     cl_norm    cl       cd       cdv    cm_c/4     cm_LE   C.P.x/c
     1   0.0002   0.0006   0.0000   0.2540   0.0006   0.1053   0.0501   0.4601   0.3991   0.1739   0.0000  -0.0137  -0.1092    0.284
     2   0.0022   0.0056   0.0000   0.2540   0.0019   0.1053   0.0491   0.4765   0.4134   0.0326   0.0000  -0.0126  -0.1082    0.280
     3   0.0061   0.0155   0.0000   0.2540   0.0031   0.1054   0.0502   0.4776   0.4144   0.0250   0.0000  -0.0093  -0.1052    0.273
     4   0.0118   0.0299   0.0000   0.2540   0.0042   0.1055   0.0525   0.4786   0.4153   0.0223   0.0000  -0.0052  -0.1015    0.262
     5   0.0191   0.0487   0.0000   0.2540   0.0053   0.1057   0.0555   0.4797   0.4162   0.0199   0.0000  -0.0011  -0.0979    0.253
     6   0.0280   0.0712   0.0000   0.2540   0.0062   0.1058   0.0586   0.4803   0.4167   0.0178   0.0000   0.0024  -0.0947    0.244
     7   0.0381   0.0970   0.0000   0.2540   0.0069   0.1056   0.0619   0.4796   0.4161   0.0162   0.0000   0.0053  -0.0918    0.237
     8   0.0493   0.1254   0.0000   0.2540   0.0075   0.1049   0.0653   0.4767   0.4136   0.0148   0.0000   0.0078  -0.0888    0.231
     9   0.0612   0.1558   0.0000   0.2540   0.0079   0.1035   0.0689   0.4707   0.4084   0.0136   0.0000   0.0100  -0.0855    0.225
    10   0.0736   0.1873   0.0000   0.2540   0.0081   0.1013   0.0727   0.4606   0.3996   0.0126   0.0000   0.0122  -0.0814    0.219
    11   0.0861   0.2191   0.0000   0.2540   0.0081   0.0980   0.0767   0.4456   0.3866   0.0116   0.0000   0.0145  -0.0762    0.212
    12   0.0985   0.2506   0.0000   0.2540   0.0079   0.0934   0.0808   0.4246   0.3684   0.0106   0.0000   0.0171  -0.0696    0.204
    13   0.1104   0.2810   0.0000   0.2540   0.0075   0.0873   0.0846   0.3969   0.3443   0.0094   0.0000   0.0198  -0.0615    0.193
    14   0.1216   0.3094   0.0000   0.2540   0.0069   0.0795   0.0877   0.3618   0.3139   0.0081   0.0000   0.0224  -0.0520    0.179
    15   0.1317   0.3352   0.0000   0.2540   0.0062   0.0702   0.0895   0.3194   0.2771   0.0066   0.0000   0.0245  -0.0415    0.162
    16   0.1406   0.3577   0.0000   0.2540   0.0053   0.0593   0.0896   0.2700   0.2342   0.0050   0.0000   0.0254  -0.0307    0.141
    17   0.1479   0.3765   0.0000   0.2540   0.0042   0.0472   0.0876   0.2147   0.1863   0.0034   0.0000   0.0243  -0.0205    0.119
    18   0.1536   0.3909   0.0000   0.2540   0.0031   0.0341   0.0835   0.1554   0.1348   0.0017   0.0000   0.0206  -0.0121    0.097
    19   0.1575   0.4008   0.0000   0.2540   0.0019   0.0206   0.0784   0.0938   0.0813   0.0001   0.0000   0.0139  -0.0059    0.079
    20   0.1595   0.4058   0.0000   0.2540   0.0006   0.0069   0.0750   0.0314   0.0273  -0.0012   0.0000   0.0049  -0.0017    0.070

  Surface # 2     Wing (YDUP)                             
     # Chordwise = 10   # Spanwise = 20     First strip = 21
     Surface area Ssurf =    0.103226     Ave. chord Cave =    0.254000

 Forces referred to Sref, Cref, Bref about Xref, Yref, Zref
 Standard axis orientation,  X fwd, Z down         
     CLsurf  =   0.29318     Clsurf  =   0.06426
     CYsurf  =  -0.00725     Cmsurf  =  -0.02638
     CDsurf  =   0.01113     Cnsurf  =   0.00723
     CDisurf =   0.01113     CDvsurf =   0.00000

 Forces referred to Ssurf, Cave 
     CLsurf  =   0.35189     CDsurf  =   0.01336

 Strip Forces referred to Strip Area, Chord
    j     Xle      Yle      Zle      Chord    Area     c_cl     ai     cl_norm    cl       cd       cdv    cm_c/4     cm_LE   C.P.x/c
    21   0.0002  -0.0006   0.0000   0.2540   0.0006   0.1053   0.0501   0.4601   0.3991   0.1739   0.0000  -0.0137   0.1092    0.284
    22   0.0022  -0.0056   0.0000   0.2540   0.0019   0.1053   0.0491   0.4765   0.4134   0.0326   0.0000  -0.0126   0.1082    0.280
    23   0.0061  -0.0155   0.0000   0.2540   0.0031   0.1054   0.0502   0.4776   0.4144   0.0250   0.0000  -0.0093   0.1052    0.273
    24   0.0118  -0.0299   0.0000   0.2540   0.0042   0.1055   0.0525   0.4786   0.4153   0.0223   0.0000  -0.0052   0.1015    0.262
    25   0.0191  -0.0487   0.0000   0.2540   0.0053   0.1057   0.0555   0.4797   0.4162   0.0199   0.0000  -0.0011   0.0979    0.253
    26   0.0280  -0.0712   0.0000   0.2540   0.0062   0.1058   0.0586   0.4803   0.4167   0.0178   0.0000   0.0024   0.0947    0.244
    27   0.0381  -0.0970   0.0000   0.2540   0.0069   0.1056   0.0619   0.4796   0.4161   0.0162   0.0000   0.0053   0.0918    0.237
    28   0.0493  -0.1254   0.0000   0.2540   0.0075   0.1049   0.0653   0.4767   0.4136   0.0148   0.0000   0.0078   0.0888    0.231
    29   0.0612  -0.1558   0.0000   0.2540   0.0079   0.1035   0.0689   0.4707   0.4084   0.0136   0.0000   0.0100   0.0855    0.225
    30   0.0736  -0.1873   0.0000   0.2540   0.0081   0.1013   0.0727   0.4606   0.3996   0.0126   0.0000   0.0122   0.0814    0.219
    31   0.0861  -0.2191   0.0000   0.2540   0.0081   0.0980   0.0767   0.4456   0.3866   0.0116   0.0000   0.0145   0.0762    0.212
    32   0.0985  -0.2506   0.0000   0.2540   0.0079   0.0934   0.0808   0.4246   0.3684   0.0106   0.0000   0.0171   0.0696    0.204
    33   0.1104  -0.2810   0.0000   0.2540   0.0075   0.0873   0.0846   0.3969   0.3443   0.0094   0.0000   0.0198   0.0615    0.193
    34   0.1216  -0.3094   0.0000   0.2540   0.0069   0.0795   0.0877   0.3618   0.3139   0.0081   0.0000   0.0224   0.0520    0.179
    35   0.1317  -0.3352   0.0000   0.2540   0.0062   0.0702   0.0895   0.3194   0.2771   0.0066   0.0000   0.0245   0.0415    0.162
    36   0.1406  -0.3577   0.0000   0.2540   0.0053   0.0593   0.0896   0.2700   0.2342   0.0050   0.0000   0.0254   0.0307    0.141
    37   0.1479  -0.3765   0.0000   0.2540   0.0042   0.0472   0.0876   0.2147   0.1863   0.0034   0.0000   0.0243   0.0205    0.119
    38   0.1536  -0.3909   0.0000   0.2540   0.0031   0.0341   0.0835   0.1554   0.1348   0.0017   0.0000   0.0206   0.0121    0.097
    39   0.1575  -0.4008   0.0000   0.2540   0.0019   0.0206   0.0784   0.0938   0.0813   0.0001   0.0000   0.0139   0.0059    0.079
    40   0.1595  -0.4058   0.0000   0.2540   0.0006   0.0069   0.0750   0.0314   0.0273  -0.0012   0.0000   0.0049   0.0017    0.070
 ---------------------------------------------------------------
