 ---------------------------------------------------------------
 Surface and Strip Forces by surface

  Sref = 0.17340       Cref = 0.22640       Bref = 0.81280    
  Xref = 0.10920       Yref =  0.0000       Zref =  0.0000    

  Surface # 1     Wing                                    
     # Chordwise = 10   # Spanwise = 20     First strip =  1
     Surface area Ssurf =    0.123871     Ave. chord Cave =    0.304800

 Forces referred to Sref, Cref, Bref about Xref, Yref, Zref
 Standard axis orientation,  X fwd, Z down         
     CLsurf  =   0.20948     Clsurf  =  -0.04545
     CYsurf  =   0.00424     Cmsurf  =  -0.01971
     CDsurf  =   0.00796     Cnsurf  =  -0.00485
     CDisurf =   0.00796     CDvsurf =   0.00000

 Forces referred to Ssurf, Cave 
     CLsurf  =   0.29324     CDsurf  =   0.01115

 Strip Forces referred to Strip Area, Chord
    j     Xle      Yle      Zle      Chord    Area     c_cl     ai     cl_norm    cl       cd       cdv    cm_c/4     cm_LE   C.P.x/c
     1   0.0002   0.0006   0.0000   0.3048   0.0008   0.1079   0.0581   0.3902   0.3413   0.1565   0.0000  -0.0088  -0.0910    0.276
     2   0.0021   0.0056   0.0000   0.3048   0.0023   0.1079   0.0562   0.4036   0.3530   0.0275   0.0000  -0.0081  -0.0903    0.273
     3   0.0059   0.0155   0.0000   0.3048   0.0037   0.1079   0.0561   0.4043   0.3536   0.0203   0.0000  -0.0058  -0.0881    0.266
     4   0.0114   0.0299   0.0000   0.3048   0.0051   0.1079   0.0573   0.4045   0.3538   0.0183   0.0000  -0.0026  -0.0852    0.257
     5   0.0185   0.0487   0.0000   0.3048   0.0063   0.1078   0.0592   0.4045   0.3538   0.0166   0.0000   0.0007  -0.0820    0.248
     6   0.0271   0.0712   0.0000   0.3048   0.0074   0.1076   0.0616   0.4038   0.3532   0.0151   0.0000   0.0037  -0.0790    0.239
     7   0.0369   0.0970   0.0000   0.3048   0.0083   0.1071   0.0641   0.4019   0.3515   0.0137   0.0000   0.0064  -0.0761    0.232
     8   0.0477   0.1254   0.0000   0.3048   0.0090   0.1060   0.0668   0.3980   0.3481   0.0126   0.0000   0.0088  -0.0730    0.225
     9   0.0593   0.1558   0.0000   0.3048   0.0095   0.1042   0.0697   0.3913   0.3423   0.0115   0.0000   0.0110  -0.0696    0.218
    10   0.0712   0.1873   0.0000   0.3048   0.0097   0.1015   0.0727   0.3811   0.3334   0.0106   0.0000   0.0131  -0.0655    0.211
    11   0.0834   0.2191   0.0000   0.3048   0.0097   0.0976   0.0757   0.3667   0.3207   0.0097   0.0000   0.0153  -0.0605    0.202
    12   0.0953   0.2506   0.0000   0.3048   0.0095   0.0925   0.0786   0.3474   0.3039   0.0087   0.0000   0.0175  -0.0545    0.192
    13   0.1069   0.2810   0.0000   0.3048   0.0090   0.0859   0.0810   0.3227   0.2823   0.0076   0.0000   0.0197  -0.0474    0.180
    14   0.1177   0.3094   0.0000   0.3048   0.0083   0.0778   0.0826   0.2924   0.2557   0.0064   0.0000   0.0217  -0.0394    0.165
    15   0.1275   0.3352   0.0000   0.3048   0.0074   0.0683   0.0830   0.2566   0.2244   0.0052   0.0000   0.0229  -0.0309    0.148
    16   0.1361   0.3577   0.0000   0.3048   0.0063   0.0574   0.0819   0.2157   0.1887   0.0039   0.0000   0.0231  -0.0224    0.128
    17   0.1432   0.3765   0.0000   0.3048   0.0051   0.0454   0.0791   0.1708   0.1494   0.0025   0.0000   0.0214  -0.0148    0.106
    18   0.1487   0.3909   0.0000   0.3048   0.0037   0.0328   0.0749   0.1233   0.1078   0.0012   0.0000   0.0177  -0.0086    0.086
    19   0.1525   0.4008   0.0000   0.3048   0.0023   0.0197   0.0701   0.0743   0.0650  -0.0002   0.0000   0.0117  -0.0041    0.069
    20   0.1544   0.4058   0.0000   0.3048   0.0008   0.0066   0.0673   0.0249   0.0218  -0.0011   0.0000   0.0041  -0.0012    0.061

  Surface # 2     Wing (YDUP)                             
     # Chordwise = 10   # Spanwise = 20     First strip = 21
     Surface area Ssurf =    0.123871     Ave. chord Cave =    0.304800

 Forces referred to Sref, Cref, Bref about Xref, Yref, Zref
 Standard axis orientation,  X fwd, Z down         
     CLsurf  =   0.20948     Clsurf  =   0.04545
     CYsurf  =  -0.00424     Cmsurf  =  -0.01971
     CDsurf  =   0.00796     Cnsurf  =   0.00485
     CDisurf =   0.00796     CDvsurf =   0.00000

 Forces referred to Ssurf, Cave 
     CLsurf  =   0.29324     CDsurf  =   0.01115

 Strip Forces referred to Strip Area, Chord
    j     Xle      Yle      Zle      Chord    Area     c_cl     ai     cl_norm    cl       cd       cdv    cm_c/4     cm_LE   C.P.x/c
    21   0.0002  -0.0006   0.0000   0.3048   0.0008   0.1079   0.0581   0.3902   0.3413   0.1565   0.0000  -0.0088   0.0910    0.276
    22   0.0021  -0.0056   0.0000   0.3048   0.0023   0.1079   0.0562   0.4036   0.3530   0.0275   0.0000  -0.0081   0.0903    0.273
    23   0.0059  -0.0155   0.0000   0.3048   0.0037   0.1079   0.0561   0.4043   0.3536   0.0203   0.0000  -0.0058   0.0881    0.266
    24   0.0114  -0.0299   0.0000   0.3048   0.0051   0.1079   0.0573   0.4045   0.3538   0.0183   0.0000  -0.0026   0.0852    0.257
    25   0.0185  -0.0487   0.0000   0.3048   0.0063   0.1078   0.0592   0.4045   0.3538   0.0166   0.0000   0.0007   0.0820    0.248
    26   0.0271  -0.0712   0.0000   0.3048   0.0074   0.1076   0.0616   0.4038   0.3532   0.0151   0.0000   0.0037   0.0790    0.239
    27   0.0369  -0.0970   0.0000   0.3048   0.0083   0.1071   0.0641   0.4019   0.3515   0.0137   0.0000   0.0064   0.0761    0.232
    28   0.0477  -0.1254   0.0000   0.3048   0.0090   0.1060   0.0668   0.3980   0.3481   0.0126   0.0000   0.0088   0.0730    0.225
    29   0.0593  -0.1558   0.0000   0.3048   0.0095   0.1042   0.0697   0.3913   0.3423   0.0115   0.0000   0.0110   0.0696    0.218
    30   0.0712  -0.1873   0.0000   0.3048   0.0097   0.1015   0.0727   0.3811   0.3334   0.0106   0.0000   0.0131   0.0655    0.211
    31   0.0834  -0.2191   0.0000   0.3048   0.0097   0.0976   0.0757   0.3667   0.3207   0.0097   0.0000   0.0153   0.0605    0.202
    32   0.0953  -0.2506   0.0000   0.3048   0.0095   0.0925   0.0786   0.3474   0.3039   0.0087   0.0000   0.0175   0.0545    0.192
    33   0.1069  -0.2810   0.0000   0.3048   0.0090   0.0859   0.0810   0.3227   0.2823   0.0076   0.0000   0.0197   0.0474    0.180
    34   0.1177  -0.3094   0.0000   0.3048   0.0083   0.0778   0.0826   0.2924   0.2557   0.0064   0.0000   0.0217   0.0394    0.165
    35   0.1275  -0.3352   0.0000   0.3048   0.0074   0.0683   0.0830   0.2566   0.2244   0.0052   0.0000   0.0229   0.0309    0.148
    36   0.1361  -0.3577   0.0000   0.3048   0.0063   0.0574   0.0819   0.2157   0.1887   0.0039   0.0000   0.0231   0.0224    0.128
    37   0.1432  -0.3765   0.0000   0.3048   0.0051   0.0454   0.0791   0.1708   0.1494   0.0025   0.0000   0.0214   0.0148    0.106
    38   0.1487  -0.3909   0.0000   0.3048   0.0037   0.0328   0.0749   0.1233   0.1078   0.0012   0.0000   0.0177   0.0086    0.086
    39   0.1525  -0.4008   0.0000   0.3048   0.0023   0.0197   0.0701   0.0743   0.0650  -0.0002   0.0000   0.0117   0.0041    0.069
    40   0.1544  -0.4058   0.0000   0.3048   0.0008   0.0066   0.0673   0.0249   0.0218  -0.0011   0.0000   0.0041   0.0012    0.061
 ---------------------------------------------------------------
