 ---------------------------------------------------------------
 Surface and Strip Forces by surface

  Sref = 0.17880       Cref = 0.25250       Bref = 0.71120    
  Xref = 0.10920       Yref =  0.0000       Zref =  0.0000    

  Surface # 1     Wing                                    
     # Chordwise = 10   # Spanwise = 20     First strip =  1
     Surface area Ssurf =    0.099355     Ave. chord Cave =    0.279400

 Forces referred to Sref, Cref, Bref about Xref, Yref, Zref
 Standard axis orientation,  X fwd, Z down         
     CLsurf  =   0.20316     Clsurf  =  -0.04375
     CYsurf  =   0.00310     Cmsurf  =   0.01474
     CDsurf  =   0.00979     Cnsurf  =  -0.00467
     CDisurf =   0.00979     CDvsurf =   0.00000

 Forces referred to Ssurf, Cave 
     CLsurf  =   0.36560     CDsurf  =   0.01761

 Strip Forces referred to Strip Area, Chord
    j     Xle      Yle      Zle      Chord    Area     c_cl     ai     cl_norm    cl       cd       cdv    cm_c/4     cm_LE   C.P.x/c
     1   0.0001   0.0005   0.0000   0.2794   0.0006   0.1254   0.0813   0.4531   0.4333   0.1578   0.0000   0.0002  -0.1096    0.250
     2   0.0011   0.0049   0.0000   0.2794   0.0018   0.1254   0.0803   0.4684   0.4479   0.0349   0.0000   0.0006  -0.1091    0.249
     3   0.0029   0.0135   0.0000   0.2794   0.0030   0.1254   0.0803   0.4692   0.4486   0.0275   0.0000   0.0022  -0.1075    0.245
     4   0.0057   0.0262   0.0000   0.2794   0.0041   0.1253   0.0810   0.4690   0.4485   0.0253   0.0000   0.0043  -0.1053    0.240
     5   0.0092   0.0426   0.0000   0.2794   0.0051   0.1250   0.0823   0.4682   0.4477   0.0236   0.0000   0.0067  -0.1028    0.235
     6   0.0134   0.0623   0.0000   0.2794   0.0059   0.1244   0.0840   0.4663   0.4459   0.0221   0.0000   0.0089  -0.1001    0.230
     7   0.0183   0.0849   0.0000   0.2794   0.0066   0.1234   0.0860   0.4626   0.4423   0.0208   0.0000   0.0110  -0.0972    0.225
     8   0.0237   0.1098   0.0000   0.2794   0.0072   0.1217   0.0883   0.4563   0.4363   0.0197   0.0000   0.0129  -0.0938    0.220
     9   0.0294   0.1363   0.0000   0.2794   0.0076   0.1192   0.0908   0.4468   0.4273   0.0187   0.0000   0.0148  -0.0898    0.215
    10   0.0353   0.1638   0.0000   0.2794   0.0078   0.1156   0.0935   0.4334   0.4144   0.0177   0.0000   0.0166  -0.0848    0.210
    11   0.0414   0.1918   0.0000   0.2794   0.0078   0.1107   0.0964   0.4153   0.3971   0.0167   0.0000   0.0185  -0.0787    0.203
    12   0.0473   0.2193   0.0000   0.2794   0.0076   0.1045   0.0991   0.3921   0.3749   0.0155   0.0000   0.0204  -0.0714    0.196
    13   0.0530   0.2458   0.0000   0.2794   0.0072   0.0968   0.1016   0.3631   0.3472   0.0143   0.0000   0.0222  -0.0630    0.186
    14   0.0584   0.2707   0.0000   0.2794   0.0066   0.0875   0.1034   0.3284   0.3140   0.0128   0.0000   0.0237  -0.0534    0.175
    15   0.0633   0.2933   0.0000   0.2794   0.0059   0.0768   0.1043   0.2880   0.2753   0.0111   0.0000   0.0244  -0.0433    0.161
    16   0.0675   0.3130   0.0000   0.2794   0.0051   0.0646   0.1038   0.2423   0.2317   0.0092   0.0000   0.0240  -0.0330    0.146
    17   0.0710   0.3294   0.0000   0.2794   0.0041   0.0512   0.1019   0.1923   0.1838   0.0071   0.0000   0.0219  -0.0234    0.131
    18   0.0738   0.3421   0.0000   0.2794   0.0030   0.0371   0.0986   0.1391   0.1330   0.0048   0.0000   0.0179  -0.0149    0.116
    19   0.0756   0.3507   0.0000   0.2794   0.0018   0.0224   0.0946   0.0841   0.0804   0.0023   0.0000   0.0118  -0.0080    0.103
    20   0.0766   0.3551   0.0000   0.2794   0.0006   0.0075   0.0921   0.0282   0.0269   0.0000   0.0000   0.0041  -0.0025    0.097

  Surface # 2     Wing (YDUP)                             
     # Chordwise = 10   # Spanwise = 20     First strip = 21
     Surface area Ssurf =    0.099355     Ave. chord Cave =    0.279400

 Forces referred to Sref, Cref, Bref about Xref, Yref, Zref
 Standard axis orientation,  X fwd, Z down         
     CLsurf  =   0.20316     Clsurf  =   0.04375
     CYsurf  =  -0.00310     Cmsurf  =   0.01474
     CDsurf  =   0.00979     Cnsurf  =   0.00467
     CDisurf =   0.00979     CDvsurf =   0.00000

 Forces referred to Ssurf, Cave 
     CLsurf  =   0.36560     CDsurf  =   0.01761

 Strip Forces referred to Strip Area, Chord
    j     Xle      Yle      Zle      Chord    Area     c_cl     ai     cl_norm    cl       cd       cdv    cm_c/4     cm_LE   C.P.x/c
    21   0.0001  -0.0005   0.0000   0.2794   0.0006   0.1254   0.0813   0.4531   0.4333   0.1578   0.0000   0.0002   0.1096    0.250
    22   0.0011  -0.0049   0.0000   0.2794   0.0018   0.1254   0.0803   0.4684   0.4479   0.0349   0.0000   0.0006   0.1091    0.249
    23   0.0029  -0.0135   0.0000   0.2794   0.0030   0.1254   0.0803   0.4692   0.4486   0.0275   0.0000   0.0022   0.1075    0.245
    24   0.0057  -0.0262   0.0000   0.2794   0.0041   0.1253   0.0810   0.4690   0.4485   0.0253   0.0000   0.0043   0.1053    0.240
    25   0.0092  -0.0426   0.0000   0.2794   0.0051   0.1250   0.0823   0.4682   0.4477   0.0236   0.0000   0.0067   0.1028    0.235
    26   0.0134  -0.0623   0.0000   0.2794   0.0059   0.1244   0.0840   0.4663   0.4459   0.0221   0.0000   0.0089   0.1001    0.230
    27   0.0183  -0.0849   0.0000   0.2794   0.0066   0.1234   0.0860   0.4626   0.4423   0.0208   0.0000   0.0110   0.0972    0.225
    28   0.0237  -0.1098   0.0000   0.2794   0.0072   0.1217   0.0883   0.4563   0.4363   0.0197   0.0000   0.0129   0.0938    0.220
    29   0.0294  -0.1363   0.0000   0.2794   0.0076   0.1192   0.0908   0.4468   0.4273   0.0187   0.0000   0.0148   0.0898    0.215
    30   0.0353  -0.1638   0.0000   0.2794   0.0078   0.1156   0.0935   0.4334   0.4144   0.0177   0.0000   0.0166   0.0848    0.210
    31   0.0414  -0.1918   0.0000   0.2794   0.0078   0.1107   0.0964   0.4153   0.3971   0.0167   0.0000   0.0185   0.0787    0.203
    32   0.0473  -0.2193   0.0000   0.2794   0.0076   0.1045   0.0991   0.3921   0.3749   0.0155   0.0000   0.0204   0.0714    0.196
    33   0.0530  -0.2458   0.0000   0.2794   0.0072   0.0968   0.1016   0.3631   0.3472   0.0143   0.0000   0.0222   0.0630    0.186
    34   0.0584  -0.2707   0.0000   0.2794   0.0066   0.0875   0.1034   0.3284   0.3140   0.0128   0.0000   0.0237   0.0534    0.175
    35   0.0633  -0.2933   0.0000   0.2794   0.0059   0.0768   0.1043   0.2880   0.2753   0.0111   0.0000   0.0244   0.0433    0.161
    36   0.0675  -0.3130   0.0000   0.2794   0.0051   0.0646   0.1038   0.2423   0.2317   0.0092   0.0000   0.0240   0.0330    0.146
    37   0.0710  -0.3294   0.0000   0.2794   0.0041   0.0512   0.1019   0.1923   0.1838   0.0071   0.0000   0.0219   0.0234    0.131
    38   0.0738  -0.3421   0.0000   0.2794   0.0030   0.0371   0.0986   0.1391   0.1330   0.0048   0.0000   0.0179   0.0149    0.116
    39   0.0756  -0.3507   0.0000   0.2794   0.0018   0.0224   0.0946   0.0841   0.0804   0.0023   0.0000   0.0118   0.0080    0.103
    40   0.0766  -0.3551   0.0000   0.2794   0.0006   0.0075   0.0921   0.0282   0.0269   0.0000   0.0000   0.0041   0.0025    0.097
 ---------------------------------------------------------------
