 ---------------------------------------------------------------
 Surface and Strip Forces by surface

  Sref = 0.16260       Cref = 0.18870       Bref = 0.91440    
  Xref = 0.10920       Yref =  0.0000       Zref =  0.0000    

  Surface # 1     Wing                                    
     # Chordwise = 10   # Spanwise = 20     First strip =  1
     Surface area Ssurf =    0.116129     Ave. chord Cave =    0.254000

 Forces referred to Sref, Cref, Bref about Xref, Yref, Zref
 Standard axis orientation,  X fwd, Z down         
     CLsurf  =   0.22340     Clsurf  =  -0.04866
     CYsurf  =   0.00199     Cmsurf  =   0.02437
     CDsurf  =   0.00645     Cnsurf  =  -0.00316
     CDisurf =   0.00645     CDvsurf =   0.00000

 Forces referred to Ssurf, Cave 
     CLsurf  =   0.31279     CDsurf  =   0.00904

 Strip Forces referred to Strip Area, Chord
    j     Xle      Yle      Zle      Chord    Area     c_cl     ai     cl_norm    cl       cd       cdv    cm_c/4     cm_LE   C.P.x/c
     1   0.0001   0.0007   0.0000   0.2540   0.0007   0.0956   0.0456   0.3830   0.3722   0.0663   0.0000  -0.0011  -0.0939    0.253
     2   0.0011   0.0063   0.0000   0.2540   0.0021   0.0956   0.0446   0.3871   0.3762   0.0164   0.0000  -0.0006  -0.0933    0.252
     3   0.0030   0.0174   0.0000   0.2540   0.0035   0.0956   0.0446   0.3872   0.3763   0.0136   0.0000   0.0009  -0.0918    0.248
     4   0.0058   0.0337   0.0000   0.2540   0.0048   0.0955   0.0454   0.3872   0.3763   0.0125   0.0000   0.0028  -0.0900    0.243
     5   0.0094   0.0548   0.0000   0.2540   0.0059   0.0954   0.0466   0.3869   0.3760   0.0115   0.0000   0.0046  -0.0881    0.238
     6   0.0137   0.0801   0.0000   0.2540   0.0069   0.0952   0.0480   0.3860   0.3751   0.0107   0.0000   0.0061  -0.0863    0.234
     7   0.0186   0.1092   0.0000   0.2540   0.0078   0.0946   0.0497   0.3838   0.3729   0.0102   0.0000   0.0074  -0.0845    0.230
     8   0.0241   0.1411   0.0000   0.2540   0.0084   0.0936   0.0515   0.3797   0.3691   0.0097   0.0000   0.0085  -0.0824    0.227
     9   0.0299   0.1752   0.0000   0.2540   0.0089   0.0920   0.0536   0.3733   0.3628   0.0094   0.0000   0.0096  -0.0798    0.224
    10   0.0360   0.2107   0.0000   0.2540   0.0091   0.0897   0.0560   0.3639   0.3536   0.0091   0.0000   0.0107  -0.0765    0.220
    11   0.0421   0.2465   0.0000   0.2540   0.0091   0.0865   0.0587   0.3507   0.3408   0.0088   0.0000   0.0120  -0.0721    0.215
    12   0.0482   0.2820   0.0000   0.2540   0.0089   0.0822   0.0615   0.3333   0.3239   0.0084   0.0000   0.0134  -0.0665    0.209
    13   0.0540   0.3161   0.0000   0.2540   0.0084   0.0767   0.0644   0.3109   0.3021   0.0080   0.0000   0.0150  -0.0596    0.200
    14   0.0595   0.3480   0.0000   0.2540   0.0078   0.0698   0.0670   0.2832   0.2752   0.0074   0.0000   0.0166  -0.0513    0.190
    15   0.0644   0.3771   0.0000   0.2540   0.0069   0.0616   0.0688   0.2499   0.2428   0.0066   0.0000   0.0180  -0.0420    0.176
    16   0.0687   0.4024   0.0000   0.2540   0.0059   0.0521   0.0692   0.2112   0.2053   0.0056   0.0000   0.0187  -0.0321    0.159
    17   0.0723   0.4235   0.0000   0.2540   0.0048   0.0414   0.0679   0.1680   0.1632   0.0044   0.0000   0.0180  -0.0224    0.140
    18   0.0751   0.4398   0.0000   0.2540   0.0035   0.0299   0.0646   0.1214   0.1180   0.0030   0.0000   0.0154  -0.0138    0.119
    19   0.0770   0.4509   0.0000   0.2540   0.0021   0.0180   0.0598   0.0731   0.0711   0.0014   0.0000   0.0106  -0.0071    0.101
    20   0.0780   0.4565   0.0000   0.2540   0.0007   0.0060   0.0561   0.0244   0.0237   0.0000   0.0000   0.0038  -0.0021    0.091

  Surface # 2     Wing (YDUP)                             
     # Chordwise = 10   # Spanwise = 20     First strip = 21
     Surface area Ssurf =    0.116129     Ave. chord Cave =    0.254000

 Forces referred to Sref, Cref, Bref about Xref, Yref, Zref
 Standard axis orientation,  X fwd, Z down         
     CLsurf  =   0.22340     Clsurf  =   0.04866
     CYsurf  =  -0.00199     Cmsurf  =   0.02437
     CDsurf  =   0.00645     Cnsurf  =   0.00316
     CDisurf =   0.00645     CDvsurf =   0.00000

 Forces referred to Ssurf, Cave 
     CLsurf  =   0.31279     CDsurf  =   0.00904

 Strip Forces referred to Strip Area, Chord
    j     Xle      Yle      Zle      Chord    Area     c_cl     ai     cl_norm    cl       cd       cdv    cm_c/4     cm_LE   C.P.x/c
    21   0.0001  -0.0007   0.0000   0.2540   0.0007   0.0956   0.0456   0.3830   0.3722   0.0663   0.0000  -0.0011   0.0939    0.253
    22   0.0011  -0.0063   0.0000   0.2540   0.0021   0.0956   0.0446   0.3871   0.3762   0.0164   0.0000  -0.0006   0.0933    0.252
    23   0.0030  -0.0174   0.0000   0.2540   0.0035   0.0956   0.0446   0.3872   0.3763   0.0136   0.0000   0.0009   0.0918    0.248
    24   0.0058  -0.0337   0.0000   0.2540   0.0048   0.0955   0.0454   0.3872   0.3763   0.0125   0.0000   0.0028   0.0900    0.243
    25   0.0094  -0.0548   0.0000   0.2540   0.0059   0.0954   0.0466   0.3869   0.3760   0.0115   0.0000   0.0046   0.0881    0.238
    26   0.0137  -0.0801   0.0000   0.2540   0.0069   0.0952   0.0480   0.3860   0.3751   0.0107   0.0000   0.0061   0.0863    0.234
    27   0.0186  -0.1092   0.0000   0.2540   0.0078   0.0946   0.0497   0.3838   0.3729   0.0102   0.0000   0.0074   0.0845    0.230
    28   0.0241  -0.1411   0.0000   0.2540   0.0084   0.0936   0.0515   0.3797   0.3691   0.0097   0.0000   0.0085   0.0824    0.227
    29   0.0299  -0.1752   0.0000   0.2540   0.0089   0.0920   0.0536   0.3733   0.3628   0.0094   0.0000   0.0096   0.0798    0.224
    30   0.0360  -0.2107   0.0000   0.2540   0.0091   0.0897   0.0560   0.3639   0.3536   0.0091   0.0000   0.0107   0.0765    0.220
    31   0.0421  -0.2465   0.0000   0.2540   0.0091   0.0865   0.0587   0.3507   0.3408   0.0088   0.0000   0.0120   0.0721    0.215
    32   0.0482  -0.2820   0.0000   0.2540   0.0089   0.0822   0.0615   0.3333   0.3239   0.0084   0.0000   0.0134   0.0665    0.209
    33   0.0540  -0.3161   0.0000   0.2540   0.0084   0.0767   0.0644   0.3109   0.3021   0.0080   0.0000   0.0150   0.0596    0.200
    34   0.0595  -0.3480   0.0000   0.2540   0.0078   0.0698   0.0670   0.2832   0.2752   0.0074   0.0000   0.0166   0.0513    0.190
    35   0.0644  -0.3771   0.0000   0.2540   0.0069   0.0616   0.0688   0.2499   0.2428   0.0066   0.0000   0.0180   0.0420    0.176
    36   0.0687  -0.4024   0.0000   0.2540   0.0059   0.0521   0.0692   0.2112   0.2053   0.0056   0.0000   0.0187   0.0321    0.159
    37   0.0723  -0.4235   0.0000   0.2540   0.0048   0.0414   0.0679   0.1680   0.1632   0.0044   0.0000   0.0180   0.0224    0.140
    38   0.0751  -0.4398   0.0000   0.2540   0.0035   0.0299   0.0646   0.1214   0.1180   0.0030   0.0000   0.0154   0.0138    0.119
    39   0.0770  -0.4509   0.0000   0.2540   0.0021   0.0180   0.0598   0.0731   0.0711   0.0014   0.0000   0.0106   0.0071    0.101
    40   0.0780  -0.4565   0.0000   0.2540   0.0007   0.0060   0.0561   0.0244   0.0237   0.0000   0.0000   0.0038   0.0021    0.091
 ---------------------------------------------------------------
