 ---------------------------------------------------------------
 Surface and Strip Forces by surface

  Sref = 0.13010       Cref = 0.22640       Bref = 0.60960    
  Xref = 0.10920       Yref =  0.0000       Zref =  0.0000    

  Surface # 1     Wing                                    
     # Chordwise = 10   # Spanwise = 20     First strip =  1
     Surface area Ssurf =    0.092903     Ave. chord Cave =    0.304800

 Forces referred to Sref, Cref, Bref about Xref, Yref, Zref
 Standard axis orientation,  X fwd, Z down         
     CLsurf  =   0.27920     Clsurf  =  -0.05986
     CYsurf  =   0.00772     Cmsurf  =   0.00699
     CDsurf  =   0.01876     Cnsurf  =  -0.01071
     CDisurf =   0.01876     CDvsurf =   0.00000

 Forces referred to Ssurf, Cave 
     CLsurf  =   0.39099     CDsurf  =   0.02627

 Strip Forces referred to Strip Area, Chord
    j     Xle      Yle      Zle      Chord    Area     c_cl     ai     cl_norm    cl       cd       cdv    cm_c/4     cm_LE   C.P.x/c
     1   0.0002   0.0005   0.0000   0.3048   0.0006   0.1475   0.1140   0.4851   0.4394   0.3278   0.0000  -0.0016  -0.1166    0.254
     2   0.0014   0.0042   0.0000   0.3048   0.0017   0.1475   0.1128   0.5300   0.4802   0.0610   0.0000  -0.0011  -0.1160    0.252
     3   0.0038   0.0116   0.0000   0.3048   0.0028   0.1474   0.1127   0.5326   0.4825   0.0444   0.0000   0.0008  -0.1142    0.248
     4   0.0073   0.0225   0.0000   0.3048   0.0038   0.1473   0.1136   0.5328   0.4827   0.0402   0.0000   0.0036  -0.1114    0.243
     5   0.0119   0.0365   0.0000   0.3048   0.0047   0.1469   0.1152   0.5320   0.4819   0.0373   0.0000   0.0069  -0.1080    0.236
     6   0.0174   0.0534   0.0000   0.3048   0.0055   0.1462   0.1173   0.5297   0.4798   0.0346   0.0000   0.0102  -0.1043    0.229
     7   0.0238   0.0728   0.0000   0.3048   0.0062   0.1448   0.1198   0.5252   0.4758   0.0321   0.0000   0.0134  -0.1002    0.222
     8   0.0307   0.0941   0.0000   0.3048   0.0067   0.1427   0.1226   0.5177   0.4690   0.0299   0.0000   0.0164  -0.0957    0.215
     9   0.0381   0.1168   0.0000   0.3048   0.0071   0.1395   0.1255   0.5063   0.4586   0.0277   0.0000   0.0192  -0.0905    0.208
    10   0.0458   0.1404   0.0000   0.3048   0.0073   0.1350   0.1284   0.4902   0.4441   0.0256   0.0000   0.0220  -0.0844    0.201
    11   0.0537   0.1644   0.0000   0.3048   0.0073   0.1290   0.1313   0.4687   0.4246   0.0235   0.0000   0.0246  -0.0772    0.192
    12   0.0614   0.1880   0.0000   0.3048   0.0071   0.1214   0.1338   0.4412   0.3997   0.0212   0.0000   0.0270  -0.0690    0.183
    13   0.0688   0.2107   0.0000   0.3048   0.0067   0.1121   0.1358   0.4075   0.3692   0.0188   0.0000   0.0290  -0.0599    0.172
    14   0.0757   0.2320   0.0000   0.3048   0.0062   0.1011   0.1369   0.3675   0.3329   0.0162   0.0000   0.0303  -0.0500    0.159
    15   0.0821   0.2514   0.0000   0.3048   0.0055   0.0884   0.1370   0.3215   0.2912   0.0135   0.0000   0.0305  -0.0399    0.145
    16   0.0876   0.2683   0.0000   0.3048   0.0047   0.0742   0.1358   0.2701   0.2447   0.0107   0.0000   0.0292  -0.0301    0.131
    17   0.0922   0.2823   0.0000   0.3048   0.0038   0.0588   0.1334   0.2142   0.1941   0.0079   0.0000   0.0260  -0.0212    0.116
    18   0.0957   0.2932   0.0000   0.3048   0.0028   0.0426   0.1300   0.1551   0.1405   0.0049   0.0000   0.0206  -0.0136    0.103
    19   0.0981   0.3006   0.0000   0.3048   0.0017   0.0257   0.1264   0.0939   0.0851   0.0017   0.0000   0.0133  -0.0074    0.093
    20   0.0993   0.3043   0.0000   0.3048   0.0006   0.0086   0.1245   0.0317   0.0287  -0.0009   0.0000   0.0046  -0.0023    0.089

  Surface # 2     Wing (YDUP)                             
     # Chordwise = 10   # Spanwise = 20     First strip = 21
     Surface area Ssurf =    0.092903     Ave. chord Cave =    0.304800

 Forces referred to Sref, Cref, Bref about Xref, Yref, Zref
 Standard axis orientation,  X fwd, Z down         
     CLsurf  =   0.27920     Clsurf  =   0.05986
     CYsurf  =  -0.00772     Cmsurf  =   0.00699
     CDsurf  =   0.01876     Cnsurf  =   0.01071
     CDisurf =   0.01876     CDvsurf =   0.00000

 Forces referred to Ssurf, Cave 
     CLsurf  =   0.39099     CDsurf  =   0.02627

 Strip Forces referred to Strip Area, Chord
    j     Xle      Yle      Zle      Chord    Area     c_cl     ai     cl_norm    cl       cd       cdv    cm_c/4     cm_LE   C.P.x/c
    21   0.0002  -0.0005   0.0000   0.3048   0.0006   0.1475   0.1140   0.4851   0.4394   0.3278   0.0000  -0.0016   0.1166    0.254
    22   0.0014  -0.0042   0.0000   0.3048   0.0017   0.1475   0.1128   0.5300   0.4802   0.0610   0.0000  -0.0011   0.1160    0.252
    23   0.0038  -0.0116   0.0000   0.3048   0.0028   0.1474   0.1127   0.5326   0.4825   0.0444   0.0000   0.0008   0.1142    0.248
    24   0.0073  -0.0225   0.0000   0.3048   0.0038   0.1473   0.1136   0.5328   0.4827   0.0402   0.0000   0.0036   0.1114    0.243
    25   0.0119  -0.0365   0.0000   0.3048   0.0047   0.1469   0.1152   0.5320   0.4819   0.0373   0.0000   0.0069   0.1080    0.236
    26   0.0174  -0.0534   0.0000   0.3048   0.0055   0.1462   0.1173   0.5297   0.4798   0.0346   0.0000   0.0102   0.1043    0.229
    27   0.0238  -0.0728   0.0000   0.3048   0.0062   0.1448   0.1198   0.5252   0.4758   0.0321   0.0000   0.0134   0.1002    0.222
    28   0.0307  -0.0941   0.0000   0.3048   0.0067   0.1427   0.1226   0.5177   0.4690   0.0299   0.0000   0.0164   0.0957    0.215
    29   0.0381  -0.1168   0.0000   0.3048   0.0071   0.1395   0.1255   0.5063   0.4586   0.0277   0.0000   0.0192   0.0905    0.208
    30   0.0458  -0.1404   0.0000   0.3048   0.0073   0.1350   0.1284   0.4902   0.4441   0.0256   0.0000   0.0220   0.0844    0.201
    31   0.0537  -0.1644   0.0000   0.3048   0.0073   0.1290   0.1313   0.4687   0.4246   0.0235   0.0000   0.0246   0.0772    0.192
    32   0.0614  -0.1880   0.0000   0.3048   0.0071   0.1214   0.1338   0.4412   0.3997   0.0212   0.0000   0.0270   0.0690    0.183
    33   0.0688  -0.2107   0.0000   0.3048   0.0067   0.1121   0.1358   0.4075   0.3692   0.0188   0.0000   0.0290   0.0599    0.172
    34   0.0757  -0.2320   0.0000   0.3048   0.0062   0.1011   0.1369   0.3675   0.3329   0.0162   0.0000   0.0303   0.0500    0.159
    35   0.0821  -0.2514   0.0000   0.3048   0.0055   0.0884   0.1370   0.3215   0.2912   0.0135   0.0000   0.0305   0.0399    0.145
    36   0.0876  -0.2683   0.0000   0.3048   0.0047   0.0742   0.1358   0.2701   0.2447   0.0107   0.0000   0.0292   0.0301    0.131
    37   0.0922  -0.2823   0.0000   0.3048   0.0038   0.0588   0.1334   0.2142   0.1941   0.0079   0.0000   0.0260   0.0212    0.116
    38   0.0957  -0.2932   0.0000   0.3048   0.0028   0.0426   0.1300   0.1551   0.1405   0.0049   0.0000   0.0206   0.0136    0.103
    39   0.0981  -0.3006   0.0000   0.3048   0.0017   0.0257   0.1264   0.0939   0.0851   0.0017   0.0000   0.0133   0.0074    0.093
    40   0.0993  -0.3043   0.0000   0.3048   0.0006   0.0086   0.1245   0.0317   0.0287  -0.0009   0.0000   0.0046   0.0023    0.089
 ---------------------------------------------------------------
