 ---------------------------------------------------------------
 Surface and Strip Forces by surface

  Sref = 0.19510       Cref = 0.22640       Bref = 0.91440    
  Xref = 0.10920       Yref =  0.0000       Zref =  0.0000    

  Surface # 1     Wing                                    
     # Chordwise = 10   # Spanwise = 20     First strip =  1
     Surface area Ssurf =    0.139355     Ave. chord Cave =    0.304800

 Forces referred to Sref, Cref, Bref about Xref, Yref, Zref
 Standard axis orientation,  X fwd, Z down         
     CLsurf  =   0.18618     Clsurf  =  -0.04011
     CYsurf  =   0.00083     Cmsurf  =   0.02186
     CDsurf  =   0.00529     Cnsurf  =  -0.00210
     CDisurf =   0.00529     CDvsurf =   0.00000

 Forces referred to Ssurf, Cave 
     CLsurf  =   0.26066     CDsurf  =   0.00741

 Strip Forces referred to Strip Area, Chord
    j     Xle      Yle      Zle      Chord    Area     c_cl     ai     cl_norm    cl       cd       cdv    cm_c/4     cm_LE   C.P.x/c
     1   0.0001   0.0007   0.0000   0.3048   0.0009   0.0979   0.0503   0.3223   0.3191   0.0397   0.0000   0.0045  -0.0754    0.236
     2   0.0006   0.0063   0.0000   0.3048   0.0026   0.0979   0.0495   0.3243   0.3211   0.0117   0.0000   0.0047  -0.0752    0.235
     3   0.0017   0.0174   0.0000   0.3048   0.0042   0.0978   0.0493   0.3242   0.3211   0.0101   0.0000   0.0054  -0.0745    0.233
     4   0.0034   0.0337   0.0000   0.3048   0.0057   0.0977   0.0494   0.3239   0.3207   0.0096   0.0000   0.0063  -0.0735    0.230
     5   0.0055   0.0548   0.0000   0.3048   0.0071   0.0974   0.0499   0.3230   0.3199   0.0091   0.0000   0.0072  -0.0724    0.228
     6   0.0080   0.0801   0.0000   0.3048   0.0083   0.0969   0.0507   0.3214   0.3182   0.0088   0.0000   0.0081  -0.0711    0.225
     7   0.0109   0.1092   0.0000   0.3048   0.0093   0.0960   0.0517   0.3185   0.3153   0.0085   0.0000   0.0089  -0.0696    0.222
     8   0.0141   0.1411   0.0000   0.3048   0.0101   0.0947   0.0529   0.3139   0.3108   0.0082   0.0000   0.0097  -0.0676    0.219
     9   0.0175   0.1752   0.0000   0.3048   0.0106   0.0926   0.0543   0.3072   0.3042   0.0080   0.0000   0.0105  -0.0652    0.216
    10   0.0211   0.2107   0.0000   0.3048   0.0109   0.0898   0.0559   0.2979   0.2949   0.0078   0.0000   0.0113  -0.0620    0.212
    11   0.0246   0.2465   0.0000   0.3048   0.0109   0.0861   0.0577   0.2855   0.2827   0.0075   0.0000   0.0123  -0.0580    0.207
    12   0.0282   0.2820   0.0000   0.3048   0.0106   0.0813   0.0596   0.2696   0.2669   0.0072   0.0000   0.0133  -0.0531    0.200
    13   0.0316   0.3161   0.0000   0.3048   0.0101   0.0754   0.0614   0.2499   0.2474   0.0068   0.0000   0.0144  -0.0472    0.192
    14   0.0348   0.3480   0.0000   0.3048   0.0093   0.0682   0.0628   0.2261   0.2239   0.0063   0.0000   0.0154  -0.0403    0.181
    15   0.0377   0.3771   0.0000   0.3048   0.0083   0.0598   0.0634   0.1983   0.1963   0.0056   0.0000   0.0161  -0.0328    0.168
    16   0.0402   0.4024   0.0000   0.3048   0.0071   0.0503   0.0630   0.1667   0.1650   0.0048   0.0000   0.0161  -0.0250    0.152
    17   0.0423   0.4235   0.0000   0.3048   0.0057   0.0398   0.0611   0.1320   0.1307   0.0038   0.0000   0.0151  -0.0175    0.135
    18   0.0440   0.4398   0.0000   0.3048   0.0042   0.0287   0.0576   0.0951   0.0942   0.0026   0.0000   0.0126  -0.0109    0.117
    19   0.0451   0.4509   0.0000   0.3048   0.0026   0.0172   0.0531   0.0572   0.0566   0.0013   0.0000   0.0084  -0.0057    0.101
    20   0.0456   0.4565   0.0000   0.3048   0.0009   0.0057   0.0500   0.0191   0.0189   0.0002   0.0000   0.0030  -0.0017    0.092

  Surface # 2     Wing (YDUP)                             
     # Chordwise = 10   # Spanwise = 20     First strip = 21
     Surface area Ssurf =    0.139355     Ave. chord Cave =    0.304800

 Forces referred to Sref, Cref, Bref about Xref, Yref, Zref
 Standard axis orientation,  X fwd, Z down         
     CLsurf  =   0.18618     Clsurf  =   0.04011
     CYsurf  =  -0.00083     Cmsurf  =   0.02186
     CDsurf  =   0.00529     Cnsurf  =   0.00210
     CDisurf =   0.00529     CDvsurf =   0.00000

 Forces referred to Ssurf, Cave 
     CLsurf  =   0.26066     CDsurf  =   0.00741

 Strip Forces referred to Strip Area, Chord
    j     Xle      Yle      Zle      Chord    Area     c_cl     ai     cl_norm    cl       cd       cdv    cm_c/4     cm_LE   C.P.x/c
    21   0.0001  -0.0007   0.0000   0.3048   0.0009   0.0979   0.0503   0.3223   0.3191   0.0397   0.0000   0.0045   0.0754    0.236
    22   0.0006  -0.0063   0.0000   0.3048   0.0026   0.0979   0.0495   0.3243   0.3211   0.0117   0.0000   0.0047   0.0752    0.235
    23   0.0017  -0.0174   0.0000   0.3048   0.0042   0.0978   0.0493   0.3242   0.3211   0.0101   0.0000   0.0054   0.0745    0.233
    24   0.0034  -0.0337   0.0000   0.3048   0.0057   0.0977   0.0494   0.3239   0.3207   0.0096   0.0000   0.0063   0.0735    0.230
    25   0.0055  -0.0548   0.0000   0.3048   0.0071   0.0974   0.0499   0.3230   0.3199   0.0091   0.0000   0.0072   0.0724    0.228
    26   0.0080  -0.0801   0.0000   0.3048   0.0083   0.0969   0.0507   0.3214   0.3182   0.0088   0.0000   0.0081   0.0711    0.225
    27   0.0109  -0.1092   0.0000   0.3048   0.0093   0.0960   0.0517   0.3185   0.3153   0.0085   0.0000   0.0089   0.0696    0.222
    28   0.0141  -0.1411   0.0000   0.3048   0.0101   0.0947   0.0529   0.3139   0.3108   0.0082   0.0000   0.0097   0.0676    0.219
    29   0.0175  -0.1752   0.0000   0.3048   0.0106   0.0926   0.0543   0.3072   0.3042   0.0080   0.0000   0.0105   0.0652    0.216
    30   0.0211  -0.2107   0.0000   0.3048   0.0109   0.0898   0.0559   0.2979   0.2949   0.0078   0.0000   0.0113   0.0620    0.212
    31   0.0246  -0.2465   0.0000   0.3048   0.0109   0.0861   0.0577   0.2855   0.2827   0.0075   0.0000   0.0123   0.0580    0.207
    32   0.0282  -0.2820   0.0000   0.3048   0.0106   0.0813   0.0596   0.2696   0.2669   0.0072   0.0000   0.0133   0.0531    0.200
    33   0.0316  -0.3161   0.0000   0.3048   0.0101   0.0754   0.0614   0.2499   0.2474   0.0068   0.0000   0.0144   0.0472    0.192
    34   0.0348  -0.3480   0.0000   0.3048   0.0093   0.0682   0.0628   0.2261   0.2239   0.0063   0.0000   0.0154   0.0403    0.181
    35   0.0377  -0.3771   0.0000   0.3048   0.0083   0.0598   0.0634   0.1983   0.1963   0.0056   0.0000   0.0161   0.0328    0.168
    36   0.0402  -0.4024   0.0000   0.3048   0.0071   0.0503   0.0630   0.1667   0.1650   0.0048   0.0000   0.0161   0.0250    0.152
    37   0.0423  -0.4235   0.0000   0.3048   0.0057   0.0398   0.0611   0.1320   0.1307   0.0038   0.0000   0.0151   0.0175    0.135
    38   0.0440  -0.4398   0.0000   0.3048   0.0042   0.0287   0.0576   0.0951   0.0942   0.0026   0.0000   0.0126   0.0109    0.117
    39   0.0451  -0.4509   0.0000   0.3048   0.0026   0.0172   0.0531   0.0572   0.0566   0.0013   0.0000   0.0084   0.0057    0.101
    40   0.0456  -0.4565   0.0000   0.3048   0.0009   0.0057   0.0500   0.0191   0.0189   0.0002   0.0000   0.0030   0.0017    0.092
 ---------------------------------------------------------------
