 ---------------------------------------------------------------
 Surface and Strip Forces by surface

  Sref = 0.13940       Cref = 0.17500       Bref = 0.91440    
  Xref = 0.10920       Yref =  0.0000       Zref =  0.0000    

  Surface # 1     Wing                                    
     # Chordwise = 10   # Spanwise = 20     First strip =  1
     Surface area Ssurf =    0.116129     Ave. chord Cave =    0.254000

 Forces referred to Sref, Cref, Bref about Xref, Yref, Zref
 Standard axis orientation,  X fwd, Z down         
     CLsurf  =   0.26058     Clsurf  =  -0.05711
     CYsurf  =   0.00391     Cmsurf  =  -0.00488
     CDsurf  =   0.00770     Cnsurf  =  -0.00442
     CDisurf =   0.00770     CDvsurf =   0.00000

 Forces referred to Ssurf, Cave 
     CLsurf  =   0.31279     CDsurf  =   0.00924

 Strip Forces referred to Strip Area, Chord
    j     Xle      Yle      Zle      Chord    Area     c_cl     ai     cl_norm    cl       cd       cdv    cm_c/4     cm_LE   C.P.x/c
     1   0.0002   0.0007   0.0000   0.2540   0.0007   0.0940   0.0418   0.3931   0.3633   0.0988   0.0000  -0.0076  -0.0963    0.271
     2   0.0018   0.0063   0.0000   0.2540   0.0021   0.0940   0.0405   0.4000   0.3697   0.0203   0.0000  -0.0067  -0.0954    0.268
     3   0.0050   0.0174   0.0000   0.2540   0.0035   0.0940   0.0408   0.4004   0.3701   0.0161   0.0000  -0.0043  -0.0930    0.262
     4   0.0097   0.0337   0.0000   0.2540   0.0048   0.0941   0.0422   0.4009   0.3705   0.0144   0.0000  -0.0013  -0.0902    0.253
     5   0.0157   0.0548   0.0000   0.2540   0.0059   0.0942   0.0442   0.4013   0.3709   0.0129   0.0000   0.0016  -0.0875    0.246
     6   0.0230   0.0801   0.0000   0.2540   0.0069   0.0941   0.0464   0.4014   0.3709   0.0117   0.0000   0.0040  -0.0852    0.239
     7   0.0314   0.1092   0.0000   0.2540   0.0078   0.0939   0.0487   0.4003   0.3699   0.0107   0.0000   0.0060  -0.0831    0.234
     8   0.0406   0.1411   0.0000   0.2540   0.0084   0.0932   0.0511   0.3974   0.3673   0.0100   0.0000   0.0076  -0.0808    0.229
     9   0.0504   0.1752   0.0000   0.2540   0.0089   0.0919   0.0538   0.3920   0.3623   0.0094   0.0000   0.0091  -0.0782    0.225
    10   0.0605   0.2107   0.0000   0.2540   0.0091   0.0899   0.0567   0.3834   0.3543   0.0089   0.0000   0.0105  -0.0749    0.220
    11   0.0709   0.2465   0.0000   0.2540   0.0091   0.0869   0.0599   0.3708   0.3427   0.0084   0.0000   0.0121  -0.0706    0.215
    12   0.0810   0.2820   0.0000   0.2540   0.0089   0.0829   0.0632   0.3534   0.3267   0.0079   0.0000   0.0140  -0.0650    0.207
    13   0.0908   0.3161   0.0000   0.2540   0.0084   0.0775   0.0665   0.3306   0.3056   0.0073   0.0000   0.0160  -0.0579    0.198
    14   0.1000   0.3480   0.0000   0.2540   0.0078   0.0707   0.0694   0.3018   0.2789   0.0065   0.0000   0.0181  -0.0495    0.185
    15   0.1084   0.3771   0.0000   0.2540   0.0069   0.0625   0.0713   0.2667   0.2465   0.0056   0.0000   0.0199  -0.0400    0.169
    16   0.1157   0.4024   0.0000   0.2540   0.0059   0.0529   0.0716   0.2256   0.2085   0.0045   0.0000   0.0209  -0.0300    0.150
    17   0.1217   0.4235   0.0000   0.2540   0.0048   0.0421   0.0700   0.1795   0.1659   0.0033   0.0000   0.0203  -0.0203    0.128
    18   0.1264   0.4398   0.0000   0.2540   0.0035   0.0304   0.0662   0.1297   0.1199   0.0020   0.0000   0.0175  -0.0120    0.104
    19   0.1296   0.4509   0.0000   0.2540   0.0021   0.0183   0.0609   0.0781   0.0722   0.0006   0.0000   0.0120  -0.0058    0.084
    20   0.1312   0.4565   0.0000   0.2540   0.0007   0.0061   0.0572   0.0261   0.0241  -0.0006   0.0000   0.0043  -0.0017    0.073

  Surface # 2     Wing (YDUP)                             
     # Chordwise = 10   # Spanwise = 20     First strip = 21
     Surface area Ssurf =    0.116129     Ave. chord Cave =    0.254000

 Forces referred to Sref, Cref, Bref about Xref, Yref, Zref
 Standard axis orientation,  X fwd, Z down         
     CLsurf  =   0.26058     Clsurf  =   0.05711
     CYsurf  =  -0.00391     Cmsurf  =  -0.00488
     CDsurf  =   0.00770     Cnsurf  =   0.00442
     CDisurf =   0.00770     CDvsurf =   0.00000

 Forces referred to Ssurf, Cave 
     CLsurf  =   0.31279     CDsurf  =   0.00924

 Strip Forces referred to Strip Area, Chord
    j     Xle      Yle      Zle      Chord    Area     c_cl     ai     cl_norm    cl       cd       cdv    cm_c/4     cm_LE   C.P.x/c
    21   0.0002  -0.0007   0.0000   0.2540   0.0007   0.0940   0.0418   0.3931   0.3633   0.0988   0.0000  -0.0076   0.0963    0.271
    22   0.0018  -0.0063   0.0000   0.2540   0.0021   0.0940   0.0405   0.4000   0.3697   0.0203   0.0000  -0.0067   0.0954    0.268
    23   0.0050  -0.0174   0.0000   0.2540   0.0035   0.0940   0.0408   0.4004   0.3701   0.0161   0.0000  -0.0043   0.0930    0.262
    24   0.0097  -0.0337   0.0000   0.2540   0.0048   0.0941   0.0422   0.4009   0.3705   0.0144   0.0000  -0.0013   0.0902    0.253
    25   0.0157  -0.0548   0.0000   0.2540   0.0059   0.0942   0.0442   0.4013   0.3709   0.0129   0.0000   0.0016   0.0875    0.246
    26   0.0230  -0.0801   0.0000   0.2540   0.0069   0.0941   0.0464   0.4014   0.3709   0.0117   0.0000   0.0040   0.0852    0.239
    27   0.0314  -0.1092   0.0000   0.2540   0.0078   0.0939   0.0487   0.4003   0.3699   0.0107   0.0000   0.0060   0.0831    0.234
    28   0.0406  -0.1411   0.0000   0.2540   0.0084   0.0932   0.0511   0.3974   0.3673   0.0100   0.0000   0.0076   0.0808    0.229
    29   0.0504  -0.1752   0.0000   0.2540   0.0089   0.0919   0.0538   0.3920   0.3623   0.0094   0.0000   0.0091   0.0782    0.225
    30   0.0605  -0.2107   0.0000   0.2540   0.0091   0.0899   0.0567   0.3834   0.3543   0.0089   0.0000   0.0105   0.0749    0.220
    31   0.0709  -0.2465   0.0000   0.2540   0.0091   0.0869   0.0599   0.3708   0.3427   0.0084   0.0000   0.0121   0.0706    0.215
    32   0.0810  -0.2820   0.0000   0.2540   0.0089   0.0829   0.0632   0.3534   0.3267   0.0079   0.0000   0.0140   0.0650    0.207
    33   0.0908  -0.3161   0.0000   0.2540   0.0084   0.0775   0.0665   0.3306   0.3056   0.0073   0.0000   0.0160   0.0579    0.198
    34   0.1000  -0.3480   0.0000   0.2540   0.0078   0.0707   0.0694   0.3018   0.2789   0.0065   0.0000   0.0181   0.0495    0.185
    35   0.1084  -0.3771   0.0000   0.2540   0.0069   0.0625   0.0713   0.2667   0.2465   0.0056   0.0000   0.0199   0.0400    0.169
    36   0.1157  -0.4024   0.0000   0.2540   0.0059   0.0529   0.0716   0.2256   0.2085   0.0045   0.0000   0.0209   0.0300    0.150
    37   0.1217  -0.4235   0.0000   0.2540   0.0048   0.0421   0.0700   0.1795   0.1659   0.0033   0.0000   0.0203   0.0203    0.128
    38   0.1264  -0.4398   0.0000   0.2540   0.0035   0.0304   0.0662   0.1297   0.1199   0.0020   0.0000   0.0175   0.0120    0.104
    39   0.1296  -0.4509   0.0000   0.2540   0.0021   0.0183   0.0609   0.0781   0.0722   0.0006   0.0000   0.0120   0.0058    0.084
    40   0.1312  -0.4565   0.0000   0.2540   0.0007   0.0061   0.0572   0.0261   0.0241  -0.0006   0.0000   0.0043   0.0017    0.073
 ---------------------------------------------------------------
