 ---------------------------------------------------------------
 Surface and Strip Forces by surface

  Sref = 0.16260       Cref = 0.18870       Bref = 0.91440    
  Xref = 0.10920       Yref =  0.0000       Zref =  0.0000    

  Surface # 1     Wing                                    
     # Chordwise = 10   # Spanwise = 20     First strip =  1
     Surface area Ssurf =    0.116129     Ave. chord Cave =    0.254000

 Forces referred to Sref, Cref, Bref about Xref, Yref, Zref
 Standard axis orientation,  X fwd, Z down         
     CLsurf  =   0.22340     Clsurf  =  -0.04942
     CYsurf  =   0.00534     Cmsurf  =  -0.04358
     CDsurf  =   0.00677     Cnsurf  =  -0.00485
     CDisurf =   0.00677     CDvsurf =   0.00000

 Forces referred to Ssurf, Cave 
     CLsurf  =   0.31279     CDsurf  =   0.00948

 Strip Forces referred to Strip Area, Chord
    j     Xle      Yle      Zle      Chord    Area     c_cl     ai     cl_norm    cl       cd       cdv    cm_c/4     cm_LE   C.P.x/c
     1   0.0003   0.0007   0.0000   0.2540   0.0007   0.0917   0.0352   0.4205   0.3509   0.1335   0.0000  -0.0158  -0.0968    0.295
     2   0.0028   0.0063   0.0000   0.2540   0.0021   0.0917   0.0339   0.4315   0.3601   0.0244   0.0000  -0.0145  -0.0955    0.290
     3   0.0078   0.0174   0.0000   0.2540   0.0035   0.0917   0.0352   0.4324   0.3609   0.0190   0.0000  -0.0108  -0.0923    0.280
     4   0.0151   0.0337   0.0000   0.2540   0.0048   0.0920   0.0378   0.4338   0.3620   0.0167   0.0000  -0.0063  -0.0884    0.268
     5   0.0245   0.0548   0.0000   0.2540   0.0059   0.0923   0.0409   0.4356   0.3635   0.0146   0.0000  -0.0022  -0.0850    0.256
     6   0.0358   0.0801   0.0000   0.2540   0.0069   0.0926   0.0442   0.4373   0.3649   0.0129   0.0000   0.0012  -0.0821    0.247
     7   0.0488   0.1092   0.0000   0.2540   0.0078   0.0928   0.0473   0.4380   0.3655   0.0115   0.0000   0.0039  -0.0798    0.239
     8   0.0631   0.1411   0.0000   0.2540   0.0084   0.0925   0.0505   0.4369   0.3645   0.0104   0.0000   0.0060  -0.0776    0.233
     9   0.0784   0.1752   0.0000   0.2540   0.0089   0.0917   0.0539   0.4330   0.3613   0.0095   0.0000   0.0079  -0.0751    0.228
    10   0.0942   0.2107   0.0000   0.2540   0.0091   0.0901   0.0575   0.4256   0.3552   0.0088   0.0000   0.0097  -0.0720    0.223
    11   0.1103   0.2465   0.0000   0.2540   0.0091   0.0875   0.0615   0.4137   0.3452   0.0081   0.0000   0.0117  -0.0679    0.216
    12   0.1261   0.2820   0.0000   0.2540   0.0089   0.0838   0.0656   0.3962   0.3306   0.0073   0.0000   0.0140  -0.0625    0.208
    13   0.1414   0.3161   0.0000   0.2540   0.0084   0.0788   0.0696   0.3722   0.3106   0.0065   0.0000   0.0166  -0.0556    0.197
    14   0.1557   0.3480   0.0000   0.2540   0.0078   0.0721   0.0730   0.3410   0.2845   0.0054   0.0000   0.0194  -0.0471    0.182
    15   0.1687   0.3771   0.0000   0.2540   0.0069   0.0639   0.0752   0.3021   0.2521   0.0043   0.0000   0.0218  -0.0375    0.163
    16   0.1800   0.4024   0.0000   0.2540   0.0059   0.0541   0.0755   0.2559   0.2136   0.0030   0.0000   0.0234  -0.0273    0.141
    17   0.1894   0.4235   0.0000   0.2540   0.0048   0.0431   0.0734   0.2037   0.1700   0.0018   0.0000   0.0230  -0.0177    0.114
    18   0.1967   0.4398   0.0000   0.2540   0.0035   0.0311   0.0690   0.1472   0.1228   0.0006   0.0000   0.0199  -0.0097    0.088
    19   0.2017   0.4509   0.0000   0.2540   0.0021   0.0187   0.0632   0.0886   0.0739  -0.0006   0.0000   0.0137  -0.0043    0.065
    20   0.2042   0.4565   0.0000   0.2540   0.0007   0.0062   0.0592   0.0296   0.0247  -0.0013   0.0000   0.0049  -0.0011    0.053

  Surface # 2     Wing (YDUP)                             
     # Chordwise = 10   # Spanwise = 20     First strip = 21
     Surface area Ssurf =    0.116129     Ave. chord Cave =    0.254000

 Forces referred to Sref, Cref, Bref about Xref, Yref, Zref
 Standard axis orientation,  X fwd, Z down         
     CLsurf  =   0.22340     Clsurf  =   0.04942
     CYsurf  =  -0.00534     Cmsurf  =  -0.04358
     CDsurf  =   0.00677     Cnsurf  =   0.00485
     CDisurf =   0.00677     CDvsurf =   0.00000

 Forces referred to Ssurf, Cave 
     CLsurf  =   0.31279     CDsurf  =   0.00948

 Strip Forces referred to Strip Area, Chord
    j     Xle      Yle      Zle      Chord    Area     c_cl     ai     cl_norm    cl       cd       cdv    cm_c/4     cm_LE   C.P.x/c
    21   0.0003  -0.0007   0.0000   0.2540   0.0007   0.0917   0.0352   0.4205   0.3509   0.1335   0.0000  -0.0158   0.0968    0.295
    22   0.0028  -0.0063   0.0000   0.2540   0.0021   0.0917   0.0339   0.4315   0.3601   0.0244   0.0000  -0.0145   0.0955    0.290
    23   0.0078  -0.0174   0.0000   0.2540   0.0035   0.0917   0.0352   0.4324   0.3609   0.0190   0.0000  -0.0108   0.0923    0.280
    24   0.0151  -0.0337   0.0000   0.2540   0.0048   0.0920   0.0378   0.4338   0.3620   0.0167   0.0000  -0.0063   0.0884    0.268
    25   0.0245  -0.0548   0.0000   0.2540   0.0059   0.0923   0.0409   0.4356   0.3635   0.0146   0.0000  -0.0022   0.0850    0.256
    26   0.0358  -0.0801   0.0000   0.2540   0.0069   0.0926   0.0442   0.4373   0.3649   0.0129   0.0000   0.0012   0.0821    0.247
    27   0.0488  -0.1092   0.0000   0.2540   0.0078   0.0928   0.0473   0.4380   0.3655   0.0115   0.0000   0.0039   0.0798    0.239
    28   0.0631  -0.1411   0.0000   0.2540   0.0084   0.0925   0.0505   0.4369   0.3645   0.0104   0.0000   0.0060   0.0776    0.233
    29   0.0784  -0.1752   0.0000   0.2540   0.0089   0.0917   0.0539   0.4330   0.3613   0.0095   0.0000   0.0079   0.0751    0.228
    30   0.0942  -0.2107   0.0000   0.2540   0.0091   0.0901   0.0575   0.4256   0.3552   0.0088   0.0000   0.0097   0.0720    0.223
    31   0.1103  -0.2465   0.0000   0.2540   0.0091   0.0875   0.0615   0.4137   0.3452   0.0081   0.0000   0.0117   0.0679    0.216
    32   0.1261  -0.2820   0.0000   0.2540   0.0089   0.0838   0.0656   0.3962   0.3306   0.0073   0.0000   0.0140   0.0625    0.208
    33   0.1414  -0.3161   0.0000   0.2540   0.0084   0.0788   0.0696   0.3722   0.3106   0.0065   0.0000   0.0166   0.0556    0.197
    34   0.1557  -0.3480   0.0000   0.2540   0.0078   0.0721   0.0730   0.3410   0.2845   0.0054   0.0000   0.0194   0.0471    0.182
    35   0.1687  -0.3771   0.0000   0.2540   0.0069   0.0639   0.0752   0.3021   0.2521   0.0043   0.0000   0.0218   0.0375    0.163
    36   0.1800  -0.4024   0.0000   0.2540   0.0059   0.0541   0.0755   0.2559   0.2136   0.0030   0.0000   0.0234   0.0273    0.141
    37   0.1894  -0.4235   0.0000   0.2540   0.0048   0.0431   0.0734   0.2037   0.1700   0.0018   0.0000   0.0230   0.0177    0.114
    38   0.1967  -0.4398   0.0000   0.2540   0.0035   0.0311   0.0690   0.1472   0.1228   0.0006   0.0000   0.0199   0.0097    0.088
    39   0.2017  -0.4509   0.0000   0.2540   0.0021   0.0187   0.0632   0.0886   0.0739  -0.0006   0.0000   0.0137   0.0043    0.065
    40   0.2042  -0.4565   0.0000   0.2540   0.0007   0.0062   0.0592   0.0296   0.0247  -0.0013   0.0000   0.0049   0.0011    0.053
 ---------------------------------------------------------------
