 ---------------------------------------------------------------
 Surface and Strip Forces by surface

  Sref = 0.12390       Cref = 0.17500       Bref = 0.81280    
  Xref = 0.10920       Yref =  0.0000       Zref =  0.0000    

  Surface # 1     Wing                                    
     # Chordwise = 10   # Spanwise = 20     First strip =  1
     Surface area Ssurf =    0.103226     Ave. chord Cave =    0.254000

 Forces referred to Sref, Cref, Bref about Xref, Yref, Zref
 Standard axis orientation,  X fwd, Z down         
     CLsurf  =   0.29318     Clsurf  =  -0.06368
     CYsurf  =   0.00388     Cmsurf  =   0.02907
     CDsurf  =   0.01080     Cnsurf  =  -0.00543
     CDisurf =   0.01080     CDvsurf =   0.00000

 Forces referred to Ssurf, Cave 
     CLsurf  =   0.35189     CDsurf  =   0.01296

 Strip Forces referred to Strip Area, Chord
    j     Xle      Yle      Zle      Chord    Area     c_cl     ai     cl_norm    cl       cd       cdv    cm_c/4     cm_LE   C.P.x/c
     1   0.0001   0.0006   0.0000   0.2540   0.0006   0.1079   0.0579   0.4344   0.4158   0.1109   0.0000  -0.0029  -0.1067    0.257
     2   0.0012   0.0056   0.0000   0.2540   0.0019   0.1079   0.0570   0.4432   0.4242   0.0253   0.0000  -0.0023  -0.1061    0.255
     3   0.0033   0.0155   0.0000   0.2540   0.0031   0.1078   0.0571   0.4437   0.4247   0.0205   0.0000  -0.0005  -0.1043    0.251
     4   0.0064   0.0299   0.0000   0.2540   0.0042   0.1078   0.0582   0.4437   0.4247   0.0186   0.0000   0.0019  -0.1020    0.246
     5   0.0104   0.0487   0.0000   0.2540   0.0053   0.1077   0.0597   0.4435   0.4245   0.0171   0.0000   0.0043  -0.0995    0.240
     6   0.0151   0.0712   0.0000   0.2540   0.0062   0.1074   0.0615   0.4424   0.4234   0.0159   0.0000   0.0064  -0.0972    0.235
     7   0.0206   0.0970   0.0000   0.2540   0.0069   0.1068   0.0636   0.4398   0.4210   0.0149   0.0000   0.0082  -0.0948    0.231
     8   0.0267   0.1254   0.0000   0.2540   0.0075   0.1056   0.0660   0.4351   0.4164   0.0142   0.0000   0.0098  -0.0921    0.226
     9   0.0331   0.1558   0.0000   0.2540   0.0079   0.1038   0.0685   0.4275   0.4092   0.0135   0.0000   0.0113  -0.0888    0.222
    10   0.0398   0.1873   0.0000   0.2540   0.0081   0.1010   0.0714   0.4162   0.3984   0.0129   0.0000   0.0129  -0.0846    0.218
    11   0.0466   0.2191   0.0000   0.2540   0.0081   0.0972   0.0745   0.4007   0.3835   0.0123   0.0000   0.0146  -0.0794    0.212
    12   0.0533   0.2506   0.0000   0.2540   0.0079   0.0923   0.0777   0.3801   0.3638   0.0116   0.0000   0.0164  -0.0728    0.205
    13   0.0597   0.2810   0.0000   0.2540   0.0075   0.0859   0.0808   0.3539   0.3387   0.0108   0.0000   0.0183  -0.0648    0.196
    14   0.0658   0.3094   0.0000   0.2540   0.0069   0.0781   0.0834   0.3217   0.3079   0.0098   0.0000   0.0201  -0.0555    0.185
    15   0.0713   0.3352   0.0000   0.2540   0.0062   0.0688   0.0851   0.2833   0.2712   0.0086   0.0000   0.0215  -0.0452    0.171
    16   0.0760   0.3577   0.0000   0.2540   0.0053   0.0580   0.0854   0.2392   0.2289   0.0072   0.0000   0.0219  -0.0345    0.154
    17   0.0800   0.3765   0.0000   0.2540   0.0042   0.0461   0.0839   0.1902   0.1820   0.0056   0.0000   0.0207  -0.0241    0.136
    18   0.0831   0.3909   0.0000   0.2540   0.0031   0.0334   0.0805   0.1376   0.1317   0.0038   0.0000   0.0174  -0.0151    0.118
    19   0.0852   0.4008   0.0000   0.2540   0.0019   0.0201   0.0759   0.0830   0.0795   0.0018   0.0000   0.0118  -0.0079    0.102
    20   0.0863   0.4058   0.0000   0.2540   0.0006   0.0067   0.0727   0.0278   0.0266  -0.0001   0.0000   0.0042  -0.0024    0.093

  Surface # 2     Wing (YDUP)                             
     # Chordwise = 10   # Spanwise = 20     First strip = 21
     Surface area Ssurf =    0.103226     Ave. chord Cave =    0.254000

 Forces referred to Sref, Cref, Bref about Xref, Yref, Zref
 Standard axis orientation,  X fwd, Z down         
     CLsurf  =   0.29318     Clsurf  =   0.06368
     CYsurf  =  -0.00388     Cmsurf  =   0.02907
     CDsurf  =   0.01080     Cnsurf  =   0.00543
     CDisurf =   0.01080     CDvsurf =   0.00000

 Forces referred to Ssurf, Cave 
     CLsurf  =   0.35189     CDsurf  =   0.01296

 Strip Forces referred to Strip Area, Chord
    j     Xle      Yle      Zle      Chord    Area     c_cl     ai     cl_norm    cl       cd       cdv    cm_c/4     cm_LE   C.P.x/c
    21   0.0001  -0.0006   0.0000   0.2540   0.0006   0.1079   0.0579   0.4344   0.4158   0.1109   0.0000  -0.0029   0.1067    0.257
    22   0.0012  -0.0056   0.0000   0.2540   0.0019   0.1079   0.0570   0.4432   0.4242   0.0253   0.0000  -0.0023   0.1061    0.255
    23   0.0033  -0.0155   0.0000   0.2540   0.0031   0.1078   0.0571   0.4437   0.4247   0.0205   0.0000  -0.0005   0.1043    0.251
    24   0.0064  -0.0299   0.0000   0.2540   0.0042   0.1078   0.0582   0.4437   0.4247   0.0186   0.0000   0.0019   0.1020    0.246
    25   0.0104  -0.0487   0.0000   0.2540   0.0053   0.1077   0.0597   0.4435   0.4245   0.0171   0.0000   0.0043   0.0995    0.240
    26   0.0151  -0.0712   0.0000   0.2540   0.0062   0.1074   0.0615   0.4424   0.4234   0.0159   0.0000   0.0064   0.0972    0.235
    27   0.0206  -0.0970   0.0000   0.2540   0.0069   0.1068   0.0636   0.4398   0.4210   0.0149   0.0000   0.0082   0.0948    0.231
    28   0.0267  -0.1254   0.0000   0.2540   0.0075   0.1056   0.0660   0.4351   0.4164   0.0142   0.0000   0.0098   0.0921    0.226
    29   0.0331  -0.1558   0.0000   0.2540   0.0079   0.1038   0.0685   0.4275   0.4092   0.0135   0.0000   0.0113   0.0888    0.222
    30   0.0398  -0.1873   0.0000   0.2540   0.0081   0.1010   0.0714   0.4162   0.3984   0.0129   0.0000   0.0129   0.0846    0.218
    31   0.0466  -0.2191   0.0000   0.2540   0.0081   0.0972   0.0745   0.4007   0.3835   0.0123   0.0000   0.0146   0.0794    0.212
    32   0.0533  -0.2506   0.0000   0.2540   0.0079   0.0923   0.0777   0.3801   0.3638   0.0116   0.0000   0.0164   0.0728    0.205
    33   0.0597  -0.2810   0.0000   0.2540   0.0075   0.0859   0.0808   0.3539   0.3387   0.0108   0.0000   0.0183   0.0648    0.196
    34   0.0658  -0.3094   0.0000   0.2540   0.0069   0.0781   0.0834   0.3217   0.3079   0.0098   0.0000   0.0201   0.0555    0.185
    35   0.0713  -0.3352   0.0000   0.2540   0.0062   0.0688   0.0851   0.2833   0.2712   0.0086   0.0000   0.0215   0.0452    0.171
    36   0.0760  -0.3577   0.0000   0.2540   0.0053   0.0580   0.0854   0.2392   0.2289   0.0072   0.0000   0.0219   0.0345    0.154
    37   0.0800  -0.3765   0.0000   0.2540   0.0042   0.0461   0.0839   0.1902   0.1820   0.0056   0.0000   0.0207   0.0241    0.136
    38   0.0831  -0.3909   0.0000   0.2540   0.0031   0.0334   0.0805   0.1376   0.1317   0.0038   0.0000   0.0174   0.0151    0.118
    39   0.0852  -0.4008   0.0000   0.2540   0.0019   0.0201   0.0759   0.0830   0.0795   0.0018   0.0000   0.0118   0.0079    0.102
    40   0.0863  -0.4058   0.0000   0.2540   0.0006   0.0067   0.0727   0.0278   0.0266  -0.0001   0.0000   0.0042   0.0024    0.093
 ---------------------------------------------------------------
