 ---------------------------------------------------------------
 Surface and Strip Forces by surface

  Sref = 0.14860       Cref = 0.18360       Bref = 0.81280    
  Xref = 0.10920       Yref =  0.0000       Zref =  0.0000    

  Surface # 1     Wing                                    
     # Chordwise = 10   # Spanwise = 20     First strip =  1
     Surface area Ssurf =    0.082580     Ave. chord Cave =    0.203200

 Forces referred to Sref, Cref, Bref about Xref, Yref, Zref
 Standard axis orientation,  X fwd, Z down         
     CLsurf  =   0.24444     Clsurf  =  -0.05305
     CYsurf  =   0.00047     Cmsurf  =   0.07941
     CDsurf  =   0.00866     Cnsurf  =  -0.00401
     CDisurf =   0.00866     CDvsurf =   0.00000

 Forces referred to Ssurf, Cave 
     CLsurf  =   0.43987     CDsurf  =   0.01559

 Strip Forces referred to Strip Area, Chord
    j     Xle      Yle      Zle      Chord    Area     c_cl     ai     cl_norm    cl       cd       cdv    cm_c/4     cm_LE   C.P.x/c
     1   0.0000   0.0006   0.0000   0.2032   0.0005   0.1085   0.0606   0.5343   0.5340   0.0307   0.0000   0.0073  -0.1262    0.236
     2   0.0001   0.0056   0.0000   0.2032   0.0015   0.1085   0.0605   0.5357   0.5353   0.0183   0.0000   0.0074  -0.1261    0.236
     3   0.0004   0.0155   0.0000   0.2032   0.0025   0.1085   0.0606   0.5356   0.5352   0.0175   0.0000   0.0077  -0.1257    0.236
     4   0.0008   0.0299   0.0000   0.2032   0.0034   0.1084   0.0609   0.5350   0.5347   0.0171   0.0000   0.0081  -0.1251    0.235
     5   0.0012   0.0487   0.0000   0.2032   0.0042   0.1081   0.0614   0.5337   0.5334   0.0168   0.0000   0.0086  -0.1244    0.234
     6   0.0018   0.0712   0.0000   0.2032   0.0049   0.1075   0.0622   0.5310   0.5307   0.0167   0.0000   0.0090  -0.1233    0.233
     7   0.0024   0.0970   0.0000   0.2032   0.0055   0.1066   0.0633   0.5265   0.5262   0.0166   0.0000   0.0095  -0.1217    0.232
     8   0.0031   0.1254   0.0000   0.2032   0.0060   0.1052   0.0648   0.5194   0.5191   0.0166   0.0000   0.0100  -0.1194    0.231
     9   0.0039   0.1558   0.0000   0.2032   0.0063   0.1031   0.0667   0.5092   0.5089   0.0166   0.0000   0.0106  -0.1162    0.229
    10   0.0047   0.1873   0.0000   0.2032   0.0065   0.1003   0.0692   0.4951   0.4948   0.0166   0.0000   0.0114  -0.1119    0.227
    11   0.0055   0.2191   0.0000   0.2032   0.0065   0.0965   0.0722   0.4764   0.4761   0.0166   0.0000   0.0125  -0.1062    0.224
    12   0.0063   0.2506   0.0000   0.2032   0.0063   0.0916   0.0757   0.4522   0.4520   0.0164   0.0000   0.0138  -0.0990    0.220
    13   0.0071   0.2810   0.0000   0.2032   0.0060   0.0855   0.0795   0.4219   0.4217   0.0161   0.0000   0.0152  -0.0899    0.214
    14   0.0078   0.3094   0.0000   0.2032   0.0055   0.0780   0.0833   0.3848   0.3846   0.0156   0.0000   0.0168  -0.0791    0.206
    15   0.0084   0.3352   0.0000   0.2032   0.0049   0.0690   0.0866   0.3404   0.3402   0.0146   0.0000   0.0182  -0.0667    0.196
    16   0.0090   0.3577   0.0000   0.2032   0.0042   0.0586   0.0889   0.2889   0.2887   0.0131   0.0000   0.0190  -0.0531    0.184
    17   0.0094   0.3765   0.0000   0.2032   0.0034   0.0469   0.0894   0.2309   0.2308   0.0111   0.0000   0.0185  -0.0392    0.170
    18   0.0098   0.3909   0.0000   0.2032   0.0025   0.0341   0.0876   0.1679   0.1678   0.0084   0.0000   0.0160  -0.0259    0.155
    19   0.0101   0.4008   0.0000   0.2032   0.0015   0.0206   0.0839   0.1016   0.1015   0.0052   0.0000   0.0111  -0.0142    0.140
    20   0.0102   0.4058   0.0000   0.2032   0.0005   0.0069   0.0804   0.0339   0.0339   0.0017   0.0000   0.0040  -0.0044    0.131

  Surface # 2     Wing (YDUP)                             
     # Chordwise = 10   # Spanwise = 20     First strip = 21
     Surface area Ssurf =    0.082580     Ave. chord Cave =    0.203200

 Forces referred to Sref, Cref, Bref about Xref, Yref, Zref
 Standard axis orientation,  X fwd, Z down         
     CLsurf  =   0.24444     Clsurf  =   0.05305
     CYsurf  =  -0.00047     Cmsurf  =   0.07941
     CDsurf  =   0.00866     Cnsurf  =   0.00401
     CDisurf =   0.00866     CDvsurf =   0.00000

 Forces referred to Ssurf, Cave 
     CLsurf  =   0.43987     CDsurf  =   0.01559

 Strip Forces referred to Strip Area, Chord
    j     Xle      Yle      Zle      Chord    Area     c_cl     ai     cl_norm    cl       cd       cdv    cm_c/4     cm_LE   C.P.x/c
    21   0.0000  -0.0006   0.0000   0.2032   0.0005   0.1085   0.0606   0.5343   0.5340   0.0307   0.0000   0.0073   0.1262    0.236
    22   0.0001  -0.0056   0.0000   0.2032   0.0015   0.1085   0.0605   0.5357   0.5353   0.0183   0.0000   0.0074   0.1261    0.236
    23   0.0004  -0.0155   0.0000   0.2032   0.0025   0.1085   0.0606   0.5356   0.5352   0.0175   0.0000   0.0077   0.1257    0.236
    24   0.0008  -0.0299   0.0000   0.2032   0.0034   0.1084   0.0609   0.5350   0.5347   0.0171   0.0000   0.0081   0.1251    0.235
    25   0.0012  -0.0487   0.0000   0.2032   0.0042   0.1081   0.0614   0.5337   0.5334   0.0168   0.0000   0.0086   0.1244    0.234
    26   0.0018  -0.0712   0.0000   0.2032   0.0049   0.1075   0.0622   0.5310   0.5307   0.0167   0.0000   0.0090   0.1233    0.233
    27   0.0024  -0.0970   0.0000   0.2032   0.0055   0.1066   0.0633   0.5265   0.5262   0.0166   0.0000   0.0095   0.1217    0.232
    28   0.0031  -0.1254   0.0000   0.2032   0.0060   0.1052   0.0648   0.5194   0.5191   0.0166   0.0000   0.0100   0.1194    0.231
    29   0.0039  -0.1558   0.0000   0.2032   0.0063   0.1031   0.0667   0.5092   0.5089   0.0166   0.0000   0.0106   0.1162    0.229
    30   0.0047  -0.1873   0.0000   0.2032   0.0065   0.1003   0.0692   0.4951   0.4948   0.0166   0.0000   0.0114   0.1119    0.227
    31   0.0055  -0.2191   0.0000   0.2032   0.0065   0.0965   0.0722   0.4764   0.4761   0.0166   0.0000   0.0125   0.1062    0.224
    32   0.0063  -0.2506   0.0000   0.2032   0.0063   0.0916   0.0757   0.4522   0.4520   0.0164   0.0000   0.0138   0.0990    0.220
    33   0.0071  -0.2810   0.0000   0.2032   0.0060   0.0855   0.0795   0.4219   0.4217   0.0161   0.0000   0.0152   0.0899    0.214
    34   0.0078  -0.3094   0.0000   0.2032   0.0055   0.0780   0.0833   0.3848   0.3846   0.0156   0.0000   0.0168   0.0791    0.206
    35   0.0084  -0.3352   0.0000   0.2032   0.0049   0.0690   0.0866   0.3404   0.3402   0.0146   0.0000   0.0182   0.0667    0.196
    36   0.0090  -0.3577   0.0000   0.2032   0.0042   0.0586   0.0889   0.2889   0.2887   0.0131   0.0000   0.0190   0.0531    0.184
    37   0.0094  -0.3765   0.0000   0.2032   0.0034   0.0469   0.0894   0.2309   0.2308   0.0111   0.0000   0.0185   0.0392    0.170
    38   0.0098  -0.3909   0.0000   0.2032   0.0025   0.0341   0.0876   0.1679   0.1678   0.0084   0.0000   0.0160   0.0259    0.155
    39   0.0101  -0.4008   0.0000   0.2032   0.0015   0.0206   0.0839   0.1016   0.1015   0.0052   0.0000   0.0111   0.0142    0.140
    40   0.0102  -0.4058   0.0000   0.2032   0.0005   0.0069   0.0804   0.0339   0.0339   0.0017   0.0000   0.0040   0.0044    0.131
 ---------------------------------------------------------------
