 ---------------------------------------------------------------
 Surface and Strip Forces by surface

  Sref = 0.13010       Cref = 0.21000       Bref = 0.71120    
  Xref = 0.10920       Yref =  0.0000       Zref =  0.0000    

  Surface # 1     Wing                                    
     # Chordwise = 10   # Spanwise = 20     First strip =  1
     Surface area Ssurf =    0.108387     Ave. chord Cave =    0.304800

 Forces referred to Sref, Cref, Bref about Xref, Yref, Zref
 Standard axis orientation,  X fwd, Z down         
     CLsurf  =   0.27920     Clsurf  =  -0.06019
     CYsurf  =   0.00639     Cmsurf  =  -0.00862
     CDsurf  =   0.01379     Cnsurf  =  -0.00802
     CDisurf =   0.01379     CDvsurf =   0.00000

 Forces referred to Ssurf, Cave 
     CLsurf  =   0.33514     CDsurf  =   0.01655

 Strip Forces referred to Strip Area, Chord
    j     Xle      Yle      Zle      Chord    Area     c_cl     ai     cl_norm    cl       cd       cdv    cm_c/4     cm_LE   C.P.x/c
     1   0.0002   0.0005   0.0000   0.3048   0.0007   0.1250   0.0800   0.4341   0.3879   0.2167   0.0000  -0.0059  -0.1024    0.265
     2   0.0017   0.0049   0.0000   0.3048   0.0020   0.1250   0.0785   0.4570   0.4083   0.0394   0.0000  -0.0053  -0.1018    0.263
     3   0.0047   0.0135   0.0000   0.3048   0.0033   0.1250   0.0784   0.4582   0.4094   0.0289   0.0000  -0.0032  -0.0999    0.258
     4   0.0091   0.0262   0.0000   0.3048   0.0044   0.1249   0.0794   0.4583   0.4095   0.0261   0.0000  -0.0003  -0.0970    0.251
     5   0.0148   0.0426   0.0000   0.3048   0.0055   0.1247   0.0811   0.4578   0.4091   0.0240   0.0000   0.0030  -0.0938    0.243
     6   0.0217   0.0623   0.0000   0.3048   0.0065   0.1242   0.0834   0.4564   0.4078   0.0220   0.0000   0.0061  -0.0904    0.235
     7   0.0295   0.0849   0.0000   0.3048   0.0073   0.1233   0.0859   0.4533   0.4050   0.0203   0.0000   0.0091  -0.0870    0.228
     8   0.0382   0.1098   0.0000   0.3048   0.0079   0.1218   0.0887   0.4477   0.4000   0.0187   0.0000   0.0117  -0.0833    0.221
     9   0.0474   0.1363   0.0000   0.3048   0.0083   0.1194   0.0916   0.4389   0.3922   0.0173   0.0000   0.0142  -0.0790    0.214
    10   0.0570   0.1638   0.0000   0.3048   0.0085   0.1158   0.0946   0.4261   0.3808   0.0160   0.0000   0.0167  -0.0740    0.206
    11   0.0667   0.1918   0.0000   0.3048   0.0085   0.1111   0.0975   0.4086   0.3651   0.0146   0.0000   0.0191  -0.0680    0.198
    12   0.0763   0.2193   0.0000   0.3048   0.0083   0.1048   0.1002   0.3858   0.3447   0.0132   0.0000   0.0214  -0.0610    0.188
    13   0.0855   0.2458   0.0000   0.3048   0.0079   0.0971   0.1024   0.3572   0.3192   0.0116   0.0000   0.0235  -0.0529    0.176
    14   0.0942   0.2707   0.0000   0.3048   0.0073   0.0877   0.1038   0.3228   0.2884   0.0100   0.0000   0.0252  -0.0441    0.163
    15   0.1020   0.2933   0.0000   0.3048   0.0065   0.0768   0.1040   0.2828   0.2526   0.0082   0.0000   0.0260  -0.0349    0.147
    16   0.1089   0.3130   0.0000   0.3048   0.0055   0.0645   0.1029   0.2376   0.2123   0.0064   0.0000   0.0255  -0.0259    0.130
    17   0.1146   0.3294   0.0000   0.3048   0.0044   0.0511   0.1002   0.1883   0.1683   0.0045   0.0000   0.0232  -0.0177    0.112
    18   0.1190   0.3421   0.0000   0.3048   0.0033   0.0369   0.0964   0.1361   0.1216   0.0025   0.0000   0.0188  -0.0108    0.095
    19   0.1220   0.3507   0.0000   0.3048   0.0020   0.0223   0.0922   0.0822   0.0735   0.0006   0.0000   0.0123  -0.0056    0.082
    20   0.1235   0.3551   0.0000   0.3048   0.0007   0.0074   0.0898   0.0276   0.0247  -0.0009   0.0000   0.0043  -0.0017    0.076

  Surface # 2     Wing (YDUP)                             
     # Chordwise = 10   # Spanwise = 20     First strip = 21
     Surface area Ssurf =    0.108387     Ave. chord Cave =    0.304800

 Forces referred to Sref, Cref, Bref about Xref, Yref, Zref
 Standard axis orientation,  X fwd, Z down         
     CLsurf  =   0.27920     Clsurf  =   0.06019
     CYsurf  =  -0.00639     Cmsurf  =  -0.00862
     CDsurf  =   0.01379     Cnsurf  =   0.00802
     CDisurf =   0.01379     CDvsurf =   0.00000

 Forces referred to Ssurf, Cave 
     CLsurf  =   0.33514     CDsurf  =   0.01655

 Strip Forces referred to Strip Area, Chord
    j     Xle      Yle      Zle      Chord    Area     c_cl     ai     cl_norm    cl       cd       cdv    cm_c/4     cm_LE   C.P.x/c
    21   0.0002  -0.0005   0.0000   0.3048   0.0007   0.1250   0.0800   0.4341   0.3879   0.2167   0.0000  -0.0059   0.1024    0.265
    22   0.0017  -0.0049   0.0000   0.3048   0.0020   0.1250   0.0785   0.4570   0.4083   0.0394   0.0000  -0.0053   0.1018    0.263
    23   0.0047  -0.0135   0.0000   0.3048   0.0033   0.1250   0.0784   0.4582   0.4094   0.0289   0.0000  -0.0032   0.0999    0.258
    24   0.0091  -0.0262   0.0000   0.3048   0.0044   0.1249   0.0794   0.4583   0.4095   0.0261   0.0000  -0.0003   0.0970    0.251
    25   0.0148  -0.0426   0.0000   0.3048   0.0055   0.1247   0.0811   0.4578   0.4091   0.0240   0.0000   0.0030   0.0938    0.243
    26   0.0217  -0.0623   0.0000   0.3048   0.0065   0.1242   0.0834   0.4564   0.4078   0.0220   0.0000   0.0061   0.0904    0.235
    27   0.0295  -0.0849   0.0000   0.3048   0.0073   0.1233   0.0859   0.4533   0.4050   0.0203   0.0000   0.0091   0.0870    0.228
    28   0.0382  -0.1098   0.0000   0.3048   0.0079   0.1218   0.0887   0.4477   0.4000   0.0187   0.0000   0.0117   0.0833    0.221
    29   0.0474  -0.1363   0.0000   0.3048   0.0083   0.1194   0.0916   0.4389   0.3922   0.0173   0.0000   0.0142   0.0790    0.214
    30   0.0570  -0.1638   0.0000   0.3048   0.0085   0.1158   0.0946   0.4261   0.3808   0.0160   0.0000   0.0167   0.0740    0.206
    31   0.0667  -0.1918   0.0000   0.3048   0.0085   0.1111   0.0975   0.4086   0.3651   0.0146   0.0000   0.0191   0.0680    0.198
    32   0.0763  -0.2193   0.0000   0.3048   0.0083   0.1048   0.1002   0.3858   0.3447   0.0132   0.0000   0.0214   0.0610    0.188
    33   0.0855  -0.2458   0.0000   0.3048   0.0079   0.0971   0.1024   0.3572   0.3192   0.0116   0.0000   0.0235   0.0529    0.176
    34   0.0942  -0.2707   0.0000   0.3048   0.0073   0.0877   0.1038   0.3228   0.2884   0.0100   0.0000   0.0252   0.0441    0.163
    35   0.1020  -0.2933   0.0000   0.3048   0.0065   0.0768   0.1040   0.2828   0.2526   0.0082   0.0000   0.0260   0.0349    0.147
    36   0.1089  -0.3130   0.0000   0.3048   0.0055   0.0645   0.1029   0.2376   0.2123   0.0064   0.0000   0.0255   0.0259    0.130
    37   0.1146  -0.3294   0.0000   0.3048   0.0044   0.0511   0.1002   0.1883   0.1683   0.0045   0.0000   0.0232   0.0177    0.112
    38   0.1190  -0.3421   0.0000   0.3048   0.0033   0.0369   0.0964   0.1361   0.1216   0.0025   0.0000   0.0188   0.0108    0.095
    39   0.1220  -0.3507   0.0000   0.3048   0.0020   0.0223   0.0922   0.0822   0.0735   0.0006   0.0000   0.0123   0.0056    0.082
    40   0.1235  -0.3551   0.0000   0.3048   0.0007   0.0074   0.0898   0.0276   0.0247  -0.0009   0.0000   0.0043   0.0017    0.076
 ---------------------------------------------------------------
