 ---------------------------------------------------------------
 Surface and Strip Forces by surface

  Sref = 0.20440       Cref = 0.22820       Bref = 0.91440    
  Xref = 0.10920       Yref =  0.0000       Zref =  0.0000    

  Surface # 1     Wing                                    
     # Chordwise = 10   # Spanwise = 20     First strip =  1
     Surface area Ssurf =    0.127742     Ave. chord Cave =    0.279400

 Forces referred to Sref, Cref, Bref about Xref, Yref, Zref
 Standard axis orientation,  X fwd, Z down         
     CLsurf  =   0.17771     Clsurf  =  -0.03904
     CYsurf  =   0.00366     Cmsurf  =  -0.02811
     CDsurf  =   0.00537     Cnsurf  =  -0.00360
     CDisurf =   0.00537     CDvsurf =   0.00000

 Forces referred to Ssurf, Cave 
     CLsurf  =   0.28436     CDsurf  =   0.00860

 Strip Forces referred to Strip Area, Chord
    j     Xle      Yle      Zle      Chord    Area     c_cl     ai     cl_norm    cl       cd       cdv    cm_c/4     cm_LE   C.P.x/c
     1   0.0003   0.0007   0.0000   0.2794   0.0008   0.0933   0.0399   0.3833   0.3250   0.1245   0.0000  -0.0128  -0.0886    0.289
     2   0.0027   0.0063   0.0000   0.2794   0.0023   0.0932   0.0380   0.3927   0.3330   0.0220   0.0000  -0.0117  -0.0876    0.285
     3   0.0074   0.0174   0.0000   0.2794   0.0038   0.0933   0.0385   0.3934   0.3336   0.0167   0.0000  -0.0088  -0.0849    0.276
     4   0.0143   0.0337   0.0000   0.2794   0.0052   0.0934   0.0404   0.3941   0.3342   0.0149   0.0000  -0.0049  -0.0815    0.265
     5   0.0233   0.0548   0.0000   0.2794   0.0065   0.0936   0.0429   0.3951   0.3350   0.0132   0.0000  -0.0013  -0.0783    0.254
     6   0.0341   0.0801   0.0000   0.2794   0.0076   0.0937   0.0456   0.3958   0.3356   0.0117   0.0000   0.0019  -0.0755    0.244
     7   0.0464   0.1092   0.0000   0.2794   0.0085   0.0936   0.0484   0.3955   0.3354   0.0105   0.0000   0.0044  -0.0731    0.237
     8   0.0600   0.1411   0.0000   0.2794   0.0093   0.0931   0.0513   0.3935   0.3337   0.0095   0.0000   0.0065  -0.0707    0.230
     9   0.0745   0.1752   0.0000   0.2794   0.0097   0.0921   0.0544   0.3890   0.3298   0.0087   0.0000   0.0084  -0.0681    0.224
    10   0.0895   0.2107   0.0000   0.2794   0.0100   0.0902   0.0576   0.3811   0.3232   0.0080   0.0000   0.0103  -0.0648    0.218
    11   0.1048   0.2465   0.0000   0.2794   0.0100   0.0873   0.0610   0.3691   0.3130   0.0073   0.0000   0.0122  -0.0607    0.211
    12   0.1198   0.2820   0.0000   0.2794   0.0097   0.0833   0.0645   0.3521   0.2986   0.0066   0.0000   0.0144  -0.0553    0.202
    13   0.1343   0.3161   0.0000   0.2794   0.0093   0.0779   0.0677   0.3294   0.2793   0.0058   0.0000   0.0168  -0.0487    0.190
    14   0.1479   0.3480   0.0000   0.2794   0.0085   0.0711   0.0703   0.3004   0.2548   0.0049   0.0000   0.0191  -0.0409    0.175
    15   0.1602   0.3771   0.0000   0.2794   0.0076   0.0627   0.0716   0.2651   0.2248   0.0038   0.0000   0.0211  -0.0322    0.156
    16   0.1710   0.4024   0.0000   0.2794   0.0065   0.0529   0.0711   0.2237   0.1897   0.0027   0.0000   0.0221  -0.0232    0.133
    17   0.1800   0.4235   0.0000   0.2794   0.0052   0.0420   0.0686   0.1775   0.1505   0.0016   0.0000   0.0214  -0.0149    0.108
    18   0.1869   0.4398   0.0000   0.2794   0.0038   0.0302   0.0641   0.1280   0.1085   0.0005   0.0000   0.0182  -0.0081    0.082
    19   0.1916   0.4509   0.0000   0.2794   0.0023   0.0182   0.0585   0.0770   0.0653  -0.0006   0.0000   0.0124  -0.0036    0.060
    20   0.1940   0.4565   0.0000   0.2794   0.0008   0.0060   0.0550   0.0257   0.0218  -0.0012   0.0000   0.0044  -0.0010    0.049

  Surface # 2     Wing (YDUP)                             
     # Chordwise = 10   # Spanwise = 20     First strip = 21
     Surface area Ssurf =    0.127742     Ave. chord Cave =    0.279400

 Forces referred to Sref, Cref, Bref about Xref, Yref, Zref
 Standard axis orientation,  X fwd, Z down         
     CLsurf  =   0.17771     Clsurf  =   0.03904
     CYsurf  =  -0.00366     Cmsurf  =  -0.02811
     CDsurf  =   0.00537     Cnsurf  =   0.00360
     CDisurf =   0.00537     CDvsurf =   0.00000

 Forces referred to Ssurf, Cave 
     CLsurf  =   0.28436     CDsurf  =   0.00860

 Strip Forces referred to Strip Area, Chord
    j     Xle      Yle      Zle      Chord    Area     c_cl     ai     cl_norm    cl       cd       cdv    cm_c/4     cm_LE   C.P.x/c
    21   0.0003  -0.0007   0.0000   0.2794   0.0008   0.0933   0.0399   0.3833   0.3250   0.1245   0.0000  -0.0128   0.0886    0.289
    22   0.0027  -0.0063   0.0000   0.2794   0.0023   0.0932   0.0380   0.3927   0.3330   0.0220   0.0000  -0.0117   0.0876    0.285
    23   0.0074  -0.0174   0.0000   0.2794   0.0038   0.0933   0.0385   0.3934   0.3336   0.0167   0.0000  -0.0088   0.0849    0.276
    24   0.0143  -0.0337   0.0000   0.2794   0.0052   0.0934   0.0404   0.3941   0.3342   0.0149   0.0000  -0.0049   0.0815    0.265
    25   0.0233  -0.0548   0.0000   0.2794   0.0065   0.0936   0.0429   0.3951   0.3350   0.0132   0.0000  -0.0013   0.0783    0.254
    26   0.0341  -0.0801   0.0000   0.2794   0.0076   0.0937   0.0456   0.3958   0.3356   0.0117   0.0000   0.0019   0.0755    0.244
    27   0.0464  -0.1092   0.0000   0.2794   0.0085   0.0936   0.0484   0.3955   0.3354   0.0105   0.0000   0.0044   0.0731    0.237
    28   0.0600  -0.1411   0.0000   0.2794   0.0093   0.0931   0.0513   0.3935   0.3337   0.0095   0.0000   0.0065   0.0707    0.230
    29   0.0745  -0.1752   0.0000   0.2794   0.0097   0.0921   0.0544   0.3890   0.3298   0.0087   0.0000   0.0084   0.0681    0.224
    30   0.0895  -0.2107   0.0000   0.2794   0.0100   0.0902   0.0576   0.3811   0.3232   0.0080   0.0000   0.0103   0.0648    0.218
    31   0.1048  -0.2465   0.0000   0.2794   0.0100   0.0873   0.0610   0.3691   0.3130   0.0073   0.0000   0.0122   0.0607    0.211
    32   0.1198  -0.2820   0.0000   0.2794   0.0097   0.0833   0.0645   0.3521   0.2986   0.0066   0.0000   0.0144   0.0553    0.202
    33   0.1343  -0.3161   0.0000   0.2794   0.0093   0.0779   0.0677   0.3294   0.2793   0.0058   0.0000   0.0168   0.0487    0.190
    34   0.1479  -0.3480   0.0000   0.2794   0.0085   0.0711   0.0703   0.3004   0.2548   0.0049   0.0000   0.0191   0.0409    0.175
    35   0.1602  -0.3771   0.0000   0.2794   0.0076   0.0627   0.0716   0.2651   0.2248   0.0038   0.0000   0.0211   0.0322    0.156
    36   0.1710  -0.4024   0.0000   0.2794   0.0065   0.0529   0.0711   0.2237   0.1897   0.0027   0.0000   0.0221   0.0232    0.133
    37   0.1800  -0.4235   0.0000   0.2794   0.0052   0.0420   0.0686   0.1775   0.1505   0.0016   0.0000   0.0214   0.0149    0.108
    38   0.1869  -0.4398   0.0000   0.2794   0.0038   0.0302   0.0641   0.1280   0.1085   0.0005   0.0000   0.0182   0.0081    0.082
    39   0.1916  -0.4509   0.0000   0.2794   0.0023   0.0182   0.0585   0.0770   0.0653  -0.0006   0.0000   0.0124   0.0036    0.060
    40   0.1940  -0.4565   0.0000   0.2794   0.0008   0.0060   0.0550   0.0257   0.0218  -0.0012   0.0000   0.0044   0.0010    0.049
 ---------------------------------------------------------------
