 ---------------------------------------------------------------
 Surface and Strip Forces by surface

  Sref = 0.25080       Cref = 0.27540       Bref = 0.91440    
  Xref = 0.10920       Yref =  0.0000       Zref =  0.0000    

  Surface # 1     Wing                                    
     # Chordwise = 10   # Spanwise = 20     First strip =  1
     Surface area Ssurf =    0.139355     Ave. chord Cave =    0.304800

 Forces referred to Sref, Cref, Bref about Xref, Yref, Zref
 Standard axis orientation,  X fwd, Z down         
     CLsurf  =   0.14483     Clsurf  =  -0.03112
     CYsurf  =   0.00022     Cmsurf  =   0.02090
     CDsurf  =   0.00405     Cnsurf  =  -0.00144
     CDisurf =   0.00405     CDvsurf =   0.00000

 Forces referred to Ssurf, Cave 
     CLsurf  =   0.26066     CDsurf  =   0.00729

 Strip Forces referred to Strip Area, Chord
    j     Xle      Yle      Zle      Chord    Area     c_cl     ai     cl_norm    cl       cd       cdv    cm_c/4     cm_LE   C.P.x/c
     1   0.0000   0.0007   0.0000   0.3048   0.0009   0.0985   0.0510   0.3229   0.3226   0.0189   0.0000   0.0078  -0.0729    0.226
     2   0.0002   0.0063   0.0000   0.3048   0.0026   0.0985   0.0508   0.3236   0.3232   0.0094   0.0000   0.0079  -0.0729    0.226
     3   0.0006   0.0174   0.0000   0.3048   0.0042   0.0984   0.0507   0.3235   0.3231   0.0088   0.0000   0.0081  -0.0726    0.225
     4   0.0011   0.0337   0.0000   0.3048   0.0057   0.0983   0.0508   0.3230   0.3227   0.0086   0.0000   0.0084  -0.0722    0.224
     5   0.0018   0.0548   0.0000   0.3048   0.0071   0.0980   0.0511   0.3220   0.3216   0.0085   0.0000   0.0088  -0.0715    0.223
     6   0.0027   0.0801   0.0000   0.3048   0.0083   0.0974   0.0515   0.3200   0.3197   0.0083   0.0000   0.0091  -0.0707    0.221
     7   0.0036   0.1092   0.0000   0.3048   0.0093   0.0964   0.0522   0.3168   0.3164   0.0082   0.0000   0.0095  -0.0695    0.220
     8   0.0047   0.1411   0.0000   0.3048   0.0101   0.0949   0.0531   0.3118   0.3114   0.0081   0.0000   0.0100  -0.0678    0.218
     9   0.0058   0.1752   0.0000   0.3048   0.0106   0.0927   0.0542   0.3046   0.3043   0.0080   0.0000   0.0105  -0.0655    0.215
    10   0.0070   0.2107   0.0000   0.3048   0.0109   0.0897   0.0556   0.2949   0.2946   0.0079   0.0000   0.0111  -0.0624    0.212
    11   0.0082   0.2465   0.0000   0.3048   0.0109   0.0859   0.0572   0.2823   0.2820   0.0077   0.0000   0.0119  -0.0585    0.208
    12   0.0094   0.2820   0.0000   0.3048   0.0106   0.0810   0.0588   0.2662   0.2659   0.0075   0.0000   0.0127  -0.0537    0.202
    13   0.0105   0.3161   0.0000   0.3048   0.0101   0.0750   0.0605   0.2465   0.2462   0.0072   0.0000   0.0136  -0.0479    0.195
    14   0.0116   0.3480   0.0000   0.3048   0.0093   0.0678   0.0618   0.2228   0.2226   0.0067   0.0000   0.0144  -0.0412    0.185
    15   0.0125   0.3771   0.0000   0.3048   0.0083   0.0595   0.0625   0.1953   0.1951   0.0061   0.0000   0.0149  -0.0339    0.174
    16   0.0134   0.4024   0.0000   0.3048   0.0071   0.0500   0.0621   0.1642   0.1640   0.0053   0.0000   0.0148  -0.0262    0.160
    17   0.0141   0.4235   0.0000   0.3048   0.0057   0.0396   0.0604   0.1301   0.1299   0.0043   0.0000   0.0138  -0.0187    0.144
    18   0.0146   0.4398   0.0000   0.3048   0.0042   0.0285   0.0572   0.0938   0.0937   0.0031   0.0000   0.0115  -0.0119    0.127
    19   0.0150   0.4509   0.0000   0.3048   0.0026   0.0172   0.0530   0.0564   0.0563   0.0018   0.0000   0.0077  -0.0063    0.112
    20   0.0152   0.4565   0.0000   0.3048   0.0009   0.0057   0.0498   0.0188   0.0188   0.0005   0.0000   0.0027  -0.0019    0.104

  Surface # 2     Wing (YDUP)                             
     # Chordwise = 10   # Spanwise = 20     First strip = 21
     Surface area Ssurf =    0.139355     Ave. chord Cave =    0.304800

 Forces referred to Sref, Cref, Bref about Xref, Yref, Zref
 Standard axis orientation,  X fwd, Z down         
     CLsurf  =   0.14483     Clsurf  =   0.03112
     CYsurf  =  -0.00022     Cmsurf  =   0.02090
     CDsurf  =   0.00405     Cnsurf  =   0.00144
     CDisurf =   0.00405     CDvsurf =   0.00000

 Forces referred to Ssurf, Cave 
     CLsurf  =   0.26066     CDsurf  =   0.00729

 Strip Forces referred to Strip Area, Chord
    j     Xle      Yle      Zle      Chord    Area     c_cl     ai     cl_norm    cl       cd       cdv    cm_c/4     cm_LE   C.P.x/c
    21   0.0000  -0.0007   0.0000   0.3048   0.0009   0.0985   0.0510   0.3229   0.3226   0.0189   0.0000   0.0078   0.0729    0.226
    22   0.0002  -0.0063   0.0000   0.3048   0.0026   0.0985   0.0508   0.3236   0.3232   0.0094   0.0000   0.0079   0.0729    0.226
    23   0.0006  -0.0174   0.0000   0.3048   0.0042   0.0984   0.0507   0.3235   0.3231   0.0088   0.0000   0.0081   0.0726    0.225
    24   0.0011  -0.0337   0.0000   0.3048   0.0057   0.0983   0.0508   0.3230   0.3227   0.0086   0.0000   0.0084   0.0722    0.224
    25   0.0018  -0.0548   0.0000   0.3048   0.0071   0.0980   0.0511   0.3220   0.3216   0.0085   0.0000   0.0088   0.0715    0.223
    26   0.0027  -0.0801   0.0000   0.3048   0.0083   0.0974   0.0515   0.3200   0.3197   0.0083   0.0000   0.0091   0.0707    0.221
    27   0.0036  -0.1092   0.0000   0.3048   0.0093   0.0964   0.0522   0.3168   0.3164   0.0082   0.0000   0.0095   0.0695    0.220
    28   0.0047  -0.1411   0.0000   0.3048   0.0101   0.0949   0.0531   0.3118   0.3114   0.0081   0.0000   0.0100   0.0678    0.218
    29   0.0058  -0.1752   0.0000   0.3048   0.0106   0.0927   0.0542   0.3046   0.3043   0.0080   0.0000   0.0105   0.0655    0.215
    30   0.0070  -0.2107   0.0000   0.3048   0.0109   0.0897   0.0556   0.2949   0.2946   0.0079   0.0000   0.0111   0.0624    0.212
    31   0.0082  -0.2465   0.0000   0.3048   0.0109   0.0859   0.0572   0.2823   0.2820   0.0077   0.0000   0.0119   0.0585    0.208
    32   0.0094  -0.2820   0.0000   0.3048   0.0106   0.0810   0.0588   0.2662   0.2659   0.0075   0.0000   0.0127   0.0537    0.202
    33   0.0105  -0.3161   0.0000   0.3048   0.0101   0.0750   0.0605   0.2465   0.2462   0.0072   0.0000   0.0136   0.0479    0.195
    34   0.0116  -0.3480   0.0000   0.3048   0.0093   0.0678   0.0618   0.2228   0.2226   0.0067   0.0000   0.0144   0.0412    0.185
    35   0.0125  -0.3771   0.0000   0.3048   0.0083   0.0595   0.0625   0.1953   0.1951   0.0061   0.0000   0.0149   0.0339    0.174
    36   0.0134  -0.4024   0.0000   0.3048   0.0071   0.0500   0.0621   0.1642   0.1640   0.0053   0.0000   0.0148   0.0262    0.160
    37   0.0141  -0.4235   0.0000   0.3048   0.0057   0.0396   0.0604   0.1301   0.1299   0.0043   0.0000   0.0138   0.0187    0.144
    38   0.0146  -0.4398   0.0000   0.3048   0.0042   0.0285   0.0572   0.0938   0.0937   0.0031   0.0000   0.0115   0.0119    0.127
    39   0.0150  -0.4509   0.0000   0.3048   0.0026   0.0172   0.0530   0.0564   0.0563   0.0018   0.0000   0.0077   0.0063    0.112
    40   0.0152  -0.4565   0.0000   0.3048   0.0009   0.0057   0.0498   0.0188   0.0188   0.0005   0.0000   0.0027   0.0019    0.104
 ---------------------------------------------------------------
