 ---------------------------------------------------------------
 Surface and Strip Forces by surface

  Sref = 0.18060       Cref = 0.25400       Bref = 0.71120    
  Xref = 0.10920       Yref =  0.0000       Zref =  0.0000    

  Surface # 1     Wing                                    
     # Chordwise = 10   # Spanwise = 20     First strip =  1
     Surface area Ssurf =    0.090322     Ave. chord Cave =    0.254000

 Forces referred to Sref, Cref, Bref about Xref, Yref, Zref
 Standard axis orientation,  X fwd, Z down         
     CLsurf  =   0.20113     Clsurf  =  -0.04356
     CYsurf  =   0.00411     Cmsurf  =   0.01111
     CDsurf  =   0.00977     Cnsurf  =  -0.00519
     CDisurf =   0.00977     CDvsurf =   0.00000

 Forces referred to Ssurf, Cave 
     CLsurf  =   0.40216     CDsurf  =   0.01954

 Strip Forces referred to Strip Area, Chord
    j     Xle      Yle      Zle      Chord    Area     c_cl     ai     cl_norm    cl       cd       cdv    cm_c/4     cm_LE   C.P.x/c
     1   0.0001   0.0005   0.0000   0.2540   0.0006   0.1237   0.0759   0.4990   0.4661   0.1972   0.0000  -0.0054  -0.1228    0.262
     2   0.0013   0.0049   0.0000   0.2540   0.0017   0.1237   0.0752   0.5199   0.4856   0.0414   0.0000  -0.0046  -0.1221    0.260
     3   0.0036   0.0135   0.0000   0.2540   0.0027   0.1237   0.0756   0.5211   0.4867   0.0323   0.0000  -0.0024  -0.1199    0.255
     4   0.0070   0.0262   0.0000   0.2540   0.0037   0.1237   0.0771   0.5214   0.4870   0.0293   0.0000   0.0006  -0.1170    0.249
     5   0.0114   0.0426   0.0000   0.2540   0.0046   0.1235   0.0791   0.5212   0.4868   0.0269   0.0000   0.0038  -0.1138    0.242
     6   0.0167   0.0623   0.0000   0.2540   0.0054   0.1232   0.0816   0.5199   0.4856   0.0248   0.0000   0.0067  -0.1107    0.236
     7   0.0228   0.0849   0.0000   0.2540   0.0060   0.1224   0.0843   0.5169   0.4828   0.0231   0.0000   0.0093  -0.1074    0.231
     8   0.0294   0.1098   0.0000   0.2540   0.0065   0.1210   0.0873   0.5111   0.4774   0.0217   0.0000   0.0116  -0.1038    0.226
     9   0.0365   0.1363   0.0000   0.2540   0.0069   0.1188   0.0905   0.5019   0.4688   0.0204   0.0000   0.0139  -0.0996    0.220
    10   0.0439   0.1638   0.0000   0.2540   0.0071   0.1155   0.0940   0.4882   0.4560   0.0192   0.0000   0.0161  -0.0943    0.215
    11   0.0514   0.1918   0.0000   0.2540   0.0071   0.1111   0.0976   0.4694   0.4384   0.0180   0.0000   0.0183  -0.0879    0.208
    12   0.0588   0.2193   0.0000   0.2540   0.0069   0.1052   0.1012   0.4445   0.4152   0.0167   0.0000   0.0207  -0.0800    0.200
    13   0.0659   0.2458   0.0000   0.2540   0.0065   0.0977   0.1045   0.4131   0.3858   0.0153   0.0000   0.0230  -0.0707    0.190
    14   0.0725   0.2707   0.0000   0.2540   0.0060   0.0886   0.1071   0.3747   0.3500   0.0136   0.0000   0.0250  -0.0601    0.179
    15   0.0786   0.2933   0.0000   0.2540   0.0054   0.0779   0.1087   0.3295   0.3077   0.0117   0.0000   0.0263  -0.0487    0.164
    16   0.0839   0.3130   0.0000   0.2540   0.0046   0.0657   0.1088   0.2778   0.2595   0.0096   0.0000   0.0263  -0.0370    0.148
    17   0.0883   0.3294   0.0000   0.2540   0.0037   0.0522   0.1071   0.2209   0.2063   0.0073   0.0000   0.0245  -0.0260    0.131
    18   0.0917   0.3421   0.0000   0.2540   0.0027   0.0378   0.1038   0.1600   0.1494   0.0048   0.0000   0.0202  -0.0164    0.115
    19   0.0940   0.3507   0.0000   0.2540   0.0017   0.0228   0.0995   0.0967   0.0904   0.0021   0.0000   0.0134  -0.0087    0.101
    20   0.0952   0.3551   0.0000   0.2540   0.0006   0.0076   0.0968   0.0325   0.0303  -0.0003   0.0000   0.0047  -0.0027    0.095

  Surface # 2     Wing (YDUP)                             
     # Chordwise = 10   # Spanwise = 20     First strip = 21
     Surface area Ssurf =    0.090322     Ave. chord Cave =    0.254000

 Forces referred to Sref, Cref, Bref about Xref, Yref, Zref
 Standard axis orientation,  X fwd, Z down         
     CLsurf  =   0.20113     Clsurf  =   0.04356
     CYsurf  =  -0.00411     Cmsurf  =   0.01111
     CDsurf  =   0.00977     Cnsurf  =   0.00519
     CDisurf =   0.00977     CDvsurf =   0.00000

 Forces referred to Ssurf, Cave 
     CLsurf  =   0.40216     CDsurf  =   0.01954

 Strip Forces referred to Strip Area, Chord
    j     Xle      Yle      Zle      Chord    Area     c_cl     ai     cl_norm    cl       cd       cdv    cm_c/4     cm_LE   C.P.x/c
    21   0.0001  -0.0005   0.0000   0.2540   0.0006   0.1237   0.0759   0.4990   0.4661   0.1972   0.0000  -0.0054   0.1228    0.262
    22   0.0013  -0.0049   0.0000   0.2540   0.0017   0.1237   0.0752   0.5199   0.4856   0.0414   0.0000  -0.0046   0.1221    0.260
    23   0.0036  -0.0135   0.0000   0.2540   0.0027   0.1237   0.0756   0.5211   0.4867   0.0323   0.0000  -0.0024   0.1199    0.255
    24   0.0070  -0.0262   0.0000   0.2540   0.0037   0.1237   0.0771   0.5214   0.4870   0.0293   0.0000   0.0006   0.1170    0.249
    25   0.0114  -0.0426   0.0000   0.2540   0.0046   0.1235   0.0791   0.5212   0.4868   0.0269   0.0000   0.0038   0.1138    0.242
    26   0.0167  -0.0623   0.0000   0.2540   0.0054   0.1232   0.0816   0.5199   0.4856   0.0248   0.0000   0.0067   0.1107    0.236
    27   0.0228  -0.0849   0.0000   0.2540   0.0060   0.1224   0.0843   0.5169   0.4828   0.0231   0.0000   0.0093   0.1074    0.231
    28   0.0294  -0.1098   0.0000   0.2540   0.0065   0.1210   0.0873   0.5111   0.4774   0.0217   0.0000   0.0116   0.1038    0.226
    29   0.0365  -0.1363   0.0000   0.2540   0.0069   0.1188   0.0905   0.5019   0.4688   0.0204   0.0000   0.0139   0.0996    0.220
    30   0.0439  -0.1638   0.0000   0.2540   0.0071   0.1155   0.0940   0.4882   0.4560   0.0192   0.0000   0.0161   0.0943    0.215
    31   0.0514  -0.1918   0.0000   0.2540   0.0071   0.1111   0.0976   0.4694   0.4384   0.0180   0.0000   0.0183   0.0879    0.208
    32   0.0588  -0.2193   0.0000   0.2540   0.0069   0.1052   0.1012   0.4445   0.4152   0.0167   0.0000   0.0207   0.0800    0.200
    33   0.0659  -0.2458   0.0000   0.2540   0.0065   0.0977   0.1045   0.4131   0.3858   0.0153   0.0000   0.0230   0.0707    0.190
    34   0.0725  -0.2707   0.0000   0.2540   0.0060   0.0886   0.1071   0.3747   0.3500   0.0136   0.0000   0.0250   0.0601    0.179
    35   0.0786  -0.2933   0.0000   0.2540   0.0054   0.0779   0.1087   0.3295   0.3077   0.0117   0.0000   0.0263   0.0487    0.164
    36   0.0839  -0.3130   0.0000   0.2540   0.0046   0.0657   0.1088   0.2778   0.2595   0.0096   0.0000   0.0263   0.0370    0.148
    37   0.0883  -0.3294   0.0000   0.2540   0.0037   0.0522   0.1071   0.2209   0.2063   0.0073   0.0000   0.0245   0.0260    0.131
    38   0.0917  -0.3421   0.0000   0.2540   0.0027   0.0378   0.1038   0.1600   0.1494   0.0048   0.0000   0.0202   0.0164    0.115
    39   0.0940  -0.3507   0.0000   0.2540   0.0017   0.0228   0.0995   0.0967   0.0904   0.0021   0.0000   0.0134   0.0087    0.101
    40   0.0952  -0.3551   0.0000   0.2540   0.0006   0.0076   0.0968   0.0325   0.0303  -0.0003   0.0000   0.0047   0.0027    0.095
 ---------------------------------------------------------------
