 ---------------------------------------------------------------
 Surface and Strip Forces by surface

  Sref = 0.19820       Cref = 0.24890       Bref = 0.81280    
  Xref = 0.10920       Yref =  0.0000       Zref =  0.0000    

  Surface # 1     Wing                                    
     # Chordwise = 10   # Spanwise = 20     First strip =  1
     Surface area Ssurf =    0.123871     Ave. chord Cave =    0.304800

 Forces referred to Sref, Cref, Bref about Xref, Yref, Zref
 Standard axis orientation,  X fwd, Z down         
     CLsurf  =   0.18327     Clsurf  =  -0.03956
     CYsurf  =   0.00245     Cmsurf  =   0.00175
     CDsurf  =   0.00681     Cnsurf  =  -0.00340
     CDisurf =   0.00681     CDvsurf =   0.00000

 Forces referred to Ssurf, Cave 
     CLsurf  =   0.29324     CDsurf  =   0.01090

 Strip Forces referred to Strip Area, Chord
    j     Xle      Yle      Zle      Chord    Area     c_cl     ai     cl_norm    cl       cd       cdv    cm_c/4     cm_LE   C.P.x/c
     1   0.0002   0.0006   0.0000   0.3048   0.0008   0.1094   0.0619   0.3717   0.3498   0.1149   0.0000  -0.0021  -0.0890    0.256
     2   0.0014   0.0056   0.0000   0.3048   0.0023   0.1093   0.0604   0.3805   0.3581   0.0232   0.0000  -0.0015  -0.0885    0.254
     3   0.0039   0.0155   0.0000   0.3048   0.0037   0.1093   0.0600   0.3808   0.3584   0.0178   0.0000  -0.0000  -0.0869    0.250
     4   0.0075   0.0299   0.0000   0.3048   0.0051   0.1092   0.0606   0.3806   0.3582   0.0163   0.0000   0.0022  -0.0848    0.244
     5   0.0122   0.0487   0.0000   0.3048   0.0063   0.1090   0.0618   0.3801   0.3577   0.0150   0.0000   0.0044  -0.0824    0.238
     6   0.0179   0.0712   0.0000   0.3048   0.0074   0.1086   0.0633   0.3787   0.3564   0.0139   0.0000   0.0066  -0.0800    0.231
     7   0.0244   0.0970   0.0000   0.3048   0.0083   0.1078   0.0652   0.3760   0.3538   0.0130   0.0000   0.0085  -0.0774    0.226
     8   0.0315   0.1254   0.0000   0.3048   0.0090   0.1064   0.0672   0.3713   0.3494   0.0122   0.0000   0.0103  -0.0747    0.221
     9   0.0391   0.1558   0.0000   0.3048   0.0095   0.1043   0.0695   0.3640   0.3426   0.0115   0.0000   0.0120  -0.0714    0.215
    10   0.0470   0.1873   0.0000   0.3048   0.0097   0.1013   0.0718   0.3535   0.3327   0.0108   0.0000   0.0136  -0.0674    0.209
    11   0.0551   0.2191   0.0000   0.3048   0.0097   0.0972   0.0743   0.3392   0.3192   0.0101   0.0000   0.0153  -0.0624    0.202
    12   0.0630   0.2506   0.0000   0.3048   0.0095   0.0918   0.0767   0.3205   0.3016   0.0093   0.0000   0.0170  -0.0565    0.194
    13   0.0706   0.2810   0.0000   0.3048   0.0090   0.0851   0.0788   0.2971   0.2796   0.0085   0.0000   0.0187  -0.0495    0.183
    14   0.0777   0.3094   0.0000   0.3048   0.0083   0.0770   0.0802   0.2688   0.2529   0.0075   0.0000   0.0202  -0.0417    0.170
    15   0.0842   0.3352   0.0000   0.3048   0.0074   0.0675   0.0807   0.2356   0.2217   0.0064   0.0000   0.0210  -0.0333    0.155
    16   0.0899   0.3577   0.0000   0.3048   0.0063   0.0567   0.0798   0.1980   0.1863   0.0052   0.0000   0.0209  -0.0248    0.138
    17   0.0946   0.3765   0.0000   0.3048   0.0051   0.0449   0.0774   0.1568   0.1476   0.0038   0.0000   0.0193  -0.0170    0.119
    18   0.0982   0.3909   0.0000   0.3048   0.0037   0.0324   0.0736   0.1132   0.1065   0.0024   0.0000   0.0159  -0.0104    0.101
    19   0.1007   0.4008   0.0000   0.3048   0.0023   0.0195   0.0691   0.0682   0.0642   0.0008   0.0000   0.0105  -0.0053    0.086
    20   0.1019   0.4058   0.0000   0.3048   0.0008   0.0065   0.0664   0.0228   0.0215  -0.0004   0.0000   0.0037  -0.0016    0.078

  Surface # 2     Wing (YDUP)                             
     # Chordwise = 10   # Spanwise = 20     First strip = 21
     Surface area Ssurf =    0.123871     Ave. chord Cave =    0.304800

 Forces referred to Sref, Cref, Bref about Xref, Yref, Zref
 Standard axis orientation,  X fwd, Z down         
     CLsurf  =   0.18327     Clsurf  =   0.03956
     CYsurf  =  -0.00245     Cmsurf  =   0.00175
     CDsurf  =   0.00681     Cnsurf  =   0.00340
     CDisurf =   0.00681     CDvsurf =   0.00000

 Forces referred to Ssurf, Cave 
     CLsurf  =   0.29324     CDsurf  =   0.01090

 Strip Forces referred to Strip Area, Chord
    j     Xle      Yle      Zle      Chord    Area     c_cl     ai     cl_norm    cl       cd       cdv    cm_c/4     cm_LE   C.P.x/c
    21   0.0002  -0.0006   0.0000   0.3048   0.0008   0.1094   0.0619   0.3717   0.3498   0.1149   0.0000  -0.0021   0.0890    0.256
    22   0.0014  -0.0056   0.0000   0.3048   0.0023   0.1093   0.0604   0.3805   0.3581   0.0232   0.0000  -0.0015   0.0885    0.254
    23   0.0039  -0.0155   0.0000   0.3048   0.0037   0.1093   0.0600   0.3808   0.3584   0.0178   0.0000  -0.0000   0.0869    0.250
    24   0.0075  -0.0299   0.0000   0.3048   0.0051   0.1092   0.0606   0.3806   0.3582   0.0163   0.0000   0.0022   0.0848    0.244
    25   0.0122  -0.0487   0.0000   0.3048   0.0063   0.1090   0.0618   0.3801   0.3577   0.0150   0.0000   0.0044   0.0824    0.238
    26   0.0179  -0.0712   0.0000   0.3048   0.0074   0.1086   0.0633   0.3787   0.3564   0.0139   0.0000   0.0066   0.0800    0.231
    27   0.0244  -0.0970   0.0000   0.3048   0.0083   0.1078   0.0652   0.3760   0.3538   0.0130   0.0000   0.0085   0.0774    0.226
    28   0.0315  -0.1254   0.0000   0.3048   0.0090   0.1064   0.0672   0.3713   0.3494   0.0122   0.0000   0.0103   0.0747    0.221
    29   0.0391  -0.1558   0.0000   0.3048   0.0095   0.1043   0.0695   0.3640   0.3426   0.0115   0.0000   0.0120   0.0714    0.215
    30   0.0470  -0.1873   0.0000   0.3048   0.0097   0.1013   0.0718   0.3535   0.3327   0.0108   0.0000   0.0136   0.0674    0.209
    31   0.0551  -0.2191   0.0000   0.3048   0.0097   0.0972   0.0743   0.3392   0.3192   0.0101   0.0000   0.0153   0.0624    0.202
    32   0.0630  -0.2506   0.0000   0.3048   0.0095   0.0918   0.0767   0.3205   0.3016   0.0093   0.0000   0.0170   0.0565    0.194
    33   0.0706  -0.2810   0.0000   0.3048   0.0090   0.0851   0.0788   0.2971   0.2796   0.0085   0.0000   0.0187   0.0495    0.183
    34   0.0777  -0.3094   0.0000   0.3048   0.0083   0.0770   0.0802   0.2688   0.2529   0.0075   0.0000   0.0202   0.0417    0.170
    35   0.0842  -0.3352   0.0000   0.3048   0.0074   0.0675   0.0807   0.2356   0.2217   0.0064   0.0000   0.0210   0.0333    0.155
    36   0.0899  -0.3577   0.0000   0.3048   0.0063   0.0567   0.0798   0.1980   0.1863   0.0052   0.0000   0.0209   0.0248    0.138
    37   0.0946  -0.3765   0.0000   0.3048   0.0051   0.0449   0.0774   0.1568   0.1476   0.0038   0.0000   0.0193   0.0170    0.119
    38   0.0982  -0.3909   0.0000   0.3048   0.0037   0.0324   0.0736   0.1132   0.1065   0.0024   0.0000   0.0159   0.0104    0.101
    39   0.1007  -0.4008   0.0000   0.3048   0.0023   0.0195   0.0691   0.0682   0.0642   0.0008   0.0000   0.0105   0.0053    0.086
    40   0.1019  -0.4058   0.0000   0.3048   0.0008   0.0065   0.0664   0.0228   0.0215  -0.0004   0.0000   0.0037   0.0016    0.078
 ---------------------------------------------------------------
