 ---------------------------------------------------------------
 Surface and Strip Forces by surface

  Sref = 0.12540       Cref = 0.15750       Bref = 0.91440    
  Xref = 0.10920       Yref =  0.0000       Zref =  0.0000    

  Surface # 1     Wing                                    
     # Chordwise = 10   # Spanwise = 20     First strip =  1
     Surface area Ssurf =    0.104516     Ave. chord Cave =    0.228600

 Forces referred to Sref, Cref, Bref about Xref, Yref, Zref
 Standard axis orientation,  X fwd, Z down         
     CLsurf  =   0.28967     Clsurf  =  -0.06346
     CYsurf  =   0.00312     Cmsurf  =   0.03966
     CDsurf  =   0.00840     Cnsurf  =  -0.00449
     CDisurf =   0.00840     CDvsurf =   0.00000

 Forces referred to Ssurf, Cave 
     CLsurf  =   0.34755     CDsurf  =   0.01008

 Strip Forces referred to Strip Area, Chord
    j     Xle      Yle      Zle      Chord    Area     c_cl     ai     cl_norm    cl       cd       cdv    cm_c/4     cm_LE   C.P.x/c
     1   0.0001   0.0007   0.0000   0.2286   0.0006   0.0944   0.0427   0.4220   0.4077   0.0754   0.0000  -0.0034  -0.1048    0.258
     2   0.0012   0.0063   0.0000   0.2286   0.0019   0.0943   0.0419   0.4270   0.4126   0.0188   0.0000  -0.0027  -0.1040    0.256
     3   0.0033   0.0174   0.0000   0.2286   0.0031   0.0943   0.0422   0.4273   0.4129   0.0156   0.0000  -0.0007  -0.1022    0.252
     4   0.0063   0.0337   0.0000   0.2286   0.0043   0.0944   0.0434   0.4276   0.4132   0.0140   0.0000   0.0016  -0.0999    0.246
     5   0.0103   0.0548   0.0000   0.2286   0.0053   0.0944   0.0450   0.4277   0.4133   0.0128   0.0000   0.0037  -0.0978    0.241
     6   0.0150   0.0801   0.0000   0.2286   0.0062   0.0943   0.0467   0.4272   0.4128   0.0118   0.0000   0.0054  -0.0960    0.237
     7   0.0205   0.1092   0.0000   0.2286   0.0070   0.0939   0.0487   0.4255   0.4112   0.0112   0.0000   0.0069  -0.0941    0.233
     8   0.0265   0.1411   0.0000   0.2286   0.0076   0.0930   0.0508   0.4218   0.4076   0.0107   0.0000   0.0081  -0.0921    0.230
     9   0.0328   0.1752   0.0000   0.2286   0.0080   0.0917   0.0531   0.4156   0.4016   0.0103   0.0000   0.0092  -0.0895    0.227
    10   0.0395   0.2107   0.0000   0.2286   0.0082   0.0896   0.0558   0.4061   0.3924   0.0100   0.0000   0.0103  -0.0861    0.224
    11   0.0462   0.2465   0.0000   0.2286   0.0082   0.0866   0.0589   0.3926   0.3794   0.0097   0.0000   0.0116  -0.0816    0.219
    12   0.0529   0.2820   0.0000   0.2286   0.0080   0.0826   0.0623   0.3743   0.3617   0.0093   0.0000   0.0132  -0.0758    0.213
    13   0.0592   0.3161   0.0000   0.2286   0.0076   0.0773   0.0658   0.3505   0.3387   0.0089   0.0000   0.0150  -0.0684    0.206
    14   0.0652   0.3480   0.0000   0.2286   0.0070   0.0707   0.0692   0.3205   0.3097   0.0083   0.0000   0.0169  -0.0594    0.195
    15   0.0707   0.3771   0.0000   0.2286   0.0062   0.0626   0.0718   0.2839   0.2743   0.0075   0.0000   0.0187  -0.0489    0.182
    16   0.0754   0.4024   0.0000   0.2286   0.0053   0.0531   0.0730   0.2409   0.2327   0.0064   0.0000   0.0198  -0.0377    0.165
    17   0.0794   0.4235   0.0000   0.2286   0.0043   0.0424   0.0723   0.1922   0.1857   0.0051   0.0000   0.0195  -0.0264    0.145
    18   0.0824   0.4398   0.0000   0.2286   0.0031   0.0307   0.0692   0.1392   0.1345   0.0035   0.0000   0.0170  -0.0163    0.124
    19   0.0845   0.4509   0.0000   0.2286   0.0019   0.0185   0.0643   0.0840   0.0811   0.0017   0.0000   0.0118  -0.0083    0.105
    20   0.0856   0.4565   0.0000   0.2286   0.0006   0.0062   0.0603   0.0280   0.0271   0.0000   0.0000   0.0042  -0.0025    0.094

  Surface # 2     Wing (YDUP)                             
     # Chordwise = 10   # Spanwise = 20     First strip = 21
     Surface area Ssurf =    0.104516     Ave. chord Cave =    0.228600

 Forces referred to Sref, Cref, Bref about Xref, Yref, Zref
 Standard axis orientation,  X fwd, Z down         
     CLsurf  =   0.28967     Clsurf  =   0.06346
     CYsurf  =  -0.00312     Cmsurf  =   0.03966
     CDsurf  =   0.00840     Cnsurf  =   0.00449
     CDisurf =   0.00840     CDvsurf =   0.00000

 Forces referred to Ssurf, Cave 
     CLsurf  =   0.34755     CDsurf  =   0.01008

 Strip Forces referred to Strip Area, Chord
    j     Xle      Yle      Zle      Chord    Area     c_cl     ai     cl_norm    cl       cd       cdv    cm_c/4     cm_LE   C.P.x/c
    21   0.0001  -0.0007   0.0000   0.2286   0.0006   0.0944   0.0427   0.4220   0.4077   0.0754   0.0000  -0.0034   0.1048    0.258
    22   0.0012  -0.0063   0.0000   0.2286   0.0019   0.0943   0.0419   0.4270   0.4126   0.0188   0.0000  -0.0027   0.1040    0.256
    23   0.0033  -0.0174   0.0000   0.2286   0.0031   0.0943   0.0422   0.4273   0.4129   0.0156   0.0000  -0.0007   0.1022    0.252
    24   0.0063  -0.0337   0.0000   0.2286   0.0043   0.0944   0.0434   0.4276   0.4132   0.0140   0.0000   0.0016   0.0999    0.246
    25   0.0103  -0.0548   0.0000   0.2286   0.0053   0.0944   0.0450   0.4277   0.4133   0.0128   0.0000   0.0037   0.0978    0.241
    26   0.0150  -0.0801   0.0000   0.2286   0.0062   0.0943   0.0467   0.4272   0.4128   0.0118   0.0000   0.0054   0.0960    0.237
    27   0.0205  -0.1092   0.0000   0.2286   0.0070   0.0939   0.0487   0.4255   0.4112   0.0112   0.0000   0.0069   0.0941    0.233
    28   0.0265  -0.1411   0.0000   0.2286   0.0076   0.0930   0.0508   0.4218   0.4076   0.0107   0.0000   0.0081   0.0921    0.230
    29   0.0328  -0.1752   0.0000   0.2286   0.0080   0.0917   0.0531   0.4156   0.4016   0.0103   0.0000   0.0092   0.0895    0.227
    30   0.0395  -0.2107   0.0000   0.2286   0.0082   0.0896   0.0558   0.4061   0.3924   0.0100   0.0000   0.0103   0.0861    0.224
    31   0.0462  -0.2465   0.0000   0.2286   0.0082   0.0866   0.0589   0.3926   0.3794   0.0097   0.0000   0.0116   0.0816    0.219
    32   0.0529  -0.2820   0.0000   0.2286   0.0080   0.0826   0.0623   0.3743   0.3617   0.0093   0.0000   0.0132   0.0758    0.213
    33   0.0592  -0.3161   0.0000   0.2286   0.0076   0.0773   0.0658   0.3505   0.3387   0.0089   0.0000   0.0150   0.0684    0.206
    34   0.0652  -0.3480   0.0000   0.2286   0.0070   0.0707   0.0692   0.3205   0.3097   0.0083   0.0000   0.0169   0.0594    0.195
    35   0.0707  -0.3771   0.0000   0.2286   0.0062   0.0626   0.0718   0.2839   0.2743   0.0075   0.0000   0.0187   0.0489    0.182
    36   0.0754  -0.4024   0.0000   0.2286   0.0053   0.0531   0.0730   0.2409   0.2327   0.0064   0.0000   0.0198   0.0377    0.165
    37   0.0794  -0.4235   0.0000   0.2286   0.0043   0.0424   0.0723   0.1922   0.1857   0.0051   0.0000   0.0195   0.0264    0.145
    38   0.0824  -0.4398   0.0000   0.2286   0.0031   0.0307   0.0692   0.1392   0.1345   0.0035   0.0000   0.0170   0.0163    0.124
    39   0.0845  -0.4509   0.0000   0.2286   0.0019   0.0185   0.0643   0.0840   0.0811   0.0017   0.0000   0.0118   0.0083    0.105
    40   0.0856  -0.4565   0.0000   0.2286   0.0006   0.0062   0.0603   0.0280   0.0271   0.0000   0.0000   0.0042   0.0025    0.094
 ---------------------------------------------------------------
