 ---------------------------------------------------------------
 Surface and Strip Forces by surface

  Sref = 0.11380       Cref = 0.16980       Bref = 0.71120    
  Xref = 0.10920       Yref =  0.0000       Zref =  0.0000    

  Surface # 1     Wing                                    
     # Chordwise = 10   # Spanwise = 20     First strip =  1
     Surface area Ssurf =    0.081290     Ave. chord Cave =    0.228600

 Forces referred to Sref, Cref, Bref about Xref, Yref, Zref
 Standard axis orientation,  X fwd, Z down         
     CLsurf  =   0.31919     Clsurf  =  -0.06977
     CYsurf  =   0.00976     Cmsurf  =   0.00511
     CDsurf  =   0.01573     Cnsurf  =  -0.00990
     CDisurf =   0.01573     CDvsurf =   0.00000

 Forces referred to Ssurf, Cave 
     CLsurf  =   0.44685     CDsurf  =   0.02203

 Strip Forces referred to Strip Area, Chord
    j     Xle      Yle      Zle      Chord    Area     c_cl     ai     cl_norm    cl       cd       cdv    cm_c/4     cm_LE   C.P.x/c
     1   0.0002   0.0005   0.0000   0.2286   0.0005   0.1208   0.0657   0.5629   0.4981   0.2614   0.0000  -0.0149  -0.1381    0.280
     2   0.0018   0.0049   0.0000   0.2286   0.0015   0.1208   0.0657   0.5947   0.5262   0.0516   0.0000  -0.0137  -0.1370    0.276
     3   0.0049   0.0135   0.0000   0.2286   0.0024   0.1209   0.0676   0.5968   0.5281   0.0399   0.0000  -0.0101  -0.1337    0.269
     4   0.0095   0.0262   0.0000   0.2286   0.0033   0.1210   0.0705   0.5982   0.5293   0.0356   0.0000  -0.0055  -0.1295    0.260
     5   0.0155   0.0426   0.0000   0.2286   0.0041   0.1212   0.0741   0.5995   0.5305   0.0320   0.0000  -0.0009  -0.1253    0.252
     6   0.0227   0.0623   0.0000   0.2286   0.0048   0.1212   0.0778   0.6000   0.5309   0.0289   0.0000   0.0032  -0.1215    0.244
     7   0.0309   0.0849   0.0000   0.2286   0.0054   0.1208   0.0818   0.5987   0.5298   0.0264   0.0000   0.0066  -0.1179    0.238
     8   0.0400   0.1098   0.0000   0.2286   0.0059   0.1199   0.0858   0.5946   0.5261   0.0243   0.0000   0.0096  -0.1142    0.232
     9   0.0497   0.1363   0.0000   0.2286   0.0062   0.1183   0.0902   0.5864   0.5189   0.0226   0.0000   0.0123  -0.1099    0.226
    10   0.0597   0.1638   0.0000   0.2286   0.0064   0.1156   0.0948   0.5732   0.5072   0.0210   0.0000   0.0150  -0.1046    0.220
    11   0.0699   0.1918   0.0000   0.2286   0.0064   0.1116   0.0996   0.5539   0.4901   0.0195   0.0000   0.0178  -0.0979    0.214
    12   0.0799   0.2193   0.0000   0.2286   0.0062   0.1062   0.1046   0.5272   0.4665   0.0179   0.0000   0.0209  -0.0896    0.205
    13   0.0896   0.2458   0.0000   0.2286   0.0059   0.0992   0.1092   0.4924   0.4357   0.0161   0.0000   0.0240  -0.0794    0.195
    14   0.0987   0.2707   0.0000   0.2286   0.0054   0.0904   0.1131   0.4487   0.3970   0.0140   0.0000   0.0270  -0.0675    0.182
    15   0.1069   0.2933   0.0000   0.2286   0.0048   0.0798   0.1157   0.3962   0.3506   0.0117   0.0000   0.0292  -0.0545    0.167
    16   0.1141   0.3130   0.0000   0.2286   0.0041   0.0675   0.1165   0.3353   0.2966   0.0092   0.0000   0.0300  -0.0411    0.149
    17   0.1201   0.3294   0.0000   0.2286   0.0033   0.0538   0.1151   0.2672   0.2364   0.0066   0.0000   0.0285  -0.0285    0.129
    18   0.1247   0.3421   0.0000   0.2286   0.0024   0.0390   0.1117   0.1939   0.1716   0.0040   0.0000   0.0239  -0.0176    0.110
    19   0.1278   0.3507   0.0000   0.2286   0.0015   0.0236   0.1070   0.1174   0.1038   0.0013   0.0000   0.0161  -0.0091    0.095
    20   0.1294   0.3551   0.0000   0.2286   0.0005   0.0079   0.1040   0.0395   0.0349  -0.0011   0.0000   0.0057  -0.0028    0.087

  Surface # 2     Wing (YDUP)                             
     # Chordwise = 10   # Spanwise = 20     First strip = 21
     Surface area Ssurf =    0.081290     Ave. chord Cave =    0.228600

 Forces referred to Sref, Cref, Bref about Xref, Yref, Zref
 Standard axis orientation,  X fwd, Z down         
     CLsurf  =   0.31919     Clsurf  =   0.06977
     CYsurf  =  -0.00976     Cmsurf  =   0.00511
     CDsurf  =   0.01573     Cnsurf  =   0.00990
     CDisurf =   0.01573     CDvsurf =   0.00000

 Forces referred to Ssurf, Cave 
     CLsurf  =   0.44685     CDsurf  =   0.02203

 Strip Forces referred to Strip Area, Chord
    j     Xle      Yle      Zle      Chord    Area     c_cl     ai     cl_norm    cl       cd       cdv    cm_c/4     cm_LE   C.P.x/c
    21   0.0002  -0.0005   0.0000   0.2286   0.0005   0.1208   0.0657   0.5629   0.4981   0.2614   0.0000  -0.0149   0.1381    0.280
    22   0.0018  -0.0049   0.0000   0.2286   0.0015   0.1208   0.0657   0.5947   0.5262   0.0516   0.0000  -0.0137   0.1370    0.276
    23   0.0049  -0.0135   0.0000   0.2286   0.0024   0.1209   0.0676   0.5968   0.5281   0.0399   0.0000  -0.0101   0.1337    0.269
    24   0.0095  -0.0262   0.0000   0.2286   0.0033   0.1210   0.0705   0.5982   0.5293   0.0356   0.0000  -0.0055   0.1295    0.260
    25   0.0155  -0.0426   0.0000   0.2286   0.0041   0.1212   0.0741   0.5995   0.5305   0.0320   0.0000  -0.0009   0.1253    0.252
    26   0.0227  -0.0623   0.0000   0.2286   0.0048   0.1212   0.0778   0.6000   0.5309   0.0289   0.0000   0.0032   0.1215    0.244
    27   0.0309  -0.0849   0.0000   0.2286   0.0054   0.1208   0.0818   0.5987   0.5298   0.0264   0.0000   0.0066   0.1179    0.238
    28   0.0400  -0.1098   0.0000   0.2286   0.0059   0.1199   0.0858   0.5946   0.5261   0.0243   0.0000   0.0096   0.1142    0.232
    29   0.0497  -0.1363   0.0000   0.2286   0.0062   0.1183   0.0902   0.5864   0.5189   0.0226   0.0000   0.0123   0.1099    0.226
    30   0.0597  -0.1638   0.0000   0.2286   0.0064   0.1156   0.0948   0.5732   0.5072   0.0210   0.0000   0.0150   0.1046    0.220
    31   0.0699  -0.1918   0.0000   0.2286   0.0064   0.1116   0.0996   0.5539   0.4901   0.0195   0.0000   0.0178   0.0979    0.214
    32   0.0799  -0.2193   0.0000   0.2286   0.0062   0.1062   0.1046   0.5272   0.4665   0.0179   0.0000   0.0209   0.0896    0.205
    33   0.0896  -0.2458   0.0000   0.2286   0.0059   0.0992   0.1092   0.4924   0.4357   0.0161   0.0000   0.0240   0.0794    0.195
    34   0.0987  -0.2707   0.0000   0.2286   0.0054   0.0904   0.1131   0.4487   0.3970   0.0140   0.0000   0.0270   0.0675    0.182
    35   0.1069  -0.2933   0.0000   0.2286   0.0048   0.0798   0.1157   0.3962   0.3506   0.0117   0.0000   0.0292   0.0545    0.167
    36   0.1141  -0.3130   0.0000   0.2286   0.0041   0.0675   0.1165   0.3353   0.2966   0.0092   0.0000   0.0300   0.0411    0.149
    37   0.1201  -0.3294   0.0000   0.2286   0.0033   0.0538   0.1151   0.2672   0.2364   0.0066   0.0000   0.0285   0.0285    0.129
    38   0.1247  -0.3421   0.0000   0.2286   0.0024   0.0390   0.1117   0.1939   0.1716   0.0040   0.0000   0.0239   0.0176    0.110
    39   0.1278  -0.3507   0.0000   0.2286   0.0015   0.0236   0.1070   0.1174   0.1038   0.0013   0.0000   0.0161   0.0091    0.095
    40   0.1294  -0.3551   0.0000   0.2286   0.0005   0.0079   0.1040   0.0395   0.0349  -0.0011   0.0000   0.0057   0.0028    0.087
 ---------------------------------------------------------------
