 ---------------------------------------------------------------
 Surface and Strip Forces by surface

  Sref = 0.19510       Cref = 0.22640       Bref = 0.91440    
  Xref = 0.10920       Yref =  0.0000       Zref =  0.0000    

  Surface # 1     Wing                                    
     # Chordwise = 10   # Spanwise = 20     First strip =  1
     Surface area Ssurf =    0.139355     Ave. chord Cave =    0.304800

 Forces referred to Sref, Cref, Bref about Xref, Yref, Zref
 Standard axis orientation,  X fwd, Z down         
     CLsurf  =   0.18618     Clsurf  =  -0.04057
     CYsurf  =   0.00302     Cmsurf  =  -0.02302
     CDsurf  =   0.00559     Cnsurf  =  -0.00335
     CDisurf =   0.00559     CDvsurf =   0.00000

 Forces referred to Ssurf, Cave 
     CLsurf  =   0.26066     CDsurf  =   0.00783

 Strip Forces referred to Strip Area, Chord
    j     Xle      Yle      Zle      Chord    Area     c_cl     ai     cl_norm    cl       cd       cdv    cm_c/4     cm_LE   C.P.x/c
     1   0.0003   0.0007   0.0000   0.3048   0.0009   0.0951   0.0448   0.3457   0.3047   0.1094   0.0000  -0.0085  -0.0812    0.278
     2   0.0023   0.0063   0.0000   0.3048   0.0026   0.0951   0.0427   0.3532   0.3113   0.0193   0.0000  -0.0077  -0.0804    0.275
     3   0.0064   0.0174   0.0000   0.3048   0.0042   0.0950   0.0425   0.3535   0.3116   0.0145   0.0000  -0.0055  -0.0783    0.268
     4   0.0124   0.0337   0.0000   0.3048   0.0057   0.0951   0.0436   0.3537   0.3118   0.0130   0.0000  -0.0025  -0.0755    0.258
     5   0.0201   0.0548   0.0000   0.3048   0.0071   0.0951   0.0453   0.3539   0.3120   0.0117   0.0000   0.0006  -0.0727    0.248
     6   0.0295   0.0801   0.0000   0.3048   0.0083   0.0950   0.0474   0.3537   0.3117   0.0105   0.0000   0.0032  -0.0701    0.240
     7   0.0402   0.1092   0.0000   0.3048   0.0093   0.0946   0.0497   0.3524   0.3106   0.0095   0.0000   0.0055  -0.0677    0.232
     8   0.0519   0.1411   0.0000   0.3048   0.0101   0.0938   0.0521   0.3495   0.3081   0.0087   0.0000   0.0074  -0.0653    0.226
     9   0.0645   0.1752   0.0000   0.3048   0.0106   0.0924   0.0547   0.3443   0.3035   0.0080   0.0000   0.0092  -0.0625    0.220
    10   0.0775   0.2107   0.0000   0.3048   0.0109   0.0902   0.0574   0.3361   0.2962   0.0074   0.0000   0.0109  -0.0592    0.213
    11   0.0907   0.2465   0.0000   0.3048   0.0109   0.0870   0.0602   0.3242   0.2857   0.0068   0.0000   0.0127  -0.0550    0.205
    12   0.1037   0.2820   0.0000   0.3048   0.0106   0.0826   0.0630   0.3079   0.2714   0.0062   0.0000   0.0147  -0.0499    0.196
    13   0.1163   0.3161   0.0000   0.3048   0.0101   0.0770   0.0654   0.2868   0.2528   0.0054   0.0000   0.0167  -0.0436    0.184
    14   0.1280   0.3480   0.0000   0.3048   0.0093   0.0699   0.0672   0.2604   0.2296   0.0046   0.0000   0.0186  -0.0364    0.169
    15   0.1387   0.3771   0.0000   0.3048   0.0083   0.0614   0.0678   0.2289   0.2017   0.0037   0.0000   0.0200  -0.0285    0.151
    16   0.1481   0.4024   0.0000   0.3048   0.0071   0.0517   0.0669   0.1926   0.1697   0.0028   0.0000   0.0205  -0.0205    0.129
    17   0.1558   0.4235   0.0000   0.3048   0.0057   0.0409   0.0642   0.1524   0.1343   0.0018   0.0000   0.0195  -0.0132    0.105
    18   0.1618   0.4398   0.0000   0.3048   0.0042   0.0294   0.0598   0.1097   0.0967   0.0007   0.0000   0.0164  -0.0073    0.081
    19   0.1659   0.4509   0.0000   0.3048   0.0026   0.0177   0.0545   0.0659   0.0581  -0.0003   0.0000   0.0110  -0.0033    0.061
    20   0.1679   0.4565   0.0000   0.3048   0.0009   0.0059   0.0513   0.0220   0.0194  -0.0010   0.0000   0.0039  -0.0009    0.051

  Surface # 2     Wing (YDUP)                             
     # Chordwise = 10   # Spanwise = 20     First strip = 21
     Surface area Ssurf =    0.139355     Ave. chord Cave =    0.304800

 Forces referred to Sref, Cref, Bref about Xref, Yref, Zref
 Standard axis orientation,  X fwd, Z down         
     CLsurf  =   0.18618     Clsurf  =   0.04057
     CYsurf  =  -0.00302     Cmsurf  =  -0.02302
     CDsurf  =   0.00559     Cnsurf  =   0.00335
     CDisurf =   0.00559     CDvsurf =   0.00000

 Forces referred to Ssurf, Cave 
     CLsurf  =   0.26066     CDsurf  =   0.00783

 Strip Forces referred to Strip Area, Chord
    j     Xle      Yle      Zle      Chord    Area     c_cl     ai     cl_norm    cl       cd       cdv    cm_c/4     cm_LE   C.P.x/c
    21   0.0003  -0.0007   0.0000   0.3048   0.0009   0.0951   0.0448   0.3457   0.3047   0.1094   0.0000  -0.0085   0.0812    0.278
    22   0.0023  -0.0063   0.0000   0.3048   0.0026   0.0951   0.0427   0.3532   0.3113   0.0193   0.0000  -0.0077   0.0804    0.275
    23   0.0064  -0.0174   0.0000   0.3048   0.0042   0.0950   0.0425   0.3535   0.3116   0.0145   0.0000  -0.0055   0.0783    0.268
    24   0.0124  -0.0337   0.0000   0.3048   0.0057   0.0951   0.0436   0.3537   0.3118   0.0130   0.0000  -0.0025   0.0755    0.258
    25   0.0201  -0.0548   0.0000   0.3048   0.0071   0.0951   0.0453   0.3539   0.3120   0.0117   0.0000   0.0006   0.0727    0.248
    26   0.0295  -0.0801   0.0000   0.3048   0.0083   0.0950   0.0474   0.3537   0.3117   0.0105   0.0000   0.0032   0.0701    0.240
    27   0.0402  -0.1092   0.0000   0.3048   0.0093   0.0946   0.0497   0.3524   0.3106   0.0095   0.0000   0.0055   0.0677    0.232
    28   0.0519  -0.1411   0.0000   0.3048   0.0101   0.0938   0.0521   0.3495   0.3081   0.0087   0.0000   0.0074   0.0653    0.226
    29   0.0645  -0.1752   0.0000   0.3048   0.0106   0.0924   0.0547   0.3443   0.3035   0.0080   0.0000   0.0092   0.0625    0.220
    30   0.0775  -0.2107   0.0000   0.3048   0.0109   0.0902   0.0574   0.3361   0.2962   0.0074   0.0000   0.0109   0.0592    0.213
    31   0.0907  -0.2465   0.0000   0.3048   0.0109   0.0870   0.0602   0.3242   0.2857   0.0068   0.0000   0.0127   0.0550    0.205
    32   0.1037  -0.2820   0.0000   0.3048   0.0106   0.0826   0.0630   0.3079   0.2714   0.0062   0.0000   0.0147   0.0499    0.196
    33   0.1163  -0.3161   0.0000   0.3048   0.0101   0.0770   0.0654   0.2868   0.2528   0.0054   0.0000   0.0167   0.0436    0.184
    34   0.1280  -0.3480   0.0000   0.3048   0.0093   0.0699   0.0672   0.2604   0.2296   0.0046   0.0000   0.0186   0.0364    0.169
    35   0.1387  -0.3771   0.0000   0.3048   0.0083   0.0614   0.0678   0.2289   0.2017   0.0037   0.0000   0.0200   0.0285    0.151
    36   0.1481  -0.4024   0.0000   0.3048   0.0071   0.0517   0.0669   0.1926   0.1697   0.0028   0.0000   0.0205   0.0205    0.129
    37   0.1558  -0.4235   0.0000   0.3048   0.0057   0.0409   0.0642   0.1524   0.1343   0.0018   0.0000   0.0195   0.0132    0.105
    38   0.1618  -0.4398   0.0000   0.3048   0.0042   0.0294   0.0598   0.1097   0.0967   0.0007   0.0000   0.0164   0.0073    0.081
    39   0.1659  -0.4509   0.0000   0.3048   0.0026   0.0177   0.0545   0.0659   0.0581  -0.0003   0.0000   0.0110   0.0033    0.061
    40   0.1679  -0.4565   0.0000   0.3048   0.0009   0.0059   0.0513   0.0220   0.0194  -0.0010   0.0000   0.0039   0.0009    0.051
 ---------------------------------------------------------------
