 ---------------------------------------------------------------
 Surface and Strip Forces by surface

  Sref = 0.20440       Cref = 0.22820       Bref = 0.91440    
  Xref = 0.10920       Yref =  0.0000       Zref =  0.0000    

  Surface # 1     Wing                                    
     # Chordwise = 10   # Spanwise = 20     First strip =  1
     Surface area Ssurf =    0.127742     Ave. chord Cave =    0.279400

 Forces referred to Sref, Cref, Bref about Xref, Yref, Zref
 Standard axis orientation,  X fwd, Z down         
     CLsurf  =   0.17771     Clsurf  =  -0.03884
     CYsurf  =   0.00280     Cmsurf  =  -0.01245
     CDsurf  =   0.00529     Cnsurf  =  -0.00309
     CDisurf =   0.00529     CDvsurf =   0.00000

 Forces referred to Ssurf, Cave 
     CLsurf  =   0.28436     CDsurf  =   0.00847

 Strip Forces referred to Strip Area, Chord
    j     Xle      Yle      Zle      Chord    Area     c_cl     ai     cl_norm    cl       cd       cdv    cm_c/4     cm_LE   C.P.x/c
     1   0.0002   0.0007   0.0000   0.2794   0.0008   0.0946   0.0433   0.3669   0.3313   0.1046   0.0000  -0.0082  -0.0881    0.275
     2   0.0021   0.0063   0.0000   0.2794   0.0023   0.0945   0.0415   0.3741   0.3378   0.0198   0.0000  -0.0073  -0.0873    0.272
     3   0.0057   0.0174   0.0000   0.2794   0.0038   0.0945   0.0416   0.3745   0.3381   0.0153   0.0000  -0.0050  -0.0851    0.265
     4   0.0111   0.0337   0.0000   0.2794   0.0052   0.0946   0.0429   0.3748   0.3384   0.0137   0.0000  -0.0019  -0.0822    0.256
     5   0.0180   0.0548   0.0000   0.2794   0.0065   0.0946   0.0447   0.3752   0.3387   0.0123   0.0000   0.0010  -0.0795    0.247
     6   0.0264   0.0801   0.0000   0.2794   0.0076   0.0946   0.0469   0.3750   0.3386   0.0111   0.0000   0.0036  -0.0770    0.239
     7   0.0359   0.1092   0.0000   0.2794   0.0085   0.0943   0.0492   0.3739   0.3376   0.0101   0.0000   0.0057  -0.0747    0.233
     8   0.0464   0.1411   0.0000   0.2794   0.0093   0.0935   0.0517   0.3710   0.3350   0.0093   0.0000   0.0075  -0.0723    0.228
     9   0.0576   0.1752   0.0000   0.2794   0.0097   0.0922   0.0543   0.3658   0.3303   0.0087   0.0000   0.0092  -0.0697    0.222
    10   0.0693   0.2107   0.0000   0.2794   0.0100   0.0901   0.0571   0.3574   0.3227   0.0081   0.0000   0.0108  -0.0663    0.217
    11   0.0811   0.2465   0.0000   0.2794   0.0100   0.0870   0.0601   0.3452   0.3117   0.0075   0.0000   0.0125  -0.0621    0.210
    12   0.0928   0.2820   0.0000   0.2794   0.0097   0.0828   0.0631   0.3284   0.2966   0.0069   0.0000   0.0144  -0.0567    0.202
    13   0.1040   0.3161   0.0000   0.2794   0.0093   0.0772   0.0660   0.3065   0.2768   0.0063   0.0000   0.0164  -0.0501    0.191
    14   0.1145   0.3480   0.0000   0.2794   0.0085   0.0703   0.0683   0.2791   0.2520   0.0055   0.0000   0.0184  -0.0423    0.177
    15   0.1240   0.3771   0.0000   0.2794   0.0076   0.0619   0.0695   0.2459   0.2220   0.0045   0.0000   0.0200  -0.0336    0.160
    16   0.1324   0.4024   0.0000   0.2794   0.0065   0.0522   0.0692   0.2074   0.1873   0.0035   0.0000   0.0207  -0.0247    0.139
    17   0.1393   0.4235   0.0000   0.2794   0.0052   0.0414   0.0669   0.1645   0.1486   0.0024   0.0000   0.0199  -0.0163    0.116
    18   0.1447   0.4398   0.0000   0.2794   0.0038   0.0299   0.0628   0.1187   0.1072   0.0013   0.0000   0.0169  -0.0093    0.092
    19   0.1483   0.4509   0.0000   0.2794   0.0023   0.0180   0.0575   0.0714   0.0644   0.0001   0.0000   0.0115  -0.0044    0.072
    20   0.1502   0.4565   0.0000   0.2794   0.0008   0.0060   0.0540   0.0238   0.0215  -0.0008   0.0000   0.0041  -0.0012    0.062

  Surface # 2     Wing (YDUP)                             
     # Chordwise = 10   # Spanwise = 20     First strip = 21
     Surface area Ssurf =    0.127742     Ave. chord Cave =    0.279400

 Forces referred to Sref, Cref, Bref about Xref, Yref, Zref
 Standard axis orientation,  X fwd, Z down         
     CLsurf  =   0.17771     Clsurf  =   0.03884
     CYsurf  =  -0.00280     Cmsurf  =  -0.01245
     CDsurf  =   0.00529     Cnsurf  =   0.00309
     CDisurf =   0.00529     CDvsurf =   0.00000

 Forces referred to Ssurf, Cave 
     CLsurf  =   0.28436     CDsurf  =   0.00847

 Strip Forces referred to Strip Area, Chord
    j     Xle      Yle      Zle      Chord    Area     c_cl     ai     cl_norm    cl       cd       cdv    cm_c/4     cm_LE   C.P.x/c
    21   0.0002  -0.0007   0.0000   0.2794   0.0008   0.0946   0.0433   0.3669   0.3313   0.1046   0.0000  -0.0082   0.0881    0.275
    22   0.0021  -0.0063   0.0000   0.2794   0.0023   0.0945   0.0415   0.3741   0.3378   0.0198   0.0000  -0.0073   0.0873    0.272
    23   0.0057  -0.0174   0.0000   0.2794   0.0038   0.0945   0.0416   0.3745   0.3381   0.0153   0.0000  -0.0050   0.0851    0.265
    24   0.0111  -0.0337   0.0000   0.2794   0.0052   0.0946   0.0429   0.3748   0.3384   0.0137   0.0000  -0.0019   0.0822    0.256
    25   0.0180  -0.0548   0.0000   0.2794   0.0065   0.0946   0.0447   0.3752   0.3387   0.0123   0.0000   0.0010   0.0795    0.247
    26   0.0264  -0.0801   0.0000   0.2794   0.0076   0.0946   0.0469   0.3750   0.3386   0.0111   0.0000   0.0036   0.0770    0.239
    27   0.0359  -0.1092   0.0000   0.2794   0.0085   0.0943   0.0492   0.3739   0.3376   0.0101   0.0000   0.0057   0.0747    0.233
    28   0.0464  -0.1411   0.0000   0.2794   0.0093   0.0935   0.0517   0.3710   0.3350   0.0093   0.0000   0.0075   0.0723    0.228
    29   0.0576  -0.1752   0.0000   0.2794   0.0097   0.0922   0.0543   0.3658   0.3303   0.0087   0.0000   0.0092   0.0697    0.222
    30   0.0693  -0.2107   0.0000   0.2794   0.0100   0.0901   0.0571   0.3574   0.3227   0.0081   0.0000   0.0108   0.0663    0.217
    31   0.0811  -0.2465   0.0000   0.2794   0.0100   0.0870   0.0601   0.3452   0.3117   0.0075   0.0000   0.0125   0.0621    0.210
    32   0.0928  -0.2820   0.0000   0.2794   0.0097   0.0828   0.0631   0.3284   0.2966   0.0069   0.0000   0.0144   0.0567    0.202
    33   0.1040  -0.3161   0.0000   0.2794   0.0093   0.0772   0.0660   0.3065   0.2768   0.0063   0.0000   0.0164   0.0501    0.191
    34   0.1145  -0.3480   0.0000   0.2794   0.0085   0.0703   0.0683   0.2791   0.2520   0.0055   0.0000   0.0184   0.0423    0.177
    35   0.1240  -0.3771   0.0000   0.2794   0.0076   0.0619   0.0695   0.2459   0.2220   0.0045   0.0000   0.0200   0.0336    0.160
    36   0.1324  -0.4024   0.0000   0.2794   0.0065   0.0522   0.0692   0.2074   0.1873   0.0035   0.0000   0.0207   0.0247    0.139
    37   0.1393  -0.4235   0.0000   0.2794   0.0052   0.0414   0.0669   0.1645   0.1486   0.0024   0.0000   0.0199   0.0163    0.116
    38   0.1447  -0.4398   0.0000   0.2794   0.0038   0.0299   0.0628   0.1187   0.1072   0.0013   0.0000   0.0169   0.0093    0.092
    39   0.1483  -0.4509   0.0000   0.2794   0.0023   0.0180   0.0575   0.0714   0.0644   0.0001   0.0000   0.0115   0.0044    0.072
    40   0.1502  -0.4565   0.0000   0.2794   0.0008   0.0060   0.0540   0.0238   0.0215  -0.0008   0.0000   0.0041   0.0012    0.062
 ---------------------------------------------------------------
