 ---------------------------------------------------------------
 Surface and Strip Forces by surface

  Sref = 0.17340       Cref = 0.22640       Bref = 0.81280    
  Xref = 0.10920       Yref =  0.0000       Zref =  0.0000    

  Surface # 1     Wing                                    
     # Chordwise = 10   # Spanwise = 20     First strip =  1
     Surface area Ssurf =    0.123871     Ave. chord Cave =    0.304800

 Forces referred to Sref, Cref, Bref about Xref, Yref, Zref
 Standard axis orientation,  X fwd, Z down         
     CLsurf  =   0.20948     Clsurf  =  -0.04500
     CYsurf  =   0.00126     Cmsurf  =   0.02516
     CDsurf  =   0.00756     Cnsurf  =  -0.00299
     CDisurf =   0.00756     CDvsurf =   0.00000

 Forces referred to Ssurf, Cave 
     CLsurf  =   0.29324     CDsurf  =   0.01058

 Strip Forces referred to Strip Area, Chord
    j     Xle      Yle      Zle      Chord    Area     c_cl     ai     cl_norm    cl       cd       cdv    cm_c/4     cm_LE   C.P.x/c
     1   0.0001   0.0006   0.0000   0.3048   0.0008   0.1107   0.0646   0.3636   0.3590   0.0608   0.0000   0.0054  -0.0848    0.235
     2   0.0006   0.0056   0.0000   0.3048   0.0023   0.1106   0.0638   0.3675   0.3629   0.0173   0.0000   0.0056  -0.0846    0.234
     3   0.0017   0.0155   0.0000   0.3048   0.0037   0.1106   0.0636   0.3675   0.3630   0.0147   0.0000   0.0064  -0.0838    0.232
     4   0.0034   0.0299   0.0000   0.3048   0.0051   0.1104   0.0638   0.3671   0.3625   0.0139   0.0000   0.0074  -0.0827    0.230
     5   0.0055   0.0487   0.0000   0.3048   0.0063   0.1101   0.0643   0.3661   0.3615   0.0132   0.0000   0.0085  -0.0813    0.227
     6   0.0080   0.0712   0.0000   0.3048   0.0074   0.1095   0.0652   0.3640   0.3595   0.0127   0.0000   0.0095  -0.0798    0.224
     7   0.0109   0.0970   0.0000   0.3048   0.0083   0.1084   0.0663   0.3606   0.3561   0.0122   0.0000   0.0105  -0.0779    0.220
     8   0.0141   0.1254   0.0000   0.3048   0.0090   0.1068   0.0676   0.3551   0.3507   0.0118   0.0000   0.0115  -0.0756    0.217
     9   0.0175   0.1558   0.0000   0.3048   0.0095   0.1044   0.0692   0.3471   0.3428   0.0115   0.0000   0.0125  -0.0726    0.213
    10   0.0211   0.1873   0.0000   0.3048   0.0097   0.1011   0.0710   0.3361   0.3320   0.0111   0.0000   0.0136  -0.0689    0.209
    11   0.0246   0.2191   0.0000   0.3048   0.0097   0.0967   0.0729   0.3216   0.3176   0.0106   0.0000   0.0147  -0.0642    0.204
    12   0.0282   0.2506   0.0000   0.3048   0.0095   0.0912   0.0748   0.3032   0.2994   0.0101   0.0000   0.0159  -0.0585    0.197
    13   0.0316   0.2810   0.0000   0.3048   0.0090   0.0843   0.0766   0.2805   0.2770   0.0095   0.0000   0.0171  -0.0518    0.188
    14   0.0348   0.3094   0.0000   0.3048   0.0083   0.0762   0.0779   0.2533   0.2502   0.0087   0.0000   0.0180  -0.0442    0.178
    15   0.0377   0.3352   0.0000   0.3048   0.0074   0.0667   0.0784   0.2219   0.2191   0.0077   0.0000   0.0185  -0.0360    0.165
    16   0.0402   0.3577   0.0000   0.3048   0.0063   0.0561   0.0778   0.1864   0.1841   0.0066   0.0000   0.0182  -0.0276    0.151
    17   0.0423   0.3765   0.0000   0.3048   0.0051   0.0444   0.0759   0.1477   0.1459   0.0052   0.0000   0.0167  -0.0196    0.135
    18   0.0440   0.3909   0.0000   0.3048   0.0037   0.0321   0.0725   0.1066   0.1053   0.0036   0.0000   0.0137  -0.0125    0.120
    19   0.0451   0.4008   0.0000   0.3048   0.0023   0.0193   0.0684   0.0642   0.0634   0.0019   0.0000   0.0091  -0.0067    0.107
    20   0.0456   0.4058   0.0000   0.3048   0.0008   0.0064   0.0657   0.0215   0.0212   0.0003   0.0000   0.0032  -0.0021    0.099

  Surface # 2     Wing (YDUP)                             
     # Chordwise = 10   # Spanwise = 20     First strip = 21
     Surface area Ssurf =    0.123871     Ave. chord Cave =    0.304800

 Forces referred to Sref, Cref, Bref about Xref, Yref, Zref
 Standard axis orientation,  X fwd, Z down         
     CLsurf  =   0.20948     Clsurf  =   0.04500
     CYsurf  =  -0.00126     Cmsurf  =   0.02516
     CDsurf  =   0.00756     Cnsurf  =   0.00299
     CDisurf =   0.00756     CDvsurf =   0.00000

 Forces referred to Ssurf, Cave 
     CLsurf  =   0.29324     CDsurf  =   0.01058

 Strip Forces referred to Strip Area, Chord
    j     Xle      Yle      Zle      Chord    Area     c_cl     ai     cl_norm    cl       cd       cdv    cm_c/4     cm_LE   C.P.x/c
    21   0.0001  -0.0006   0.0000   0.3048   0.0008   0.1107   0.0646   0.3636   0.3590   0.0608   0.0000   0.0054   0.0848    0.235
    22   0.0006  -0.0056   0.0000   0.3048   0.0023   0.1106   0.0638   0.3675   0.3629   0.0173   0.0000   0.0056   0.0846    0.234
    23   0.0017  -0.0155   0.0000   0.3048   0.0037   0.1106   0.0636   0.3675   0.3630   0.0147   0.0000   0.0064   0.0838    0.232
    24   0.0034  -0.0299   0.0000   0.3048   0.0051   0.1104   0.0638   0.3671   0.3625   0.0139   0.0000   0.0074   0.0827    0.230
    25   0.0055  -0.0487   0.0000   0.3048   0.0063   0.1101   0.0643   0.3661   0.3615   0.0132   0.0000   0.0085   0.0813    0.227
    26   0.0080  -0.0712   0.0000   0.3048   0.0074   0.1095   0.0652   0.3640   0.3595   0.0127   0.0000   0.0095   0.0798    0.224
    27   0.0109  -0.0970   0.0000   0.3048   0.0083   0.1084   0.0663   0.3606   0.3561   0.0122   0.0000   0.0105   0.0779    0.220
    28   0.0141  -0.1254   0.0000   0.3048   0.0090   0.1068   0.0676   0.3551   0.3507   0.0118   0.0000   0.0115   0.0756    0.217
    29   0.0175  -0.1558   0.0000   0.3048   0.0095   0.1044   0.0692   0.3471   0.3428   0.0115   0.0000   0.0125   0.0726    0.213
    30   0.0211  -0.1873   0.0000   0.3048   0.0097   0.1011   0.0710   0.3361   0.3320   0.0111   0.0000   0.0136   0.0689    0.209
    31   0.0246  -0.2191   0.0000   0.3048   0.0097   0.0967   0.0729   0.3216   0.3176   0.0106   0.0000   0.0147   0.0642    0.204
    32   0.0282  -0.2506   0.0000   0.3048   0.0095   0.0912   0.0748   0.3032   0.2994   0.0101   0.0000   0.0159   0.0585    0.197
    33   0.0316  -0.2810   0.0000   0.3048   0.0090   0.0843   0.0766   0.2805   0.2770   0.0095   0.0000   0.0171   0.0518    0.188
    34   0.0348  -0.3094   0.0000   0.3048   0.0083   0.0762   0.0779   0.2533   0.2502   0.0087   0.0000   0.0180   0.0442    0.178
    35   0.0377  -0.3352   0.0000   0.3048   0.0074   0.0667   0.0784   0.2219   0.2191   0.0077   0.0000   0.0185   0.0360    0.165
    36   0.0402  -0.3577   0.0000   0.3048   0.0063   0.0561   0.0778   0.1864   0.1841   0.0066   0.0000   0.0182   0.0276    0.151
    37   0.0423  -0.3765   0.0000   0.3048   0.0051   0.0444   0.0759   0.1477   0.1459   0.0052   0.0000   0.0167   0.0196    0.135
    38   0.0440  -0.3909   0.0000   0.3048   0.0037   0.0321   0.0725   0.1066   0.1053   0.0036   0.0000   0.0137   0.0125    0.120
    39   0.0451  -0.4008   0.0000   0.3048   0.0023   0.0193   0.0684   0.0642   0.0634   0.0019   0.0000   0.0091   0.0067    0.107
    40   0.0456  -0.4058   0.0000   0.3048   0.0008   0.0064   0.0657   0.0215   0.0212   0.0003   0.0000   0.0032   0.0021    0.099
 ---------------------------------------------------------------
