 ---------------------------------------------------------------
 Surface and Strip Forces by surface

  Sref = 0.23230       Cref = 0.25400       Bref = 0.91440    
  Xref = 0.10920       Yref =  0.0000       Zref =  0.0000    

  Surface # 1     Wing                                    
     # Chordwise = 10   # Spanwise = 20     First strip =  1
     Surface area Ssurf =    0.116129     Ave. chord Cave =    0.254000

 Forces referred to Sref, Cref, Bref about Xref, Yref, Zref
 Standard axis orientation,  X fwd, Z down         
     CLsurf  =   0.15637     Clsurf  =  -0.03391
     CYsurf  =   0.00071     Cmsurf  =   0.02298
     CDsurf  =   0.00444     Cnsurf  =  -0.00195
     CDisurf =   0.00444     CDvsurf =   0.00000

 Forces referred to Ssurf, Cave 
     CLsurf  =   0.31279     CDsurf  =   0.00887

 Strip Forces referred to Strip Area, Chord
    j     Xle      Yle      Zle      Chord    Area     c_cl     ai     cl_norm    cl       cd       cdv    cm_c/4     cm_LE   C.P.x/c
     1   0.0001   0.0007   0.0000   0.2540   0.0007   0.0966   0.0478   0.3814   0.3785   0.0397   0.0000   0.0036  -0.0912    0.240
     2   0.0006   0.0063   0.0000   0.2540   0.0021   0.0966   0.0472   0.3835   0.3806   0.0132   0.0000   0.0039  -0.0909    0.240
     3   0.0015   0.0174   0.0000   0.2540   0.0035   0.0966   0.0472   0.3835   0.3806   0.0116   0.0000   0.0047  -0.0900    0.238
     4   0.0029   0.0337   0.0000   0.2540   0.0048   0.0965   0.0476   0.3832   0.3803   0.0110   0.0000   0.0057  -0.0890    0.235
     5   0.0048   0.0548   0.0000   0.2540   0.0059   0.0963   0.0483   0.3824   0.3795   0.0105   0.0000   0.0066  -0.0878    0.233
     6   0.0070   0.0801   0.0000   0.2540   0.0069   0.0959   0.0492   0.3808   0.3779   0.0101   0.0000   0.0075  -0.0865    0.230
     7   0.0096   0.1092   0.0000   0.2540   0.0078   0.0951   0.0504   0.3779   0.3750   0.0098   0.0000   0.0083  -0.0850    0.228
     8   0.0123   0.1411   0.0000   0.2540   0.0084   0.0939   0.0518   0.3731   0.3702   0.0096   0.0000   0.0090  -0.0831    0.226
     9   0.0153   0.1752   0.0000   0.2540   0.0089   0.0921   0.0535   0.3659   0.3631   0.0094   0.0000   0.0098  -0.0806    0.223
    10   0.0184   0.2107   0.0000   0.2540   0.0091   0.0896   0.0555   0.3558   0.3531   0.0092   0.0000   0.0106  -0.0772    0.220
    11   0.0216   0.2465   0.0000   0.2540   0.0091   0.0861   0.0578   0.3421   0.3395   0.0091   0.0000   0.0116  -0.0729    0.216
    12   0.0247   0.2820   0.0000   0.2540   0.0089   0.0817   0.0603   0.3244   0.3220   0.0088   0.0000   0.0128  -0.0674    0.210
    13   0.0277   0.3161   0.0000   0.2540   0.0084   0.0761   0.0630   0.3021   0.2998   0.0085   0.0000   0.0141  -0.0606    0.203
    14   0.0304   0.3480   0.0000   0.2540   0.0078   0.0692   0.0653   0.2747   0.2727   0.0080   0.0000   0.0154  -0.0525    0.194
    15   0.0330   0.3771   0.0000   0.2540   0.0069   0.0610   0.0671   0.2422   0.2404   0.0073   0.0000   0.0165  -0.0434    0.181
    16   0.0352   0.4024   0.0000   0.2540   0.0059   0.0516   0.0677   0.2046   0.2031   0.0064   0.0000   0.0170  -0.0337    0.167
    17   0.0371   0.4235   0.0000   0.2540   0.0048   0.0410   0.0666   0.1628   0.1615   0.0052   0.0000   0.0163  -0.0240    0.149
    18   0.0385   0.4398   0.0000   0.2540   0.0035   0.0297   0.0636   0.1177   0.1168   0.0037   0.0000   0.0139  -0.0152    0.131
    19   0.0394   0.4509   0.0000   0.2540   0.0021   0.0179   0.0591   0.0709   0.0704   0.0021   0.0000   0.0096  -0.0080    0.114
    20   0.0399   0.4565   0.0000   0.2540   0.0007   0.0060   0.0555   0.0236   0.0235   0.0004   0.0000   0.0034  -0.0024    0.104

  Surface # 2     Wing (YDUP)                             
     # Chordwise = 10   # Spanwise = 20     First strip = 21
     Surface area Ssurf =    0.116129     Ave. chord Cave =    0.254000

 Forces referred to Sref, Cref, Bref about Xref, Yref, Zref
 Standard axis orientation,  X fwd, Z down         
     CLsurf  =   0.15637     Clsurf  =   0.03391
     CYsurf  =  -0.00071     Cmsurf  =   0.02298
     CDsurf  =   0.00444     Cnsurf  =   0.00195
     CDisurf =   0.00444     CDvsurf =   0.00000

 Forces referred to Ssurf, Cave 
     CLsurf  =   0.31279     CDsurf  =   0.00887

 Strip Forces referred to Strip Area, Chord
    j     Xle      Yle      Zle      Chord    Area     c_cl     ai     cl_norm    cl       cd       cdv    cm_c/4     cm_LE   C.P.x/c
    21   0.0001  -0.0007   0.0000   0.2540   0.0007   0.0966   0.0478   0.3814   0.3785   0.0397   0.0000   0.0036   0.0912    0.240
    22   0.0006  -0.0063   0.0000   0.2540   0.0021   0.0966   0.0472   0.3835   0.3806   0.0132   0.0000   0.0039   0.0909    0.240
    23   0.0015  -0.0174   0.0000   0.2540   0.0035   0.0966   0.0472   0.3835   0.3806   0.0116   0.0000   0.0047   0.0900    0.238
    24   0.0029  -0.0337   0.0000   0.2540   0.0048   0.0965   0.0476   0.3832   0.3803   0.0110   0.0000   0.0057   0.0890    0.235
    25   0.0048  -0.0548   0.0000   0.2540   0.0059   0.0963   0.0483   0.3824   0.3795   0.0105   0.0000   0.0066   0.0878    0.233
    26   0.0070  -0.0801   0.0000   0.2540   0.0069   0.0959   0.0492   0.3808   0.3779   0.0101   0.0000   0.0075   0.0865    0.230
    27   0.0096  -0.1092   0.0000   0.2540   0.0078   0.0951   0.0504   0.3779   0.3750   0.0098   0.0000   0.0083   0.0850    0.228
    28   0.0123  -0.1411   0.0000   0.2540   0.0084   0.0939   0.0518   0.3731   0.3702   0.0096   0.0000   0.0090   0.0831    0.226
    29   0.0153  -0.1752   0.0000   0.2540   0.0089   0.0921   0.0535   0.3659   0.3631   0.0094   0.0000   0.0098   0.0806    0.223
    30   0.0184  -0.2107   0.0000   0.2540   0.0091   0.0896   0.0555   0.3558   0.3531   0.0092   0.0000   0.0106   0.0772    0.220
    31   0.0216  -0.2465   0.0000   0.2540   0.0091   0.0861   0.0578   0.3421   0.3395   0.0091   0.0000   0.0116   0.0729    0.216
    32   0.0247  -0.2820   0.0000   0.2540   0.0089   0.0817   0.0603   0.3244   0.3220   0.0088   0.0000   0.0128   0.0674    0.210
    33   0.0277  -0.3161   0.0000   0.2540   0.0084   0.0761   0.0630   0.3021   0.2998   0.0085   0.0000   0.0141   0.0606    0.203
    34   0.0304  -0.3480   0.0000   0.2540   0.0078   0.0692   0.0653   0.2747   0.2727   0.0080   0.0000   0.0154   0.0525    0.194
    35   0.0330  -0.3771   0.0000   0.2540   0.0069   0.0610   0.0671   0.2422   0.2404   0.0073   0.0000   0.0165   0.0434    0.181
    36   0.0352  -0.4024   0.0000   0.2540   0.0059   0.0516   0.0677   0.2046   0.2031   0.0064   0.0000   0.0170   0.0337    0.167
    37   0.0371  -0.4235   0.0000   0.2540   0.0048   0.0410   0.0666   0.1628   0.1615   0.0052   0.0000   0.0163   0.0240    0.149
    38   0.0385  -0.4398   0.0000   0.2540   0.0035   0.0297   0.0636   0.1177   0.1168   0.0037   0.0000   0.0139   0.0152    0.131
    39   0.0394  -0.4509   0.0000   0.2540   0.0021   0.0179   0.0591   0.0709   0.0704   0.0021   0.0000   0.0096   0.0080    0.114
    40   0.0399  -0.4565   0.0000   0.2540   0.0007   0.0060   0.0555   0.0236   0.0235   0.0004   0.0000   0.0034   0.0024    0.104
 ---------------------------------------------------------------
