 ---------------------------------------------------------------
 Surface and Strip Forces by surface

  Sref = 0.97500E-01   Cref = 0.15750       Bref = 0.71120    
  Xref = 0.10920       Yref =  0.0000       Zref =  0.0000    

  Surface # 1     Wing                                    
     # Chordwise = 10   # Spanwise = 20     First strip =  1
     Surface area Ssurf =    0.081290     Ave. chord Cave =    0.228600

 Forces referred to Sref, Cref, Bref about Xref, Yref, Zref
 Standard axis orientation,  X fwd, Z down         
     CLsurf  =   0.37256     Clsurf  =  -0.08119
     CYsurf  =   0.00948     Cmsurf  =   0.02915
     CDsurf  =   0.01820     Cnsurf  =  -0.01053
     CDisurf =   0.01820     CDvsurf =   0.00000

 Forces referred to Ssurf, Cave 
     CLsurf  =   0.44685     CDsurf  =   0.02183

 Strip Forces referred to Strip Area, Chord
    j     Xle      Yle      Zle      Chord    Area     c_cl     ai     cl_norm    cl       cd       cdv    cm_c/4     cm_LE   C.P.x/c
     1   0.0002   0.0005   0.0000   0.2286   0.0005   0.1218   0.0695   0.5528   0.5067   0.2306   0.0000  -0.0106  -0.1376    0.271
     2   0.0015   0.0049   0.0000   0.2286   0.0015   0.1218   0.0693   0.5793   0.5309   0.0480   0.0000  -0.0096  -0.1365    0.268
     3   0.0041   0.0135   0.0000   0.2286   0.0024   0.1218   0.0706   0.5811   0.5325   0.0376   0.0000  -0.0066  -0.1337    0.262
     4   0.0080   0.0262   0.0000   0.2286   0.0033   0.1219   0.0729   0.5820   0.5334   0.0337   0.0000  -0.0026  -0.1300    0.255
     5   0.0130   0.0426   0.0000   0.2286   0.0041   0.1219   0.0758   0.5827   0.5340   0.0305   0.0000   0.0013  -0.1263    0.248
     6   0.0190   0.0623   0.0000   0.2286   0.0048   0.1218   0.0791   0.5824   0.5338   0.0279   0.0000   0.0048  -0.1228    0.241
     7   0.0259   0.0849   0.0000   0.2286   0.0054   0.1213   0.0825   0.5803   0.5318   0.0257   0.0000   0.0078  -0.1194    0.235
     8   0.0335   0.1098   0.0000   0.2286   0.0059   0.1202   0.0861   0.5753   0.5273   0.0240   0.0000   0.0105  -0.1157    0.230
     9   0.0415   0.1363   0.0000   0.2286   0.0062   0.1183   0.0900   0.5666   0.5192   0.0225   0.0000   0.0129  -0.1114    0.225
    10   0.0499   0.1638   0.0000   0.2286   0.0064   0.1155   0.0942   0.5529   0.5067   0.0211   0.0000   0.0153  -0.1061    0.220
    11   0.0585   0.1918   0.0000   0.2286   0.0064   0.1114   0.0987   0.5333   0.4888   0.0198   0.0000   0.0179  -0.0994    0.213
    12   0.0669   0.2193   0.0000   0.2286   0.0062   0.1058   0.1033   0.5069   0.4646   0.0184   0.0000   0.0206  -0.0910    0.206
    13   0.0749   0.2458   0.0000   0.2286   0.0059   0.0987   0.1076   0.4728   0.4333   0.0168   0.0000   0.0234  -0.0808    0.196
    14   0.0825   0.2707   0.0000   0.2286   0.0054   0.0898   0.1113   0.4304   0.3945   0.0149   0.0000   0.0261  -0.0690    0.184
    15   0.0894   0.2933   0.0000   0.2286   0.0048   0.0792   0.1138   0.3797   0.3480   0.0128   0.0000   0.0281  -0.0561    0.169
    16   0.0954   0.3130   0.0000   0.2286   0.0041   0.0670   0.1146   0.3212   0.2944   0.0104   0.0000   0.0287  -0.0427    0.153
    17   0.1004   0.3294   0.0000   0.2286   0.0033   0.0534   0.1134   0.2559   0.2345   0.0079   0.0000   0.0271  -0.0299    0.134
    18   0.1043   0.3421   0.0000   0.2286   0.0024   0.0387   0.1102   0.1857   0.1702   0.0051   0.0000   0.0227  -0.0188    0.117
    19   0.1069   0.3507   0.0000   0.2286   0.0015   0.0234   0.1058   0.1124   0.1030   0.0022   0.0000   0.0153  -0.0099    0.102
    20   0.1082   0.3551   0.0000   0.2286   0.0005   0.0078   0.1028   0.0377   0.0346  -0.0006   0.0000   0.0054  -0.0030    0.094

  Surface # 2     Wing (YDUP)                             
     # Chordwise = 10   # Spanwise = 20     First strip = 21
     Surface area Ssurf =    0.081290     Ave. chord Cave =    0.228600

 Forces referred to Sref, Cref, Bref about Xref, Yref, Zref
 Standard axis orientation,  X fwd, Z down         
     CLsurf  =   0.37256     Clsurf  =   0.08119
     CYsurf  =  -0.00948     Cmsurf  =   0.02915
     CDsurf  =   0.01820     Cnsurf  =   0.01053
     CDisurf =   0.01820     CDvsurf =   0.00000

 Forces referred to Ssurf, Cave 
     CLsurf  =   0.44685     CDsurf  =   0.02183

 Strip Forces referred to Strip Area, Chord
    j     Xle      Yle      Zle      Chord    Area     c_cl     ai     cl_norm    cl       cd       cdv    cm_c/4     cm_LE   C.P.x/c
    21   0.0002  -0.0005   0.0000   0.2286   0.0005   0.1218   0.0695   0.5528   0.5067   0.2306   0.0000  -0.0106   0.1376    0.271
    22   0.0015  -0.0049   0.0000   0.2286   0.0015   0.1218   0.0693   0.5793   0.5309   0.0480   0.0000  -0.0096   0.1365    0.268
    23   0.0041  -0.0135   0.0000   0.2286   0.0024   0.1218   0.0706   0.5811   0.5325   0.0376   0.0000  -0.0066   0.1337    0.262
    24   0.0080  -0.0262   0.0000   0.2286   0.0033   0.1219   0.0729   0.5820   0.5334   0.0337   0.0000  -0.0026   0.1300    0.255
    25   0.0130  -0.0426   0.0000   0.2286   0.0041   0.1219   0.0758   0.5827   0.5340   0.0305   0.0000   0.0013   0.1263    0.248
    26   0.0190  -0.0623   0.0000   0.2286   0.0048   0.1218   0.0791   0.5824   0.5338   0.0279   0.0000   0.0048   0.1228    0.241
    27   0.0259  -0.0849   0.0000   0.2286   0.0054   0.1213   0.0825   0.5803   0.5318   0.0257   0.0000   0.0078   0.1194    0.235
    28   0.0335  -0.1098   0.0000   0.2286   0.0059   0.1202   0.0861   0.5753   0.5273   0.0240   0.0000   0.0105   0.1157    0.230
    29   0.0415  -0.1363   0.0000   0.2286   0.0062   0.1183   0.0900   0.5666   0.5192   0.0225   0.0000   0.0129   0.1114    0.225
    30   0.0499  -0.1638   0.0000   0.2286   0.0064   0.1155   0.0942   0.5529   0.5067   0.0211   0.0000   0.0153   0.1061    0.220
    31   0.0585  -0.1918   0.0000   0.2286   0.0064   0.1114   0.0987   0.5333   0.4888   0.0198   0.0000   0.0179   0.0994    0.213
    32   0.0669  -0.2193   0.0000   0.2286   0.0062   0.1058   0.1033   0.5069   0.4646   0.0184   0.0000   0.0206   0.0910    0.206
    33   0.0749  -0.2458   0.0000   0.2286   0.0059   0.0987   0.1076   0.4728   0.4333   0.0168   0.0000   0.0234   0.0808    0.196
    34   0.0825  -0.2707   0.0000   0.2286   0.0054   0.0898   0.1113   0.4304   0.3945   0.0149   0.0000   0.0261   0.0690    0.184
    35   0.0894  -0.2933   0.0000   0.2286   0.0048   0.0792   0.1138   0.3797   0.3480   0.0128   0.0000   0.0281   0.0561    0.169
    36   0.0954  -0.3130   0.0000   0.2286   0.0041   0.0670   0.1146   0.3212   0.2944   0.0104   0.0000   0.0287   0.0427    0.153
    37   0.1004  -0.3294   0.0000   0.2286   0.0033   0.0534   0.1134   0.2559   0.2345   0.0079   0.0000   0.0271   0.0299    0.134
    38   0.1043  -0.3421   0.0000   0.2286   0.0024   0.0387   0.1102   0.1857   0.1702   0.0051   0.0000   0.0227   0.0188    0.117
    39   0.1069  -0.3507   0.0000   0.2286   0.0015   0.0234   0.1058   0.1124   0.1030   0.0022   0.0000   0.0153   0.0099    0.102
    40   0.1082  -0.3551   0.0000   0.2286   0.0005   0.0078   0.1028   0.0377   0.0346  -0.0006   0.0000   0.0054   0.0030    0.094
 ---------------------------------------------------------------
