 ---------------------------------------------------------------
 Surface and Strip Forces by surface

  Sref = 0.17880       Cref = 0.20760       Bref = 0.91440    
  Xref = 0.10920       Yref =  0.0000       Zref =  0.0000    

  Surface # 1     Wing                                    
     # Chordwise = 10   # Spanwise = 20     First strip =  1
     Surface area Ssurf =    0.127742     Ave. chord Cave =    0.279400

 Forces referred to Sref, Cref, Bref about Xref, Yref, Zref
 Standard axis orientation,  X fwd, Z down         
     CLsurf  =   0.20316     Clsurf  =  -0.04390
     CYsurf  =   0.00089     Cmsurf  =   0.03157
     CDsurf  =   0.00577     Cnsurf  =  -0.00239
     CDisurf =   0.00577     CDvsurf =   0.00000

 Forces referred to Ssurf, Cave 
     CLsurf  =   0.28436     CDsurf  =   0.00807

 Strip Forces referred to Strip Area, Chord
    j     Xle      Yle      Zle      Chord    Area     c_cl     ai     cl_norm    cl       cd       cdv    cm_c/4     cm_LE   C.P.x/c
     1   0.0001   0.0007   0.0000   0.2794   0.0008   0.0973   0.0492   0.3493   0.3464   0.0389   0.0000   0.0042  -0.0826    0.238
     2   0.0006   0.0063   0.0000   0.2794   0.0023   0.0973   0.0485   0.3513   0.3483   0.0123   0.0000   0.0044  -0.0823    0.237
     3   0.0016   0.0174   0.0000   0.2794   0.0038   0.0973   0.0483   0.3512   0.3483   0.0108   0.0000   0.0051  -0.0816    0.235
     4   0.0031   0.0337   0.0000   0.2794   0.0052   0.0972   0.0486   0.3509   0.3480   0.0102   0.0000   0.0060  -0.0806    0.233
     5   0.0050   0.0548   0.0000   0.2794   0.0065   0.0969   0.0492   0.3501   0.3472   0.0097   0.0000   0.0070  -0.0794    0.230
     6   0.0073   0.0801   0.0000   0.2794   0.0076   0.0965   0.0500   0.3484   0.3455   0.0094   0.0000   0.0078  -0.0782    0.227
     7   0.0100   0.1092   0.0000   0.2794   0.0085   0.0956   0.0511   0.3455   0.3426   0.0091   0.0000   0.0086  -0.0766    0.225
     8   0.0129   0.1411   0.0000   0.2794   0.0093   0.0943   0.0524   0.3408   0.3379   0.0088   0.0000   0.0094  -0.0747    0.222
     9   0.0161   0.1752   0.0000   0.2794   0.0097   0.0924   0.0539   0.3338   0.3310   0.0086   0.0000   0.0101  -0.0722    0.219
    10   0.0193   0.2107   0.0000   0.2794   0.0100   0.0897   0.0557   0.3241   0.3214   0.0085   0.0000   0.0110  -0.0690    0.216
    11   0.0226   0.2465   0.0000   0.2794   0.0100   0.0861   0.0578   0.3111   0.3085   0.0082   0.0000   0.0120  -0.0648    0.211
    12   0.0258   0.2820   0.0000   0.2794   0.0097   0.0815   0.0600   0.2943   0.2919   0.0080   0.0000   0.0131  -0.0596    0.205
    13   0.0290   0.3161   0.0000   0.2794   0.0093   0.0757   0.0621   0.2734   0.2711   0.0076   0.0000   0.0143  -0.0533    0.197
    14   0.0319   0.3480   0.0000   0.2794   0.0085   0.0687   0.0640   0.2479   0.2459   0.0071   0.0000   0.0154  -0.0458    0.187
    15   0.0346   0.3771   0.0000   0.2794   0.0076   0.0604   0.0651   0.2179   0.2161   0.0064   0.0000   0.0162  -0.0376    0.175
    16   0.0369   0.4024   0.0000   0.2794   0.0065   0.0509   0.0651   0.1837   0.1821   0.0055   0.0000   0.0165  -0.0289    0.160
    17   0.0388   0.4235   0.0000   0.2794   0.0052   0.0404   0.0636   0.1457   0.1445   0.0044   0.0000   0.0156  -0.0204    0.142
    18   0.0403   0.4398   0.0000   0.2794   0.0038   0.0291   0.0603   0.1052   0.1043   0.0031   0.0000   0.0131  -0.0129    0.124
    19   0.0413   0.4509   0.0000   0.2794   0.0023   0.0175   0.0558   0.0633   0.0628   0.0017   0.0000   0.0089  -0.0067    0.108
    20   0.0418   0.4565   0.0000   0.2794   0.0008   0.0058   0.0525   0.0211   0.0209   0.0003   0.0000   0.0032  -0.0020    0.098

  Surface # 2     Wing (YDUP)                             
     # Chordwise = 10   # Spanwise = 20     First strip = 21
     Surface area Ssurf =    0.127742     Ave. chord Cave =    0.279400

 Forces referred to Sref, Cref, Bref about Xref, Yref, Zref
 Standard axis orientation,  X fwd, Z down         
     CLsurf  =   0.20316     Clsurf  =   0.04390
     CYsurf  =  -0.00089     Cmsurf  =   0.03157
     CDsurf  =   0.00577     Cnsurf  =   0.00239
     CDisurf =   0.00577     CDvsurf =   0.00000

 Forces referred to Ssurf, Cave 
     CLsurf  =   0.28436     CDsurf  =   0.00807

 Strip Forces referred to Strip Area, Chord
    j     Xle      Yle      Zle      Chord    Area     c_cl     ai     cl_norm    cl       cd       cdv    cm_c/4     cm_LE   C.P.x/c
    21   0.0001  -0.0007   0.0000   0.2794   0.0008   0.0973   0.0492   0.3493   0.3464   0.0389   0.0000   0.0042   0.0826    0.238
    22   0.0006  -0.0063   0.0000   0.2794   0.0023   0.0973   0.0485   0.3513   0.3483   0.0123   0.0000   0.0044   0.0823    0.237
    23   0.0016  -0.0174   0.0000   0.2794   0.0038   0.0973   0.0483   0.3512   0.3483   0.0108   0.0000   0.0051   0.0816    0.235
    24   0.0031  -0.0337   0.0000   0.2794   0.0052   0.0972   0.0486   0.3509   0.3480   0.0102   0.0000   0.0060   0.0806    0.233
    25   0.0050  -0.0548   0.0000   0.2794   0.0065   0.0969   0.0492   0.3501   0.3472   0.0097   0.0000   0.0070   0.0794    0.230
    26   0.0073  -0.0801   0.0000   0.2794   0.0076   0.0965   0.0500   0.3484   0.3455   0.0094   0.0000   0.0078   0.0782    0.227
    27   0.0100  -0.1092   0.0000   0.2794   0.0085   0.0956   0.0511   0.3455   0.3426   0.0091   0.0000   0.0086   0.0766    0.225
    28   0.0129  -0.1411   0.0000   0.2794   0.0093   0.0943   0.0524   0.3408   0.3379   0.0088   0.0000   0.0094   0.0747    0.222
    29   0.0161  -0.1752   0.0000   0.2794   0.0097   0.0924   0.0539   0.3338   0.3310   0.0086   0.0000   0.0101   0.0722    0.219
    30   0.0193  -0.2107   0.0000   0.2794   0.0100   0.0897   0.0557   0.3241   0.3214   0.0085   0.0000   0.0110   0.0690    0.216
    31   0.0226  -0.2465   0.0000   0.2794   0.0100   0.0861   0.0578   0.3111   0.3085   0.0082   0.0000   0.0120   0.0648    0.211
    32   0.0258  -0.2820   0.0000   0.2794   0.0097   0.0815   0.0600   0.2943   0.2919   0.0080   0.0000   0.0131   0.0596    0.205
    33   0.0290  -0.3161   0.0000   0.2794   0.0093   0.0757   0.0621   0.2734   0.2711   0.0076   0.0000   0.0143   0.0533    0.197
    34   0.0319  -0.3480   0.0000   0.2794   0.0085   0.0687   0.0640   0.2479   0.2459   0.0071   0.0000   0.0154   0.0458    0.187
    35   0.0346  -0.3771   0.0000   0.2794   0.0076   0.0604   0.0651   0.2179   0.2161   0.0064   0.0000   0.0162   0.0376    0.175
    36   0.0369  -0.4024   0.0000   0.2794   0.0065   0.0509   0.0651   0.1837   0.1821   0.0055   0.0000   0.0165   0.0289    0.160
    37   0.0388  -0.4235   0.0000   0.2794   0.0052   0.0404   0.0636   0.1457   0.1445   0.0044   0.0000   0.0156   0.0204    0.142
    38   0.0403  -0.4398   0.0000   0.2794   0.0038   0.0291   0.0603   0.1052   0.1043   0.0031   0.0000   0.0131   0.0129    0.124
    39   0.0413  -0.4509   0.0000   0.2794   0.0023   0.0175   0.0558   0.0633   0.0628   0.0017   0.0000   0.0089   0.0067    0.108
    40   0.0418  -0.4565   0.0000   0.2794   0.0008   0.0058   0.0525   0.0211   0.0209   0.0003   0.0000   0.0032   0.0020    0.098
 ---------------------------------------------------------------
