 ---------------------------------------------------------------
 Surface and Strip Forces by surface

  Sref = 0.10220       Cref = 0.19250       Bref = 0.60960    
  Xref = 0.10920       Yref =  0.0000       Zref =  0.0000    

  Surface # 1     Wing                                    
     # Chordwise = 10   # Spanwise = 20     First strip =  1
     Surface area Ssurf =    0.085161     Ave. chord Cave =    0.279400

 Forces referred to Sref, Cref, Bref about Xref, Yref, Zref
 Standard axis orientation,  X fwd, Z down         
     CLsurf  =   0.35542     Clsurf  =  -0.07630
     CYsurf  =   0.00868     Cmsurf  =   0.03116
     CDsurf  =   0.02361     Cnsurf  =  -0.01228
     CDisurf =   0.02361     CDvsurf =   0.00000

 Forces referred to Ssurf, Cave 
     CLsurf  =   0.42654     CDsurf  =   0.02833

 Strip Forces referred to Strip Area, Chord
    j     Xle      Yle      Zle      Chord    Area     c_cl     ai     cl_norm    cl       cd       cdv    cm_c/4     cm_LE   C.P.x/c
     1   0.0001   0.0005   0.0000   0.2794   0.0005   0.1470   0.1124   0.5199   0.4853   0.2996   0.0000  -0.0004  -0.1273    0.251
     2   0.0011   0.0042   0.0000   0.2794   0.0016   0.1470   0.1115   0.5602   0.5229   0.0609   0.0000   0.0002  -0.1268    0.250
     3   0.0031   0.0116   0.0000   0.2794   0.0026   0.1469   0.1117   0.5625   0.5251   0.0461   0.0000   0.0020  -0.1250    0.246
     4   0.0061   0.0225   0.0000   0.2794   0.0035   0.1468   0.1127   0.5627   0.5252   0.0420   0.0000   0.0047  -0.1222    0.241
     5   0.0099   0.0365   0.0000   0.2794   0.0043   0.1464   0.1144   0.5619   0.5244   0.0391   0.0000   0.0078  -0.1190    0.235
     6   0.0145   0.0534   0.0000   0.2794   0.0051   0.1457   0.1166   0.5595   0.5223   0.0364   0.0000   0.0108  -0.1154    0.229
     7   0.0197   0.0728   0.0000   0.2794   0.0057   0.1444   0.1191   0.5549   0.5179   0.0341   0.0000   0.0138  -0.1115    0.223
     8   0.0255   0.0941   0.0000   0.2794   0.0062   0.1423   0.1219   0.5471   0.5107   0.0320   0.0000   0.0165  -0.1070    0.218
     9   0.0316   0.1168   0.0000   0.2794   0.0065   0.1392   0.1249   0.5353   0.4996   0.0300   0.0000   0.0191  -0.1017    0.212
    10   0.0380   0.1404   0.0000   0.2794   0.0067   0.1348   0.1281   0.5186   0.4840   0.0281   0.0000   0.0217  -0.0955    0.205
    11   0.0445   0.1644   0.0000   0.2794   0.0067   0.1290   0.1313   0.4962   0.4632   0.0261   0.0000   0.0242  -0.0880    0.198
    12   0.0509   0.1880   0.0000   0.2794   0.0065   0.1215   0.1342   0.4676   0.4365   0.0239   0.0000   0.0266  -0.0793    0.189
    13   0.0570   0.2107   0.0000   0.2794   0.0062   0.1123   0.1367   0.4324   0.4036   0.0216   0.0000   0.0286  -0.0694    0.179
    14   0.0628   0.2320   0.0000   0.2794   0.0057   0.1014   0.1385   0.3904   0.3644   0.0190   0.0000   0.0300  -0.0586    0.168
    15   0.0680   0.2514   0.0000   0.2794   0.0051   0.0888   0.1392   0.3419   0.3192   0.0163   0.0000   0.0304  -0.0473    0.155
    16   0.0726   0.2683   0.0000   0.2794   0.0043   0.0747   0.1385   0.2876   0.2684   0.0133   0.0000   0.0293  -0.0362    0.141
    17   0.0764   0.2823   0.0000   0.2794   0.0035   0.0593   0.1365   0.2283   0.2131   0.0101   0.0000   0.0263  -0.0258    0.126
    18   0.0794   0.2932   0.0000   0.2794   0.0026   0.0429   0.1334   0.1654   0.1544   0.0067   0.0000   0.0211  -0.0167    0.113
    19   0.0814   0.3006   0.0000   0.2794   0.0016   0.0259   0.1298   0.1002   0.0935   0.0031   0.0000   0.0137  -0.0092    0.103
    20   0.0824   0.3043   0.0000   0.2794   0.0005   0.0087   0.1277   0.0337   0.0315  -0.0003   0.0000   0.0048  -0.0029    0.099

  Surface # 2     Wing (YDUP)                             
     # Chordwise = 10   # Spanwise = 20     First strip = 21
     Surface area Ssurf =    0.085161     Ave. chord Cave =    0.279400

 Forces referred to Sref, Cref, Bref about Xref, Yref, Zref
 Standard axis orientation,  X fwd, Z down         
     CLsurf  =   0.35542     Clsurf  =   0.07630
     CYsurf  =  -0.00868     Cmsurf  =   0.03116
     CDsurf  =   0.02361     Cnsurf  =   0.01228
     CDisurf =   0.02361     CDvsurf =   0.00000

 Forces referred to Ssurf, Cave 
     CLsurf  =   0.42654     CDsurf  =   0.02833

 Strip Forces referred to Strip Area, Chord
    j     Xle      Yle      Zle      Chord    Area     c_cl     ai     cl_norm    cl       cd       cdv    cm_c/4     cm_LE   C.P.x/c
    21   0.0001  -0.0005   0.0000   0.2794   0.0005   0.1470   0.1124   0.5199   0.4853   0.2996   0.0000  -0.0004   0.1273    0.251
    22   0.0011  -0.0042   0.0000   0.2794   0.0016   0.1470   0.1115   0.5602   0.5229   0.0609   0.0000   0.0002   0.1268    0.250
    23   0.0031  -0.0116   0.0000   0.2794   0.0026   0.1469   0.1117   0.5625   0.5251   0.0461   0.0000   0.0020   0.1250    0.246
    24   0.0061  -0.0225   0.0000   0.2794   0.0035   0.1468   0.1127   0.5627   0.5252   0.0420   0.0000   0.0047   0.1222    0.241
    25   0.0099  -0.0365   0.0000   0.2794   0.0043   0.1464   0.1144   0.5619   0.5244   0.0391   0.0000   0.0078   0.1190    0.235
    26   0.0145  -0.0534   0.0000   0.2794   0.0051   0.1457   0.1166   0.5595   0.5223   0.0364   0.0000   0.0108   0.1154    0.229
    27   0.0197  -0.0728   0.0000   0.2794   0.0057   0.1444   0.1191   0.5549   0.5179   0.0341   0.0000   0.0138   0.1115    0.223
    28   0.0255  -0.0941   0.0000   0.2794   0.0062   0.1423   0.1219   0.5471   0.5107   0.0320   0.0000   0.0165   0.1070    0.218
    29   0.0316  -0.1168   0.0000   0.2794   0.0065   0.1392   0.1249   0.5353   0.4996   0.0300   0.0000   0.0191   0.1017    0.212
    30   0.0380  -0.1404   0.0000   0.2794   0.0067   0.1348   0.1281   0.5186   0.4840   0.0281   0.0000   0.0217   0.0955    0.205
    31   0.0445  -0.1644   0.0000   0.2794   0.0067   0.1290   0.1313   0.4962   0.4632   0.0261   0.0000   0.0242   0.0880    0.198
    32   0.0509  -0.1880   0.0000   0.2794   0.0065   0.1215   0.1342   0.4676   0.4365   0.0239   0.0000   0.0266   0.0793    0.189
    33   0.0570  -0.2107   0.0000   0.2794   0.0062   0.1123   0.1367   0.4324   0.4036   0.0216   0.0000   0.0286   0.0694    0.179
    34   0.0628  -0.2320   0.0000   0.2794   0.0057   0.1014   0.1385   0.3904   0.3644   0.0190   0.0000   0.0300   0.0586    0.168
    35   0.0680  -0.2514   0.0000   0.2794   0.0051   0.0888   0.1392   0.3419   0.3192   0.0163   0.0000   0.0304   0.0473    0.155
    36   0.0726  -0.2683   0.0000   0.2794   0.0043   0.0747   0.1385   0.2876   0.2684   0.0133   0.0000   0.0293   0.0362    0.141
    37   0.0764  -0.2823   0.0000   0.2794   0.0035   0.0593   0.1365   0.2283   0.2131   0.0101   0.0000   0.0263   0.0258    0.126
    38   0.0794  -0.2932   0.0000   0.2794   0.0026   0.0429   0.1334   0.1654   0.1544   0.0067   0.0000   0.0211   0.0167    0.113
    39   0.0814  -0.3006   0.0000   0.2794   0.0016   0.0259   0.1298   0.1002   0.0935   0.0031   0.0000   0.0137   0.0092    0.103
    40   0.0824  -0.3043   0.0000   0.2794   0.0005   0.0087   0.1277   0.0337   0.0315  -0.0003   0.0000   0.0048   0.0029    0.099
 ---------------------------------------------------------------
