 ---------------------------------------------------------------
 Surface and Strip Forces by surface

  Sref = 0.11380       Cref = 0.16980       Bref = 0.71120    
  Xref = 0.10920       Yref =  0.0000       Zref =  0.0000    

  Surface # 1     Wing                                    
     # Chordwise = 10   # Spanwise = 20     First strip =  1
     Surface area Ssurf =    0.081290     Ave. chord Cave =    0.228600

 Forces referred to Sref, Cref, Bref about Xref, Yref, Zref
 Standard axis orientation,  X fwd, Z down         
     CLsurf  =   0.31919     Clsurf  =  -0.06945
     CYsurf  =   0.00725     Cmsurf  =   0.03279
     CDsurf  =   0.01551     Cnsurf  =  -0.00858
     CDisurf =   0.01551     CDvsurf =   0.00000

 Forces referred to Ssurf, Cave 
     CLsurf  =   0.44685     CDsurf  =   0.02171

 Strip Forces referred to Strip Area, Chord
    j     Xle      Yle      Zle      Chord    Area     c_cl     ai     cl_norm    cl       cd       cdv    cm_c/4     cm_LE   C.P.x/c
     1   0.0001   0.0005   0.0000   0.2286   0.0005   0.1223   0.0715   0.5487   0.5114   0.2126   0.0000  -0.0083  -0.1370    0.266
     2   0.0013   0.0049   0.0000   0.2286   0.0015   0.1223   0.0711   0.5724   0.5335   0.0459   0.0000  -0.0073  -0.1361    0.264
     3   0.0037   0.0135   0.0000   0.2286   0.0024   0.1223   0.0722   0.5739   0.5349   0.0363   0.0000  -0.0046  -0.1335    0.259
     4   0.0071   0.0262   0.0000   0.2286   0.0033   0.1223   0.0742   0.5746   0.5355   0.0327   0.0000  -0.0011  -0.1301    0.252
     5   0.0116   0.0426   0.0000   0.2286   0.0041   0.1223   0.0768   0.5750   0.5359   0.0298   0.0000   0.0025  -0.1266    0.245
     6   0.0170   0.0623   0.0000   0.2286   0.0048   0.1221   0.0797   0.5743   0.5352   0.0273   0.0000   0.0057  -0.1233    0.239
     7   0.0232   0.0849   0.0000   0.2286   0.0054   0.1215   0.0829   0.5718   0.5329   0.0254   0.0000   0.0085  -0.1200    0.234
     8   0.0299   0.1098   0.0000   0.2286   0.0059   0.1203   0.0862   0.5664   0.5279   0.0238   0.0000   0.0109  -0.1164    0.229
     9   0.0372   0.1363   0.0000   0.2286   0.0062   0.1184   0.0899   0.5573   0.5194   0.0224   0.0000   0.0132  -0.1122    0.225
    10   0.0447   0.1638   0.0000   0.2286   0.0064   0.1154   0.0939   0.5434   0.5064   0.0212   0.0000   0.0155  -0.1068    0.219
    11   0.0523   0.1918   0.0000   0.2286   0.0064   0.1112   0.0982   0.5237   0.4881   0.0200   0.0000   0.0179  -0.1001    0.213
    12   0.0598   0.2193   0.0000   0.2286   0.0062   0.1056   0.1026   0.4974   0.4635   0.0187   0.0000   0.0204  -0.0917    0.206
    13   0.0671   0.2458   0.0000   0.2286   0.0059   0.0984   0.1068   0.4636   0.4321   0.0172   0.0000   0.0231  -0.0816    0.197
    14   0.0738   0.2707   0.0000   0.2286   0.0054   0.0896   0.1104   0.4218   0.3931   0.0154   0.0000   0.0255  -0.0698    0.185
    15   0.0800   0.2933   0.0000   0.2286   0.0048   0.0790   0.1128   0.3720   0.3467   0.0134   0.0000   0.0274  -0.0569    0.171
    16   0.0854   0.3130   0.0000   0.2286   0.0041   0.0668   0.1137   0.3146   0.2932   0.0110   0.0000   0.0279  -0.0436    0.155
    17   0.0899   0.3294   0.0000   0.2286   0.0033   0.0532   0.1126   0.2506   0.2336   0.0085   0.0000   0.0263  -0.0307    0.137
    18   0.0933   0.3421   0.0000   0.2286   0.0024   0.0386   0.1095   0.1818   0.1694   0.0057   0.0000   0.0220  -0.0194    0.120
    19   0.0957   0.3507   0.0000   0.2286   0.0015   0.0233   0.1052   0.1100   0.1025   0.0026   0.0000   0.0148  -0.0103    0.106
    20   0.0969   0.3551   0.0000   0.2286   0.0005   0.0078   0.1022   0.0369   0.0344  -0.0003   0.0000   0.0052  -0.0032    0.098

  Surface # 2     Wing (YDUP)                             
     # Chordwise = 10   # Spanwise = 20     First strip = 21
     Surface area Ssurf =    0.081290     Ave. chord Cave =    0.228600

 Forces referred to Sref, Cref, Bref about Xref, Yref, Zref
 Standard axis orientation,  X fwd, Z down         
     CLsurf  =   0.31919     Clsurf  =   0.06945
     CYsurf  =  -0.00725     Cmsurf  =   0.03279
     CDsurf  =   0.01551     Cnsurf  =   0.00858
     CDisurf =   0.01551     CDvsurf =   0.00000

 Forces referred to Ssurf, Cave 
     CLsurf  =   0.44685     CDsurf  =   0.02171

 Strip Forces referred to Strip Area, Chord
    j     Xle      Yle      Zle      Chord    Area     c_cl     ai     cl_norm    cl       cd       cdv    cm_c/4     cm_LE   C.P.x/c
    21   0.0001  -0.0005   0.0000   0.2286   0.0005   0.1223   0.0715   0.5487   0.5114   0.2126   0.0000  -0.0083   0.1370    0.266
    22   0.0013  -0.0049   0.0000   0.2286   0.0015   0.1223   0.0711   0.5724   0.5335   0.0459   0.0000  -0.0073   0.1361    0.264
    23   0.0037  -0.0135   0.0000   0.2286   0.0024   0.1223   0.0722   0.5739   0.5349   0.0363   0.0000  -0.0046   0.1335    0.259
    24   0.0071  -0.0262   0.0000   0.2286   0.0033   0.1223   0.0742   0.5746   0.5355   0.0327   0.0000  -0.0011   0.1301    0.252
    25   0.0116  -0.0426   0.0000   0.2286   0.0041   0.1223   0.0768   0.5750   0.5359   0.0298   0.0000   0.0025   0.1266    0.245
    26   0.0170  -0.0623   0.0000   0.2286   0.0048   0.1221   0.0797   0.5743   0.5352   0.0273   0.0000   0.0057   0.1233    0.239
    27   0.0232  -0.0849   0.0000   0.2286   0.0054   0.1215   0.0829   0.5718   0.5329   0.0254   0.0000   0.0085   0.1200    0.234
    28   0.0299  -0.1098   0.0000   0.2286   0.0059   0.1203   0.0862   0.5664   0.5279   0.0238   0.0000   0.0109   0.1164    0.229
    29   0.0372  -0.1363   0.0000   0.2286   0.0062   0.1184   0.0899   0.5573   0.5194   0.0224   0.0000   0.0132   0.1122    0.225
    30   0.0447  -0.1638   0.0000   0.2286   0.0064   0.1154   0.0939   0.5434   0.5064   0.0212   0.0000   0.0155   0.1068    0.219
    31   0.0523  -0.1918   0.0000   0.2286   0.0064   0.1112   0.0982   0.5237   0.4881   0.0200   0.0000   0.0179   0.1001    0.213
    32   0.0598  -0.2193   0.0000   0.2286   0.0062   0.1056   0.1026   0.4974   0.4635   0.0187   0.0000   0.0204   0.0917    0.206
    33   0.0671  -0.2458   0.0000   0.2286   0.0059   0.0984   0.1068   0.4636   0.4321   0.0172   0.0000   0.0231   0.0816    0.197
    34   0.0738  -0.2707   0.0000   0.2286   0.0054   0.0896   0.1104   0.4218   0.3931   0.0154   0.0000   0.0255   0.0698    0.185
    35   0.0800  -0.2933   0.0000   0.2286   0.0048   0.0790   0.1128   0.3720   0.3467   0.0134   0.0000   0.0274   0.0569    0.171
    36   0.0854  -0.3130   0.0000   0.2286   0.0041   0.0668   0.1137   0.3146   0.2932   0.0110   0.0000   0.0279   0.0436    0.155
    37   0.0899  -0.3294   0.0000   0.2286   0.0033   0.0532   0.1126   0.2506   0.2336   0.0085   0.0000   0.0263   0.0307    0.137
    38   0.0933  -0.3421   0.0000   0.2286   0.0024   0.0386   0.1095   0.1818   0.1694   0.0057   0.0000   0.0220   0.0194    0.120
    39   0.0957  -0.3507   0.0000   0.2286   0.0015   0.0233   0.1052   0.1100   0.1025   0.0026   0.0000   0.0148   0.0103    0.106
    40   0.0969  -0.3551   0.0000   0.2286   0.0005   0.0078   0.1022   0.0369   0.0344  -0.0003   0.0000   0.0052   0.0032    0.098
 ---------------------------------------------------------------
