 ---------------------------------------------------------------
 Surface and Strip Forces by surface

  Sref = 0.14860       Cref = 0.21000       Bref = 0.81280    
  Xref = 0.10920       Yref =  0.0000       Zref =  0.0000    

  Surface # 1     Wing                                    
     # Chordwise = 10   # Spanwise = 20     First strip =  1
     Surface area Ssurf =    0.123871     Ave. chord Cave =    0.304800

 Forces referred to Sref, Cref, Bref about Xref, Yref, Zref
 Standard axis orientation,  X fwd, Z down         
     CLsurf  =   0.24444     Clsurf  =  -0.05292
     CYsurf  =   0.00424     Cmsurf  =  -0.01317
     CDsurf  =   0.00921     Cnsurf  =  -0.00516
     CDisurf =   0.00921     CDvsurf =   0.00000

 Forces referred to Ssurf, Cave 
     CLsurf  =   0.29324     CDsurf  =   0.01105

 Strip Forces referred to Strip Area, Chord
    j     Xle      Yle      Zle      Chord    Area     c_cl     ai     cl_norm    cl       cd       cdv    cm_c/4     cm_LE   C.P.x/c
     1   0.0002   0.0006   0.0000   0.3048   0.0008   0.1086   0.0598   0.3812   0.3449   0.1402   0.0000  -0.0060  -0.0904    0.267
     2   0.0018   0.0056   0.0000   0.3048   0.0023   0.1085   0.0581   0.3927   0.3552   0.0258   0.0000  -0.0054  -0.0897    0.265
     3   0.0050   0.0155   0.0000   0.3048   0.0037   0.1085   0.0578   0.3932   0.3557   0.0193   0.0000  -0.0034  -0.0878    0.260
     4   0.0098   0.0299   0.0000   0.3048   0.0051   0.1085   0.0587   0.3932   0.3557   0.0175   0.0000  -0.0006  -0.0852    0.252
     5   0.0159   0.0487   0.0000   0.3048   0.0063   0.1083   0.0603   0.3930   0.3555   0.0160   0.0000   0.0022  -0.0823    0.244
     6   0.0232   0.0712   0.0000   0.3048   0.0074   0.1080   0.0623   0.3920   0.3546   0.0146   0.0000   0.0049  -0.0796    0.236
     7   0.0317   0.0970   0.0000   0.3048   0.0083   0.1074   0.0646   0.3897   0.3525   0.0134   0.0000   0.0073  -0.0768    0.229
     8   0.0409   0.1254   0.0000   0.3048   0.0090   0.1062   0.0670   0.3855   0.3487   0.0124   0.0000   0.0095  -0.0738    0.223
     9   0.0508   0.1558   0.0000   0.3048   0.0095   0.1043   0.0696   0.3785   0.3424   0.0115   0.0000   0.0114  -0.0704    0.217
    10   0.0611   0.1873   0.0000   0.3048   0.0097   0.1014   0.0723   0.3682   0.3331   0.0107   0.0000   0.0134  -0.0663    0.210
    11   0.0715   0.2191   0.0000   0.3048   0.0097   0.0974   0.0751   0.3539   0.3201   0.0098   0.0000   0.0154  -0.0614    0.202
    12   0.0818   0.2506   0.0000   0.3048   0.0095   0.0922   0.0778   0.3349   0.3029   0.0089   0.0000   0.0174  -0.0553    0.193
    13   0.0917   0.2810   0.0000   0.3048   0.0090   0.0856   0.0800   0.3108   0.2811   0.0080   0.0000   0.0194  -0.0483    0.181
    14   0.1009   0.3094   0.0000   0.3048   0.0083   0.0775   0.0816   0.2814   0.2545   0.0069   0.0000   0.0211  -0.0403    0.167
    15   0.1094   0.3352   0.0000   0.3048   0.0074   0.0679   0.0820   0.2468   0.2232   0.0057   0.0000   0.0222  -0.0319    0.151
    16   0.1167   0.3577   0.0000   0.3048   0.0063   0.0571   0.0810   0.2074   0.1876   0.0044   0.0000   0.0222  -0.0234    0.132
    17   0.1228   0.3765   0.0000   0.3048   0.0051   0.0452   0.0784   0.1643   0.1486   0.0031   0.0000   0.0206  -0.0157    0.111
    18   0.1276   0.3909   0.0000   0.3048   0.0037   0.0326   0.0743   0.1185   0.1072   0.0017   0.0000   0.0170  -0.0093    0.092
    19   0.1308   0.4008   0.0000   0.3048   0.0023   0.0196   0.0697   0.0714   0.0646   0.0002   0.0000   0.0112  -0.0046    0.076
    20   0.1324   0.4058   0.0000   0.3048   0.0008   0.0065   0.0669   0.0239   0.0216  -0.0008   0.0000   0.0039  -0.0014    0.068

  Surface # 2     Wing (YDUP)                             
     # Chordwise = 10   # Spanwise = 20     First strip = 21
     Surface area Ssurf =    0.123871     Ave. chord Cave =    0.304800

 Forces referred to Sref, Cref, Bref about Xref, Yref, Zref
 Standard axis orientation,  X fwd, Z down         
     CLsurf  =   0.24444     Clsurf  =   0.05292
     CYsurf  =  -0.00424     Cmsurf  =  -0.01317
     CDsurf  =   0.00921     Cnsurf  =   0.00516
     CDisurf =   0.00921     CDvsurf =   0.00000

 Forces referred to Ssurf, Cave 
     CLsurf  =   0.29324     CDsurf  =   0.01105

 Strip Forces referred to Strip Area, Chord
    j     Xle      Yle      Zle      Chord    Area     c_cl     ai     cl_norm    cl       cd       cdv    cm_c/4     cm_LE   C.P.x/c
    21   0.0002  -0.0006   0.0000   0.3048   0.0008   0.1086   0.0598   0.3812   0.3449   0.1402   0.0000  -0.0060   0.0904    0.267
    22   0.0018  -0.0056   0.0000   0.3048   0.0023   0.1085   0.0581   0.3927   0.3552   0.0258   0.0000  -0.0054   0.0897    0.265
    23   0.0050  -0.0155   0.0000   0.3048   0.0037   0.1085   0.0578   0.3932   0.3557   0.0193   0.0000  -0.0034   0.0878    0.260
    24   0.0098  -0.0299   0.0000   0.3048   0.0051   0.1085   0.0587   0.3932   0.3557   0.0175   0.0000  -0.0006   0.0852    0.252
    25   0.0159  -0.0487   0.0000   0.3048   0.0063   0.1083   0.0603   0.3930   0.3555   0.0160   0.0000   0.0022   0.0823    0.244
    26   0.0232  -0.0712   0.0000   0.3048   0.0074   0.1080   0.0623   0.3920   0.3546   0.0146   0.0000   0.0049   0.0796    0.236
    27   0.0317  -0.0970   0.0000   0.3048   0.0083   0.1074   0.0646   0.3897   0.3525   0.0134   0.0000   0.0073   0.0768    0.229
    28   0.0409  -0.1254   0.0000   0.3048   0.0090   0.1062   0.0670   0.3855   0.3487   0.0124   0.0000   0.0095   0.0738    0.223
    29   0.0508  -0.1558   0.0000   0.3048   0.0095   0.1043   0.0696   0.3785   0.3424   0.0115   0.0000   0.0114   0.0704    0.217
    30   0.0611  -0.1873   0.0000   0.3048   0.0097   0.1014   0.0723   0.3682   0.3331   0.0107   0.0000   0.0134   0.0663    0.210
    31   0.0715  -0.2191   0.0000   0.3048   0.0097   0.0974   0.0751   0.3539   0.3201   0.0098   0.0000   0.0154   0.0614    0.202
    32   0.0818  -0.2506   0.0000   0.3048   0.0095   0.0922   0.0778   0.3349   0.3029   0.0089   0.0000   0.0174   0.0553    0.193
    33   0.0917  -0.2810   0.0000   0.3048   0.0090   0.0856   0.0800   0.3108   0.2811   0.0080   0.0000   0.0194   0.0483    0.181
    34   0.1009  -0.3094   0.0000   0.3048   0.0083   0.0775   0.0816   0.2814   0.2545   0.0069   0.0000   0.0211   0.0403    0.167
    35   0.1094  -0.3352   0.0000   0.3048   0.0074   0.0679   0.0820   0.2468   0.2232   0.0057   0.0000   0.0222   0.0319    0.151
    36   0.1167  -0.3577   0.0000   0.3048   0.0063   0.0571   0.0810   0.2074   0.1876   0.0044   0.0000   0.0222   0.0234    0.132
    37   0.1228  -0.3765   0.0000   0.3048   0.0051   0.0452   0.0784   0.1643   0.1486   0.0031   0.0000   0.0206   0.0157    0.111
    38   0.1276  -0.3909   0.0000   0.3048   0.0037   0.0326   0.0743   0.1185   0.1072   0.0017   0.0000   0.0170   0.0093    0.092
    39   0.1308  -0.4008   0.0000   0.3048   0.0023   0.0196   0.0697   0.0714   0.0646   0.0002   0.0000   0.0112   0.0046    0.076
    40   0.1324  -0.4058   0.0000   0.3048   0.0008   0.0065   0.0669   0.0239   0.0216  -0.0008   0.0000   0.0039   0.0014    0.068
 ---------------------------------------------------------------
