 ---------------------------------------------------------------
 Surface and Strip Forces by surface

  Sref = 0.17880       Cref = 0.20760       Bref = 0.91440    
  Xref = 0.10920       Yref =  0.0000       Zref =  0.0000    

  Surface # 1     Wing                                    
     # Chordwise = 10   # Spanwise = 20     First strip =  1
     Surface area Ssurf =    0.127742     Ave. chord Cave =    0.279400

 Forces referred to Sref, Cref, Bref about Xref, Yref, Zref
 Standard axis orientation,  X fwd, Z down         
     CLsurf  =   0.20316     Clsurf  =  -0.04407
     CYsurf  =   0.00173     Cmsurf  =   0.01441
     CDsurf  =   0.00588     Cnsurf  =  -0.00276
     CDisurf =   0.00588     CDvsurf =   0.00000

 Forces referred to Ssurf, Cave 
     CLsurf  =   0.28436     CDsurf  =   0.00823

 Strip Forces referred to Strip Area, Chord
    j     Xle      Yle      Zle      Chord    Area     c_cl     ai     cl_norm    cl       cd       cdv    cm_c/4     cm_LE   C.P.x/c
     1   0.0001   0.0007   0.0000   0.2794   0.0008   0.0964   0.0474   0.3517   0.3409   0.0656   0.0000  -0.0005  -0.0853    0.251
     2   0.0011   0.0063   0.0000   0.2794   0.0023   0.0963   0.0462   0.3556   0.3447   0.0154   0.0000   0.0000  -0.0848    0.250
     3   0.0031   0.0174   0.0000   0.2794   0.0038   0.0963   0.0460   0.3557   0.3447   0.0126   0.0000   0.0013  -0.0835    0.246
     4   0.0060   0.0337   0.0000   0.2794   0.0052   0.0962   0.0466   0.3556   0.3446   0.0115   0.0000   0.0031  -0.0817    0.241
     5   0.0098   0.0548   0.0000   0.2794   0.0065   0.0961   0.0476   0.3552   0.3442   0.0107   0.0000   0.0048  -0.0799    0.236
     6   0.0144   0.0801   0.0000   0.2794   0.0076   0.0958   0.0489   0.3540   0.3431   0.0100   0.0000   0.0063  -0.0781    0.232
     7   0.0196   0.1092   0.0000   0.2794   0.0085   0.0951   0.0504   0.3517   0.3408   0.0094   0.0000   0.0076  -0.0763    0.228
     8   0.0253   0.1411   0.0000   0.2794   0.0093   0.0941   0.0521   0.3477   0.3369   0.0090   0.0000   0.0088  -0.0742    0.224
     9   0.0314   0.1752   0.0000   0.2794   0.0097   0.0923   0.0541   0.3413   0.3308   0.0086   0.0000   0.0099  -0.0715    0.220
    10   0.0377   0.2107   0.0000   0.2794   0.0100   0.0898   0.0562   0.3322   0.3219   0.0083   0.0000   0.0111  -0.0682    0.216
    11   0.0442   0.2465   0.0000   0.2794   0.0100   0.0864   0.0586   0.3195   0.3097   0.0079   0.0000   0.0124  -0.0640    0.210
    12   0.0505   0.2820   0.0000   0.2794   0.0097   0.0819   0.0611   0.3029   0.2936   0.0075   0.0000   0.0137  -0.0586    0.203
    13   0.0566   0.3161   0.0000   0.2794   0.0093   0.0762   0.0635   0.2818   0.2731   0.0071   0.0000   0.0152  -0.0522    0.194
    14   0.0623   0.3480   0.0000   0.2794   0.0085   0.0692   0.0655   0.2559   0.2480   0.0065   0.0000   0.0167  -0.0446    0.183
    15   0.0675   0.3771   0.0000   0.2794   0.0076   0.0609   0.0666   0.2252   0.2182   0.0057   0.0000   0.0178  -0.0361    0.168
    16   0.0721   0.4024   0.0000   0.2794   0.0065   0.0513   0.0665   0.1898   0.1839   0.0048   0.0000   0.0182  -0.0273    0.151
    17   0.0759   0.4235   0.0000   0.2794   0.0052   0.0407   0.0647   0.1506   0.1459   0.0037   0.0000   0.0173  -0.0189    0.132
    18   0.0788   0.4398   0.0000   0.2794   0.0038   0.0294   0.0611   0.1086   0.1053   0.0024   0.0000   0.0146  -0.0115    0.111
    19   0.0808   0.4509   0.0000   0.2794   0.0023   0.0177   0.0563   0.0654   0.0633   0.0011   0.0000   0.0099  -0.0058    0.094
    20   0.0818   0.4565   0.0000   0.2794   0.0008   0.0059   0.0529   0.0218   0.0211  -0.0001   0.0000   0.0035  -0.0017    0.084

  Surface # 2     Wing (YDUP)                             
     # Chordwise = 10   # Spanwise = 20     First strip = 21
     Surface area Ssurf =    0.127742     Ave. chord Cave =    0.279400

 Forces referred to Sref, Cref, Bref about Xref, Yref, Zref
 Standard axis orientation,  X fwd, Z down         
     CLsurf  =   0.20316     Clsurf  =   0.04407
     CYsurf  =  -0.00173     Cmsurf  =   0.01441
     CDsurf  =   0.00588     Cnsurf  =   0.00276
     CDisurf =   0.00588     CDvsurf =   0.00000

 Forces referred to Ssurf, Cave 
     CLsurf  =   0.28436     CDsurf  =   0.00823

 Strip Forces referred to Strip Area, Chord
    j     Xle      Yle      Zle      Chord    Area     c_cl     ai     cl_norm    cl       cd       cdv    cm_c/4     cm_LE   C.P.x/c
    21   0.0001  -0.0007   0.0000   0.2794   0.0008   0.0964   0.0474   0.3517   0.3409   0.0656   0.0000  -0.0005   0.0853    0.251
    22   0.0011  -0.0063   0.0000   0.2794   0.0023   0.0963   0.0462   0.3556   0.3447   0.0154   0.0000   0.0000   0.0848    0.250
    23   0.0031  -0.0174   0.0000   0.2794   0.0038   0.0963   0.0460   0.3557   0.3447   0.0126   0.0000   0.0013   0.0835    0.246
    24   0.0060  -0.0337   0.0000   0.2794   0.0052   0.0962   0.0466   0.3556   0.3446   0.0115   0.0000   0.0031   0.0817    0.241
    25   0.0098  -0.0548   0.0000   0.2794   0.0065   0.0961   0.0476   0.3552   0.3442   0.0107   0.0000   0.0048   0.0799    0.236
    26   0.0144  -0.0801   0.0000   0.2794   0.0076   0.0958   0.0489   0.3540   0.3431   0.0100   0.0000   0.0063   0.0781    0.232
    27   0.0196  -0.1092   0.0000   0.2794   0.0085   0.0951   0.0504   0.3517   0.3408   0.0094   0.0000   0.0076   0.0763    0.228
    28   0.0253  -0.1411   0.0000   0.2794   0.0093   0.0941   0.0521   0.3477   0.3369   0.0090   0.0000   0.0088   0.0742    0.224
    29   0.0314  -0.1752   0.0000   0.2794   0.0097   0.0923   0.0541   0.3413   0.3308   0.0086   0.0000   0.0099   0.0715    0.220
    30   0.0377  -0.2107   0.0000   0.2794   0.0100   0.0898   0.0562   0.3322   0.3219   0.0083   0.0000   0.0111   0.0682    0.216
    31   0.0442  -0.2465   0.0000   0.2794   0.0100   0.0864   0.0586   0.3195   0.3097   0.0079   0.0000   0.0124   0.0640    0.210
    32   0.0505  -0.2820   0.0000   0.2794   0.0097   0.0819   0.0611   0.3029   0.2936   0.0075   0.0000   0.0137   0.0586    0.203
    33   0.0566  -0.3161   0.0000   0.2794   0.0093   0.0762   0.0635   0.2818   0.2731   0.0071   0.0000   0.0152   0.0522    0.194
    34   0.0623  -0.3480   0.0000   0.2794   0.0085   0.0692   0.0655   0.2559   0.2480   0.0065   0.0000   0.0167   0.0446    0.183
    35   0.0675  -0.3771   0.0000   0.2794   0.0076   0.0609   0.0666   0.2252   0.2182   0.0057   0.0000   0.0178   0.0361    0.168
    36   0.0721  -0.4024   0.0000   0.2794   0.0065   0.0513   0.0665   0.1898   0.1839   0.0048   0.0000   0.0182   0.0273    0.151
    37   0.0759  -0.4235   0.0000   0.2794   0.0052   0.0407   0.0647   0.1506   0.1459   0.0037   0.0000   0.0173   0.0189    0.132
    38   0.0788  -0.4398   0.0000   0.2794   0.0038   0.0294   0.0611   0.1086   0.1053   0.0024   0.0000   0.0146   0.0115    0.111
    39   0.0808  -0.4509   0.0000   0.2794   0.0023   0.0177   0.0563   0.0654   0.0633   0.0011   0.0000   0.0099   0.0058    0.094
    40   0.0818  -0.4565   0.0000   0.2794   0.0008   0.0059   0.0529   0.0218   0.0211  -0.0001   0.0000   0.0035   0.0017    0.084
 ---------------------------------------------------------------
