 ---------------------------------------------------------------
 Surface and Strip Forces by surface

  Sref = 0.17030       Cref = 0.27940       Bref = 0.60960    
  Xref = 0.10920       Yref =  0.0000       Zref =  0.0000    

  Surface # 1     Wing                                    
     # Chordwise = 10   # Spanwise = 20     First strip =  1
     Surface area Ssurf =    0.085161     Ave. chord Cave =    0.279400

 Forces referred to Sref, Cref, Bref about Xref, Yref, Zref
 Standard axis orientation,  X fwd, Z down         
     CLsurf  =   0.21330     Clsurf  =  -0.04566
     CYsurf  =   0.00341     Cmsurf  =   0.02259
     CDsurf  =   0.01392     Cnsurf  =  -0.00613
     CDisurf =   0.01392     CDvsurf =   0.00000

 Forces referred to Ssurf, Cave 
     CLsurf  =   0.42654     CDsurf  =   0.02783

 Strip Forces referred to Strip Area, Chord
    j     Xle      Yle      Zle      Chord    Area     c_cl     ai     cl_norm    cl       cd       cdv    cm_c/4     cm_LE   C.P.x/c
     1   0.0001   0.0005   0.0000   0.2794   0.0005   0.1479   0.1158   0.5174   0.5022   0.2141   0.0000   0.0063  -0.1241    0.237
     2   0.0007   0.0042   0.0000   0.2794   0.0016   0.1479   0.1151   0.5437   0.5277   0.0516   0.0000   0.0067  -0.1237    0.237
     3   0.0020   0.0116   0.0000   0.2794   0.0026   0.1478   0.1151   0.5451   0.5291   0.0414   0.0000   0.0079  -0.1225    0.235
     4   0.0040   0.0225   0.0000   0.2794   0.0035   0.1476   0.1156   0.5449   0.5289   0.0385   0.0000   0.0097  -0.1205    0.232
     5   0.0064   0.0365   0.0000   0.2794   0.0043   0.1472   0.1167   0.5436   0.5276   0.0364   0.0000   0.0118  -0.1181    0.228
     6   0.0094   0.0534   0.0000   0.2794   0.0051   0.1463   0.1182   0.5407   0.5248   0.0345   0.0000   0.0139  -0.1153    0.224
     7   0.0128   0.0728   0.0000   0.2794   0.0057   0.1449   0.1200   0.5354   0.5197   0.0329   0.0000   0.0159  -0.1120    0.219
     8   0.0166   0.0941   0.0000   0.2794   0.0062   0.1426   0.1222   0.5271   0.5116   0.0314   0.0000   0.0179  -0.1080    0.215
     9   0.0206   0.1168   0.0000   0.2794   0.0065   0.1392   0.1246   0.5149   0.4997   0.0300   0.0000   0.0199  -0.1031    0.210
    10   0.0247   0.1404   0.0000   0.2794   0.0067   0.1346   0.1272   0.4980   0.4833   0.0285   0.0000   0.0218  -0.0972    0.205
    11   0.0290   0.1644   0.0000   0.2794   0.0067   0.1286   0.1299   0.4758   0.4618   0.0269   0.0000   0.0237  -0.0900    0.199
    12   0.0331   0.1880   0.0000   0.2794   0.0065   0.1210   0.1325   0.4477   0.4346   0.0252   0.0000   0.0255  -0.0816    0.191
    13   0.0371   0.2107   0.0000   0.2794   0.0062   0.1118   0.1348   0.4135   0.4014   0.0232   0.0000   0.0270  -0.0719    0.183
    14   0.0409   0.2320   0.0000   0.2794   0.0057   0.1009   0.1364   0.3731   0.3621   0.0209   0.0000   0.0280  -0.0613    0.173
    15   0.0443   0.2514   0.0000   0.2794   0.0051   0.0883   0.1371   0.3265   0.3169   0.0184   0.0000   0.0282  -0.0500    0.161
    16   0.0473   0.2683   0.0000   0.2794   0.0043   0.0742   0.1367   0.2745   0.2665   0.0154   0.0000   0.0270  -0.0388    0.149
    17   0.0497   0.2823   0.0000   0.2794   0.0035   0.0589   0.1350   0.2179   0.2115   0.0122   0.0000   0.0241  -0.0281    0.136
    18   0.0517   0.2932   0.0000   0.2794   0.0026   0.0426   0.1321   0.1578   0.1532   0.0086   0.0000   0.0193  -0.0186    0.124
    19   0.0530   0.3006   0.0000   0.2794   0.0016   0.0258   0.1287   0.0955   0.0927   0.0046   0.0000   0.0125  -0.0104    0.115
    20   0.0536   0.3043   0.0000   0.2794   0.0005   0.0086   0.1267   0.0321   0.0311   0.0007   0.0000   0.0044  -0.0033    0.110

  Surface # 2     Wing (YDUP)                             
     # Chordwise = 10   # Spanwise = 20     First strip = 21
     Surface area Ssurf =    0.085161     Ave. chord Cave =    0.279400

 Forces referred to Sref, Cref, Bref about Xref, Yref, Zref
 Standard axis orientation,  X fwd, Z down         
     CLsurf  =   0.21330     Clsurf  =   0.04566
     CYsurf  =  -0.00341     Cmsurf  =   0.02259
     CDsurf  =   0.01392     Cnsurf  =   0.00613
     CDisurf =   0.01392     CDvsurf =   0.00000

 Forces referred to Ssurf, Cave 
     CLsurf  =   0.42654     CDsurf  =   0.02783

 Strip Forces referred to Strip Area, Chord
    j     Xle      Yle      Zle      Chord    Area     c_cl     ai     cl_norm    cl       cd       cdv    cm_c/4     cm_LE   C.P.x/c
    21   0.0001  -0.0005   0.0000   0.2794   0.0005   0.1479   0.1158   0.5174   0.5022   0.2141   0.0000   0.0063   0.1241    0.237
    22   0.0007  -0.0042   0.0000   0.2794   0.0016   0.1479   0.1151   0.5437   0.5277   0.0516   0.0000   0.0067   0.1237    0.237
    23   0.0020  -0.0116   0.0000   0.2794   0.0026   0.1478   0.1151   0.5451   0.5291   0.0414   0.0000   0.0079   0.1225    0.235
    24   0.0040  -0.0225   0.0000   0.2794   0.0035   0.1476   0.1156   0.5449   0.5289   0.0385   0.0000   0.0097   0.1205    0.232
    25   0.0064  -0.0365   0.0000   0.2794   0.0043   0.1472   0.1167   0.5436   0.5276   0.0364   0.0000   0.0118   0.1181    0.228
    26   0.0094  -0.0534   0.0000   0.2794   0.0051   0.1463   0.1182   0.5407   0.5248   0.0345   0.0000   0.0139   0.1153    0.224
    27   0.0128  -0.0728   0.0000   0.2794   0.0057   0.1449   0.1200   0.5354   0.5197   0.0329   0.0000   0.0159   0.1120    0.219
    28   0.0166  -0.0941   0.0000   0.2794   0.0062   0.1426   0.1222   0.5271   0.5116   0.0314   0.0000   0.0179   0.1080    0.215
    29   0.0206  -0.1168   0.0000   0.2794   0.0065   0.1392   0.1246   0.5149   0.4997   0.0300   0.0000   0.0199   0.1031    0.210
    30   0.0247  -0.1404   0.0000   0.2794   0.0067   0.1346   0.1272   0.4980   0.4833   0.0285   0.0000   0.0218   0.0972    0.205
    31   0.0290  -0.1644   0.0000   0.2794   0.0067   0.1286   0.1299   0.4758   0.4618   0.0269   0.0000   0.0237   0.0900    0.199
    32   0.0331  -0.1880   0.0000   0.2794   0.0065   0.1210   0.1325   0.4477   0.4346   0.0252   0.0000   0.0255   0.0816    0.191
    33   0.0371  -0.2107   0.0000   0.2794   0.0062   0.1118   0.1348   0.4135   0.4014   0.0232   0.0000   0.0270   0.0719    0.183
    34   0.0409  -0.2320   0.0000   0.2794   0.0057   0.1009   0.1364   0.3731   0.3621   0.0209   0.0000   0.0280   0.0613    0.173
    35   0.0443  -0.2514   0.0000   0.2794   0.0051   0.0883   0.1371   0.3265   0.3169   0.0184   0.0000   0.0282   0.0500    0.161
    36   0.0473  -0.2683   0.0000   0.2794   0.0043   0.0742   0.1367   0.2745   0.2665   0.0154   0.0000   0.0270   0.0388    0.149
    37   0.0497  -0.2823   0.0000   0.2794   0.0035   0.0589   0.1350   0.2179   0.2115   0.0122   0.0000   0.0241   0.0281    0.136
    38   0.0517  -0.2932   0.0000   0.2794   0.0026   0.0426   0.1321   0.1578   0.1532   0.0086   0.0000   0.0193   0.0186    0.124
    39   0.0530  -0.3006   0.0000   0.2794   0.0016   0.0258   0.1287   0.0955   0.0927   0.0046   0.0000   0.0125   0.0104    0.115
    40   0.0536  -0.3043   0.0000   0.2794   0.0005   0.0086   0.1267   0.0321   0.0311   0.0007   0.0000   0.0044   0.0033    0.110
 ---------------------------------------------------------------
