 ---------------------------------------------------------------
 Surface and Strip Forces by surface

  Sref = 0.16720       Cref = 0.27540       Bref = 0.60960    
  Xref = 0.10920       Yref =  0.0000       Zref =  0.0000    

  Surface # 1     Wing                                    
     # Chordwise = 10   # Spanwise = 20     First strip =  1
     Surface area Ssurf =    0.092903     Ave. chord Cave =    0.304800

 Forces referred to Sref, Cref, Bref about Xref, Yref, Zref
 Standard axis orientation,  X fwd, Z down         
     CLsurf  =   0.21725     Clsurf  =  -0.04669
     CYsurf  =   0.00761     Cmsurf  =  -0.00511
     CDsurf  =   0.01479     Cnsurf  =  -0.00972
     CDisurf =   0.01479     CDvsurf =   0.00000

 Forces referred to Ssurf, Cave 
     CLsurf  =   0.39099     CDsurf  =   0.02662

 Strip Forces referred to Strip Area, Chord
    j     Xle      Yle      Zle      Chord    Area     c_cl     ai     cl_norm    cl       cd       cdv    cm_c/4     cm_LE   C.P.x/c
     1   0.0002   0.0005   0.0000   0.3048   0.0006   0.1466   0.1105   0.4982   0.4269   0.3891   0.0000  -0.0074  -0.1180    0.267
     2   0.0017   0.0042   0.0000   0.3048   0.0017   0.1466   0.1093   0.5558   0.4763   0.0673   0.0000  -0.0067  -0.1173    0.264
     3   0.0048   0.0116   0.0000   0.3048   0.0028   0.1466   0.1095   0.5592   0.4793   0.0476   0.0000  -0.0044  -0.1152    0.259
     4   0.0093   0.0225   0.0000   0.3048   0.0038   0.1465   0.1109   0.5597   0.4797   0.0428   0.0000  -0.0009  -0.1118    0.252
     5   0.0151   0.0365   0.0000   0.3048   0.0047   0.1462   0.1132   0.5593   0.4793   0.0394   0.0000   0.0032  -0.1078    0.243
     6   0.0221   0.0534   0.0000   0.3048   0.0055   0.1456   0.1159   0.5575   0.4778   0.0362   0.0000   0.0073  -0.1036    0.235
     7   0.0301   0.0728   0.0000   0.3048   0.0062   0.1444   0.1190   0.5535   0.4743   0.0332   0.0000   0.0111  -0.0992    0.227
     8   0.0390   0.0941   0.0000   0.3048   0.0067   0.1425   0.1224   0.5463   0.4682   0.0305   0.0000   0.0148  -0.0943    0.218
     9   0.0484   0.1168   0.0000   0.3048   0.0071   0.1394   0.1258   0.5351   0.4586   0.0279   0.0000   0.0182  -0.0889    0.210
    10   0.0581   0.1404   0.0000   0.3048   0.0073   0.1351   0.1293   0.5188   0.4446   0.0254   0.0000   0.0214  -0.0826    0.202
    11   0.0681   0.1644   0.0000   0.3048   0.0073   0.1293   0.1325   0.4967   0.4257   0.0229   0.0000   0.0246  -0.0753    0.192
    12   0.0778   0.1880   0.0000   0.3048   0.0071   0.1218   0.1354   0.4682   0.4012   0.0203   0.0000   0.0274  -0.0670    0.182
    13   0.0872   0.2107   0.0000   0.3048   0.0067   0.1126   0.1376   0.4328   0.3710   0.0176   0.0000   0.0299  -0.0577    0.169
    14   0.0961   0.2320   0.0000   0.3048   0.0062   0.1015   0.1388   0.3906   0.3348   0.0147   0.0000   0.0315  -0.0478    0.156
    15   0.1041   0.2514   0.0000   0.3048   0.0055   0.0888   0.1388   0.3419   0.2930   0.0119   0.0000   0.0320  -0.0377    0.141
    16   0.1111   0.2683   0.0000   0.3048   0.0047   0.0746   0.1374   0.2873   0.2462   0.0090   0.0000   0.0308  -0.0280    0.125
    17   0.1169   0.2823   0.0000   0.3048   0.0038   0.0591   0.1348   0.2279   0.1954   0.0061   0.0000   0.0276  -0.0194    0.109
    18   0.1214   0.2932   0.0000   0.3048   0.0028   0.0428   0.1311   0.1651   0.1415   0.0033   0.0000   0.0220  -0.0121    0.095
    19   0.1245   0.3006   0.0000   0.3048   0.0017   0.0258   0.1273   0.1000   0.0857   0.0005   0.0000   0.0142  -0.0065    0.084
    20   0.1260   0.3043   0.0000   0.3048   0.0006   0.0086   0.1254   0.0338   0.0290  -0.0017   0.0000   0.0049  -0.0020    0.080

  Surface # 2     Wing (YDUP)                             
     # Chordwise = 10   # Spanwise = 20     First strip = 21
     Surface area Ssurf =    0.092903     Ave. chord Cave =    0.304800

 Forces referred to Sref, Cref, Bref about Xref, Yref, Zref
 Standard axis orientation,  X fwd, Z down         
     CLsurf  =   0.21725     Clsurf  =   0.04669
     CYsurf  =  -0.00761     Cmsurf  =  -0.00511
     CDsurf  =   0.01479     Cnsurf  =   0.00972
     CDisurf =   0.01479     CDvsurf =   0.00000

 Forces referred to Ssurf, Cave 
     CLsurf  =   0.39099     CDsurf  =   0.02662

 Strip Forces referred to Strip Area, Chord
    j     Xle      Yle      Zle      Chord    Area     c_cl     ai     cl_norm    cl       cd       cdv    cm_c/4     cm_LE   C.P.x/c
    21   0.0002  -0.0005   0.0000   0.3048   0.0006   0.1466   0.1105   0.4982   0.4269   0.3891   0.0000  -0.0074   0.1180    0.267
    22   0.0017  -0.0042   0.0000   0.3048   0.0017   0.1466   0.1093   0.5558   0.4763   0.0673   0.0000  -0.0067   0.1173    0.264
    23   0.0048  -0.0116   0.0000   0.3048   0.0028   0.1466   0.1095   0.5592   0.4793   0.0476   0.0000  -0.0044   0.1152    0.259
    24   0.0093  -0.0225   0.0000   0.3048   0.0038   0.1465   0.1109   0.5597   0.4797   0.0428   0.0000  -0.0009   0.1118    0.252
    25   0.0151  -0.0365   0.0000   0.3048   0.0047   0.1462   0.1132   0.5593   0.4793   0.0394   0.0000   0.0032   0.1078    0.243
    26   0.0221  -0.0534   0.0000   0.3048   0.0055   0.1456   0.1159   0.5575   0.4778   0.0362   0.0000   0.0073   0.1036    0.235
    27   0.0301  -0.0728   0.0000   0.3048   0.0062   0.1444   0.1190   0.5535   0.4743   0.0332   0.0000   0.0111   0.0992    0.227
    28   0.0390  -0.0941   0.0000   0.3048   0.0067   0.1425   0.1224   0.5463   0.4682   0.0305   0.0000   0.0148   0.0943    0.218
    29   0.0484  -0.1168   0.0000   0.3048   0.0071   0.1394   0.1258   0.5351   0.4586   0.0279   0.0000   0.0182   0.0889    0.210
    30   0.0581  -0.1404   0.0000   0.3048   0.0073   0.1351   0.1293   0.5188   0.4446   0.0254   0.0000   0.0214   0.0826    0.202
    31   0.0681  -0.1644   0.0000   0.3048   0.0073   0.1293   0.1325   0.4967   0.4257   0.0229   0.0000   0.0246   0.0753    0.192
    32   0.0778  -0.1880   0.0000   0.3048   0.0071   0.1218   0.1354   0.4682   0.4012   0.0203   0.0000   0.0274   0.0670    0.182
    33   0.0872  -0.2107   0.0000   0.3048   0.0067   0.1126   0.1376   0.4328   0.3710   0.0176   0.0000   0.0299   0.0577    0.169
    34   0.0961  -0.2320   0.0000   0.3048   0.0062   0.1015   0.1388   0.3906   0.3348   0.0147   0.0000   0.0315   0.0478    0.156
    35   0.1041  -0.2514   0.0000   0.3048   0.0055   0.0888   0.1388   0.3419   0.2930   0.0119   0.0000   0.0320   0.0377    0.141
    36   0.1111  -0.2683   0.0000   0.3048   0.0047   0.0746   0.1374   0.2873   0.2462   0.0090   0.0000   0.0308   0.0280    0.125
    37   0.1169  -0.2823   0.0000   0.3048   0.0038   0.0591   0.1348   0.2279   0.1954   0.0061   0.0000   0.0276   0.0194    0.109
    38   0.1214  -0.2932   0.0000   0.3048   0.0028   0.0428   0.1311   0.1651   0.1415   0.0033   0.0000   0.0220   0.0121    0.095
    39   0.1245  -0.3006   0.0000   0.3048   0.0017   0.0258   0.1273   0.1000   0.0857   0.0005   0.0000   0.0142   0.0065    0.084
    40   0.1260  -0.3043   0.0000   0.3048   0.0006   0.0086   0.1254   0.0338   0.0290  -0.0017   0.0000   0.0049   0.0020    0.080
 ---------------------------------------------------------------
