 ---------------------------------------------------------------
 Surface and Strip Forces by surface

  Sref = 0.13010       Cref = 0.21000       Bref = 0.71120    
  Xref = 0.10920       Yref =  0.0000       Zref =  0.0000    

  Surface # 1     Wing                                    
     # Chordwise = 10   # Spanwise = 20     First strip =  1
     Surface area Ssurf =    0.108387     Ave. chord Cave =    0.304800

 Forces referred to Sref, Cref, Bref about Xref, Yref, Zref
 Standard axis orientation,  X fwd, Z down         
     CLsurf  =   0.27920     Clsurf  =  -0.06060
     CYsurf  =   0.00996     Cmsurf  =  -0.04941
     CDsurf  =   0.01414     Cnsurf  =  -0.01088
     CDisurf =   0.01414     CDvsurf =   0.00000

 Forces referred to Ssurf, Cave 
     CLsurf  =   0.33514     CDsurf  =   0.01697

 Strip Forces referred to Strip Area, Chord
    j     Xle      Yle      Zle      Chord    Area     c_cl     ai     cl_norm    cl       cd       cdv    cm_c/4     cm_LE   C.P.x/c
     1   0.0003   0.0005   0.0000   0.3048   0.0007   0.1228   0.0718   0.4764   0.3717   0.2876   0.0000  -0.0165  -0.1033    0.294
     2   0.0026   0.0049   0.0000   0.3048   0.0020   0.1228   0.0705   0.5127   0.4000   0.0466   0.0000  -0.0155  -0.1024    0.289
     3   0.0072   0.0135   0.0000   0.3048   0.0033   0.1228   0.0713   0.5149   0.4017   0.0330   0.0000  -0.0125  -0.0998    0.281
     4   0.0140   0.0262   0.0000   0.3048   0.0044   0.1229   0.0736   0.5157   0.4024   0.0297   0.0000  -0.0081  -0.0960    0.270
     5   0.0228   0.0426   0.0000   0.3048   0.0055   0.1229   0.0768   0.5164   0.4029   0.0269   0.0000  -0.0034  -0.0918    0.258
     6   0.0334   0.0623   0.0000   0.3048   0.0065   0.1228   0.0804   0.5163   0.4028   0.0242   0.0000   0.0011  -0.0878    0.247
     7   0.0455   0.0849   0.0000   0.3048   0.0073   0.1223   0.0842   0.5145   0.4015   0.0218   0.0000   0.0051  -0.0839    0.237
     8   0.0588   0.1098   0.0000   0.3048   0.0079   0.1212   0.0881   0.5102   0.3981   0.0196   0.0000   0.0088  -0.0799    0.228
     9   0.0730   0.1363   0.0000   0.3048   0.0083   0.1192   0.0921   0.5022   0.3918   0.0176   0.0000   0.0121  -0.0755    0.219
    10   0.0877   0.1638   0.0000   0.3048   0.0085   0.1162   0.0962   0.4894   0.3819   0.0158   0.0000   0.0153  -0.0705    0.210
    11   0.1027   0.1918   0.0000   0.3048   0.0085   0.1118   0.1000   0.4711   0.3676   0.0139   0.0000   0.0185  -0.0645    0.200
    12   0.1174   0.2193   0.0000   0.3048   0.0083   0.1058   0.1035   0.4463   0.3482   0.0120   0.0000   0.0217  -0.0574    0.188
    13   0.1316   0.2458   0.0000   0.3048   0.0079   0.0982   0.1063   0.4144   0.3233   0.0100   0.0000   0.0247  -0.0493    0.174
    14   0.1449   0.2707   0.0000   0.3048   0.0073   0.0889   0.1079   0.3753   0.2928   0.0080   0.0000   0.0271  -0.0404    0.157
    15   0.1570   0.2933   0.0000   0.3048   0.0065   0.0780   0.1081   0.3292   0.2568   0.0059   0.0000   0.0286  -0.0312    0.139
    16   0.1676   0.3130   0.0000   0.3048   0.0055   0.0655   0.1066   0.2768   0.2160   0.0038   0.0000   0.0285  -0.0223    0.118
    17   0.1764   0.3294   0.0000   0.3048   0.0044   0.0519   0.1034   0.2195   0.1713   0.0020   0.0000   0.0262  -0.0145    0.097
    18   0.1832   0.3421   0.0000   0.3048   0.0033   0.0375   0.0991   0.1587   0.1238   0.0003   0.0000   0.0213  -0.0083    0.078
    19   0.1878   0.3507   0.0000   0.3048   0.0020   0.0226   0.0944   0.0959   0.0748  -0.0013   0.0000   0.0140  -0.0040    0.063
    20   0.1901   0.3551   0.0000   0.3048   0.0007   0.0075   0.0920   0.0323   0.0252  -0.0021   0.0000   0.0049  -0.0012    0.057

  Surface # 2     Wing (YDUP)                             
     # Chordwise = 10   # Spanwise = 20     First strip = 21
     Surface area Ssurf =    0.108387     Ave. chord Cave =    0.304800

 Forces referred to Sref, Cref, Bref about Xref, Yref, Zref
 Standard axis orientation,  X fwd, Z down         
     CLsurf  =   0.27920     Clsurf  =   0.06060
     CYsurf  =  -0.00996     Cmsurf  =  -0.04941
     CDsurf  =   0.01414     Cnsurf  =   0.01088
     CDisurf =   0.01414     CDvsurf =   0.00000

 Forces referred to Ssurf, Cave 
     CLsurf  =   0.33514     CDsurf  =   0.01697

 Strip Forces referred to Strip Area, Chord
    j     Xle      Yle      Zle      Chord    Area     c_cl     ai     cl_norm    cl       cd       cdv    cm_c/4     cm_LE   C.P.x/c
    21   0.0003  -0.0005   0.0000   0.3048   0.0007   0.1228   0.0718   0.4764   0.3717   0.2876   0.0000  -0.0165   0.1033    0.294
    22   0.0026  -0.0049   0.0000   0.3048   0.0020   0.1228   0.0705   0.5127   0.4000   0.0466   0.0000  -0.0155   0.1024    0.289
    23   0.0072  -0.0135   0.0000   0.3048   0.0033   0.1228   0.0713   0.5149   0.4017   0.0330   0.0000  -0.0125   0.0998    0.281
    24   0.0140  -0.0262   0.0000   0.3048   0.0044   0.1229   0.0736   0.5157   0.4024   0.0297   0.0000  -0.0081   0.0960    0.270
    25   0.0228  -0.0426   0.0000   0.3048   0.0055   0.1229   0.0768   0.5164   0.4029   0.0269   0.0000  -0.0034   0.0918    0.258
    26   0.0334  -0.0623   0.0000   0.3048   0.0065   0.1228   0.0804   0.5163   0.4028   0.0242   0.0000   0.0011   0.0878    0.247
    27   0.0455  -0.0849   0.0000   0.3048   0.0073   0.1223   0.0842   0.5145   0.4015   0.0218   0.0000   0.0051   0.0839    0.237
    28   0.0588  -0.1098   0.0000   0.3048   0.0079   0.1212   0.0881   0.5102   0.3981   0.0196   0.0000   0.0088   0.0799    0.228
    29   0.0730  -0.1363   0.0000   0.3048   0.0083   0.1192   0.0921   0.5022   0.3918   0.0176   0.0000   0.0121   0.0755    0.219
    30   0.0877  -0.1638   0.0000   0.3048   0.0085   0.1162   0.0962   0.4894   0.3819   0.0158   0.0000   0.0153   0.0705    0.210
    31   0.1027  -0.1918   0.0000   0.3048   0.0085   0.1118   0.1000   0.4711   0.3676   0.0139   0.0000   0.0185   0.0645    0.200
    32   0.1174  -0.2193   0.0000   0.3048   0.0083   0.1058   0.1035   0.4463   0.3482   0.0120   0.0000   0.0217   0.0574    0.188
    33   0.1316  -0.2458   0.0000   0.3048   0.0079   0.0982   0.1063   0.4144   0.3233   0.0100   0.0000   0.0247   0.0493    0.174
    34   0.1449  -0.2707   0.0000   0.3048   0.0073   0.0889   0.1079   0.3753   0.2928   0.0080   0.0000   0.0271   0.0404    0.157
    35   0.1570  -0.2933   0.0000   0.3048   0.0065   0.0780   0.1081   0.3292   0.2568   0.0059   0.0000   0.0286   0.0312    0.139
    36   0.1676  -0.3130   0.0000   0.3048   0.0055   0.0655   0.1066   0.2768   0.2160   0.0038   0.0000   0.0285   0.0223    0.118
    37   0.1764  -0.3294   0.0000   0.3048   0.0044   0.0519   0.1034   0.2195   0.1713   0.0020   0.0000   0.0262   0.0145    0.097
    38   0.1832  -0.3421   0.0000   0.3048   0.0033   0.0375   0.0991   0.1587   0.1238   0.0003   0.0000   0.0213   0.0083    0.078
    39   0.1878  -0.3507   0.0000   0.3048   0.0020   0.0226   0.0944   0.0959   0.0748  -0.0013   0.0000   0.0140   0.0040    0.063
    40   0.1901  -0.3551   0.0000   0.3048   0.0007   0.0075   0.0920   0.0323   0.0252  -0.0021   0.0000   0.0049   0.0012    0.057
 ---------------------------------------------------------------
