 ---------------------------------------------------------------
 Surface and Strip Forces by surface

  Sref = 0.18580       Cref = 0.20320       Bref = 0.91440    
  Xref = 0.10920       Yref =  0.0000       Zref =  0.0000    

  Surface # 1     Wing                                    
     # Chordwise = 10   # Spanwise = 20     First strip =  1
     Surface area Ssurf =    0.092903     Ave. chord Cave =    0.203200

 Forces referred to Sref, Cref, Bref about Xref, Yref, Zref
 Standard axis orientation,  X fwd, Z down         
     CLsurf  =   0.19550     Clsurf  =  -0.04280
     CYsurf  =   0.00110     Cmsurf  =   0.04464
     CDsurf  =   0.00556     Cnsurf  =  -0.00290
     CDisurf =   0.00556     CDvsurf =   0.00000

 Forces referred to Ssurf, Cave 
     CLsurf  =   0.39099     CDsurf  =   0.01112

 Strip Forces referred to Strip Area, Chord
    j     Xle      Yle      Zle      Chord    Area     c_cl     ai     cl_norm    cl       cd       cdv    cm_c/4     cm_LE   C.P.x/c
     1   0.0001   0.0007   0.0000   0.2032   0.0006   0.0948   0.0443   0.4680   0.4645   0.0455   0.0000   0.0017  -0.1145    0.246
     2   0.0006   0.0063   0.0000   0.2032   0.0017   0.0948   0.0439   0.4707   0.4672   0.0161   0.0000   0.0022  -0.1140    0.245
     3   0.0015   0.0174   0.0000   0.2032   0.0028   0.0948   0.0442   0.4708   0.4673   0.0142   0.0000   0.0033  -0.1129    0.243
     4   0.0029   0.0337   0.0000   0.2032   0.0038   0.0948   0.0449   0.4708   0.4673   0.0133   0.0000   0.0046  -0.1116    0.240
     5   0.0048   0.0548   0.0000   0.2032   0.0047   0.0947   0.0459   0.4704   0.4668   0.0126   0.0000   0.0058  -0.1103    0.238
     6   0.0070   0.0801   0.0000   0.2032   0.0055   0.0944   0.0471   0.4690   0.4655   0.0120   0.0000   0.0067  -0.1090    0.236
     7   0.0096   0.1092   0.0000   0.2032   0.0062   0.0938   0.0485   0.4663   0.4628   0.0117   0.0000   0.0075  -0.1076    0.234
     8   0.0123   0.1411   0.0000   0.2032   0.0067   0.0929   0.0502   0.4615   0.4580   0.0115   0.0000   0.0082  -0.1057    0.232
     9   0.0153   0.1752   0.0000   0.2032   0.0071   0.0914   0.0523   0.4540   0.4505   0.0114   0.0000   0.0089  -0.1031    0.230
    10   0.0184   0.2107   0.0000   0.2032   0.0073   0.0892   0.0548   0.4431   0.4398   0.0114   0.0000   0.0098  -0.0996    0.228
    11   0.0216   0.2465   0.0000   0.2032   0.0073   0.0862   0.0578   0.4281   0.4249   0.0113   0.0000   0.0108  -0.0949    0.225
    12   0.0247   0.2820   0.0000   0.2032   0.0071   0.0822   0.0612   0.4083   0.4052   0.0112   0.0000   0.0121  -0.0887    0.220
    13   0.0277   0.3161   0.0000   0.2032   0.0067   0.0770   0.0650   0.3827   0.3798   0.0110   0.0000   0.0137  -0.0808    0.214
    14   0.0304   0.3480   0.0000   0.2032   0.0062   0.0706   0.0689   0.3506   0.3479   0.0106   0.0000   0.0154  -0.0712    0.206
    15   0.0330   0.3771   0.0000   0.2032   0.0055   0.0627   0.0723   0.3114   0.3090   0.0099   0.0000   0.0171  -0.0598    0.195
    16   0.0352   0.4024   0.0000   0.2032   0.0047   0.0534   0.0745   0.2651   0.2631   0.0089   0.0000   0.0183  -0.0472    0.180
    17   0.0371   0.4235   0.0000   0.2032   0.0038   0.0428   0.0749   0.2122   0.2106   0.0074   0.0000   0.0183  -0.0342    0.163
    18   0.0385   0.4398   0.0000   0.2032   0.0028   0.0311   0.0728   0.1542   0.1531   0.0056   0.0000   0.0162  -0.0219    0.144
    19   0.0394   0.4509   0.0000   0.2032   0.0017   0.0188   0.0684   0.0932   0.0925   0.0032   0.0000   0.0114  -0.0116    0.126
    20   0.0399   0.4565   0.0000   0.2032   0.0006   0.0063   0.0643   0.0311   0.0309   0.0008   0.0000   0.0042  -0.0035    0.115

  Surface # 2     Wing (YDUP)                             
     # Chordwise = 10   # Spanwise = 20     First strip = 21
     Surface area Ssurf =    0.092903     Ave. chord Cave =    0.203200

 Forces referred to Sref, Cref, Bref about Xref, Yref, Zref
 Standard axis orientation,  X fwd, Z down         
     CLsurf  =   0.19550     Clsurf  =   0.04280
     CYsurf  =  -0.00110     Cmsurf  =   0.04464
     CDsurf  =   0.00556     Cnsurf  =   0.00290
     CDisurf =   0.00556     CDvsurf =   0.00000

 Forces referred to Ssurf, Cave 
     CLsurf  =   0.39099     CDsurf  =   0.01112

 Strip Forces referred to Strip Area, Chord
    j     Xle      Yle      Zle      Chord    Area     c_cl     ai     cl_norm    cl       cd       cdv    cm_c/4     cm_LE   C.P.x/c
    21   0.0001  -0.0007   0.0000   0.2032   0.0006   0.0948   0.0443   0.4680   0.4645   0.0455   0.0000   0.0017   0.1145    0.246
    22   0.0006  -0.0063   0.0000   0.2032   0.0017   0.0948   0.0439   0.4707   0.4672   0.0161   0.0000   0.0022   0.1140    0.245
    23   0.0015  -0.0174   0.0000   0.2032   0.0028   0.0948   0.0442   0.4708   0.4673   0.0142   0.0000   0.0033   0.1129    0.243
    24   0.0029  -0.0337   0.0000   0.2032   0.0038   0.0948   0.0449   0.4708   0.4673   0.0133   0.0000   0.0046   0.1116    0.240
    25   0.0048  -0.0548   0.0000   0.2032   0.0047   0.0947   0.0459   0.4704   0.4668   0.0126   0.0000   0.0058   0.1103    0.238
    26   0.0070  -0.0801   0.0000   0.2032   0.0055   0.0944   0.0471   0.4690   0.4655   0.0120   0.0000   0.0067   0.1090    0.236
    27   0.0096  -0.1092   0.0000   0.2032   0.0062   0.0938   0.0485   0.4663   0.4628   0.0117   0.0000   0.0075   0.1076    0.234
    28   0.0123  -0.1411   0.0000   0.2032   0.0067   0.0929   0.0502   0.4615   0.4580   0.0115   0.0000   0.0082   0.1057    0.232
    29   0.0153  -0.1752   0.0000   0.2032   0.0071   0.0914   0.0523   0.4540   0.4505   0.0114   0.0000   0.0089   0.1031    0.230
    30   0.0184  -0.2107   0.0000   0.2032   0.0073   0.0892   0.0548   0.4431   0.4398   0.0114   0.0000   0.0098   0.0996    0.228
    31   0.0216  -0.2465   0.0000   0.2032   0.0073   0.0862   0.0578   0.4281   0.4249   0.0113   0.0000   0.0108   0.0949    0.225
    32   0.0247  -0.2820   0.0000   0.2032   0.0071   0.0822   0.0612   0.4083   0.4052   0.0112   0.0000   0.0121   0.0887    0.220
    33   0.0277  -0.3161   0.0000   0.2032   0.0067   0.0770   0.0650   0.3827   0.3798   0.0110   0.0000   0.0137   0.0808    0.214
    34   0.0304  -0.3480   0.0000   0.2032   0.0062   0.0706   0.0689   0.3506   0.3479   0.0106   0.0000   0.0154   0.0712    0.206
    35   0.0330  -0.3771   0.0000   0.2032   0.0055   0.0627   0.0723   0.3114   0.3090   0.0099   0.0000   0.0171   0.0598    0.195
    36   0.0352  -0.4024   0.0000   0.2032   0.0047   0.0534   0.0745   0.2651   0.2631   0.0089   0.0000   0.0183   0.0472    0.180
    37   0.0371  -0.4235   0.0000   0.2032   0.0038   0.0428   0.0749   0.2122   0.2106   0.0074   0.0000   0.0183   0.0342    0.163
    38   0.0385  -0.4398   0.0000   0.2032   0.0028   0.0311   0.0728   0.1542   0.1531   0.0056   0.0000   0.0162   0.0219    0.144
    39   0.0394  -0.4509   0.0000   0.2032   0.0017   0.0188   0.0684   0.0932   0.0925   0.0032   0.0000   0.0114   0.0116    0.126
    40   0.0399  -0.4565   0.0000   0.2032   0.0006   0.0063   0.0643   0.0311   0.0309   0.0008   0.0000   0.0042   0.0035    0.115
 ---------------------------------------------------------------
