 ---------------------------------------------------------------
 Surface and Strip Forces by surface

  Sref = 0.14860       Cref = 0.18670       Bref = 0.81280    
  Xref = 0.10920       Yref =  0.0000       Zref =  0.0000    

  Surface # 1     Wing                                    
     # Chordwise = 10   # Spanwise = 20     First strip =  1
     Surface area Ssurf =    0.092903     Ave. chord Cave =    0.228600

 Forces referred to Sref, Cref, Bref about Xref, Yref, Zref
 Standard axis orientation,  X fwd, Z down         
     CLsurf  =   0.24444     Clsurf  =  -0.05341
     CYsurf  =   0.00389     Cmsurf  =   0.02359
     CDsurf  =   0.00904     Cnsurf  =  -0.00491
     CDisurf =   0.00904     CDvsurf =   0.00000

 Forces referred to Ssurf, Cave 
     CLsurf  =   0.39099     CDsurf  =   0.01445

 Strip Forces referred to Strip Area, Chord
    j     Xle      Yle      Zle      Chord    Area     c_cl     ai     cl_norm    cl       cd       cdv    cm_c/4     cm_LE   C.P.x/c
     1   0.0001   0.0006   0.0000   0.2286   0.0006   0.1064   0.0539   0.4791   0.4548   0.1260   0.0000  -0.0060  -0.1192    0.263
     2   0.0013   0.0056   0.0000   0.2286   0.0017   0.1064   0.0533   0.4899   0.4651   0.0290   0.0000  -0.0052  -0.1184    0.261
     3   0.0036   0.0155   0.0000   0.2286   0.0028   0.1064   0.0539   0.4906   0.4657   0.0234   0.0000  -0.0028  -0.1161    0.256
     4   0.0070   0.0299   0.0000   0.2286   0.0038   0.1065   0.0555   0.4911   0.4662   0.0211   0.0000   0.0002  -0.1133    0.250
     5   0.0113   0.0487   0.0000   0.2286   0.0047   0.1065   0.0575   0.4914   0.4665   0.0192   0.0000   0.0030  -0.1105    0.244
     6   0.0166   0.0712   0.0000   0.2286   0.0055   0.1064   0.0599   0.4909   0.4660   0.0176   0.0000   0.0054  -0.1080    0.238
     7   0.0226   0.0970   0.0000   0.2286   0.0062   0.1059   0.0624   0.4889   0.4641   0.0165   0.0000   0.0074  -0.1056    0.234
     8   0.0292   0.1254   0.0000   0.2286   0.0067   0.1050   0.0650   0.4846   0.4600   0.0156   0.0000   0.0091  -0.1029    0.230
     9   0.0362   0.1558   0.0000   0.2286   0.0071   0.1034   0.0680   0.4773   0.4531   0.0148   0.0000   0.0107  -0.0996    0.226
    10   0.0435   0.1873   0.0000   0.2286   0.0073   0.1009   0.0713   0.4660   0.4424   0.0142   0.0000   0.0124  -0.0954    0.222
    11   0.0510   0.2191   0.0000   0.2286   0.0073   0.0974   0.0750   0.4499   0.4271   0.0136   0.0000   0.0142  -0.0900    0.217
    12   0.0583   0.2506   0.0000   0.2286   0.0071   0.0927   0.0789   0.4282   0.4065   0.0129   0.0000   0.0162  -0.0830    0.210
    13   0.0653   0.2810   0.0000   0.2286   0.0067   0.0866   0.0828   0.4002   0.3799   0.0120   0.0000   0.0184  -0.0744    0.202
    14   0.0719   0.3094   0.0000   0.2286   0.0062   0.0790   0.0863   0.3650   0.3465   0.0110   0.0000   0.0206  -0.0641    0.191
    15   0.0779   0.3352   0.0000   0.2286   0.0055   0.0699   0.0888   0.3226   0.3063   0.0097   0.0000   0.0225  -0.0525    0.177
    16   0.0832   0.3577   0.0000   0.2286   0.0047   0.0592   0.0899   0.2733   0.2594   0.0082   0.0000   0.0234  -0.0403    0.160
    17   0.0875   0.3765   0.0000   0.2286   0.0038   0.0472   0.0889   0.2179   0.2068   0.0064   0.0000   0.0225  -0.0283    0.141
    18   0.0909   0.3909   0.0000   0.2286   0.0028   0.0342   0.0858   0.1579   0.1499   0.0043   0.0000   0.0193  -0.0177    0.122
    19   0.0932   0.4008   0.0000   0.2286   0.0017   0.0206   0.0811   0.0954   0.0906   0.0021   0.0000   0.0132  -0.0092    0.105
    20   0.0944   0.4058   0.0000   0.2286   0.0006   0.0069   0.0776   0.0319   0.0303  -0.0001   0.0000   0.0047  -0.0028    0.096

  Surface # 2     Wing (YDUP)                             
     # Chordwise = 10   # Spanwise = 20     First strip = 21
     Surface area Ssurf =    0.092903     Ave. chord Cave =    0.228600

 Forces referred to Sref, Cref, Bref about Xref, Yref, Zref
 Standard axis orientation,  X fwd, Z down         
     CLsurf  =   0.24444     Clsurf  =   0.05341
     CYsurf  =  -0.00389     Cmsurf  =   0.02359
     CDsurf  =   0.00904     Cnsurf  =   0.00491
     CDisurf =   0.00904     CDvsurf =   0.00000

 Forces referred to Ssurf, Cave 
     CLsurf  =   0.39099     CDsurf  =   0.01445

 Strip Forces referred to Strip Area, Chord
    j     Xle      Yle      Zle      Chord    Area     c_cl     ai     cl_norm    cl       cd       cdv    cm_c/4     cm_LE   C.P.x/c
    21   0.0001  -0.0006   0.0000   0.2286   0.0006   0.1064   0.0539   0.4791   0.4548   0.1260   0.0000  -0.0060   0.1192    0.263
    22   0.0013  -0.0056   0.0000   0.2286   0.0017   0.1064   0.0533   0.4899   0.4651   0.0290   0.0000  -0.0052   0.1184    0.261
    23   0.0036  -0.0155   0.0000   0.2286   0.0028   0.1064   0.0539   0.4906   0.4657   0.0234   0.0000  -0.0028   0.1161    0.256
    24   0.0070  -0.0299   0.0000   0.2286   0.0038   0.1065   0.0555   0.4911   0.4662   0.0211   0.0000   0.0002   0.1133    0.250
    25   0.0113  -0.0487   0.0000   0.2286   0.0047   0.1065   0.0575   0.4914   0.4665   0.0192   0.0000   0.0030   0.1105    0.244
    26   0.0166  -0.0712   0.0000   0.2286   0.0055   0.1064   0.0599   0.4909   0.4660   0.0176   0.0000   0.0054   0.1080    0.238
    27   0.0226  -0.0970   0.0000   0.2286   0.0062   0.1059   0.0624   0.4889   0.4641   0.0165   0.0000   0.0074   0.1056    0.234
    28   0.0292  -0.1254   0.0000   0.2286   0.0067   0.1050   0.0650   0.4846   0.4600   0.0156   0.0000   0.0091   0.1029    0.230
    29   0.0362  -0.1558   0.0000   0.2286   0.0071   0.1034   0.0680   0.4773   0.4531   0.0148   0.0000   0.0107   0.0996    0.226
    30   0.0435  -0.1873   0.0000   0.2286   0.0073   0.1009   0.0713   0.4660   0.4424   0.0142   0.0000   0.0124   0.0954    0.222
    31   0.0510  -0.2191   0.0000   0.2286   0.0073   0.0974   0.0750   0.4499   0.4271   0.0136   0.0000   0.0142   0.0900    0.217
    32   0.0583  -0.2506   0.0000   0.2286   0.0071   0.0927   0.0789   0.4282   0.4065   0.0129   0.0000   0.0162   0.0830    0.210
    33   0.0653  -0.2810   0.0000   0.2286   0.0067   0.0866   0.0828   0.4002   0.3799   0.0120   0.0000   0.0184   0.0744    0.202
    34   0.0719  -0.3094   0.0000   0.2286   0.0062   0.0790   0.0863   0.3650   0.3465   0.0110   0.0000   0.0206   0.0641    0.191
    35   0.0779  -0.3352   0.0000   0.2286   0.0055   0.0699   0.0888   0.3226   0.3063   0.0097   0.0000   0.0225   0.0525    0.177
    36   0.0832  -0.3577   0.0000   0.2286   0.0047   0.0592   0.0899   0.2733   0.2594   0.0082   0.0000   0.0234   0.0403    0.160
    37   0.0875  -0.3765   0.0000   0.2286   0.0038   0.0472   0.0889   0.2179   0.2068   0.0064   0.0000   0.0225   0.0283    0.141
    38   0.0909  -0.3909   0.0000   0.2286   0.0028   0.0342   0.0858   0.1579   0.1499   0.0043   0.0000   0.0193   0.0177    0.122
    39   0.0932  -0.4008   0.0000   0.2286   0.0017   0.0206   0.0811   0.0954   0.0906   0.0021   0.0000   0.0132   0.0092    0.105
    40   0.0944  -0.4058   0.0000   0.2286   0.0006   0.0069   0.0776   0.0319   0.0303  -0.0001   0.0000   0.0047   0.0028    0.096
 ---------------------------------------------------------------
