 ---------------------------------------------------------------
 Surface and Strip Forces by surface

  Sref = 0.20900       Cref = 0.22950       Bref = 0.91440    
  Xref = 0.10920       Yref =  0.0000       Zref =  0.0000    

  Surface # 1     Wing                                    
     # Chordwise = 10   # Spanwise = 20     First strip =  1
     Surface area Ssurf =    0.116129     Ave. chord Cave =    0.254000

 Forces referred to Sref, Cref, Bref about Xref, Yref, Zref
 Standard axis orientation,  X fwd, Z down         
     CLsurf  =   0.17380     Clsurf  =  -0.03775
     CYsurf  =   0.00104     Cmsurf  =   0.02406
     CDsurf  =   0.00496     Cnsurf  =  -0.00226
     CDisurf =   0.00496     CDvsurf =   0.00000

 Forces referred to Ssurf, Cave 
     CLsurf  =   0.31279     CDsurf  =   0.00893

 Strip Forces referred to Strip Area, Chord
    j     Xle      Yle      Zle      Chord    Area     c_cl     ai     cl_norm    cl       cd       cdv    cm_c/4     cm_LE   C.P.x/c
     1   0.0001   0.0007   0.0000   0.2540   0.0007   0.0963   0.0471   0.3814   0.3764   0.0488   0.0000   0.0020  -0.0921    0.245
     2   0.0007   0.0063   0.0000   0.2540   0.0021   0.0963   0.0464   0.3841   0.3791   0.0143   0.0000   0.0024  -0.0918    0.244
     3   0.0020   0.0174   0.0000   0.2540   0.0035   0.0963   0.0464   0.3842   0.3792   0.0123   0.0000   0.0034  -0.0907    0.241
     4   0.0039   0.0337   0.0000   0.2540   0.0048   0.0962   0.0469   0.3840   0.3790   0.0115   0.0000   0.0047  -0.0894    0.238
     5   0.0063   0.0548   0.0000   0.2540   0.0059   0.0960   0.0477   0.3834   0.3784   0.0108   0.0000   0.0059  -0.0880    0.234
     6   0.0092   0.0801   0.0000   0.2540   0.0069   0.0957   0.0488   0.3820   0.3770   0.0103   0.0000   0.0070  -0.0865    0.231
     7   0.0126   0.1092   0.0000   0.2540   0.0078   0.0950   0.0501   0.3793   0.3743   0.0099   0.0000   0.0080  -0.0849    0.229
     8   0.0163   0.1411   0.0000   0.2540   0.0084   0.0938   0.0517   0.3747   0.3699   0.0096   0.0000   0.0089  -0.0829    0.226
     9   0.0202   0.1752   0.0000   0.2540   0.0089   0.0921   0.0535   0.3678   0.3630   0.0094   0.0000   0.0097  -0.0804    0.223
    10   0.0243   0.2107   0.0000   0.2540   0.0091   0.0896   0.0556   0.3579   0.3533   0.0092   0.0000   0.0107  -0.0770    0.220
    11   0.0284   0.2465   0.0000   0.2540   0.0091   0.0863   0.0581   0.3445   0.3400   0.0090   0.0000   0.0118  -0.0726    0.215
    12   0.0325   0.2820   0.0000   0.2540   0.0089   0.0819   0.0607   0.3269   0.3226   0.0087   0.0000   0.0130  -0.0671    0.210
    13   0.0364   0.3161   0.0000   0.2540   0.0084   0.0763   0.0634   0.3045   0.3006   0.0083   0.0000   0.0144  -0.0602    0.202
    14   0.0401   0.3480   0.0000   0.2540   0.0078   0.0694   0.0659   0.2771   0.2735   0.0078   0.0000   0.0158  -0.0521    0.192
    15   0.0435   0.3771   0.0000   0.2540   0.0069   0.0612   0.0676   0.2444   0.2412   0.0071   0.0000   0.0170  -0.0429    0.179
    16   0.0464   0.4024   0.0000   0.2540   0.0059   0.0517   0.0682   0.2065   0.2038   0.0061   0.0000   0.0175  -0.0331    0.164
    17   0.0488   0.4235   0.0000   0.2540   0.0048   0.0411   0.0670   0.1642   0.1621   0.0049   0.0000   0.0169  -0.0235    0.146
    18   0.0507   0.4398   0.0000   0.2540   0.0035   0.0297   0.0639   0.1188   0.1172   0.0035   0.0000   0.0144  -0.0147    0.127
    19   0.0520   0.4509   0.0000   0.2540   0.0021   0.0179   0.0593   0.0715   0.0706   0.0018   0.0000   0.0099  -0.0077    0.110
    20   0.0526   0.4565   0.0000   0.2540   0.0007   0.0060   0.0557   0.0239   0.0235   0.0003   0.0000   0.0035  -0.0023    0.100

  Surface # 2     Wing (YDUP)                             
     # Chordwise = 10   # Spanwise = 20     First strip = 21
     Surface area Ssurf =    0.116129     Ave. chord Cave =    0.254000

 Forces referred to Sref, Cref, Bref about Xref, Yref, Zref
 Standard axis orientation,  X fwd, Z down         
     CLsurf  =   0.17380     Clsurf  =   0.03775
     CYsurf  =  -0.00104     Cmsurf  =   0.02406
     CDsurf  =   0.00496     Cnsurf  =   0.00226
     CDisurf =   0.00496     CDvsurf =   0.00000

 Forces referred to Ssurf, Cave 
     CLsurf  =   0.31279     CDsurf  =   0.00893

 Strip Forces referred to Strip Area, Chord
    j     Xle      Yle      Zle      Chord    Area     c_cl     ai     cl_norm    cl       cd       cdv    cm_c/4     cm_LE   C.P.x/c
    21   0.0001  -0.0007   0.0000   0.2540   0.0007   0.0963   0.0471   0.3814   0.3764   0.0488   0.0000   0.0020   0.0921    0.245
    22   0.0007  -0.0063   0.0000   0.2540   0.0021   0.0963   0.0464   0.3841   0.3791   0.0143   0.0000   0.0024   0.0918    0.244
    23   0.0020  -0.0174   0.0000   0.2540   0.0035   0.0963   0.0464   0.3842   0.3792   0.0123   0.0000   0.0034   0.0907    0.241
    24   0.0039  -0.0337   0.0000   0.2540   0.0048   0.0962   0.0469   0.3840   0.3790   0.0115   0.0000   0.0047   0.0894    0.238
    25   0.0063  -0.0548   0.0000   0.2540   0.0059   0.0960   0.0477   0.3834   0.3784   0.0108   0.0000   0.0059   0.0880    0.234
    26   0.0092  -0.0801   0.0000   0.2540   0.0069   0.0957   0.0488   0.3820   0.3770   0.0103   0.0000   0.0070   0.0865    0.231
    27   0.0126  -0.1092   0.0000   0.2540   0.0078   0.0950   0.0501   0.3793   0.3743   0.0099   0.0000   0.0080   0.0849    0.229
    28   0.0163  -0.1411   0.0000   0.2540   0.0084   0.0938   0.0517   0.3747   0.3699   0.0096   0.0000   0.0089   0.0829    0.226
    29   0.0202  -0.1752   0.0000   0.2540   0.0089   0.0921   0.0535   0.3678   0.3630   0.0094   0.0000   0.0097   0.0804    0.223
    30   0.0243  -0.2107   0.0000   0.2540   0.0091   0.0896   0.0556   0.3579   0.3533   0.0092   0.0000   0.0107   0.0770    0.220
    31   0.0284  -0.2465   0.0000   0.2540   0.0091   0.0863   0.0581   0.3445   0.3400   0.0090   0.0000   0.0118   0.0726    0.215
    32   0.0325  -0.2820   0.0000   0.2540   0.0089   0.0819   0.0607   0.3269   0.3226   0.0087   0.0000   0.0130   0.0671    0.210
    33   0.0364  -0.3161   0.0000   0.2540   0.0084   0.0763   0.0634   0.3045   0.3006   0.0083   0.0000   0.0144   0.0602    0.202
    34   0.0401  -0.3480   0.0000   0.2540   0.0078   0.0694   0.0659   0.2771   0.2735   0.0078   0.0000   0.0158   0.0521    0.192
    35   0.0435  -0.3771   0.0000   0.2540   0.0069   0.0612   0.0676   0.2444   0.2412   0.0071   0.0000   0.0170   0.0429    0.179
    36   0.0464  -0.4024   0.0000   0.2540   0.0059   0.0517   0.0682   0.2065   0.2038   0.0061   0.0000   0.0175   0.0331    0.164
    37   0.0488  -0.4235   0.0000   0.2540   0.0048   0.0411   0.0670   0.1642   0.1621   0.0049   0.0000   0.0169   0.0235    0.146
    38   0.0507  -0.4398   0.0000   0.2540   0.0035   0.0297   0.0639   0.1188   0.1172   0.0035   0.0000   0.0144   0.0147    0.127
    39   0.0520  -0.4509   0.0000   0.2540   0.0021   0.0179   0.0593   0.0715   0.0706   0.0018   0.0000   0.0099   0.0077    0.110
    40   0.0526  -0.4565   0.0000   0.2540   0.0007   0.0060   0.0557   0.0239   0.0235   0.0003   0.0000   0.0035   0.0023    0.100
 ---------------------------------------------------------------
