 ---------------------------------------------------------------
 Surface and Strip Forces by surface

  Sref = 0.74300E-01   Cref = 0.14000       Bref = 0.60960    
  Xref = 0.10920       Yref =  0.0000       Zref =  0.0000    

  Surface # 1     Wing                                    
     # Chordwise = 10   # Spanwise = 20     First strip =  1
     Surface area Ssurf =    0.061935     Ave. chord Cave =    0.203200

 Forces referred to Sref, Cref, Bref about Xref, Yref, Zref
 Standard axis orientation,  X fwd, Z down         
     CLsurf  =   0.48889     Clsurf  =  -0.10627
     CYsurf  =   0.01751     Cmsurf  =   0.08237
     CDsurf  =   0.03257     Cnsurf  =  -0.01902
     CDisurf =   0.03257     CDvsurf =   0.00000

 Forces referred to Ssurf, Cave 
     CLsurf  =   0.58649     CDsurf  =   0.03908

 Strip Forces referred to Strip Area, Chord
    j     Xle      Yle      Zle      Chord    Area     c_cl     ai     cl_norm    cl       cd       cdv    cm_c/4     cm_LE   C.P.x/c
     1   0.0001   0.0005   0.0000   0.2032   0.0004   0.1418   0.0936   0.6941   0.6354   0.4042   0.0000  -0.0139  -0.1800    0.272
     2   0.0013   0.0042   0.0000   0.2032   0.0011   0.1419   0.0946   0.7583   0.6941   0.0858   0.0000  -0.0126  -0.1788    0.268
     3   0.0036   0.0116   0.0000   0.2032   0.0019   0.1419   0.0970   0.7624   0.6979   0.0671   0.0000  -0.0089  -0.1753    0.263
     4   0.0070   0.0225   0.0000   0.2032   0.0025   0.1420   0.1005   0.7645   0.6997   0.0601   0.0000  -0.0040  -0.1707    0.256
     5   0.0113   0.0365   0.0000   0.2032   0.0032   0.1421   0.1045   0.7659   0.7010   0.0545   0.0000   0.0010  -0.1660    0.249
     6   0.0165   0.0534   0.0000   0.2032   0.0037   0.1419   0.1088   0.7659   0.7010   0.0499   0.0000   0.0056  -0.1615    0.242
     7   0.0225   0.0728   0.0000   0.2032   0.0041   0.1413   0.1133   0.7632   0.6986   0.0461   0.0000   0.0095  -0.1570    0.236
     8   0.0291   0.0941   0.0000   0.2032   0.0045   0.1400   0.1182   0.7568   0.6927   0.0430   0.0000   0.0130  -0.1522    0.231
     9   0.0362   0.1168   0.0000   0.2032   0.0047   0.1378   0.1233   0.7451   0.6820   0.0403   0.0000   0.0162  -0.1464    0.226
    10   0.0435   0.1404   0.0000   0.2032   0.0048   0.1344   0.1288   0.7269   0.6654   0.0379   0.0000   0.0195  -0.1393    0.221
    11   0.0509   0.1644   0.0000   0.2032   0.0048   0.1295   0.1347   0.7010   0.6416   0.0355   0.0000   0.0228  -0.1304    0.214
    12   0.0582   0.1880   0.0000   0.2032   0.0047   0.1230   0.1407   0.6660   0.6096   0.0329   0.0000   0.0264  -0.1194    0.207
    13   0.0653   0.2107   0.0000   0.2032   0.0045   0.1147   0.1464   0.6210   0.5685   0.0300   0.0000   0.0299  -0.1062    0.197
    14   0.0719   0.2320   0.0000   0.2032   0.0041   0.1044   0.1513   0.5654   0.5175   0.0267   0.0000   0.0332  -0.0910    0.186
    15   0.0779   0.2514   0.0000   0.2032   0.0037   0.0921   0.1549   0.4990   0.4568   0.0230   0.0000   0.0355  -0.0744    0.172
    16   0.0831   0.2683   0.0000   0.2032   0.0032   0.0780   0.1567   0.4225   0.3867   0.0189   0.0000   0.0360  -0.0573    0.157
    17   0.0874   0.2823   0.0000   0.2032   0.0025   0.0622   0.1563   0.3372   0.3087   0.0144   0.0000   0.0338  -0.0409    0.141
    18   0.0908   0.2932   0.0000   0.2032   0.0019   0.0452   0.1538   0.2452   0.2244   0.0097   0.0000   0.0281  -0.0263    0.125
    19   0.0931   0.3006   0.0000   0.2032   0.0011   0.0274   0.1500   0.1488   0.1362   0.0046   0.0000   0.0188  -0.0142    0.112
    20   0.0943   0.3043   0.0000   0.2032   0.0004   0.0092   0.1474   0.0502   0.0460  -0.0006   0.0000   0.0066  -0.0045    0.106

  Surface # 2     Wing (YDUP)                             
     # Chordwise = 10   # Spanwise = 20     First strip = 21
     Surface area Ssurf =    0.061935     Ave. chord Cave =    0.203200

 Forces referred to Sref, Cref, Bref about Xref, Yref, Zref
 Standard axis orientation,  X fwd, Z down         
     CLsurf  =   0.48889     Clsurf  =   0.10627
     CYsurf  =  -0.01751     Cmsurf  =   0.08237
     CDsurf  =   0.03257     Cnsurf  =   0.01902
     CDisurf =   0.03257     CDvsurf =   0.00000

 Forces referred to Ssurf, Cave 
     CLsurf  =   0.58649     CDsurf  =   0.03908

 Strip Forces referred to Strip Area, Chord
    j     Xle      Yle      Zle      Chord    Area     c_cl     ai     cl_norm    cl       cd       cdv    cm_c/4     cm_LE   C.P.x/c
    21   0.0001  -0.0005   0.0000   0.2032   0.0004   0.1418   0.0936   0.6941   0.6354   0.4042   0.0000  -0.0139   0.1800    0.272
    22   0.0013  -0.0042   0.0000   0.2032   0.0011   0.1419   0.0946   0.7583   0.6941   0.0858   0.0000  -0.0126   0.1788    0.268
    23   0.0036  -0.0116   0.0000   0.2032   0.0019   0.1419   0.0970   0.7624   0.6979   0.0671   0.0000  -0.0089   0.1753    0.263
    24   0.0070  -0.0225   0.0000   0.2032   0.0025   0.1420   0.1005   0.7645   0.6997   0.0601   0.0000  -0.0040   0.1707    0.256
    25   0.0113  -0.0365   0.0000   0.2032   0.0032   0.1421   0.1045   0.7659   0.7010   0.0545   0.0000   0.0010   0.1660    0.249
    26   0.0165  -0.0534   0.0000   0.2032   0.0037   0.1419   0.1088   0.7659   0.7010   0.0499   0.0000   0.0056   0.1615    0.242
    27   0.0225  -0.0728   0.0000   0.2032   0.0041   0.1413   0.1133   0.7632   0.6986   0.0461   0.0000   0.0095   0.1570    0.236
    28   0.0291  -0.0941   0.0000   0.2032   0.0045   0.1400   0.1182   0.7568   0.6927   0.0430   0.0000   0.0130   0.1522    0.231
    29   0.0362  -0.1168   0.0000   0.2032   0.0047   0.1378   0.1233   0.7451   0.6820   0.0403   0.0000   0.0162   0.1464    0.226
    30   0.0435  -0.1404   0.0000   0.2032   0.0048   0.1344   0.1288   0.7269   0.6654   0.0379   0.0000   0.0195   0.1393    0.221
    31   0.0509  -0.1644   0.0000   0.2032   0.0048   0.1295   0.1347   0.7010   0.6416   0.0355   0.0000   0.0228   0.1304    0.214
    32   0.0582  -0.1880   0.0000   0.2032   0.0047   0.1230   0.1407   0.6660   0.6096   0.0329   0.0000   0.0264   0.1194    0.207
    33   0.0653  -0.2107   0.0000   0.2032   0.0045   0.1147   0.1464   0.6210   0.5685   0.0300   0.0000   0.0299   0.1062    0.197
    34   0.0719  -0.2320   0.0000   0.2032   0.0041   0.1044   0.1513   0.5654   0.5175   0.0267   0.0000   0.0332   0.0910    0.186
    35   0.0779  -0.2514   0.0000   0.2032   0.0037   0.0921   0.1549   0.4990   0.4568   0.0230   0.0000   0.0355   0.0744    0.172
    36   0.0831  -0.2683   0.0000   0.2032   0.0032   0.0780   0.1567   0.4225   0.3867   0.0189   0.0000   0.0360   0.0573    0.157
    37   0.0874  -0.2823   0.0000   0.2032   0.0025   0.0622   0.1563   0.3372   0.3087   0.0144   0.0000   0.0338   0.0409    0.141
    38   0.0908  -0.2932   0.0000   0.2032   0.0019   0.0452   0.1538   0.2452   0.2244   0.0097   0.0000   0.0281   0.0263    0.125
    39   0.0931  -0.3006   0.0000   0.2032   0.0011   0.0274   0.1500   0.1488   0.1362   0.0046   0.0000   0.0188   0.0142    0.112
    40   0.0943  -0.3043   0.0000   0.2032   0.0004   0.0092   0.1474   0.0502   0.0460  -0.0006   0.0000   0.0066   0.0045    0.106
 ---------------------------------------------------------------
