 ---------------------------------------------------------------
 Surface and Strip Forces by surface

  Sref = 0.11920       Cref = 0.20760       Bref = 0.60960    
  Xref = 0.10920       Yref =  0.0000       Zref =  0.0000    

  Surface # 1     Wing                                    
     # Chordwise = 10   # Spanwise = 20     First strip =  1
     Surface area Ssurf =    0.085161     Ave. chord Cave =    0.279400

 Forces referred to Sref, Cref, Bref about Xref, Yref, Zref
 Standard axis orientation,  X fwd, Z down         
     CLsurf  =   0.30473     Clsurf  =  -0.06533
     CYsurf  =   0.00620     Cmsurf  =   0.03383
     CDsurf  =   0.02007     Cnsurf  =  -0.00965
     CDisurf =   0.02007     CDvsurf =   0.00000

 Forces referred to Ssurf, Cave 
     CLsurf  =   0.42654     CDsurf  =   0.02810

 Strip Forces referred to Strip Area, Chord
    j     Xle      Yle      Zle      Chord    Area     c_cl     ai     cl_norm    cl       cd       cdv    cm_c/4     cm_LE   C.P.x/c
     1   0.0001   0.0005   0.0000   0.2794   0.0005   0.1474   0.1141   0.5177   0.4933   0.2596   0.0000   0.0029  -0.1259    0.244
     2   0.0009   0.0042   0.0000   0.2794   0.0016   0.1474   0.1133   0.5512   0.5252   0.0565   0.0000   0.0033  -0.1254    0.244
     3   0.0026   0.0116   0.0000   0.2794   0.0026   0.1474   0.1133   0.5530   0.5270   0.0439   0.0000   0.0049  -0.1239    0.241
     4   0.0051   0.0225   0.0000   0.2794   0.0035   0.1472   0.1141   0.5530   0.5270   0.0403   0.0000   0.0071  -0.1215    0.236
     5   0.0082   0.0365   0.0000   0.2794   0.0043   0.1468   0.1155   0.5520   0.5260   0.0378   0.0000   0.0097  -0.1187    0.231
     6   0.0120   0.0534   0.0000   0.2794   0.0051   0.1460   0.1174   0.5493   0.5235   0.0355   0.0000   0.0123  -0.1154    0.226
     7   0.0164   0.0728   0.0000   0.2794   0.0057   0.1446   0.1196   0.5444   0.5188   0.0335   0.0000   0.0148  -0.1118    0.221
     8   0.0212   0.0941   0.0000   0.2794   0.0062   0.1425   0.1220   0.5364   0.5111   0.0317   0.0000   0.0172  -0.1075    0.216
     9   0.0263   0.1168   0.0000   0.2794   0.0065   0.1392   0.1248   0.5243   0.4997   0.0300   0.0000   0.0195  -0.1025    0.211
    10   0.0316   0.1404   0.0000   0.2794   0.0067   0.1347   0.1277   0.5076   0.4837   0.0283   0.0000   0.0218  -0.0963    0.205
    11   0.0370   0.1644   0.0000   0.2794   0.0067   0.1288   0.1306   0.4853   0.4625   0.0265   0.0000   0.0240  -0.0890    0.198
    12   0.0423   0.1880   0.0000   0.2794   0.0065   0.1213   0.1334   0.4571   0.4355   0.0245   0.0000   0.0261  -0.0804    0.190
    13   0.0474   0.2107   0.0000   0.2794   0.0062   0.1121   0.1358   0.4224   0.4025   0.0224   0.0000   0.0279  -0.0706    0.181
    14   0.0522   0.2320   0.0000   0.2794   0.0057   0.1011   0.1375   0.3812   0.3633   0.0200   0.0000   0.0291  -0.0599    0.170
    15   0.0566   0.2514   0.0000   0.2794   0.0051   0.0885   0.1382   0.3338   0.3181   0.0173   0.0000   0.0294  -0.0486    0.158
    16   0.0604   0.2683   0.0000   0.2794   0.0043   0.0744   0.1376   0.2807   0.2675   0.0143   0.0000   0.0282  -0.0374    0.144
    17   0.0635   0.2823   0.0000   0.2794   0.0035   0.0591   0.1358   0.2228   0.2123   0.0111   0.0000   0.0253  -0.0269    0.131
    18   0.0660   0.2932   0.0000   0.2794   0.0026   0.0428   0.1327   0.1614   0.1538   0.0076   0.0000   0.0202  -0.0176    0.118
    19   0.0677   0.3006   0.0000   0.2794   0.0016   0.0259   0.1292   0.0977   0.0931   0.0038   0.0000   0.0132  -0.0097    0.109
    20   0.0685   0.3043   0.0000   0.2794   0.0005   0.0086   0.1272   0.0329   0.0313   0.0002   0.0000   0.0046  -0.0031    0.104

  Surface # 2     Wing (YDUP)                             
     # Chordwise = 10   # Spanwise = 20     First strip = 21
     Surface area Ssurf =    0.085161     Ave. chord Cave =    0.279400

 Forces referred to Sref, Cref, Bref about Xref, Yref, Zref
 Standard axis orientation,  X fwd, Z down         
     CLsurf  =   0.30473     Clsurf  =   0.06533
     CYsurf  =  -0.00620     Cmsurf  =   0.03383
     CDsurf  =   0.02007     Cnsurf  =   0.00965
     CDisurf =   0.02007     CDvsurf =   0.00000

 Forces referred to Ssurf, Cave 
     CLsurf  =   0.42654     CDsurf  =   0.02810

 Strip Forces referred to Strip Area, Chord
    j     Xle      Yle      Zle      Chord    Area     c_cl     ai     cl_norm    cl       cd       cdv    cm_c/4     cm_LE   C.P.x/c
    21   0.0001  -0.0005   0.0000   0.2794   0.0005   0.1474   0.1141   0.5177   0.4933   0.2596   0.0000   0.0029   0.1259    0.244
    22   0.0009  -0.0042   0.0000   0.2794   0.0016   0.1474   0.1133   0.5512   0.5252   0.0565   0.0000   0.0033   0.1254    0.244
    23   0.0026  -0.0116   0.0000   0.2794   0.0026   0.1474   0.1133   0.5530   0.5270   0.0439   0.0000   0.0049   0.1239    0.241
    24   0.0051  -0.0225   0.0000   0.2794   0.0035   0.1472   0.1141   0.5530   0.5270   0.0403   0.0000   0.0071   0.1215    0.236
    25   0.0082  -0.0365   0.0000   0.2794   0.0043   0.1468   0.1155   0.5520   0.5260   0.0378   0.0000   0.0097   0.1187    0.231
    26   0.0120  -0.0534   0.0000   0.2794   0.0051   0.1460   0.1174   0.5493   0.5235   0.0355   0.0000   0.0123   0.1154    0.226
    27   0.0164  -0.0728   0.0000   0.2794   0.0057   0.1446   0.1196   0.5444   0.5188   0.0335   0.0000   0.0148   0.1118    0.221
    28   0.0212  -0.0941   0.0000   0.2794   0.0062   0.1425   0.1220   0.5364   0.5111   0.0317   0.0000   0.0172   0.1075    0.216
    29   0.0263  -0.1168   0.0000   0.2794   0.0065   0.1392   0.1248   0.5243   0.4997   0.0300   0.0000   0.0195   0.1025    0.211
    30   0.0316  -0.1404   0.0000   0.2794   0.0067   0.1347   0.1277   0.5076   0.4837   0.0283   0.0000   0.0218   0.0963    0.205
    31   0.0370  -0.1644   0.0000   0.2794   0.0067   0.1288   0.1306   0.4853   0.4625   0.0265   0.0000   0.0240   0.0890    0.198
    32   0.0423  -0.1880   0.0000   0.2794   0.0065   0.1213   0.1334   0.4571   0.4355   0.0245   0.0000   0.0261   0.0804    0.190
    33   0.0474  -0.2107   0.0000   0.2794   0.0062   0.1121   0.1358   0.4224   0.4025   0.0224   0.0000   0.0279   0.0706    0.181
    34   0.0522  -0.2320   0.0000   0.2794   0.0057   0.1011   0.1375   0.3812   0.3633   0.0200   0.0000   0.0291   0.0599    0.170
    35   0.0566  -0.2514   0.0000   0.2794   0.0051   0.0885   0.1382   0.3338   0.3181   0.0173   0.0000   0.0294   0.0486    0.158
    36   0.0604  -0.2683   0.0000   0.2794   0.0043   0.0744   0.1376   0.2807   0.2675   0.0143   0.0000   0.0282   0.0374    0.144
    37   0.0635  -0.2823   0.0000   0.2794   0.0035   0.0591   0.1358   0.2228   0.2123   0.0111   0.0000   0.0253   0.0269    0.131
    38   0.0660  -0.2932   0.0000   0.2794   0.0026   0.0428   0.1327   0.1614   0.1538   0.0076   0.0000   0.0202   0.0176    0.118
    39   0.0677  -0.3006   0.0000   0.2794   0.0016   0.0259   0.1292   0.0977   0.0931   0.0038   0.0000   0.0132   0.0097    0.109
    40   0.0685  -0.3043   0.0000   0.2794   0.0005   0.0086   0.1272   0.0329   0.0313   0.0002   0.0000   0.0046   0.0031    0.104
 ---------------------------------------------------------------
