 ---------------------------------------------------------------
 Surface and Strip Forces by surface

  Sref = 0.27870       Cref = 0.30480       Bref = 0.91440    
  Xref = 0.10920       Yref =  0.0000       Zref =  0.0000    

  Surface # 1     Wing                                    
     # Chordwise = 10   # Spanwise = 20     First strip =  1
     Surface area Ssurf =    0.139355     Ave. chord Cave =    0.304800

 Forces referred to Sref, Cref, Bref about Xref, Yref, Zref
 Standard axis orientation,  X fwd, Z down         
     CLsurf  =   0.13034     Clsurf  =  -0.02827
     CYsurf  =   0.00154     Cmsurf  =  -0.00313
     CDsurf  =   0.00385     Cnsurf  =  -0.00198
     CDisurf =   0.00385     CDvsurf =   0.00000

 Forces referred to Ssurf, Cave 
     CLsurf  =   0.26066     CDsurf  =   0.00769

 Strip Forces referred to Strip Area, Chord
    j     Xle      Yle      Zle      Chord    Area     c_cl     ai     cl_norm    cl       cd       cdv    cm_c/4     cm_LE   C.P.x/c
     1   0.0002   0.0007   0.0000   0.3048   0.0009   0.0962   0.0474   0.3323   0.3102   0.0865   0.0000  -0.0038  -0.0799    0.262
     2   0.0017   0.0063   0.0000   0.3048   0.0026   0.0962   0.0456   0.3377   0.3152   0.0169   0.0000  -0.0032  -0.0793    0.260
     3   0.0047   0.0174   0.0000   0.3048   0.0042   0.0962   0.0452   0.3379   0.3154   0.0130   0.0000  -0.0015  -0.0776    0.255
     4   0.0090   0.0337   0.0000   0.3048   0.0057   0.0961   0.0459   0.3378   0.3153   0.0118   0.0000   0.0007  -0.0754    0.248
     5   0.0147   0.0548   0.0000   0.3048   0.0071   0.0960   0.0471   0.3376   0.3151   0.0108   0.0000   0.0030  -0.0732    0.240
     6   0.0215   0.0801   0.0000   0.3048   0.0083   0.0958   0.0487   0.3367   0.3143   0.0099   0.0000   0.0051  -0.0710    0.234
     7   0.0292   0.1092   0.0000   0.3048   0.0093   0.0952   0.0505   0.3348   0.3125   0.0091   0.0000   0.0068  -0.0688    0.228
     8   0.0378   0.1411   0.0000   0.3048   0.0101   0.0942   0.0524   0.3312   0.3092   0.0085   0.0000   0.0084  -0.0665    0.223
     9   0.0470   0.1752   0.0000   0.3048   0.0106   0.0925   0.0546   0.3255   0.3038   0.0080   0.0000   0.0099  -0.0638    0.218
    10   0.0564   0.2107   0.0000   0.3048   0.0109   0.0901   0.0569   0.3169   0.2958   0.0075   0.0000   0.0113  -0.0605    0.212
    11   0.0661   0.2465   0.0000   0.3048   0.0109   0.0867   0.0593   0.3049   0.2845   0.0070   0.0000   0.0128  -0.0563    0.205
    12   0.0755   0.2820   0.0000   0.3048   0.0106   0.0821   0.0617   0.2889   0.2697   0.0065   0.0000   0.0144  -0.0511    0.197
    13   0.0847   0.3161   0.0000   0.3048   0.0101   0.0763   0.0638   0.2686   0.2507   0.0059   0.0000   0.0161  -0.0450    0.186
    14   0.0933   0.3480   0.0000   0.3048   0.0093   0.0692   0.0654   0.2435   0.2273   0.0052   0.0000   0.0176  -0.0378    0.173
    15   0.1010   0.3771   0.0000   0.3048   0.0083   0.0608   0.0661   0.2138   0.1996   0.0044   0.0000   0.0188  -0.0300    0.156
    16   0.1078   0.4024   0.0000   0.3048   0.0071   0.0511   0.0653   0.1798   0.1678   0.0035   0.0000   0.0190  -0.0221    0.137
    17   0.1135   0.4235   0.0000   0.3048   0.0057   0.0404   0.0629   0.1423   0.1328   0.0025   0.0000   0.0180  -0.0147    0.115
    18   0.1178   0.4398   0.0000   0.3048   0.0042   0.0291   0.0588   0.1025   0.0957   0.0014   0.0000   0.0150  -0.0086    0.093
    19   0.1208   0.4509   0.0000   0.3048   0.0026   0.0175   0.0539   0.0616   0.0575   0.0003   0.0000   0.0101  -0.0041    0.075
    20   0.1223   0.4565   0.0000   0.3048   0.0009   0.0058   0.0507   0.0206   0.0192  -0.0006   0.0000   0.0036  -0.0012    0.065

  Surface # 2     Wing (YDUP)                             
     # Chordwise = 10   # Spanwise = 20     First strip = 21
     Surface area Ssurf =    0.139355     Ave. chord Cave =    0.304800

 Forces referred to Sref, Cref, Bref about Xref, Yref, Zref
 Standard axis orientation,  X fwd, Z down         
     CLsurf  =   0.13034     Clsurf  =   0.02827
     CYsurf  =  -0.00154     Cmsurf  =  -0.00313
     CDsurf  =   0.00385     Cnsurf  =   0.00198
     CDisurf =   0.00385     CDvsurf =   0.00000

 Forces referred to Ssurf, Cave 
     CLsurf  =   0.26066     CDsurf  =   0.00769

 Strip Forces referred to Strip Area, Chord
    j     Xle      Yle      Zle      Chord    Area     c_cl     ai     cl_norm    cl       cd       cdv    cm_c/4     cm_LE   C.P.x/c
    21   0.0002  -0.0007   0.0000   0.3048   0.0009   0.0962   0.0474   0.3323   0.3102   0.0865   0.0000  -0.0038   0.0799    0.262
    22   0.0017  -0.0063   0.0000   0.3048   0.0026   0.0962   0.0456   0.3377   0.3152   0.0169   0.0000  -0.0032   0.0793    0.260
    23   0.0047  -0.0174   0.0000   0.3048   0.0042   0.0962   0.0452   0.3379   0.3154   0.0130   0.0000  -0.0015   0.0776    0.255
    24   0.0090  -0.0337   0.0000   0.3048   0.0057   0.0961   0.0459   0.3378   0.3153   0.0118   0.0000   0.0007   0.0754    0.248
    25   0.0147  -0.0548   0.0000   0.3048   0.0071   0.0960   0.0471   0.3376   0.3151   0.0108   0.0000   0.0030   0.0732    0.240
    26   0.0215  -0.0801   0.0000   0.3048   0.0083   0.0958   0.0487   0.3367   0.3143   0.0099   0.0000   0.0051   0.0710    0.234
    27   0.0292  -0.1092   0.0000   0.3048   0.0093   0.0952   0.0505   0.3348   0.3125   0.0091   0.0000   0.0068   0.0688    0.228
    28   0.0378  -0.1411   0.0000   0.3048   0.0101   0.0942   0.0524   0.3312   0.3092   0.0085   0.0000   0.0084   0.0665    0.223
    29   0.0470  -0.1752   0.0000   0.3048   0.0106   0.0925   0.0546   0.3255   0.3038   0.0080   0.0000   0.0099   0.0638    0.218
    30   0.0564  -0.2107   0.0000   0.3048   0.0109   0.0901   0.0569   0.3169   0.2958   0.0075   0.0000   0.0113   0.0605    0.212
    31   0.0661  -0.2465   0.0000   0.3048   0.0109   0.0867   0.0593   0.3049   0.2845   0.0070   0.0000   0.0128   0.0563    0.205
    32   0.0755  -0.2820   0.0000   0.3048   0.0106   0.0821   0.0617   0.2889   0.2697   0.0065   0.0000   0.0144   0.0511    0.197
    33   0.0847  -0.3161   0.0000   0.3048   0.0101   0.0763   0.0638   0.2686   0.2507   0.0059   0.0000   0.0161   0.0450    0.186
    34   0.0933  -0.3480   0.0000   0.3048   0.0093   0.0692   0.0654   0.2435   0.2273   0.0052   0.0000   0.0176   0.0378    0.173
    35   0.1010  -0.3771   0.0000   0.3048   0.0083   0.0608   0.0661   0.2138   0.1996   0.0044   0.0000   0.0188   0.0300    0.156
    36   0.1078  -0.4024   0.0000   0.3048   0.0071   0.0511   0.0653   0.1798   0.1678   0.0035   0.0000   0.0190   0.0221    0.137
    37   0.1135  -0.4235   0.0000   0.3048   0.0057   0.0404   0.0629   0.1423   0.1328   0.0025   0.0000   0.0180   0.0147    0.115
    38   0.1178  -0.4398   0.0000   0.3048   0.0042   0.0291   0.0588   0.1025   0.0957   0.0014   0.0000   0.0150   0.0086    0.093
    39   0.1208  -0.4509   0.0000   0.3048   0.0026   0.0175   0.0539   0.0616   0.0575   0.0003   0.0000   0.0101   0.0041    0.075
    40   0.1223  -0.4565   0.0000   0.3048   0.0009   0.0058   0.0507   0.0206   0.0192  -0.0006   0.0000   0.0036   0.0012    0.065
 ---------------------------------------------------------------
