 ---------------------------------------------------------------
 Surface and Strip Forces by surface

  Sref = 0.14860       Cref = 0.16590       Bref = 0.91440    
  Xref = 0.10920       Yref =  0.0000       Zref =  0.0000    

  Surface # 1     Wing                                    
     # Chordwise = 10   # Spanwise = 20     First strip =  1
     Surface area Ssurf =    0.092903     Ave. chord Cave =    0.203200

 Forces referred to Sref, Cref, Bref about Xref, Yref, Zref
 Standard axis orientation,  X fwd, Z down         
     CLsurf  =   0.24444     Clsurf  =  -0.05398
     CYsurf  =   0.00348     Cmsurf  =   0.02837
     CDsurf  =   0.00715     Cnsurf  =  -0.00429
     CDisurf =   0.00715     CDvsurf =   0.00000

 Forces referred to Ssurf, Cave 
     CLsurf  =   0.39099     CDsurf  =   0.01143

 Strip Forces referred to Strip Area, Chord
    j     Xle      Yle      Zle      Chord    Area     c_cl     ai     cl_norm    cl       cd       cdv    cm_c/4     cm_LE   C.P.x/c
     1   0.0002   0.0007   0.0000   0.2032   0.0006   0.0926   0.0383   0.4709   0.4492   0.0911   0.0000  -0.0072  -0.1183    0.266
     2   0.0014   0.0063   0.0000   0.2032   0.0017   0.0926   0.0378   0.4777   0.4557   0.0225   0.0000  -0.0061  -0.1172    0.263
     3   0.0038   0.0174   0.0000   0.2032   0.0028   0.0927   0.0387   0.4784   0.4563   0.0185   0.0000  -0.0033  -0.1146    0.257
     4   0.0074   0.0337   0.0000   0.2032   0.0038   0.0928   0.0406   0.4793   0.4572   0.0164   0.0000  -0.0002  -0.1117    0.251
     5   0.0121   0.0548   0.0000   0.2032   0.0047   0.0930   0.0428   0.4802   0.4581   0.0146   0.0000   0.0025  -0.1093    0.245
     6   0.0177   0.0801   0.0000   0.2032   0.0055   0.0930   0.0451   0.4806   0.4585   0.0134   0.0000   0.0046  -0.1073    0.240
     7   0.0241   0.1092   0.0000   0.2032   0.0062   0.0928   0.0474   0.4798   0.4577   0.0125   0.0000   0.0062  -0.1055    0.237
     8   0.0311   0.1411   0.0000   0.2032   0.0067   0.0923   0.0498   0.4770   0.4550   0.0118   0.0000   0.0074  -0.1036    0.234
     9   0.0387   0.1752   0.0000   0.2032   0.0071   0.0912   0.0525   0.4714   0.4497   0.0114   0.0000   0.0086  -0.1012    0.231
    10   0.0465   0.2107   0.0000   0.2032   0.0073   0.0894   0.0557   0.4622   0.4409   0.0111   0.0000   0.0098  -0.0978    0.228
    11   0.0544   0.2465   0.0000   0.2032   0.0073   0.0868   0.0593   0.4485   0.4279   0.0108   0.0000   0.0112  -0.0933    0.224
    12   0.0622   0.2820   0.0000   0.2032   0.0071   0.0831   0.0634   0.4295   0.4097   0.0104   0.0000   0.0129  -0.0872    0.218
    13   0.0698   0.3161   0.0000   0.2032   0.0067   0.0782   0.0678   0.4041   0.3855   0.0100   0.0000   0.0150  -0.0793    0.211
    14   0.0768   0.3480   0.0000   0.2032   0.0062   0.0719   0.0721   0.3714   0.3543   0.0094   0.0000   0.0173  -0.0694    0.201
    15   0.0832   0.3771   0.0000   0.2032   0.0055   0.0640   0.0758   0.3307   0.3154   0.0085   0.0000   0.0196  -0.0577    0.188
    16   0.0888   0.4024   0.0000   0.2032   0.0047   0.0545   0.0781   0.2819   0.2689   0.0073   0.0000   0.0213  -0.0447    0.171
    17   0.0935   0.4235   0.0000   0.2032   0.0038   0.0437   0.0781   0.2258   0.2154   0.0058   0.0000   0.0215  -0.0314    0.150
    18   0.0971   0.4398   0.0000   0.2032   0.0028   0.0317   0.0755   0.1641   0.1565   0.0040   0.0000   0.0192  -0.0194    0.127
    19   0.0995   0.4509   0.0000   0.2032   0.0017   0.0192   0.0705   0.0991   0.0945   0.0020   0.0000   0.0135  -0.0098    0.107
    20   0.1007   0.4565   0.0000   0.2032   0.0006   0.0064   0.0661   0.0331   0.0316  -0.0000   0.0000   0.0049  -0.0029    0.095

  Surface # 2     Wing (YDUP)                             
     # Chordwise = 10   # Spanwise = 20     First strip = 21
     Surface area Ssurf =    0.092903     Ave. chord Cave =    0.203200

 Forces referred to Sref, Cref, Bref about Xref, Yref, Zref
 Standard axis orientation,  X fwd, Z down         
     CLsurf  =   0.24444     Clsurf  =   0.05398
     CYsurf  =  -0.00348     Cmsurf  =   0.02837
     CDsurf  =   0.00715     Cnsurf  =   0.00429
     CDisurf =   0.00715     CDvsurf =   0.00000

 Forces referred to Ssurf, Cave 
     CLsurf  =   0.39099     CDsurf  =   0.01143

 Strip Forces referred to Strip Area, Chord
    j     Xle      Yle      Zle      Chord    Area     c_cl     ai     cl_norm    cl       cd       cdv    cm_c/4     cm_LE   C.P.x/c
    21   0.0002  -0.0007   0.0000   0.2032   0.0006   0.0926   0.0383   0.4709   0.4492   0.0911   0.0000  -0.0072   0.1183    0.266
    22   0.0014  -0.0063   0.0000   0.2032   0.0017   0.0926   0.0378   0.4777   0.4557   0.0225   0.0000  -0.0061   0.1172    0.263
    23   0.0038  -0.0174   0.0000   0.2032   0.0028   0.0927   0.0387   0.4784   0.4563   0.0185   0.0000  -0.0033   0.1146    0.257
    24   0.0074  -0.0337   0.0000   0.2032   0.0038   0.0928   0.0406   0.4793   0.4572   0.0164   0.0000  -0.0002   0.1117    0.251
    25   0.0121  -0.0548   0.0000   0.2032   0.0047   0.0930   0.0428   0.4802   0.4581   0.0146   0.0000   0.0025   0.1093    0.245
    26   0.0177  -0.0801   0.0000   0.2032   0.0055   0.0930   0.0451   0.4806   0.4585   0.0134   0.0000   0.0046   0.1073    0.240
    27   0.0241  -0.1092   0.0000   0.2032   0.0062   0.0928   0.0474   0.4798   0.4577   0.0125   0.0000   0.0062   0.1055    0.237
    28   0.0311  -0.1411   0.0000   0.2032   0.0067   0.0923   0.0498   0.4770   0.4550   0.0118   0.0000   0.0074   0.1036    0.234
    29   0.0387  -0.1752   0.0000   0.2032   0.0071   0.0912   0.0525   0.4714   0.4497   0.0114   0.0000   0.0086   0.1012    0.231
    30   0.0465  -0.2107   0.0000   0.2032   0.0073   0.0894   0.0557   0.4622   0.4409   0.0111   0.0000   0.0098   0.0978    0.228
    31   0.0544  -0.2465   0.0000   0.2032   0.0073   0.0868   0.0593   0.4485   0.4279   0.0108   0.0000   0.0112   0.0933    0.224
    32   0.0622  -0.2820   0.0000   0.2032   0.0071   0.0831   0.0634   0.4295   0.4097   0.0104   0.0000   0.0129   0.0872    0.218
    33   0.0698  -0.3161   0.0000   0.2032   0.0067   0.0782   0.0678   0.4041   0.3855   0.0100   0.0000   0.0150   0.0793    0.211
    34   0.0768  -0.3480   0.0000   0.2032   0.0062   0.0719   0.0721   0.3714   0.3543   0.0094   0.0000   0.0173   0.0694    0.201
    35   0.0832  -0.3771   0.0000   0.2032   0.0055   0.0640   0.0758   0.3307   0.3154   0.0085   0.0000   0.0196   0.0577    0.188
    36   0.0888  -0.4024   0.0000   0.2032   0.0047   0.0545   0.0781   0.2819   0.2689   0.0073   0.0000   0.0213   0.0447    0.171
    37   0.0935  -0.4235   0.0000   0.2032   0.0038   0.0437   0.0781   0.2258   0.2154   0.0058   0.0000   0.0215   0.0314    0.150
    38   0.0971  -0.4398   0.0000   0.2032   0.0028   0.0317   0.0755   0.1641   0.1565   0.0040   0.0000   0.0192   0.0194    0.127
    39   0.0995  -0.4509   0.0000   0.2032   0.0017   0.0192   0.0705   0.0991   0.0945   0.0020   0.0000   0.0135   0.0098    0.107
    40   0.1007  -0.4565   0.0000   0.2032   0.0006   0.0064   0.0661   0.0331   0.0316  -0.0000   0.0000   0.0049   0.0029    0.095
 ---------------------------------------------------------------
