 ---------------------------------------------------------------
 Surface and Strip Forces by surface

  Sref = 0.16520       Cref = 0.20740       Bref = 0.81280    
  Xref = 0.10920       Yref =  0.0000       Zref =  0.0000    

  Surface # 1     Wing                                    
     # Chordwise = 10   # Spanwise = 20     First strip =  1
     Surface area Ssurf =    0.103226     Ave. chord Cave =    0.254000

 Forces referred to Sref, Cref, Bref about Xref, Yref, Zref
 Standard axis orientation,  X fwd, Z down         
     CLsurf  =   0.21988     Clsurf  =  -0.04828
     CYsurf  =   0.00593     Cmsurf  =  -0.02332
     CDsurf  =   0.00839     Cnsurf  =  -0.00571
     CDisurf =   0.00839     CDvsurf =   0.00000

 Forces referred to Ssurf, Cave 
     CLsurf  =   0.35189     CDsurf  =   0.01342

 Strip Forces referred to Strip Area, Chord
    j     Xle      Yle      Zle      Chord    Area     c_cl     ai     cl_norm    cl       cd       cdv    cm_c/4     cm_LE   C.P.x/c
     1   0.0003   0.0006   0.0000   0.2540   0.0006   0.1048   0.0484   0.4672   0.3961   0.1833   0.0000  -0.0156  -0.1092    0.289
     2   0.0024   0.0056   0.0000   0.2540   0.0019   0.1048   0.0475   0.4852   0.4113   0.0337   0.0000  -0.0143  -0.1081    0.285
     3   0.0066   0.0155   0.0000   0.2540   0.0031   0.1049   0.0488   0.4865   0.4124   0.0258   0.0000  -0.0109  -0.1050    0.276
     4   0.0128   0.0299   0.0000   0.2540   0.0042   0.1051   0.0514   0.4876   0.4134   0.0229   0.0000  -0.0064  -0.1010    0.266
     5   0.0208   0.0487   0.0000   0.2540   0.0053   0.1053   0.0547   0.4890   0.4146   0.0204   0.0000  -0.0021  -0.0972    0.255
     6   0.0304   0.0712   0.0000   0.2540   0.0062   0.1054   0.0581   0.4900   0.4154   0.0182   0.0000   0.0017  -0.0939    0.246
     7   0.0414   0.0970   0.0000   0.2540   0.0069   0.1053   0.0616   0.4897   0.4151   0.0164   0.0000   0.0048  -0.0910    0.239
     8   0.0535   0.1254   0.0000   0.2540   0.0075   0.1047   0.0652   0.4872   0.4130   0.0149   0.0000   0.0074  -0.0881    0.232
     9   0.0664   0.1558   0.0000   0.2540   0.0079   0.1035   0.0689   0.4815   0.4082   0.0137   0.0000   0.0097  -0.0848    0.226
    10   0.0799   0.1873   0.0000   0.2540   0.0081   0.1014   0.0729   0.4717   0.3998   0.0126   0.0000   0.0120  -0.0807    0.220
    11   0.0934   0.2191   0.0000   0.2540   0.0081   0.0981   0.0771   0.4567   0.3871   0.0115   0.0000   0.0144  -0.0756    0.213
    12   0.1069   0.2506   0.0000   0.2540   0.0079   0.0936   0.0814   0.4356   0.3692   0.0104   0.0000   0.0171  -0.0690    0.204
    13   0.1198   0.2810   0.0000   0.2540   0.0075   0.0875   0.0854   0.4075   0.3454   0.0092   0.0000   0.0199  -0.0609    0.192
    14   0.1319   0.3094   0.0000   0.2540   0.0069   0.0798   0.0886   0.3717   0.3151   0.0078   0.0000   0.0227  -0.0514    0.178
    15   0.1429   0.3352   0.0000   0.2540   0.0062   0.0705   0.0905   0.3283   0.2783   0.0062   0.0000   0.0249  -0.0409    0.160
    16   0.1525   0.3577   0.0000   0.2540   0.0053   0.0596   0.0905   0.2776   0.2353   0.0046   0.0000   0.0260  -0.0300    0.140
    17   0.1605   0.3765   0.0000   0.2540   0.0042   0.0474   0.0883   0.2208   0.1872   0.0029   0.0000   0.0249  -0.0199    0.117
    18   0.1667   0.3909   0.0000   0.2540   0.0031   0.0343   0.0842   0.1598   0.1354   0.0013   0.0000   0.0211  -0.0116    0.094
    19   0.1709   0.4008   0.0000   0.2540   0.0019   0.0206   0.0789   0.0964   0.0817  -0.0002   0.0000   0.0143  -0.0056    0.075
    20   0.1730   0.4058   0.0000   0.2540   0.0006   0.0069   0.0756   0.0323   0.0274  -0.0013   0.0000   0.0050  -0.0016    0.066

  Surface # 2     Wing (YDUP)                             
     # Chordwise = 10   # Spanwise = 20     First strip = 21
     Surface area Ssurf =    0.103226     Ave. chord Cave =    0.254000

 Forces referred to Sref, Cref, Bref about Xref, Yref, Zref
 Standard axis orientation,  X fwd, Z down         
     CLsurf  =   0.21988     Clsurf  =   0.04828
     CYsurf  =  -0.00593     Cmsurf  =  -0.02332
     CDsurf  =   0.00839     Cnsurf  =   0.00571
     CDisurf =   0.00839     CDvsurf =   0.00000

 Forces referred to Ssurf, Cave 
     CLsurf  =   0.35189     CDsurf  =   0.01342

 Strip Forces referred to Strip Area, Chord
    j     Xle      Yle      Zle      Chord    Area     c_cl     ai     cl_norm    cl       cd       cdv    cm_c/4     cm_LE   C.P.x/c
    21   0.0003  -0.0006   0.0000   0.2540   0.0006   0.1048   0.0484   0.4672   0.3961   0.1833   0.0000  -0.0156   0.1092    0.289
    22   0.0024  -0.0056   0.0000   0.2540   0.0019   0.1048   0.0475   0.4852   0.4113   0.0337   0.0000  -0.0143   0.1081    0.285
    23   0.0066  -0.0155   0.0000   0.2540   0.0031   0.1049   0.0488   0.4865   0.4124   0.0258   0.0000  -0.0109   0.1050    0.276
    24   0.0128  -0.0299   0.0000   0.2540   0.0042   0.1051   0.0514   0.4876   0.4134   0.0229   0.0000  -0.0064   0.1010    0.266
    25   0.0208  -0.0487   0.0000   0.2540   0.0053   0.1053   0.0547   0.4890   0.4146   0.0204   0.0000  -0.0021   0.0972    0.255
    26   0.0304  -0.0712   0.0000   0.2540   0.0062   0.1054   0.0581   0.4900   0.4154   0.0182   0.0000   0.0017   0.0939    0.246
    27   0.0414  -0.0970   0.0000   0.2540   0.0069   0.1053   0.0616   0.4897   0.4151   0.0164   0.0000   0.0048   0.0910    0.239
    28   0.0535  -0.1254   0.0000   0.2540   0.0075   0.1047   0.0652   0.4872   0.4130   0.0149   0.0000   0.0074   0.0881    0.232
    29   0.0664  -0.1558   0.0000   0.2540   0.0079   0.1035   0.0689   0.4815   0.4082   0.0137   0.0000   0.0097   0.0848    0.226
    30   0.0799  -0.1873   0.0000   0.2540   0.0081   0.1014   0.0729   0.4717   0.3998   0.0126   0.0000   0.0120   0.0807    0.220
    31   0.0934  -0.2191   0.0000   0.2540   0.0081   0.0981   0.0771   0.4567   0.3871   0.0115   0.0000   0.0144   0.0756    0.213
    32   0.1069  -0.2506   0.0000   0.2540   0.0079   0.0936   0.0814   0.4356   0.3692   0.0104   0.0000   0.0171   0.0690    0.204
    33   0.1198  -0.2810   0.0000   0.2540   0.0075   0.0875   0.0854   0.4075   0.3454   0.0092   0.0000   0.0199   0.0609    0.192
    34   0.1319  -0.3094   0.0000   0.2540   0.0069   0.0798   0.0886   0.3717   0.3151   0.0078   0.0000   0.0227   0.0514    0.178
    35   0.1429  -0.3352   0.0000   0.2540   0.0062   0.0705   0.0905   0.3283   0.2783   0.0062   0.0000   0.0249   0.0409    0.160
    36   0.1525  -0.3577   0.0000   0.2540   0.0053   0.0596   0.0905   0.2776   0.2353   0.0046   0.0000   0.0260   0.0300    0.140
    37   0.1605  -0.3765   0.0000   0.2540   0.0042   0.0474   0.0883   0.2208   0.1872   0.0029   0.0000   0.0249   0.0199    0.117
    38   0.1667  -0.3909   0.0000   0.2540   0.0031   0.0343   0.0842   0.1598   0.1354   0.0013   0.0000   0.0211   0.0116    0.094
    39   0.1709  -0.4008   0.0000   0.2540   0.0019   0.0206   0.0789   0.0964   0.0817  -0.0002   0.0000   0.0143   0.0056    0.075
    40   0.1730  -0.4058   0.0000   0.2540   0.0006   0.0069   0.0756   0.0323   0.0274  -0.0013   0.0000   0.0050   0.0016    0.066
 ---------------------------------------------------------------
