 ---------------------------------------------------------------
 Surface and Strip Forces by surface

  Sref = 0.13010       Cref = 0.15090       Bref = 0.91440    
  Xref = 0.10920       Yref =  0.0000       Zref =  0.0000    

  Surface # 1     Wing                                    
     # Chordwise = 10   # Spanwise = 20     First strip =  1
     Surface area Ssurf =    0.092903     Ave. chord Cave =    0.203200

 Forces referred to Sref, Cref, Bref about Xref, Yref, Zref
 Standard axis orientation,  X fwd, Z down         
     CLsurf  =   0.27920     Clsurf  =  -0.06254
     CYsurf  =   0.00803     Cmsurf  =  -0.04602
     CDsurf  =   0.00846     Cnsurf  =  -0.00657
     CDisurf =   0.00846     CDvsurf =   0.00000

 Forces referred to Ssurf, Cave 
     CLsurf  =   0.39099     CDsurf  =   0.01184

 Strip Forces referred to Strip Area, Chord
    j     Xle      Yle      Zle      Chord    Area     c_cl     ai     cl_norm    cl       cd       cdv    cm_c/4     cm_LE   C.P.x/c
     1   0.0003   0.0007   0.0000   0.2032   0.0006   0.0889   0.0267   0.5037   0.4256   0.1443   0.0000  -0.0199  -0.1188    0.297
     2   0.0027   0.0063   0.0000   0.2032   0.0017   0.0889   0.0270   0.5170   0.4368   0.0300   0.0000  -0.0178  -0.1169    0.291
     3   0.0075   0.0174   0.0000   0.2032   0.0028   0.0891   0.0299   0.5188   0.4384   0.0241   0.0000  -0.0128  -0.1125    0.279
     4   0.0145   0.0337   0.0000   0.2032   0.0038   0.0896   0.0339   0.5217   0.4408   0.0207   0.0000  -0.0072  -0.1078    0.266
     5   0.0236   0.0548   0.0000   0.2032   0.0047   0.0901   0.0381   0.5254   0.4440   0.0177   0.0000  -0.0025  -0.1041    0.256
     6   0.0345   0.0801   0.0000   0.2032   0.0055   0.0907   0.0419   0.5291   0.4471   0.0154   0.0000   0.0011  -0.1015    0.248
     7   0.0470   0.1092   0.0000   0.2032   0.0062   0.0911   0.0455   0.5317   0.4493   0.0137   0.0000   0.0037  -0.0996    0.242
     8   0.0608   0.1411   0.0000   0.2032   0.0067   0.0912   0.0489   0.5322   0.4497   0.0125   0.0000   0.0056  -0.0979    0.238
     9   0.0755   0.1752   0.0000   0.2032   0.0071   0.0907   0.0526   0.5297   0.4476   0.0116   0.0000   0.0073  -0.0959    0.234
    10   0.0907   0.2107   0.0000   0.2032   0.0073   0.0896   0.0567   0.5231   0.4421   0.0109   0.0000   0.0089  -0.0931    0.230
    11   0.1062   0.2465   0.0000   0.2032   0.0073   0.0876   0.0613   0.5114   0.4322   0.0102   0.0000   0.0107  -0.0892    0.225
    12   0.1214   0.2820   0.0000   0.2032   0.0071   0.0845   0.0666   0.4933   0.4169   0.0095   0.0000   0.0130  -0.0836    0.219
    13   0.1361   0.3161   0.0000   0.2032   0.0067   0.0800   0.0723   0.4674   0.3949   0.0087   0.0000   0.0158  -0.0759    0.210
    14   0.1499   0.3480   0.0000   0.2032   0.0062   0.0740   0.0778   0.4321   0.3652   0.0076   0.0000   0.0191  -0.0661    0.198
    15   0.1624   0.3771   0.0000   0.2032   0.0055   0.0662   0.0823   0.3866   0.3267   0.0063   0.0000   0.0225  -0.0541    0.181
    16   0.1733   0.4024   0.0000   0.2032   0.0047   0.0566   0.0848   0.3306   0.2793   0.0048   0.0000   0.0253  -0.0407    0.160
    17   0.1824   0.4235   0.0000   0.2032   0.0038   0.0454   0.0844   0.2652   0.2241   0.0031   0.0000   0.0260  -0.0274    0.134
    18   0.1894   0.4398   0.0000   0.2032   0.0028   0.0330   0.0808   0.1927   0.1629   0.0015   0.0000   0.0234  -0.0157    0.106
    19   0.1942   0.4509   0.0000   0.2032   0.0017   0.0199   0.0749   0.1164   0.0984  -0.0001   0.0000   0.0166  -0.0072    0.081
    20   0.1966   0.4565   0.0000   0.2032   0.0006   0.0066   0.0702   0.0390   0.0329  -0.0013   0.0000   0.0060  -0.0020    0.068

  Surface # 2     Wing (YDUP)                             
     # Chordwise = 10   # Spanwise = 20     First strip = 21
     Surface area Ssurf =    0.092903     Ave. chord Cave =    0.203200

 Forces referred to Sref, Cref, Bref about Xref, Yref, Zref
 Standard axis orientation,  X fwd, Z down         
     CLsurf  =   0.27920     Clsurf  =   0.06254
     CYsurf  =  -0.00803     Cmsurf  =  -0.04602
     CDsurf  =   0.00846     Cnsurf  =   0.00657
     CDisurf =   0.00846     CDvsurf =   0.00000

 Forces referred to Ssurf, Cave 
     CLsurf  =   0.39099     CDsurf  =   0.01184

 Strip Forces referred to Strip Area, Chord
    j     Xle      Yle      Zle      Chord    Area     c_cl     ai     cl_norm    cl       cd       cdv    cm_c/4     cm_LE   C.P.x/c
    21   0.0003  -0.0007   0.0000   0.2032   0.0006   0.0889   0.0267   0.5037   0.4256   0.1443   0.0000  -0.0199   0.1188    0.297
    22   0.0027  -0.0063   0.0000   0.2032   0.0017   0.0889   0.0270   0.5170   0.4368   0.0300   0.0000  -0.0178   0.1169    0.291
    23   0.0075  -0.0174   0.0000   0.2032   0.0028   0.0891   0.0299   0.5188   0.4384   0.0241   0.0000  -0.0128   0.1125    0.279
    24   0.0145  -0.0337   0.0000   0.2032   0.0038   0.0896   0.0339   0.5217   0.4408   0.0207   0.0000  -0.0072   0.1078    0.266
    25   0.0236  -0.0548   0.0000   0.2032   0.0047   0.0901   0.0381   0.5254   0.4440   0.0177   0.0000  -0.0025   0.1041    0.256
    26   0.0345  -0.0801   0.0000   0.2032   0.0055   0.0907   0.0419   0.5291   0.4471   0.0154   0.0000   0.0011   0.1015    0.248
    27   0.0470  -0.1092   0.0000   0.2032   0.0062   0.0911   0.0455   0.5317   0.4493   0.0137   0.0000   0.0037   0.0996    0.242
    28   0.0608  -0.1411   0.0000   0.2032   0.0067   0.0912   0.0489   0.5322   0.4497   0.0125   0.0000   0.0056   0.0979    0.238
    29   0.0755  -0.1752   0.0000   0.2032   0.0071   0.0907   0.0526   0.5297   0.4476   0.0116   0.0000   0.0073   0.0959    0.234
    30   0.0907  -0.2107   0.0000   0.2032   0.0073   0.0896   0.0567   0.5231   0.4421   0.0109   0.0000   0.0089   0.0931    0.230
    31   0.1062  -0.2465   0.0000   0.2032   0.0073   0.0876   0.0613   0.5114   0.4322   0.0102   0.0000   0.0107   0.0892    0.225
    32   0.1214  -0.2820   0.0000   0.2032   0.0071   0.0845   0.0666   0.4933   0.4169   0.0095   0.0000   0.0130   0.0836    0.219
    33   0.1361  -0.3161   0.0000   0.2032   0.0067   0.0800   0.0723   0.4674   0.3949   0.0087   0.0000   0.0158   0.0759    0.210
    34   0.1499  -0.3480   0.0000   0.2032   0.0062   0.0740   0.0778   0.4321   0.3652   0.0076   0.0000   0.0191   0.0661    0.198
    35   0.1624  -0.3771   0.0000   0.2032   0.0055   0.0662   0.0823   0.3866   0.3267   0.0063   0.0000   0.0225   0.0541    0.181
    36   0.1733  -0.4024   0.0000   0.2032   0.0047   0.0566   0.0848   0.3306   0.2793   0.0048   0.0000   0.0253   0.0407    0.160
    37   0.1824  -0.4235   0.0000   0.2032   0.0038   0.0454   0.0844   0.2652   0.2241   0.0031   0.0000   0.0260   0.0274    0.134
    38   0.1894  -0.4398   0.0000   0.2032   0.0028   0.0330   0.0808   0.1927   0.1629   0.0015   0.0000   0.0234   0.0157    0.106
    39   0.1942  -0.4509   0.0000   0.2032   0.0017   0.0199   0.0749   0.1164   0.0984  -0.0001   0.0000   0.0166   0.0072    0.081
    40   0.1966  -0.4565   0.0000   0.2032   0.0006   0.0066   0.0702   0.0390   0.0329  -0.0013   0.0000   0.0060   0.0020    0.068
 ---------------------------------------------------------------
