 ---------------------------------------------------------------
 Surface and Strip Forces by surface

  Sref = 0.10220       Cref = 0.19250       Bref = 0.60960    
  Xref = 0.10920       Yref =  0.0000       Zref =  0.0000    

  Surface # 1     Wing                                    
     # Chordwise = 10   # Spanwise = 20     First strip =  1
     Surface area Ssurf =    0.085161     Ave. chord Cave =    0.279400

 Forces referred to Sref, Cref, Bref about Xref, Yref, Zref
 Standard axis orientation,  X fwd, Z down         
     CLsurf  =   0.35542     Clsurf  =  -0.07611
     CYsurf  =   0.00591     Cmsurf  =   0.05287
     CDsurf  =   0.02322     Cnsurf  =  -0.01037
     CDisurf =   0.02322     CDvsurf =   0.00000

 Forces referred to Ssurf, Cave 
     CLsurf  =   0.42654     CDsurf  =   0.02787

 Strip Forces referred to Strip Area, Chord
    j     Xle      Yle      Zle      Chord    Area     c_cl     ai     cl_norm    cl       cd       cdv    cm_c/4     cm_LE   C.P.x/c
     1   0.0001   0.0005   0.0000   0.2794   0.0005   0.1478   0.1156   0.5173   0.5009   0.2210   0.0000   0.0058  -0.1244    0.238
     2   0.0008   0.0042   0.0000   0.2794   0.0016   0.1478   0.1149   0.5446   0.5274   0.0523   0.0000   0.0062  -0.1240    0.238
     3   0.0021   0.0116   0.0000   0.2794   0.0026   0.1478   0.1148   0.5461   0.5288   0.0418   0.0000   0.0075  -0.1227    0.236
     4   0.0041   0.0225   0.0000   0.2794   0.0035   0.1476   0.1154   0.5459   0.5286   0.0387   0.0000   0.0094  -0.1207    0.232
     5   0.0067   0.0365   0.0000   0.2794   0.0043   0.1471   0.1165   0.5447   0.5274   0.0366   0.0000   0.0115  -0.1182    0.228
     6   0.0098   0.0534   0.0000   0.2794   0.0051   0.1463   0.1181   0.5418   0.5246   0.0347   0.0000   0.0137  -0.1153    0.224
     7   0.0133   0.0728   0.0000   0.2794   0.0057   0.1448   0.1200   0.5366   0.5196   0.0330   0.0000   0.0158  -0.1120    0.220
     8   0.0173   0.0941   0.0000   0.2794   0.0062   0.1426   0.1222   0.5283   0.5115   0.0314   0.0000   0.0178  -0.1079    0.215
     9   0.0214   0.1168   0.0000   0.2794   0.0065   0.1392   0.1246   0.5161   0.4997   0.0300   0.0000   0.0198  -0.1030    0.210
    10   0.0258   0.1404   0.0000   0.2794   0.0067   0.1347   0.1273   0.4992   0.4834   0.0285   0.0000   0.0218  -0.0971    0.205
    11   0.0301   0.1644   0.0000   0.2794   0.0067   0.1287   0.1300   0.4770   0.4619   0.0269   0.0000   0.0238  -0.0899    0.199
    12   0.0345   0.1880   0.0000   0.2794   0.0065   0.1211   0.1326   0.4490   0.4347   0.0251   0.0000   0.0256  -0.0814    0.191
    13   0.0386   0.2107   0.0000   0.2794   0.0062   0.1118   0.1349   0.4147   0.4016   0.0231   0.0000   0.0272  -0.0717    0.182
    14   0.0426   0.2320   0.0000   0.2794   0.0057   0.1009   0.1366   0.3742   0.3623   0.0208   0.0000   0.0282  -0.0610    0.172
    15   0.0461   0.2514   0.0000   0.2794   0.0051   0.0883   0.1373   0.3275   0.3171   0.0182   0.0000   0.0284  -0.0498    0.161
    16   0.0492   0.2683   0.0000   0.2794   0.0043   0.0742   0.1368   0.2753   0.2666   0.0153   0.0000   0.0272  -0.0386    0.148
    17   0.0518   0.2823   0.0000   0.2794   0.0035   0.0589   0.1351   0.2185   0.2116   0.0120   0.0000   0.0243  -0.0280    0.135
    18   0.0538   0.2932   0.0000   0.2794   0.0026   0.0427   0.1322   0.1583   0.1533   0.0084   0.0000   0.0194  -0.0184    0.123
    19   0.0551   0.3006   0.0000   0.2794   0.0016   0.0258   0.1288   0.0958   0.0928   0.0045   0.0000   0.0126  -0.0103    0.114
    20   0.0558   0.3043   0.0000   0.2794   0.0005   0.0086   0.1268   0.0322   0.0312   0.0006   0.0000   0.0044  -0.0033    0.109

  Surface # 2     Wing (YDUP)                             
     # Chordwise = 10   # Spanwise = 20     First strip = 21
     Surface area Ssurf =    0.085161     Ave. chord Cave =    0.279400

 Forces referred to Sref, Cref, Bref about Xref, Yref, Zref
 Standard axis orientation,  X fwd, Z down         
     CLsurf  =   0.35542     Clsurf  =   0.07611
     CYsurf  =  -0.00591     Cmsurf  =   0.05287
     CDsurf  =   0.02322     Cnsurf  =   0.01037
     CDisurf =   0.02322     CDvsurf =   0.00000

 Forces referred to Ssurf, Cave 
     CLsurf  =   0.42654     CDsurf  =   0.02787

 Strip Forces referred to Strip Area, Chord
    j     Xle      Yle      Zle      Chord    Area     c_cl     ai     cl_norm    cl       cd       cdv    cm_c/4     cm_LE   C.P.x/c
    21   0.0001  -0.0005   0.0000   0.2794   0.0005   0.1478   0.1156   0.5173   0.5009   0.2210   0.0000   0.0058   0.1244    0.238
    22   0.0008  -0.0042   0.0000   0.2794   0.0016   0.1478   0.1149   0.5446   0.5274   0.0523   0.0000   0.0062   0.1240    0.238
    23   0.0021  -0.0116   0.0000   0.2794   0.0026   0.1478   0.1148   0.5461   0.5288   0.0418   0.0000   0.0075   0.1227    0.236
    24   0.0041  -0.0225   0.0000   0.2794   0.0035   0.1476   0.1154   0.5459   0.5286   0.0387   0.0000   0.0094   0.1207    0.232
    25   0.0067  -0.0365   0.0000   0.2794   0.0043   0.1471   0.1165   0.5447   0.5274   0.0366   0.0000   0.0115   0.1182    0.228
    26   0.0098  -0.0534   0.0000   0.2794   0.0051   0.1463   0.1181   0.5418   0.5246   0.0347   0.0000   0.0137   0.1153    0.224
    27   0.0133  -0.0728   0.0000   0.2794   0.0057   0.1448   0.1200   0.5366   0.5196   0.0330   0.0000   0.0158   0.1120    0.220
    28   0.0173  -0.0941   0.0000   0.2794   0.0062   0.1426   0.1222   0.5283   0.5115   0.0314   0.0000   0.0178   0.1079    0.215
    29   0.0214  -0.1168   0.0000   0.2794   0.0065   0.1392   0.1246   0.5161   0.4997   0.0300   0.0000   0.0198   0.1030    0.210
    30   0.0258  -0.1404   0.0000   0.2794   0.0067   0.1347   0.1273   0.4992   0.4834   0.0285   0.0000   0.0218   0.0971    0.205
    31   0.0301  -0.1644   0.0000   0.2794   0.0067   0.1287   0.1300   0.4770   0.4619   0.0269   0.0000   0.0238   0.0899    0.199
    32   0.0345  -0.1880   0.0000   0.2794   0.0065   0.1211   0.1326   0.4490   0.4347   0.0251   0.0000   0.0256   0.0814    0.191
    33   0.0386  -0.2107   0.0000   0.2794   0.0062   0.1118   0.1349   0.4147   0.4016   0.0231   0.0000   0.0272   0.0717    0.182
    34   0.0426  -0.2320   0.0000   0.2794   0.0057   0.1009   0.1366   0.3742   0.3623   0.0208   0.0000   0.0282   0.0610    0.172
    35   0.0461  -0.2514   0.0000   0.2794   0.0051   0.0883   0.1373   0.3275   0.3171   0.0182   0.0000   0.0284   0.0498    0.161
    36   0.0492  -0.2683   0.0000   0.2794   0.0043   0.0742   0.1368   0.2753   0.2666   0.0153   0.0000   0.0272   0.0386    0.148
    37   0.0518  -0.2823   0.0000   0.2794   0.0035   0.0589   0.1351   0.2185   0.2116   0.0120   0.0000   0.0243   0.0280    0.135
    38   0.0538  -0.2932   0.0000   0.2794   0.0026   0.0427   0.1322   0.1583   0.1533   0.0084   0.0000   0.0194   0.0184    0.123
    39   0.0551  -0.3006   0.0000   0.2794   0.0016   0.0258   0.1288   0.0958   0.0928   0.0045   0.0000   0.0126   0.0103    0.114
    40   0.0558  -0.3043   0.0000   0.2794   0.0005   0.0086   0.1268   0.0322   0.0312   0.0006   0.0000   0.0044   0.0033    0.109
 ---------------------------------------------------------------
