 ---------------------------------------------------------------
 Surface and Strip Forces by surface

  Sref = 0.12540       Cref = 0.15750       Bref = 0.91440    
  Xref = 0.10920       Yref =  0.0000       Zref =  0.0000    

  Surface # 1     Wing                                    
     # Chordwise = 10   # Spanwise = 20     First strip =  1
     Surface area Ssurf =    0.104516     Ave. chord Cave =    0.228600

 Forces referred to Sref, Cref, Bref about Xref, Yref, Zref
 Standard axis orientation,  X fwd, Z down         
     CLsurf  =   0.28967     Clsurf  =  -0.06457
     CYsurf  =   0.00802     Cmsurf  =  -0.06664
     CDsurf  =   0.00880     Cnsurf  =  -0.00675
     CDisurf =   0.00880     CDvsurf =   0.00000

 Forces referred to Ssurf, Cave 
     CLsurf  =   0.34755     CDsurf  =   0.01056

 Strip Forces referred to Strip Area, Chord
    j     Xle      Yle      Zle      Chord    Area     c_cl     ai     cl_norm    cl       cd       cdv    cm_c/4     cm_LE   C.P.x/c
     1   0.0003   0.0007   0.0000   0.2286   0.0006   0.0899   0.0299   0.4636   0.3822   0.1426   0.0000  -0.0189  -0.1064    0.300
     2   0.0029   0.0063   0.0000   0.2286   0.0019   0.0899   0.0294   0.4763   0.3926   0.0274   0.0000  -0.0172  -0.1048    0.294
     3   0.0081   0.0174   0.0000   0.2286   0.0031   0.0901   0.0317   0.4777   0.3938   0.0217   0.0000  -0.0127  -0.1009    0.282
     4   0.0156   0.0337   0.0000   0.2286   0.0043   0.0905   0.0352   0.4799   0.3956   0.0189   0.0000  -0.0075  -0.0966    0.269
     5   0.0254   0.0548   0.0000   0.2286   0.0053   0.0910   0.0390   0.4829   0.3980   0.0163   0.0000  -0.0029  -0.0929    0.257
     6   0.0372   0.0801   0.0000   0.2286   0.0062   0.0915   0.0427   0.4858   0.4004   0.0142   0.0000   0.0007  -0.0901    0.248
     7   0.0506   0.1092   0.0000   0.2286   0.0070   0.0918   0.0462   0.4877   0.4020   0.0126   0.0000   0.0034  -0.0879    0.241
     8   0.0655   0.1411   0.0000   0.2286   0.0076   0.0918   0.0497   0.4877   0.4020   0.0114   0.0000   0.0056  -0.0860    0.236
     9   0.0813   0.1752   0.0000   0.2286   0.0080   0.0912   0.0533   0.4847   0.3996   0.0105   0.0000   0.0074  -0.0838    0.232
    10   0.0977   0.2107   0.0000   0.2286   0.0082   0.0899   0.0573   0.4780   0.3940   0.0097   0.0000   0.0092  -0.0809    0.227
    11   0.1144   0.2465   0.0000   0.2286   0.0082   0.0877   0.0617   0.4663   0.3844   0.0090   0.0000   0.0111  -0.0769    0.221
    12   0.1308   0.2820   0.0000   0.2286   0.0080   0.0843   0.0665   0.4485   0.3697   0.0082   0.0000   0.0135  -0.0714    0.214
    13   0.1466   0.3161   0.0000   0.2286   0.0076   0.0796   0.0715   0.4233   0.3490   0.0073   0.0000   0.0163  -0.0642    0.203
    14   0.1615   0.3480   0.0000   0.2286   0.0070   0.0733   0.0760   0.3897   0.3213   0.0062   0.0000   0.0194  -0.0551    0.190
    15   0.1749   0.3771   0.0000   0.2286   0.0062   0.0652   0.0793   0.3470   0.2861   0.0050   0.0000   0.0225  -0.0443    0.171
    16   0.1867   0.4024   0.0000   0.2286   0.0053   0.0555   0.0805   0.2953   0.2435   0.0035   0.0000   0.0246  -0.0327    0.149
    17   0.1965   0.4235   0.0000   0.2286   0.0043   0.0443   0.0790   0.2359   0.1945   0.0021   0.0000   0.0248  -0.0214    0.122
    18   0.2040   0.4398   0.0000   0.2286   0.0031   0.0321   0.0749   0.1709   0.1409   0.0007   0.0000   0.0219  -0.0119    0.094
    19   0.2092   0.4509   0.0000   0.2286   0.0019   0.0193   0.0689   0.1031   0.0849  -0.0006   0.0000   0.0153  -0.0053    0.070
    20   0.2118   0.4565   0.0000   0.2286   0.0006   0.0064   0.0645   0.0345   0.0284  -0.0014   0.0000   0.0055  -0.0014    0.057

  Surface # 2     Wing (YDUP)                             
     # Chordwise = 10   # Spanwise = 20     First strip = 21
     Surface area Ssurf =    0.104516     Ave. chord Cave =    0.228600

 Forces referred to Sref, Cref, Bref about Xref, Yref, Zref
 Standard axis orientation,  X fwd, Z down         
     CLsurf  =   0.28967     Clsurf  =   0.06457
     CYsurf  =  -0.00802     Cmsurf  =  -0.06664
     CDsurf  =   0.00880     Cnsurf  =   0.00675
     CDisurf =   0.00880     CDvsurf =   0.00000

 Forces referred to Ssurf, Cave 
     CLsurf  =   0.34755     CDsurf  =   0.01056

 Strip Forces referred to Strip Area, Chord
    j     Xle      Yle      Zle      Chord    Area     c_cl     ai     cl_norm    cl       cd       cdv    cm_c/4     cm_LE   C.P.x/c
    21   0.0003  -0.0007   0.0000   0.2286   0.0006   0.0899   0.0299   0.4636   0.3822   0.1426   0.0000  -0.0189   0.1064    0.300
    22   0.0029  -0.0063   0.0000   0.2286   0.0019   0.0899   0.0294   0.4763   0.3926   0.0274   0.0000  -0.0172   0.1048    0.294
    23   0.0081  -0.0174   0.0000   0.2286   0.0031   0.0901   0.0317   0.4777   0.3938   0.0217   0.0000  -0.0127   0.1009    0.282
    24   0.0156  -0.0337   0.0000   0.2286   0.0043   0.0905   0.0352   0.4799   0.3956   0.0189   0.0000  -0.0075   0.0966    0.269
    25   0.0254  -0.0548   0.0000   0.2286   0.0053   0.0910   0.0390   0.4829   0.3980   0.0163   0.0000  -0.0029   0.0929    0.257
    26   0.0372  -0.0801   0.0000   0.2286   0.0062   0.0915   0.0427   0.4858   0.4004   0.0142   0.0000   0.0007   0.0901    0.248
    27   0.0506  -0.1092   0.0000   0.2286   0.0070   0.0918   0.0462   0.4877   0.4020   0.0126   0.0000   0.0034   0.0879    0.241
    28   0.0655  -0.1411   0.0000   0.2286   0.0076   0.0918   0.0497   0.4877   0.4020   0.0114   0.0000   0.0056   0.0860    0.236
    29   0.0813  -0.1752   0.0000   0.2286   0.0080   0.0912   0.0533   0.4847   0.3996   0.0105   0.0000   0.0074   0.0838    0.232
    30   0.0977  -0.2107   0.0000   0.2286   0.0082   0.0899   0.0573   0.4780   0.3940   0.0097   0.0000   0.0092   0.0809    0.227
    31   0.1144  -0.2465   0.0000   0.2286   0.0082   0.0877   0.0617   0.4663   0.3844   0.0090   0.0000   0.0111   0.0769    0.221
    32   0.1308  -0.2820   0.0000   0.2286   0.0080   0.0843   0.0665   0.4485   0.3697   0.0082   0.0000   0.0135   0.0714    0.214
    33   0.1466  -0.3161   0.0000   0.2286   0.0076   0.0796   0.0715   0.4233   0.3490   0.0073   0.0000   0.0163   0.0642    0.203
    34   0.1615  -0.3480   0.0000   0.2286   0.0070   0.0733   0.0760   0.3897   0.3213   0.0062   0.0000   0.0194   0.0551    0.190
    35   0.1749  -0.3771   0.0000   0.2286   0.0062   0.0652   0.0793   0.3470   0.2861   0.0050   0.0000   0.0225   0.0443    0.171
    36   0.1867  -0.4024   0.0000   0.2286   0.0053   0.0555   0.0805   0.2953   0.2435   0.0035   0.0000   0.0246   0.0327    0.149
    37   0.1965  -0.4235   0.0000   0.2286   0.0043   0.0443   0.0790   0.2359   0.1945   0.0021   0.0000   0.0248   0.0214    0.122
    38   0.2040  -0.4398   0.0000   0.2286   0.0031   0.0321   0.0749   0.1709   0.1409   0.0007   0.0000   0.0219   0.0119    0.094
    39   0.2092  -0.4509   0.0000   0.2286   0.0019   0.0193   0.0689   0.1031   0.0849  -0.0006   0.0000   0.0153   0.0053    0.070
    40   0.2118  -0.4565   0.0000   0.2286   0.0006   0.0064   0.0645   0.0345   0.0284  -0.0014   0.0000   0.0055   0.0014    0.057
 ---------------------------------------------------------------
