 ---------------------------------------------------------------
 Surface and Strip Forces by surface

  Sref = 0.13010       Cref = 0.18360       Bref = 0.71120    
  Xref = 0.10920       Yref =  0.0000       Zref =  0.0000    

  Surface # 1     Wing                                    
     # Chordwise = 10   # Spanwise = 20     First strip =  1
     Surface area Ssurf =    0.072258     Ave. chord Cave =    0.203200

 Forces referred to Sref, Cref, Bref about Xref, Yref, Zref
 Standard axis orientation,  X fwd, Z down         
     CLsurf  =   0.27920     Clsurf  =  -0.06029
     CYsurf  =   0.00074     Cmsurf  =   0.09121
     CDsurf  =   0.01293     Cnsurf  =  -0.00559
     CDisurf =   0.01293     CDvsurf =   0.00000

 Forces referred to Ssurf, Cave 
     CLsurf  =   0.50270     CDsurf  =   0.02328

 Strip Forces referred to Strip Area, Chord
    j     Xle      Yle      Zle      Chord    Area     c_cl     ai     cl_norm    cl       cd       cdv    cm_c/4     cm_LE   C.P.x/c
     1   0.0000   0.0005   0.0000   0.2032   0.0004   0.1248   0.0811   0.6137   0.6132   0.0495   0.0000   0.0091  -0.1444    0.235
     2   0.0001   0.0049   0.0000   0.2032   0.0013   0.1248   0.0811   0.6166   0.6161   0.0282   0.0000   0.0092  -0.1443    0.235
     3   0.0004   0.0135   0.0000   0.2032   0.0022   0.1247   0.0812   0.6166   0.6161   0.0269   0.0000   0.0096  -0.1438    0.234
     4   0.0008   0.0262   0.0000   0.2032   0.0030   0.1246   0.0816   0.6159   0.6154   0.0263   0.0000   0.0101  -0.1431    0.234
     5   0.0012   0.0426   0.0000   0.2032   0.0037   0.1242   0.0822   0.6143   0.6138   0.0259   0.0000   0.0106  -0.1422    0.233
     6   0.0018   0.0623   0.0000   0.2032   0.0043   0.1236   0.0831   0.6109   0.6105   0.0255   0.0000   0.0112  -0.1408    0.232
     7   0.0024   0.0849   0.0000   0.2032   0.0048   0.1224   0.0844   0.6053   0.6048   0.0253   0.0000   0.0118  -0.1388    0.231
     8   0.0031   0.1098   0.0000   0.2032   0.0052   0.1207   0.0861   0.5966   0.5961   0.0252   0.0000   0.0125  -0.1359    0.229
     9   0.0039   0.1363   0.0000   0.2032   0.0055   0.1181   0.0883   0.5840   0.5836   0.0251   0.0000   0.0133  -0.1320    0.227
    10   0.0047   0.1638   0.0000   0.2032   0.0057   0.1147   0.0911   0.5668   0.5664   0.0249   0.0000   0.0144  -0.1267    0.225
    11   0.0055   0.1918   0.0000   0.2032   0.0057   0.1101   0.0945   0.5441   0.5437   0.0247   0.0000   0.0156  -0.1198    0.221
    12   0.0063   0.2193   0.0000   0.2032   0.0055   0.1043   0.0983   0.5152   0.5148   0.0243   0.0000   0.0171  -0.1111    0.217
    13   0.0071   0.2458   0.0000   0.2032   0.0052   0.0970   0.1023   0.4792   0.4788   0.0236   0.0000   0.0187  -0.1006    0.211
    14   0.0078   0.2707   0.0000   0.2032   0.0048   0.0882   0.1062   0.4357   0.4353   0.0225   0.0000   0.0204  -0.0882    0.203
    15   0.0084   0.2933   0.0000   0.2032   0.0043   0.0779   0.1095   0.3843   0.3840   0.0209   0.0000   0.0216  -0.0742    0.194
    16   0.0090   0.3130   0.0000   0.2032   0.0037   0.0660   0.1117   0.3254   0.3251   0.0187   0.0000   0.0220  -0.0591    0.182
    17   0.0094   0.3294   0.0000   0.2032   0.0030   0.0527   0.1122   0.2597   0.2595   0.0157   0.0000   0.0209  -0.0438    0.169
    18   0.0098   0.3421   0.0000   0.2032   0.0022   0.0383   0.1106   0.1887   0.1886   0.0119   0.0000   0.0178  -0.0293    0.156
    19   0.0101   0.3507   0.0000   0.2032   0.0013   0.0232   0.1073   0.1143   0.1142   0.0074   0.0000   0.0121  -0.0164    0.144
    20   0.0102   0.3551   0.0000   0.2032   0.0004   0.0078   0.1043   0.0382   0.0382   0.0024   0.0000   0.0043  -0.0052    0.137

  Surface # 2     Wing (YDUP)                             
     # Chordwise = 10   # Spanwise = 20     First strip = 21
     Surface area Ssurf =    0.072258     Ave. chord Cave =    0.203200

 Forces referred to Sref, Cref, Bref about Xref, Yref, Zref
 Standard axis orientation,  X fwd, Z down         
     CLsurf  =   0.27920     Clsurf  =   0.06029
     CYsurf  =  -0.00074     Cmsurf  =   0.09121
     CDsurf  =   0.01293     Cnsurf  =   0.00559
     CDisurf =   0.01293     CDvsurf =   0.00000

 Forces referred to Ssurf, Cave 
     CLsurf  =   0.50270     CDsurf  =   0.02328

 Strip Forces referred to Strip Area, Chord
    j     Xle      Yle      Zle      Chord    Area     c_cl     ai     cl_norm    cl       cd       cdv    cm_c/4     cm_LE   C.P.x/c
    21   0.0000  -0.0005   0.0000   0.2032   0.0004   0.1248   0.0811   0.6137   0.6132   0.0495   0.0000   0.0091   0.1444    0.235
    22   0.0001  -0.0049   0.0000   0.2032   0.0013   0.1248   0.0811   0.6166   0.6161   0.0282   0.0000   0.0092   0.1443    0.235
    23   0.0004  -0.0135   0.0000   0.2032   0.0022   0.1247   0.0812   0.6166   0.6161   0.0269   0.0000   0.0096   0.1438    0.234
    24   0.0008  -0.0262   0.0000   0.2032   0.0030   0.1246   0.0816   0.6159   0.6154   0.0263   0.0000   0.0101   0.1431    0.234
    25   0.0012  -0.0426   0.0000   0.2032   0.0037   0.1242   0.0822   0.6143   0.6138   0.0259   0.0000   0.0106   0.1422    0.233
    26   0.0018  -0.0623   0.0000   0.2032   0.0043   0.1236   0.0831   0.6109   0.6105   0.0255   0.0000   0.0112   0.1408    0.232
    27   0.0024  -0.0849   0.0000   0.2032   0.0048   0.1224   0.0844   0.6053   0.6048   0.0253   0.0000   0.0118   0.1388    0.231
    28   0.0031  -0.1098   0.0000   0.2032   0.0052   0.1207   0.0861   0.5966   0.5961   0.0252   0.0000   0.0125   0.1359    0.229
    29   0.0039  -0.1363   0.0000   0.2032   0.0055   0.1181   0.0883   0.5840   0.5836   0.0251   0.0000   0.0133   0.1320    0.227
    30   0.0047  -0.1638   0.0000   0.2032   0.0057   0.1147   0.0911   0.5668   0.5664   0.0249   0.0000   0.0144   0.1267    0.225
    31   0.0055  -0.1918   0.0000   0.2032   0.0057   0.1101   0.0945   0.5441   0.5437   0.0247   0.0000   0.0156   0.1198    0.221
    32   0.0063  -0.2193   0.0000   0.2032   0.0055   0.1043   0.0983   0.5152   0.5148   0.0243   0.0000   0.0171   0.1111    0.217
    33   0.0071  -0.2458   0.0000   0.2032   0.0052   0.0970   0.1023   0.4792   0.4788   0.0236   0.0000   0.0187   0.1006    0.211
    34   0.0078  -0.2707   0.0000   0.2032   0.0048   0.0882   0.1062   0.4357   0.4353   0.0225   0.0000   0.0204   0.0882    0.203
    35   0.0084  -0.2933   0.0000   0.2032   0.0043   0.0779   0.1095   0.3843   0.3840   0.0209   0.0000   0.0216   0.0742    0.194
    36   0.0090  -0.3130   0.0000   0.2032   0.0037   0.0660   0.1117   0.3254   0.3251   0.0187   0.0000   0.0220   0.0591    0.182
    37   0.0094  -0.3294   0.0000   0.2032   0.0030   0.0527   0.1122   0.2597   0.2595   0.0157   0.0000   0.0209   0.0438    0.169
    38   0.0098  -0.3421   0.0000   0.2032   0.0022   0.0383   0.1106   0.1887   0.1886   0.0119   0.0000   0.0178   0.0293    0.156
    39   0.0101  -0.3507   0.0000   0.2032   0.0013   0.0232   0.1073   0.1143   0.1142   0.0074   0.0000   0.0121   0.0164    0.144
    40   0.0102  -0.3551   0.0000   0.2032   0.0004   0.0078   0.1043   0.0382   0.0382   0.0024   0.0000   0.0043   0.0052    0.137
 ---------------------------------------------------------------
