 ---------------------------------------------------------------
 Surface and Strip Forces by surface

  Sref = 0.13940       Cref = 0.22860       Bref = 0.60960    
  Xref = 0.10920       Yref =  0.0000       Zref =  0.0000    

  Surface # 1     Wing                                    
     # Chordwise = 10   # Spanwise = 20     First strip =  1
     Surface area Ssurf =    0.069677     Ave. chord Cave =    0.228600

 Forces referred to Sref, Cref, Bref about Xref, Yref, Zref
 Standard axis orientation,  X fwd, Z down         
     CLsurf  =   0.26058     Clsurf  =  -0.05591
     CYsurf  =   0.00241     Cmsurf  =   0.05602
     CDsurf  =   0.01667     Cnsurf  =  -0.00676
     CDisurf =   0.01667     CDvsurf =   0.00000

 Forces referred to Ssurf, Cave 
     CLsurf  =   0.52132     CDsurf  =   0.03336

 Strip Forces referred to Strip Area, Chord
    j     Xle      Yle      Zle      Chord    Area     c_cl     ai     cl_norm    cl       cd       cdv    cm_c/4     cm_LE   C.P.x/c
     1   0.0000   0.0005   0.0000   0.2286   0.0004   0.1469   0.1135   0.6316   0.6270   0.1447   0.0000   0.0092  -0.1508    0.235
     2   0.0004   0.0042   0.0000   0.2286   0.0013   0.1468   0.1133   0.6479   0.6431   0.0500   0.0000   0.0095  -0.1505    0.235
     3   0.0010   0.0116   0.0000   0.2286   0.0021   0.1468   0.1135   0.6487   0.6439   0.0441   0.0000   0.0104  -0.1496    0.234
     4   0.0020   0.0225   0.0000   0.2286   0.0029   0.1466   0.1142   0.6483   0.6435   0.0419   0.0000   0.0116  -0.1481    0.232
     5   0.0032   0.0365   0.0000   0.2286   0.0036   0.1462   0.1152   0.6467   0.6419   0.0404   0.0000   0.0130  -0.1463    0.230
     6   0.0047   0.0534   0.0000   0.2286   0.0042   0.1454   0.1166   0.6432   0.6384   0.0391   0.0000   0.0144  -0.1440    0.227
     7   0.0064   0.0728   0.0000   0.2286   0.0047   0.1439   0.1184   0.6370   0.6323   0.0380   0.0000   0.0158  -0.1411    0.225
     8   0.0082   0.0941   0.0000   0.2286   0.0051   0.1417   0.1205   0.6273   0.6227   0.0371   0.0000   0.0172  -0.1373    0.222
     9   0.0102   0.1168   0.0000   0.2286   0.0053   0.1385   0.1232   0.6132   0.6086   0.0362   0.0000   0.0187  -0.1323    0.219
    10   0.0123   0.1404   0.0000   0.2286   0.0054   0.1342   0.1262   0.5937   0.5894   0.0352   0.0000   0.0203  -0.1260    0.216
    11   0.0144   0.1644   0.0000   0.2286   0.0054   0.1284   0.1296   0.5682   0.5640   0.0341   0.0000   0.0220  -0.1180    0.211
    12   0.0165   0.1880   0.0000   0.2286   0.0053   0.1211   0.1331   0.5359   0.5319   0.0327   0.0000   0.0238  -0.1083    0.205
    13   0.0185   0.2107   0.0000   0.2286   0.0051   0.1122   0.1366   0.4963   0.4926   0.0310   0.0000   0.0255  -0.0969    0.198
    14   0.0203   0.2320   0.0000   0.2286   0.0047   0.1015   0.1397   0.4490   0.4457   0.0287   0.0000   0.0268  -0.0839    0.190
    15   0.0220   0.2514   0.0000   0.2286   0.0042   0.0892   0.1420   0.3942   0.3913   0.0260   0.0000   0.0275  -0.0698    0.180
    16   0.0235   0.2683   0.0000   0.2286   0.0036   0.0752   0.1430   0.3324   0.3299   0.0226   0.0000   0.0269  -0.0551    0.168
    17   0.0247   0.2823   0.0000   0.2286   0.0029   0.0599   0.1426   0.2644   0.2625   0.0186   0.0000   0.0246  -0.0407    0.156
    18   0.0257   0.2932   0.0000   0.2286   0.0021   0.0434   0.1405   0.1918   0.1904   0.0138   0.0000   0.0201  -0.0273    0.145
    19   0.0263   0.3006   0.0000   0.2286   0.0013   0.0263   0.1373   0.1162   0.1153   0.0083   0.0000   0.0133  -0.0154    0.135
    20   0.0267   0.3043   0.0000   0.2286   0.0004   0.0088   0.1351   0.0389   0.0387   0.0023   0.0000   0.0047  -0.0049    0.129

  Surface # 2     Wing (YDUP)                             
     # Chordwise = 10   # Spanwise = 20     First strip = 21
     Surface area Ssurf =    0.069677     Ave. chord Cave =    0.228600

 Forces referred to Sref, Cref, Bref about Xref, Yref, Zref
 Standard axis orientation,  X fwd, Z down         
     CLsurf  =   0.26058     Clsurf  =   0.05591
     CYsurf  =  -0.00241     Cmsurf  =   0.05602
     CDsurf  =   0.01667     Cnsurf  =   0.00676
     CDisurf =   0.01667     CDvsurf =   0.00000

 Forces referred to Ssurf, Cave 
     CLsurf  =   0.52132     CDsurf  =   0.03336

 Strip Forces referred to Strip Area, Chord
    j     Xle      Yle      Zle      Chord    Area     c_cl     ai     cl_norm    cl       cd       cdv    cm_c/4     cm_LE   C.P.x/c
    21   0.0000  -0.0005   0.0000   0.2286   0.0004   0.1469   0.1135   0.6316   0.6270   0.1447   0.0000   0.0092   0.1508    0.235
    22   0.0004  -0.0042   0.0000   0.2286   0.0013   0.1468   0.1133   0.6479   0.6431   0.0500   0.0000   0.0095   0.1505    0.235
    23   0.0010  -0.0116   0.0000   0.2286   0.0021   0.1468   0.1135   0.6487   0.6439   0.0441   0.0000   0.0104   0.1496    0.234
    24   0.0020  -0.0225   0.0000   0.2286   0.0029   0.1466   0.1142   0.6483   0.6435   0.0419   0.0000   0.0116   0.1481    0.232
    25   0.0032  -0.0365   0.0000   0.2286   0.0036   0.1462   0.1152   0.6467   0.6419   0.0404   0.0000   0.0130   0.1463    0.230
    26   0.0047  -0.0534   0.0000   0.2286   0.0042   0.1454   0.1166   0.6432   0.6384   0.0391   0.0000   0.0144   0.1440    0.227
    27   0.0064  -0.0728   0.0000   0.2286   0.0047   0.1439   0.1184   0.6370   0.6323   0.0380   0.0000   0.0158   0.1411    0.225
    28   0.0082  -0.0941   0.0000   0.2286   0.0051   0.1417   0.1205   0.6273   0.6227   0.0371   0.0000   0.0172   0.1373    0.222
    29   0.0102  -0.1168   0.0000   0.2286   0.0053   0.1385   0.1232   0.6132   0.6086   0.0362   0.0000   0.0187   0.1323    0.219
    30   0.0123  -0.1404   0.0000   0.2286   0.0054   0.1342   0.1262   0.5937   0.5894   0.0352   0.0000   0.0203   0.1260    0.216
    31   0.0144  -0.1644   0.0000   0.2286   0.0054   0.1284   0.1296   0.5682   0.5640   0.0341   0.0000   0.0220   0.1180    0.211
    32   0.0165  -0.1880   0.0000   0.2286   0.0053   0.1211   0.1331   0.5359   0.5319   0.0327   0.0000   0.0238   0.1083    0.205
    33   0.0185  -0.2107   0.0000   0.2286   0.0051   0.1122   0.1366   0.4963   0.4926   0.0310   0.0000   0.0255   0.0969    0.198
    34   0.0203  -0.2320   0.0000   0.2286   0.0047   0.1015   0.1397   0.4490   0.4457   0.0287   0.0000   0.0268   0.0839    0.190
    35   0.0220  -0.2514   0.0000   0.2286   0.0042   0.0892   0.1420   0.3942   0.3913   0.0260   0.0000   0.0275   0.0698    0.180
    36   0.0235  -0.2683   0.0000   0.2286   0.0036   0.0752   0.1430   0.3324   0.3299   0.0226   0.0000   0.0269   0.0551    0.168
    37   0.0247  -0.2823   0.0000   0.2286   0.0029   0.0599   0.1426   0.2644   0.2625   0.0186   0.0000   0.0246   0.0407    0.156
    38   0.0257  -0.2932   0.0000   0.2286   0.0021   0.0434   0.1405   0.1918   0.1904   0.0138   0.0000   0.0201   0.0273    0.145
    39   0.0263  -0.3006   0.0000   0.2286   0.0013   0.0263   0.1373   0.1162   0.1153   0.0083   0.0000   0.0133   0.0154    0.135
    40   0.0267  -0.3043   0.0000   0.2286   0.0004   0.0088   0.1351   0.0389   0.0387   0.0023   0.0000   0.0047   0.0049    0.129
 ---------------------------------------------------------------
