 ---------------------------------------------------------------
 Surface and Strip Forces by surface

  Sref = 0.13010       Cref = 0.15090       Bref = 0.91440    
  Xref = 0.10920       Yref =  0.0000       Zref =  0.0000    

  Surface # 1     Wing                                    
     # Chordwise = 10   # Spanwise = 20     First strip =  1
     Surface area Ssurf =    0.092903     Ave. chord Cave =    0.203200

 Forces referred to Sref, Cref, Bref about Xref, Yref, Zref
 Standard axis orientation,  X fwd, Z down         
     CLsurf  =   0.27920     Clsurf  =  -0.06174
     CYsurf  =   0.00439     Cmsurf  =   0.02710
     CDsurf  =   0.00820     Cnsurf  =  -0.00504
     CDisurf =   0.00820     CDvsurf =   0.00000

 Forces referred to Ssurf, Cave 
     CLsurf  =   0.39099     CDsurf  =   0.01148

 Strip Forces referred to Strip Area, Chord
    j     Xle      Yle      Zle      Chord    Area     c_cl     ai     cl_norm    cl       cd       cdv    cm_c/4     cm_LE   C.P.x/c
     1   0.0002   0.0007   0.0000   0.2032   0.0006   0.0922   0.0372   0.4728   0.4467   0.0979   0.0000  -0.0086  -0.1187    0.269
     2   0.0015   0.0063   0.0000   0.2032   0.0017   0.0922   0.0367   0.4803   0.4537   0.0235   0.0000  -0.0074  -0.1175    0.266
     3   0.0042   0.0174   0.0000   0.2032   0.0028   0.0923   0.0378   0.4811   0.4545   0.0192   0.0000  -0.0044  -0.1146    0.260
     4   0.0082   0.0337   0.0000   0.2032   0.0038   0.0925   0.0399   0.4821   0.4555   0.0168   0.0000  -0.0010  -0.1116    0.252
     5   0.0133   0.0548   0.0000   0.2032   0.0047   0.0927   0.0423   0.4833   0.4566   0.0150   0.0000   0.0019  -0.1089    0.246
     6   0.0195   0.0801   0.0000   0.2032   0.0055   0.0928   0.0447   0.4841   0.4573   0.0136   0.0000   0.0042  -0.1068    0.241
     7   0.0265   0.1092   0.0000   0.2032   0.0062   0.0927   0.0472   0.4836   0.4569   0.0126   0.0000   0.0059  -0.1050    0.237
     8   0.0343   0.1411   0.0000   0.2032   0.0067   0.0922   0.0497   0.4811   0.4545   0.0119   0.0000   0.0073  -0.1031    0.234
     9   0.0426   0.1752   0.0000   0.2032   0.0071   0.0911   0.0526   0.4758   0.4495   0.0114   0.0000   0.0085  -0.1007    0.231
    10   0.0512   0.2107   0.0000   0.2032   0.0073   0.0894   0.0558   0.4668   0.4410   0.0110   0.0000   0.0098  -0.0974    0.228
    11   0.0599   0.2465   0.0000   0.2032   0.0073   0.0869   0.0595   0.4534   0.4284   0.0107   0.0000   0.0112  -0.0929    0.224
    12   0.0685   0.2820   0.0000   0.2032   0.0071   0.0832   0.0637   0.4345   0.4105   0.0103   0.0000   0.0130  -0.0869    0.218
    13   0.0768   0.3161   0.0000   0.2032   0.0067   0.0784   0.0682   0.4091   0.3865   0.0098   0.0000   0.0151  -0.0790    0.211
    14   0.0846   0.3480   0.0000   0.2032   0.0062   0.0721   0.0727   0.3762   0.3554   0.0092   0.0000   0.0176  -0.0691    0.201
    15   0.0916   0.3771   0.0000   0.2032   0.0055   0.0642   0.0765   0.3351   0.3166   0.0082   0.0000   0.0200  -0.0573    0.187
    16   0.0978   0.4024   0.0000   0.2032   0.0047   0.0547   0.0788   0.2857   0.2699   0.0070   0.0000   0.0218  -0.0442    0.169
    17   0.1029   0.4235   0.0000   0.2032   0.0038   0.0438   0.0787   0.2289   0.2162   0.0055   0.0000   0.0221  -0.0310    0.148
    18   0.1069   0.4398   0.0000   0.2032   0.0028   0.0319   0.0760   0.1663   0.1571   0.0038   0.0000   0.0197  -0.0190    0.125
    19   0.1096   0.4509   0.0000   0.2032   0.0017   0.0192   0.0709   0.1005   0.0949   0.0018   0.0000   0.0139  -0.0095    0.104
    20   0.1109   0.4565   0.0000   0.2032   0.0006   0.0064   0.0664   0.0336   0.0317  -0.0002   0.0000   0.0050  -0.0028    0.091

  Surface # 2     Wing (YDUP)                             
     # Chordwise = 10   # Spanwise = 20     First strip = 21
     Surface area Ssurf =    0.092903     Ave. chord Cave =    0.203200

 Forces referred to Sref, Cref, Bref about Xref, Yref, Zref
 Standard axis orientation,  X fwd, Z down         
     CLsurf  =   0.27920     Clsurf  =   0.06174
     CYsurf  =  -0.00439     Cmsurf  =   0.02710
     CDsurf  =   0.00820     Cnsurf  =   0.00504
     CDisurf =   0.00820     CDvsurf =   0.00000

 Forces referred to Ssurf, Cave 
     CLsurf  =   0.39099     CDsurf  =   0.01148

 Strip Forces referred to Strip Area, Chord
    j     Xle      Yle      Zle      Chord    Area     c_cl     ai     cl_norm    cl       cd       cdv    cm_c/4     cm_LE   C.P.x/c
    21   0.0002  -0.0007   0.0000   0.2032   0.0006   0.0922   0.0372   0.4728   0.4467   0.0979   0.0000  -0.0086   0.1187    0.269
    22   0.0015  -0.0063   0.0000   0.2032   0.0017   0.0922   0.0367   0.4803   0.4537   0.0235   0.0000  -0.0074   0.1175    0.266
    23   0.0042  -0.0174   0.0000   0.2032   0.0028   0.0923   0.0378   0.4811   0.4545   0.0192   0.0000  -0.0044   0.1146    0.260
    24   0.0082  -0.0337   0.0000   0.2032   0.0038   0.0925   0.0399   0.4821   0.4555   0.0168   0.0000  -0.0010   0.1116    0.252
    25   0.0133  -0.0548   0.0000   0.2032   0.0047   0.0927   0.0423   0.4833   0.4566   0.0150   0.0000   0.0019   0.1089    0.246
    26   0.0195  -0.0801   0.0000   0.2032   0.0055   0.0928   0.0447   0.4841   0.4573   0.0136   0.0000   0.0042   0.1068    0.241
    27   0.0265  -0.1092   0.0000   0.2032   0.0062   0.0927   0.0472   0.4836   0.4569   0.0126   0.0000   0.0059   0.1050    0.237
    28   0.0343  -0.1411   0.0000   0.2032   0.0067   0.0922   0.0497   0.4811   0.4545   0.0119   0.0000   0.0073   0.1031    0.234
    29   0.0426  -0.1752   0.0000   0.2032   0.0071   0.0911   0.0526   0.4758   0.4495   0.0114   0.0000   0.0085   0.1007    0.231
    30   0.0512  -0.2107   0.0000   0.2032   0.0073   0.0894   0.0558   0.4668   0.4410   0.0110   0.0000   0.0098   0.0974    0.228
    31   0.0599  -0.2465   0.0000   0.2032   0.0073   0.0869   0.0595   0.4534   0.4284   0.0107   0.0000   0.0112   0.0929    0.224
    32   0.0685  -0.2820   0.0000   0.2032   0.0071   0.0832   0.0637   0.4345   0.4105   0.0103   0.0000   0.0130   0.0869    0.218
    33   0.0768  -0.3161   0.0000   0.2032   0.0067   0.0784   0.0682   0.4091   0.3865   0.0098   0.0000   0.0151   0.0790    0.211
    34   0.0846  -0.3480   0.0000   0.2032   0.0062   0.0721   0.0727   0.3762   0.3554   0.0092   0.0000   0.0176   0.0691    0.201
    35   0.0916  -0.3771   0.0000   0.2032   0.0055   0.0642   0.0765   0.3351   0.3166   0.0082   0.0000   0.0200   0.0573    0.187
    36   0.0978  -0.4024   0.0000   0.2032   0.0047   0.0547   0.0788   0.2857   0.2699   0.0070   0.0000   0.0218   0.0442    0.169
    37   0.1029  -0.4235   0.0000   0.2032   0.0038   0.0438   0.0787   0.2289   0.2162   0.0055   0.0000   0.0221   0.0310    0.148
    38   0.1069  -0.4398   0.0000   0.2032   0.0028   0.0319   0.0760   0.1663   0.1571   0.0038   0.0000   0.0197   0.0190    0.125
    39   0.1096  -0.4509   0.0000   0.2032   0.0017   0.0192   0.0709   0.1005   0.0949   0.0018   0.0000   0.0139   0.0095    0.104
    40   0.1109  -0.4565   0.0000   0.2032   0.0006   0.0064   0.0664   0.0336   0.0317  -0.0002   0.0000   0.0050   0.0028    0.091
 ---------------------------------------------------------------
