 ---------------------------------------------------------------
 Surface and Strip Forces by surface

  Sref = 0.11560       Cref = 0.15090       Bref = 0.81280    
  Xref = 0.10920       Yref =  0.0000       Zref =  0.0000    

  Surface # 1     Wing                                    
     # Chordwise = 10   # Spanwise = 20     First strip =  1
     Surface area Ssurf =    0.082580     Ave. chord Cave =    0.203200

 Forces referred to Sref, Cref, Bref about Xref, Yref, Zref
 Standard axis orientation,  X fwd, Z down         
     CLsurf  =   0.31422     Clsurf  =  -0.06950
     CYsurf  =   0.00831     Cmsurf  =   0.00436
     CDsurf  =   0.01184     Cnsurf  =  -0.00787
     CDisurf =   0.01184     CDvsurf =   0.00000

 Forces referred to Ssurf, Cave 
     CLsurf  =   0.43987     CDsurf  =   0.01658

 Strip Forces referred to Strip Area, Chord
    j     Xle      Yle      Zle      Chord    Area     c_cl     ai     cl_norm    cl       cd       cdv    cm_c/4     cm_LE   C.P.x/c
     1   0.0002   0.0006   0.0000   0.2032   0.0005   0.1031   0.0433   0.5468   0.4900   0.1783   0.0000  -0.0160  -0.1350    0.283
     2   0.0019   0.0056   0.0000   0.2032   0.0015   0.1031   0.0435   0.5650   0.5063   0.0382   0.0000  -0.0143  -0.1335    0.278
     3   0.0053   0.0155   0.0000   0.2032   0.0025   0.1032   0.0457   0.5666   0.5078   0.0305   0.0000  -0.0102  -0.1298    0.270
     4   0.0103   0.0299   0.0000   0.2032   0.0034   0.1035   0.0490   0.5686   0.5095   0.0267   0.0000  -0.0054  -0.1255    0.261
     5   0.0167   0.0487   0.0000   0.2032   0.0042   0.1038   0.0527   0.5709   0.5116   0.0235   0.0000  -0.0010  -0.1217    0.252
     6   0.0244   0.0712   0.0000   0.2032   0.0049   0.1041   0.0563   0.5727   0.5132   0.0210   0.0000   0.0025  -0.1187    0.245
     7   0.0333   0.0970   0.0000   0.2032   0.0055   0.1041   0.0599   0.5731   0.5136   0.0191   0.0000   0.0053  -0.1162    0.240
     8   0.0430   0.1254   0.0000   0.2032   0.0060   0.1037   0.0636   0.5710   0.5117   0.0177   0.0000   0.0075  -0.1136    0.235
     9   0.0534   0.1558   0.0000   0.2032   0.0063   0.1027   0.0675   0.5655   0.5068   0.0166   0.0000   0.0094  -0.1106    0.231
    10   0.0642   0.1873   0.0000   0.2032   0.0065   0.1008   0.0718   0.5555   0.4978   0.0157   0.0000   0.0114  -0.1066    0.227
    11   0.0752   0.2191   0.0000   0.2032   0.0065   0.0980   0.0766   0.5398   0.4837   0.0148   0.0000   0.0135  -0.1012    0.222
    12   0.0860   0.2506   0.0000   0.2032   0.0063   0.0939   0.0818   0.5173   0.4635   0.0139   0.0000   0.0161  -0.0941    0.215
    13   0.0964   0.2810   0.0000   0.2032   0.0060   0.0883   0.0873   0.4866   0.4361   0.0128   0.0000   0.0190  -0.0848    0.206
    14   0.1061   0.3094   0.0000   0.2032   0.0055   0.0811   0.0923   0.4469   0.4005   0.0115   0.0000   0.0222  -0.0734    0.195
    15   0.1150   0.3352   0.0000   0.2032   0.0049   0.0721   0.0963   0.3974   0.3561   0.0099   0.0000   0.0251  -0.0602    0.179
    16   0.1227   0.3577   0.0000   0.2032   0.0042   0.0614   0.0985   0.3383   0.3032   0.0080   0.0000   0.0271  -0.0458    0.161
    17   0.1291   0.3765   0.0000   0.2032   0.0034   0.0491   0.0981   0.2708   0.2427   0.0059   0.0000   0.0269  -0.0317    0.139
    18   0.1341   0.3909   0.0000   0.2032   0.0025   0.0357   0.0950   0.1968   0.1764   0.0037   0.0000   0.0235  -0.0193    0.117
    19   0.1375   0.4008   0.0000   0.2032   0.0015   0.0216   0.0899   0.1191   0.1067   0.0013   0.0000   0.0163  -0.0097    0.097
    20   0.1392   0.4058   0.0000   0.2032   0.0005   0.0072   0.0859   0.0399   0.0358  -0.0008   0.0000   0.0059  -0.0028    0.086

  Surface # 2     Wing (YDUP)                             
     # Chordwise = 10   # Spanwise = 20     First strip = 21
     Surface area Ssurf =    0.082580     Ave. chord Cave =    0.203200

 Forces referred to Sref, Cref, Bref about Xref, Yref, Zref
 Standard axis orientation,  X fwd, Z down         
     CLsurf  =   0.31422     Clsurf  =   0.06950
     CYsurf  =  -0.00831     Cmsurf  =   0.00436
     CDsurf  =   0.01184     Cnsurf  =   0.00787
     CDisurf =   0.01184     CDvsurf =   0.00000

 Forces referred to Ssurf, Cave 
     CLsurf  =   0.43987     CDsurf  =   0.01658

 Strip Forces referred to Strip Area, Chord
    j     Xle      Yle      Zle      Chord    Area     c_cl     ai     cl_norm    cl       cd       cdv    cm_c/4     cm_LE   C.P.x/c
    21   0.0002  -0.0006   0.0000   0.2032   0.0005   0.1031   0.0433   0.5468   0.4900   0.1783   0.0000  -0.0160   0.1350    0.283
    22   0.0019  -0.0056   0.0000   0.2032   0.0015   0.1031   0.0435   0.5650   0.5063   0.0382   0.0000  -0.0143   0.1335    0.278
    23   0.0053  -0.0155   0.0000   0.2032   0.0025   0.1032   0.0457   0.5666   0.5078   0.0305   0.0000  -0.0102   0.1298    0.270
    24   0.0103  -0.0299   0.0000   0.2032   0.0034   0.1035   0.0490   0.5686   0.5095   0.0267   0.0000  -0.0054   0.1255    0.261
    25   0.0167  -0.0487   0.0000   0.2032   0.0042   0.1038   0.0527   0.5709   0.5116   0.0235   0.0000  -0.0010   0.1217    0.252
    26   0.0244  -0.0712   0.0000   0.2032   0.0049   0.1041   0.0563   0.5727   0.5132   0.0210   0.0000   0.0025   0.1187    0.245
    27   0.0333  -0.0970   0.0000   0.2032   0.0055   0.1041   0.0599   0.5731   0.5136   0.0191   0.0000   0.0053   0.1162    0.240
    28   0.0430  -0.1254   0.0000   0.2032   0.0060   0.1037   0.0636   0.5710   0.5117   0.0177   0.0000   0.0075   0.1136    0.235
    29   0.0534  -0.1558   0.0000   0.2032   0.0063   0.1027   0.0675   0.5655   0.5068   0.0166   0.0000   0.0094   0.1106    0.231
    30   0.0642  -0.1873   0.0000   0.2032   0.0065   0.1008   0.0718   0.5555   0.4978   0.0157   0.0000   0.0114   0.1066    0.227
    31   0.0752  -0.2191   0.0000   0.2032   0.0065   0.0980   0.0766   0.5398   0.4837   0.0148   0.0000   0.0135   0.1012    0.222
    32   0.0860  -0.2506   0.0000   0.2032   0.0063   0.0939   0.0818   0.5173   0.4635   0.0139   0.0000   0.0161   0.0941    0.215
    33   0.0964  -0.2810   0.0000   0.2032   0.0060   0.0883   0.0873   0.4866   0.4361   0.0128   0.0000   0.0190   0.0848    0.206
    34   0.1061  -0.3094   0.0000   0.2032   0.0055   0.0811   0.0923   0.4469   0.4005   0.0115   0.0000   0.0222   0.0734    0.195
    35   0.1150  -0.3352   0.0000   0.2032   0.0049   0.0721   0.0963   0.3974   0.3561   0.0099   0.0000   0.0251   0.0602    0.179
    36   0.1227  -0.3577   0.0000   0.2032   0.0042   0.0614   0.0985   0.3383   0.3032   0.0080   0.0000   0.0271   0.0458    0.161
    37   0.1291  -0.3765   0.0000   0.2032   0.0034   0.0491   0.0981   0.2708   0.2427   0.0059   0.0000   0.0269   0.0317    0.139
    38   0.1341  -0.3909   0.0000   0.2032   0.0025   0.0357   0.0950   0.1968   0.1764   0.0037   0.0000   0.0235   0.0193    0.117
    39   0.1375  -0.4008   0.0000   0.2032   0.0015   0.0216   0.0899   0.1191   0.1067   0.0013   0.0000   0.0163   0.0097    0.097
    40   0.1392  -0.4058   0.0000   0.2032   0.0005   0.0072   0.0859   0.0399   0.0358  -0.0008   0.0000   0.0059   0.0028    0.086
 ---------------------------------------------------------------
