 ---------------------------------------------------------------
 Surface and Strip Forces by surface

  Sref = 0.97500E-01   Cref = 0.15750       Bref = 0.71120    
  Xref = 0.10920       Yref =  0.0000       Zref =  0.0000    

  Surface # 1     Wing                                    
     # Chordwise = 10   # Spanwise = 20     First strip =  1
     Surface area Ssurf =    0.081290     Ave. chord Cave =    0.228600

 Forces referred to Sref, Cref, Bref about Xref, Yref, Zref
 Standard axis orientation,  X fwd, Z down         
     CLsurf  =   0.37256     Clsurf  =  -0.08085
     CYsurf  =   0.00669     Cmsurf  =   0.06257
     CDsurf  =   0.01792     Cnsurf  =  -0.00916
     CDisurf =   0.01792     CDvsurf =   0.00000

 Forces referred to Ssurf, Cave 
     CLsurf  =   0.44685     CDsurf  =   0.02150

 Strip Forces referred to Strip Area, Chord
    j     Xle      Yle      Zle      Chord    Area     c_cl     ai     cl_norm    cl       cd       cdv    cm_c/4     cm_LE   C.P.x/c
     1   0.0001   0.0005   0.0000   0.2286   0.0005   0.1231   0.0746   0.5436   0.5198   0.1783   0.0000  -0.0041  -0.1356    0.258
     2   0.0011   0.0049   0.0000   0.2286   0.0015   0.1231   0.0742   0.5625   0.5378   0.0418   0.0000  -0.0033  -0.1348    0.256
     3   0.0029   0.0135   0.0000   0.2286   0.0024   0.1231   0.0749   0.5636   0.5389   0.0338   0.0000  -0.0011  -0.1327    0.252
     4   0.0057   0.0262   0.0000   0.2286   0.0033   0.1231   0.0764   0.5639   0.5392   0.0307   0.0000   0.0018  -0.1299    0.247
     5   0.0092   0.0426   0.0000   0.2286   0.0041   0.1230   0.0784   0.5638   0.5391   0.0283   0.0000   0.0047  -0.1270    0.241
     6   0.0135   0.0623   0.0000   0.2286   0.0048   0.1227   0.0808   0.5625   0.5378   0.0264   0.0000   0.0073  -0.1240    0.236
     7   0.0183   0.0849   0.0000   0.2286   0.0054   0.1219   0.0835   0.5592   0.5347   0.0248   0.0000   0.0096  -0.1210    0.232
     8   0.0237   0.1098   0.0000   0.2286   0.0059   0.1206   0.0865   0.5532   0.5290   0.0235   0.0000   0.0116  -0.1175    0.228
     9   0.0294   0.1363   0.0000   0.2286   0.0062   0.1184   0.0898   0.5434   0.5196   0.0224   0.0000   0.0136  -0.1133    0.224
    10   0.0354   0.1638   0.0000   0.2286   0.0064   0.1153   0.0934   0.5291   0.5059   0.0214   0.0000   0.0156  -0.1080    0.219
    11   0.0414   0.1918   0.0000   0.2286   0.0064   0.1110   0.0973   0.5092   0.4869   0.0204   0.0000   0.0177  -0.1013    0.214
    12   0.0474   0.2193   0.0000   0.2286   0.0062   0.1052   0.1013   0.4829   0.4618   0.0193   0.0000   0.0200  -0.0930    0.207
    13   0.0531   0.2458   0.0000   0.2286   0.0059   0.0980   0.1053   0.4496   0.4299   0.0179   0.0000   0.0223  -0.0829    0.198
    14   0.0585   0.2707   0.0000   0.2286   0.0054   0.0891   0.1087   0.4087   0.3908   0.0163   0.0000   0.0245  -0.0713    0.187
    15   0.0633   0.2933   0.0000   0.2286   0.0048   0.0785   0.1111   0.3602   0.3444   0.0144   0.0000   0.0260  -0.0584    0.174
    16   0.0676   0.3130   0.0000   0.2286   0.0041   0.0663   0.1121   0.3044   0.2911   0.0122   0.0000   0.0264  -0.0451    0.159
    17   0.0711   0.3294   0.0000   0.2286   0.0033   0.0528   0.1111   0.2425   0.2319   0.0096   0.0000   0.0248  -0.0322    0.143
    18   0.0739   0.3421   0.0000   0.2286   0.0024   0.0383   0.1083   0.1759   0.1682   0.0067   0.0000   0.0208  -0.0207    0.127
    19   0.0757   0.3507   0.0000   0.2286   0.0015   0.0232   0.1041   0.1064   0.1018   0.0035   0.0000   0.0140  -0.0111    0.113
    20   0.0767   0.3551   0.0000   0.2286   0.0005   0.0077   0.1012   0.0357   0.0341   0.0003   0.0000   0.0049  -0.0035    0.106

  Surface # 2     Wing (YDUP)                             
     # Chordwise = 10   # Spanwise = 20     First strip = 21
     Surface area Ssurf =    0.081290     Ave. chord Cave =    0.228600

 Forces referred to Sref, Cref, Bref about Xref, Yref, Zref
 Standard axis orientation,  X fwd, Z down         
     CLsurf  =   0.37256     Clsurf  =   0.08085
     CYsurf  =  -0.00669     Cmsurf  =   0.06257
     CDsurf  =   0.01792     Cnsurf  =   0.00916
     CDisurf =   0.01792     CDvsurf =   0.00000

 Forces referred to Ssurf, Cave 
     CLsurf  =   0.44685     CDsurf  =   0.02150

 Strip Forces referred to Strip Area, Chord
    j     Xle      Yle      Zle      Chord    Area     c_cl     ai     cl_norm    cl       cd       cdv    cm_c/4     cm_LE   C.P.x/c
    21   0.0001  -0.0005   0.0000   0.2286   0.0005   0.1231   0.0746   0.5436   0.5198   0.1783   0.0000  -0.0041   0.1356    0.258
    22   0.0011  -0.0049   0.0000   0.2286   0.0015   0.1231   0.0742   0.5625   0.5378   0.0418   0.0000  -0.0033   0.1348    0.256
    23   0.0029  -0.0135   0.0000   0.2286   0.0024   0.1231   0.0749   0.5636   0.5389   0.0338   0.0000  -0.0011   0.1327    0.252
    24   0.0057  -0.0262   0.0000   0.2286   0.0033   0.1231   0.0764   0.5639   0.5392   0.0307   0.0000   0.0018   0.1299    0.247
    25   0.0092  -0.0426   0.0000   0.2286   0.0041   0.1230   0.0784   0.5638   0.5391   0.0283   0.0000   0.0047   0.1270    0.241
    26   0.0135  -0.0623   0.0000   0.2286   0.0048   0.1227   0.0808   0.5625   0.5378   0.0264   0.0000   0.0073   0.1240    0.236
    27   0.0183  -0.0849   0.0000   0.2286   0.0054   0.1219   0.0835   0.5592   0.5347   0.0248   0.0000   0.0096   0.1210    0.232
    28   0.0237  -0.1098   0.0000   0.2286   0.0059   0.1206   0.0865   0.5532   0.5290   0.0235   0.0000   0.0116   0.1175    0.228
    29   0.0294  -0.1363   0.0000   0.2286   0.0062   0.1184   0.0898   0.5434   0.5196   0.0224   0.0000   0.0136   0.1133    0.224
    30   0.0354  -0.1638   0.0000   0.2286   0.0064   0.1153   0.0934   0.5291   0.5059   0.0214   0.0000   0.0156   0.1080    0.219
    31   0.0414  -0.1918   0.0000   0.2286   0.0064   0.1110   0.0973   0.5092   0.4869   0.0204   0.0000   0.0177   0.1013    0.214
    32   0.0474  -0.2193   0.0000   0.2286   0.0062   0.1052   0.1013   0.4829   0.4618   0.0193   0.0000   0.0200   0.0930    0.207
    33   0.0531  -0.2458   0.0000   0.2286   0.0059   0.0980   0.1053   0.4496   0.4299   0.0179   0.0000   0.0223   0.0829    0.198
    34   0.0585  -0.2707   0.0000   0.2286   0.0054   0.0891   0.1087   0.4087   0.3908   0.0163   0.0000   0.0245   0.0713    0.187
    35   0.0633  -0.2933   0.0000   0.2286   0.0048   0.0785   0.1111   0.3602   0.3444   0.0144   0.0000   0.0260   0.0584    0.174
    36   0.0676  -0.3130   0.0000   0.2286   0.0041   0.0663   0.1121   0.3044   0.2911   0.0122   0.0000   0.0264   0.0451    0.159
    37   0.0711  -0.3294   0.0000   0.2286   0.0033   0.0528   0.1111   0.2425   0.2319   0.0096   0.0000   0.0248   0.0322    0.143
    38   0.0739  -0.3421   0.0000   0.2286   0.0024   0.0383   0.1083   0.1759   0.1682   0.0067   0.0000   0.0208   0.0207    0.127
    39   0.0757  -0.3507   0.0000   0.2286   0.0015   0.0232   0.1041   0.1064   0.1018   0.0035   0.0000   0.0140   0.0111    0.113
    40   0.0767  -0.3551   0.0000   0.2286   0.0005   0.0077   0.1012   0.0357   0.0341   0.0003   0.0000   0.0049   0.0035    0.106
 ---------------------------------------------------------------
