 ---------------------------------------------------------------
 Surface and Strip Forces by surface

  Sref = 0.17340       Cref = 0.22640       Bref = 0.81280    
  Xref = 0.10920       Yref =  0.0000       Zref =  0.0000    

  Surface # 1     Wing                                    
     # Chordwise = 10   # Spanwise = 20     First strip =  1
     Surface area Ssurf =    0.123871     Ave. chord Cave =    0.304800

 Forces referred to Sref, Cref, Bref about Xref, Yref, Zref
 Standard axis orientation,  X fwd, Z down         
     CLsurf  =   0.20948     Clsurf  =  -0.04528
     CYsurf  =   0.00321     Cmsurf  =  -0.00413
     CDsurf  =   0.00784     Cnsurf  =  -0.00415
     CDisurf =   0.00784     CDvsurf =   0.00000

 Forces referred to Ssurf, Cave 
     CLsurf  =   0.29324     CDsurf  =   0.01098

 Strip Forces referred to Strip Area, Chord
    j     Xle      Yle      Zle      Chord    Area     c_cl     ai     cl_norm    cl       cd       cdv    cm_c/4     cm_LE   C.P.x/c
     1   0.0002   0.0006   0.0000   0.3048   0.0008   0.1090   0.0609   0.3761   0.3473   0.1279   0.0000  -0.0041  -0.0898    0.262
     2   0.0016   0.0056   0.0000   0.3048   0.0023   0.1089   0.0592   0.3861   0.3566   0.0245   0.0000  -0.0035  -0.0892    0.260
     3   0.0045   0.0155   0.0000   0.3048   0.0037   0.1089   0.0589   0.3866   0.3570   0.0186   0.0000  -0.0017  -0.0875    0.255
     4   0.0087   0.0299   0.0000   0.3048   0.0051   0.1088   0.0597   0.3865   0.3570   0.0169   0.0000   0.0007  -0.0850    0.248
     5   0.0141   0.0487   0.0000   0.3048   0.0063   0.1087   0.0610   0.3861   0.3566   0.0155   0.0000   0.0033  -0.0824    0.241
     6   0.0206   0.0712   0.0000   0.3048   0.0074   0.1083   0.0628   0.3849   0.3555   0.0143   0.0000   0.0058  -0.0798    0.234
     7   0.0280   0.0970   0.0000   0.3048   0.0083   0.1076   0.0649   0.3824   0.3532   0.0132   0.0000   0.0079  -0.0771    0.228
     8   0.0362   0.1254   0.0000   0.3048   0.0090   0.1063   0.0671   0.3779   0.3490   0.0123   0.0000   0.0099  -0.0743    0.222
     9   0.0450   0.1558   0.0000   0.3048   0.0095   0.1043   0.0695   0.3708   0.3425   0.0115   0.0000   0.0117  -0.0709    0.216
    10   0.0541   0.1873   0.0000   0.3048   0.0097   0.1013   0.0721   0.3604   0.3329   0.0107   0.0000   0.0135  -0.0669    0.209
    11   0.0633   0.2191   0.0000   0.3048   0.0097   0.0973   0.0747   0.3461   0.3196   0.0099   0.0000   0.0154  -0.0619    0.202
    12   0.0724   0.2506   0.0000   0.3048   0.0095   0.0920   0.0772   0.3273   0.3023   0.0091   0.0000   0.0172  -0.0559    0.193
    13   0.0812   0.2810   0.0000   0.3048   0.0090   0.0853   0.0794   0.3035   0.2804   0.0082   0.0000   0.0191  -0.0489    0.182
    14   0.0894   0.3094   0.0000   0.3048   0.0083   0.0772   0.0809   0.2747   0.2537   0.0072   0.0000   0.0206  -0.0410    0.169
    15   0.0968   0.3352   0.0000   0.3048   0.0074   0.0677   0.0813   0.2408   0.2224   0.0060   0.0000   0.0216  -0.0326    0.153
    16   0.1033   0.3577   0.0000   0.3048   0.0063   0.0569   0.0804   0.2024   0.1870   0.0048   0.0000   0.0216  -0.0241    0.135
    17   0.1087   0.3765   0.0000   0.3048   0.0051   0.0450   0.0779   0.1603   0.1481   0.0035   0.0000   0.0200  -0.0163    0.115
    18   0.1129   0.3909   0.0000   0.3048   0.0037   0.0325   0.0740   0.1157   0.1069   0.0020   0.0000   0.0164  -0.0098    0.096
    19   0.1158   0.4008   0.0000   0.3048   0.0023   0.0196   0.0694   0.0697   0.0644   0.0005   0.0000   0.0109  -0.0050    0.081
    20   0.1172   0.4058   0.0000   0.3048   0.0008   0.0065   0.0666   0.0233   0.0215  -0.0006   0.0000   0.0038  -0.0015    0.073

  Surface # 2     Wing (YDUP)                             
     # Chordwise = 10   # Spanwise = 20     First strip = 21
     Surface area Ssurf =    0.123871     Ave. chord Cave =    0.304800

 Forces referred to Sref, Cref, Bref about Xref, Yref, Zref
 Standard axis orientation,  X fwd, Z down         
     CLsurf  =   0.20948     Clsurf  =   0.04528
     CYsurf  =  -0.00321     Cmsurf  =  -0.00413
     CDsurf  =   0.00784     Cnsurf  =   0.00415
     CDisurf =   0.00784     CDvsurf =   0.00000

 Forces referred to Ssurf, Cave 
     CLsurf  =   0.29324     CDsurf  =   0.01098

 Strip Forces referred to Strip Area, Chord
    j     Xle      Yle      Zle      Chord    Area     c_cl     ai     cl_norm    cl       cd       cdv    cm_c/4     cm_LE   C.P.x/c
    21   0.0002  -0.0006   0.0000   0.3048   0.0008   0.1090   0.0609   0.3761   0.3473   0.1279   0.0000  -0.0041   0.0898    0.262
    22   0.0016  -0.0056   0.0000   0.3048   0.0023   0.1089   0.0592   0.3861   0.3566   0.0245   0.0000  -0.0035   0.0892    0.260
    23   0.0045  -0.0155   0.0000   0.3048   0.0037   0.1089   0.0589   0.3866   0.3570   0.0186   0.0000  -0.0017   0.0875    0.255
    24   0.0087  -0.0299   0.0000   0.3048   0.0051   0.1088   0.0597   0.3865   0.3570   0.0169   0.0000   0.0007   0.0850    0.248
    25   0.0141  -0.0487   0.0000   0.3048   0.0063   0.1087   0.0610   0.3861   0.3566   0.0155   0.0000   0.0033   0.0824    0.241
    26   0.0206  -0.0712   0.0000   0.3048   0.0074   0.1083   0.0628   0.3849   0.3555   0.0143   0.0000   0.0058   0.0798    0.234
    27   0.0280  -0.0970   0.0000   0.3048   0.0083   0.1076   0.0649   0.3824   0.3532   0.0132   0.0000   0.0079   0.0771    0.228
    28   0.0362  -0.1254   0.0000   0.3048   0.0090   0.1063   0.0671   0.3779   0.3490   0.0123   0.0000   0.0099   0.0743    0.222
    29   0.0450  -0.1558   0.0000   0.3048   0.0095   0.1043   0.0695   0.3708   0.3425   0.0115   0.0000   0.0117   0.0709    0.216
    30   0.0541  -0.1873   0.0000   0.3048   0.0097   0.1013   0.0721   0.3604   0.3329   0.0107   0.0000   0.0135   0.0669    0.209
    31   0.0633  -0.2191   0.0000   0.3048   0.0097   0.0973   0.0747   0.3461   0.3196   0.0099   0.0000   0.0154   0.0619    0.202
    32   0.0724  -0.2506   0.0000   0.3048   0.0095   0.0920   0.0772   0.3273   0.3023   0.0091   0.0000   0.0172   0.0559    0.193
    33   0.0812  -0.2810   0.0000   0.3048   0.0090   0.0853   0.0794   0.3035   0.2804   0.0082   0.0000   0.0191   0.0489    0.182
    34   0.0894  -0.3094   0.0000   0.3048   0.0083   0.0772   0.0809   0.2747   0.2537   0.0072   0.0000   0.0206   0.0410    0.169
    35   0.0968  -0.3352   0.0000   0.3048   0.0074   0.0677   0.0813   0.2408   0.2224   0.0060   0.0000   0.0216   0.0326    0.153
    36   0.1033  -0.3577   0.0000   0.3048   0.0063   0.0569   0.0804   0.2024   0.1870   0.0048   0.0000   0.0216   0.0241    0.135
    37   0.1087  -0.3765   0.0000   0.3048   0.0051   0.0450   0.0779   0.1603   0.1481   0.0035   0.0000   0.0200   0.0163    0.115
    38   0.1129  -0.3909   0.0000   0.3048   0.0037   0.0325   0.0740   0.1157   0.1069   0.0020   0.0000   0.0164   0.0098    0.096
    39   0.1158  -0.4008   0.0000   0.3048   0.0023   0.0196   0.0694   0.0697   0.0644   0.0005   0.0000   0.0109   0.0050    0.081
    40   0.1172  -0.4058   0.0000   0.3048   0.0008   0.0065   0.0666   0.0233   0.0215  -0.0006   0.0000   0.0038   0.0015    0.073
 ---------------------------------------------------------------
