 ---------------------------------------------------------------
 Surface and Strip Forces by surface

  Sref = 0.17030       Cref = 0.27940       Bref = 0.60960    
  Xref = 0.10920       Yref =  0.0000       Zref =  0.0000    

  Surface # 1     Wing                                    
     # Chordwise = 10   # Spanwise = 20     First strip =  1
     Surface area Ssurf =    0.085161     Ave. chord Cave =    0.279400

 Forces referred to Sref, Cref, Bref about Xref, Yref, Zref
 Standard axis orientation,  X fwd, Z down         
     CLsurf  =   0.21330     Clsurf  =  -0.04545
     CYsurf  =   0.00000     Cmsurf  =   0.04018
     CDsurf  =   0.01338     Cnsurf  =  -0.00410
     CDisurf =   0.01338     CDvsurf =   0.00000

 Forces referred to Ssurf, Cave 
     CLsurf  =   0.42654     CDsurf  =   0.02675

 Strip Forces referred to Strip Area, Chord
    j     Xle      Yle      Zle      Chord    Area     c_cl     ai     cl_norm    cl       cd       cdv    cm_c/4     cm_LE   C.P.x/c
     1   0.0000   0.0005   0.0000   0.2794   0.0005   0.1494   0.1204   0.5363   0.5363   0.0312   0.0000   0.0186  -0.1151    0.215
     2   0.0000   0.0042   0.0000   0.2794   0.0016   0.1494   0.1204   0.5363   0.5363   0.0312   0.0000   0.0186  -0.1151    0.215
     3   0.0000   0.0116   0.0000   0.2794   0.0026   0.1493   0.1204   0.5360   0.5360   0.0312   0.0000   0.0186  -0.1150    0.215
     4   0.0000   0.0225   0.0000   0.2794   0.0035   0.1491   0.1205   0.5351   0.5351   0.0312   0.0000   0.0186  -0.1147    0.215
     5   0.0000   0.0365   0.0000   0.2794   0.0043   0.1485   0.1207   0.5330   0.5330   0.0312   0.0000   0.0187  -0.1141    0.215
     6   0.0000   0.0534   0.0000   0.2794   0.0051   0.1474   0.1212   0.5291   0.5291   0.0311   0.0000   0.0189  -0.1130    0.214
     7   0.0000   0.0728   0.0000   0.2794   0.0057   0.1456   0.1219   0.5227   0.5227   0.0309   0.0000   0.0192  -0.1111    0.213
     8   0.0000   0.0941   0.0000   0.2794   0.0062   0.1430   0.1228   0.5132   0.5132   0.0306   0.0000   0.0196  -0.1083    0.212
     9   0.0000   0.1168   0.0000   0.2794   0.0065   0.1393   0.1241   0.4999   0.4999   0.0302   0.0000   0.0202  -0.1044    0.210
    10   0.0000   0.1404   0.0000   0.2794   0.0067   0.1344   0.1257   0.4821   0.4821   0.0297   0.0000   0.0209  -0.0993    0.207
    11   0.0000   0.1644   0.0000   0.2794   0.0067   0.1281   0.1276   0.4594   0.4594   0.0289   0.0000   0.0217  -0.0929    0.203
    12   0.0000   0.1880   0.0000   0.2794   0.0065   0.1203   0.1295   0.4313   0.4313   0.0278   0.0000   0.0225  -0.0851    0.198
    13   0.0000   0.2107   0.0000   0.2794   0.0062   0.1109   0.1313   0.3975   0.3975   0.0264   0.0000   0.0232  -0.0760    0.192
    14   0.0000   0.2320   0.0000   0.2794   0.0057   0.0999   0.1328   0.3581   0.3581   0.0246   0.0000   0.0236  -0.0658    0.184
    15   0.0000   0.2514   0.0000   0.2794   0.0051   0.0874   0.1336   0.3131   0.3131   0.0222   0.0000   0.0233  -0.0549    0.176
    16   0.0000   0.2683   0.0000   0.2794   0.0043   0.0734   0.1335   0.2630   0.2630   0.0194   0.0000   0.0221  -0.0436    0.166
    17   0.0000   0.2823   0.0000   0.2794   0.0035   0.0583   0.1323   0.2087   0.2087   0.0159   0.0000   0.0196  -0.0325    0.156
    18   0.0000   0.2932   0.0000   0.2794   0.0026   0.0422   0.1300   0.1511   0.1511   0.0119   0.0000   0.0157  -0.0221    0.146
    19   0.0000   0.3006   0.0000   0.2794   0.0016   0.0255   0.1270   0.0914   0.0914   0.0074   0.0000   0.0102  -0.0126    0.138
    20   0.0000   0.3043   0.0000   0.2794   0.0005   0.0085   0.1250   0.0306   0.0306   0.0025   0.0000   0.0036  -0.0041    0.134

  Surface # 2     Wing (YDUP)                             
     # Chordwise = 10   # Spanwise = 20     First strip = 21
     Surface area Ssurf =    0.085161     Ave. chord Cave =    0.279400

 Forces referred to Sref, Cref, Bref about Xref, Yref, Zref
 Standard axis orientation,  X fwd, Z down         
     CLsurf  =   0.21330     Clsurf  =   0.04545
     CYsurf  =   0.00000     Cmsurf  =   0.04018
     CDsurf  =   0.01338     Cnsurf  =   0.00410
     CDisurf =   0.01338     CDvsurf =   0.00000

 Forces referred to Ssurf, Cave 
     CLsurf  =   0.42654     CDsurf  =   0.02675

 Strip Forces referred to Strip Area, Chord
    j     Xle      Yle      Zle      Chord    Area     c_cl     ai     cl_norm    cl       cd       cdv    cm_c/4     cm_LE   C.P.x/c
    21   0.0000  -0.0005   0.0000   0.2794   0.0005   0.1494   0.1204   0.5363   0.5363   0.0312   0.0000   0.0186   0.1151    0.215
    22   0.0000  -0.0042   0.0000   0.2794   0.0016   0.1494   0.1204   0.5363   0.5363   0.0312   0.0000   0.0186   0.1151    0.215
    23   0.0000  -0.0116   0.0000   0.2794   0.0026   0.1493   0.1204   0.5360   0.5360   0.0312   0.0000   0.0186   0.1150    0.215
    24   0.0000  -0.0225   0.0000   0.2794   0.0035   0.1491   0.1205   0.5351   0.5351   0.0312   0.0000   0.0186   0.1147    0.215
    25   0.0000  -0.0365   0.0000   0.2794   0.0043   0.1485   0.1207   0.5330   0.5330   0.0312   0.0000   0.0187   0.1141    0.215
    26   0.0000  -0.0534   0.0000   0.2794   0.0051   0.1474   0.1212   0.5291   0.5291   0.0311   0.0000   0.0189   0.1130    0.214
    27   0.0000  -0.0728   0.0000   0.2794   0.0057   0.1456   0.1219   0.5227   0.5227   0.0309   0.0000   0.0192   0.1111    0.213
    28   0.0000  -0.0941   0.0000   0.2794   0.0062   0.1430   0.1228   0.5132   0.5132   0.0306   0.0000   0.0196   0.1083    0.212
    29   0.0000  -0.1168   0.0000   0.2794   0.0065   0.1393   0.1241   0.4999   0.4999   0.0302   0.0000   0.0202   0.1044    0.210
    30   0.0000  -0.1404   0.0000   0.2794   0.0067   0.1344   0.1257   0.4821   0.4821   0.0297   0.0000   0.0209   0.0993    0.207
    31   0.0000  -0.1644   0.0000   0.2794   0.0067   0.1281   0.1276   0.4594   0.4594   0.0289   0.0000   0.0217   0.0929    0.203
    32   0.0000  -0.1880   0.0000   0.2794   0.0065   0.1203   0.1295   0.4313   0.4313   0.0278   0.0000   0.0225   0.0851    0.198
    33   0.0000  -0.2107   0.0000   0.2794   0.0062   0.1109   0.1313   0.3975   0.3975   0.0264   0.0000   0.0232   0.0760    0.192
    34   0.0000  -0.2320   0.0000   0.2794   0.0057   0.0999   0.1328   0.3581   0.3581   0.0246   0.0000   0.0236   0.0658    0.184
    35   0.0000  -0.2514   0.0000   0.2794   0.0051   0.0874   0.1336   0.3131   0.3131   0.0222   0.0000   0.0233   0.0549    0.176
    36   0.0000  -0.2683   0.0000   0.2794   0.0043   0.0734   0.1335   0.2630   0.2630   0.0194   0.0000   0.0221   0.0436    0.166
    37   0.0000  -0.2823   0.0000   0.2794   0.0035   0.0583   0.1323   0.2087   0.2087   0.0159   0.0000   0.0196   0.0325    0.156
    38   0.0000  -0.2932   0.0000   0.2794   0.0026   0.0422   0.1300   0.1511   0.1511   0.0119   0.0000   0.0157   0.0221    0.146
    39   0.0000  -0.3006   0.0000   0.2794   0.0016   0.0255   0.1270   0.0914   0.0914   0.0074   0.0000   0.0102   0.0126    0.138
    40   0.0000  -0.3043   0.0000   0.2794   0.0005   0.0085   0.1250   0.0306   0.0306   0.0025   0.0000   0.0036   0.0041    0.134
 ---------------------------------------------------------------
