 ---------------------------------------------------------------
 Surface and Strip Forces by surface

  Sref = 0.14450       Cref = 0.20320       Bref = 0.71120    
  Xref = 0.10920       Yref =  0.0000       Zref =  0.0000    

  Surface # 1     Wing                                    
     # Chordwise = 10   # Spanwise = 20     First strip =  1
     Surface area Ssurf =    0.072258     Ave. chord Cave =    0.203200

 Forces referred to Sref, Cref, Bref about Xref, Yref, Zref
 Standard axis orientation,  X fwd, Z down         
     CLsurf  =   0.25138     Clsurf  =  -0.05444
     CYsurf  =   0.00202     Cmsurf  =   0.06302
     CDsurf  =   0.01179     Cnsurf  =  -0.00545
     CDisurf =   0.01179     CDvsurf =   0.00000

 Forces referred to Ssurf, Cave 
     CLsurf  =   0.50270     CDsurf  =   0.02359

 Strip Forces referred to Strip Area, Chord
    j     Xle      Yle      Zle      Chord    Area     c_cl     ai     cl_norm    cl       cd       cdv    cm_c/4     cm_LE   C.P.x/c
     1   0.0000   0.0005   0.0000   0.2032   0.0004   0.1239   0.0780   0.6063   0.6018   0.0977   0.0000   0.0041  -0.1477    0.243
     2   0.0004   0.0049   0.0000   0.2032   0.0013   0.1238   0.0779   0.6152   0.6106   0.0346   0.0000   0.0045  -0.1473    0.243
     3   0.0012   0.0135   0.0000   0.2032   0.0022   0.1238   0.0782   0.6156   0.6110   0.0306   0.0000   0.0056  -0.1461    0.241
     4   0.0023   0.0262   0.0000   0.2032   0.0030   0.1237   0.0791   0.6154   0.6108   0.0289   0.0000   0.0071  -0.1446    0.238
     5   0.0037   0.0426   0.0000   0.2032   0.0037   0.1235   0.0803   0.6143   0.6098   0.0276   0.0000   0.0085  -0.1429    0.236
     6   0.0055   0.0623   0.0000   0.2032   0.0043   0.1230   0.0818   0.6118   0.6072   0.0267   0.0000   0.0098  -0.1409    0.234
     7   0.0074   0.0849   0.0000   0.2032   0.0048   0.1220   0.0836   0.6071   0.6025   0.0259   0.0000   0.0110  -0.1386    0.232
     8   0.0096   0.1098   0.0000   0.2032   0.0052   0.1204   0.0858   0.5993   0.5949   0.0254   0.0000   0.0121  -0.1355    0.230
     9   0.0119   0.1363   0.0000   0.2032   0.0055   0.1181   0.0886   0.5877   0.5833   0.0250   0.0000   0.0133  -0.1314    0.227
    10   0.0143   0.1638   0.0000   0.2032   0.0057   0.1148   0.0918   0.5713   0.5671   0.0246   0.0000   0.0147  -0.1261    0.224
    11   0.0168   0.1918   0.0000   0.2032   0.0057   0.1104   0.0955   0.5493   0.5452   0.0241   0.0000   0.0163  -0.1191    0.220
    12   0.0192   0.2193   0.0000   0.2032   0.0055   0.1047   0.0996   0.5208   0.5170   0.0235   0.0000   0.0180  -0.1104    0.215
    13   0.0215   0.2458   0.0000   0.2032   0.0052   0.0975   0.1039   0.4851   0.4815   0.0226   0.0000   0.0200  -0.0996    0.209
    14   0.0237   0.2707   0.0000   0.2032   0.0048   0.0888   0.1080   0.4415   0.4382   0.0214   0.0000   0.0219  -0.0870    0.200
    15   0.0256   0.2933   0.0000   0.2032   0.0043   0.0784   0.1114   0.3897   0.3868   0.0196   0.0000   0.0234  -0.0728    0.190
    16   0.0274   0.3130   0.0000   0.2032   0.0037   0.0664   0.1135   0.3301   0.3276   0.0174   0.0000   0.0239  -0.0576    0.177
    17   0.0288   0.3294   0.0000   0.2032   0.0030   0.0530   0.1138   0.2635   0.2616   0.0144   0.0000   0.0228  -0.0423    0.163
    18   0.0299   0.3421   0.0000   0.2032   0.0022   0.0386   0.1120   0.1915   0.1901   0.0108   0.0000   0.0194  -0.0280    0.148
    19   0.0307   0.3507   0.0000   0.2032   0.0013   0.0233   0.1084   0.1160   0.1151   0.0065   0.0000   0.0132  -0.0155    0.135
    20   0.0311   0.3551   0.0000   0.2032   0.0004   0.0078   0.1053   0.0388   0.0385   0.0018   0.0000   0.0047  -0.0049    0.128

  Surface # 2     Wing (YDUP)                             
     # Chordwise = 10   # Spanwise = 20     First strip = 21
     Surface area Ssurf =    0.072258     Ave. chord Cave =    0.203200

 Forces referred to Sref, Cref, Bref about Xref, Yref, Zref
 Standard axis orientation,  X fwd, Z down         
     CLsurf  =   0.25138     Clsurf  =   0.05444
     CYsurf  =  -0.00202     Cmsurf  =   0.06302
     CDsurf  =   0.01179     Cnsurf  =   0.00545
     CDisurf =   0.01179     CDvsurf =   0.00000

 Forces referred to Ssurf, Cave 
     CLsurf  =   0.50270     CDsurf  =   0.02359

 Strip Forces referred to Strip Area, Chord
    j     Xle      Yle      Zle      Chord    Area     c_cl     ai     cl_norm    cl       cd       cdv    cm_c/4     cm_LE   C.P.x/c
    21   0.0000  -0.0005   0.0000   0.2032   0.0004   0.1239   0.0780   0.6063   0.6018   0.0977   0.0000   0.0041   0.1477    0.243
    22   0.0004  -0.0049   0.0000   0.2032   0.0013   0.1238   0.0779   0.6152   0.6106   0.0346   0.0000   0.0045   0.1473    0.243
    23   0.0012  -0.0135   0.0000   0.2032   0.0022   0.1238   0.0782   0.6156   0.6110   0.0306   0.0000   0.0056   0.1461    0.241
    24   0.0023  -0.0262   0.0000   0.2032   0.0030   0.1237   0.0791   0.6154   0.6108   0.0289   0.0000   0.0071   0.1446    0.238
    25   0.0037  -0.0426   0.0000   0.2032   0.0037   0.1235   0.0803   0.6143   0.6098   0.0276   0.0000   0.0085   0.1429    0.236
    26   0.0055  -0.0623   0.0000   0.2032   0.0043   0.1230   0.0818   0.6118   0.6072   0.0267   0.0000   0.0098   0.1409    0.234
    27   0.0074  -0.0849   0.0000   0.2032   0.0048   0.1220   0.0836   0.6071   0.6025   0.0259   0.0000   0.0110   0.1386    0.232
    28   0.0096  -0.1098   0.0000   0.2032   0.0052   0.1204   0.0858   0.5993   0.5949   0.0254   0.0000   0.0121   0.1355    0.230
    29   0.0119  -0.1363   0.0000   0.2032   0.0055   0.1181   0.0886   0.5877   0.5833   0.0250   0.0000   0.0133   0.1314    0.227
    30   0.0143  -0.1638   0.0000   0.2032   0.0057   0.1148   0.0918   0.5713   0.5671   0.0246   0.0000   0.0147   0.1261    0.224
    31   0.0168  -0.1918   0.0000   0.2032   0.0057   0.1104   0.0955   0.5493   0.5452   0.0241   0.0000   0.0163   0.1191    0.220
    32   0.0192  -0.2193   0.0000   0.2032   0.0055   0.1047   0.0996   0.5208   0.5170   0.0235   0.0000   0.0180   0.1104    0.215
    33   0.0215  -0.2458   0.0000   0.2032   0.0052   0.0975   0.1039   0.4851   0.4815   0.0226   0.0000   0.0200   0.0996    0.209
    34   0.0237  -0.2707   0.0000   0.2032   0.0048   0.0888   0.1080   0.4415   0.4382   0.0214   0.0000   0.0219   0.0870    0.200
    35   0.0256  -0.2933   0.0000   0.2032   0.0043   0.0784   0.1114   0.3897   0.3868   0.0196   0.0000   0.0234   0.0728    0.190
    36   0.0274  -0.3130   0.0000   0.2032   0.0037   0.0664   0.1135   0.3301   0.3276   0.0174   0.0000   0.0239   0.0576    0.177
    37   0.0288  -0.3294   0.0000   0.2032   0.0030   0.0530   0.1138   0.2635   0.2616   0.0144   0.0000   0.0228   0.0423    0.163
    38   0.0299  -0.3421   0.0000   0.2032   0.0022   0.0386   0.1120   0.1915   0.1901   0.0108   0.0000   0.0194   0.0280    0.148
    39   0.0307  -0.3507   0.0000   0.2032   0.0013   0.0233   0.1084   0.1160   0.1151   0.0065   0.0000   0.0132   0.0155    0.135
    40   0.0311  -0.3551   0.0000   0.2032   0.0004   0.0078   0.1053   0.0388   0.0385   0.0018   0.0000   0.0047   0.0049    0.128
 ---------------------------------------------------------------
