 ---------------------------------------------------------------
 Surface and Strip Forces by surface

  Sref = 0.18580       Cref = 0.22860       Bref = 0.81280    
  Xref = 0.10920       Yref =  0.0000       Zref =  0.0000    

  Surface # 1     Wing                                    
     # Chordwise = 10   # Spanwise = 20     First strip =  1
     Surface area Ssurf =    0.092903     Ave. chord Cave =    0.228600

 Forces referred to Sref, Cref, Bref about Xref, Yref, Zref
 Standard axis orientation,  X fwd, Z down         
     CLsurf  =   0.19550     Clsurf  =  -0.04303
     CYsurf  =   0.00492     Cmsurf  =  -0.00526
     CDsurf  =   0.00739     Cnsurf  =  -0.00479
     CDisurf =   0.00739     CDvsurf =   0.00000

 Forces referred to Ssurf, Cave 
     CLsurf  =   0.39099     CDsurf  =   0.01477

 Strip Forces referred to Strip Area, Chord
    j     Xle      Yle      Zle      Chord    Area     c_cl     ai     cl_norm    cl       cd       cdv    cm_c/4     cm_LE   C.P.x/c
     1   0.0002   0.0006   0.0000   0.2286   0.0006   0.1043   0.0471   0.4978   0.4403   0.1741   0.0000  -0.0145  -0.1208    0.283
     2   0.0020   0.0056   0.0000   0.2286   0.0017   0.1043   0.0467   0.5148   0.4552   0.0348   0.0000  -0.0132  -0.1196    0.279
     3   0.0056   0.0155   0.0000   0.2286   0.0028   0.1044   0.0482   0.5161   0.4564   0.0274   0.0000  -0.0096  -0.1163    0.271
     4   0.0109   0.0299   0.0000   0.2286   0.0038   0.1046   0.0510   0.5174   0.4576   0.0242   0.0000  -0.0051  -0.1123    0.261
     5   0.0177   0.0487   0.0000   0.2286   0.0047   0.1049   0.0542   0.5190   0.4590   0.0215   0.0000  -0.0010  -0.1087    0.252
     6   0.0259   0.0712   0.0000   0.2286   0.0055   0.1050   0.0576   0.5201   0.4600   0.0192   0.0000   0.0025  -0.1055    0.245
     7   0.0353   0.0970   0.0000   0.2286   0.0062   0.1049   0.0610   0.5198   0.4597   0.0174   0.0000   0.0054  -0.1028    0.238
     8   0.0457   0.1254   0.0000   0.2286   0.0067   0.1044   0.0645   0.5172   0.4574   0.0161   0.0000   0.0077  -0.1000    0.233
     9   0.0567   0.1558   0.0000   0.2286   0.0071   0.1032   0.0682   0.5114   0.4523   0.0149   0.0000   0.0098  -0.0968    0.228
    10   0.0681   0.1873   0.0000   0.2286   0.0073   0.1011   0.0723   0.5013   0.4433   0.0140   0.0000   0.0119  -0.0928    0.223
    11   0.0798   0.2191   0.0000   0.2286   0.0073   0.0980   0.0767   0.4859   0.4297   0.0131   0.0000   0.0141  -0.0874    0.217
    12   0.0912   0.2506   0.0000   0.2286   0.0071   0.0936   0.0813   0.4642   0.4105   0.0121   0.0000   0.0166  -0.0806    0.209
    13   0.1022   0.2810   0.0000   0.2286   0.0067   0.0877   0.0858   0.4352   0.3848   0.0109   0.0000   0.0194  -0.0719    0.200
    14   0.1126   0.3094   0.0000   0.2286   0.0062   0.0802   0.0898   0.3980   0.3520   0.0096   0.0000   0.0223  -0.0615    0.187
    15   0.1220   0.3352   0.0000   0.2286   0.0055   0.0711   0.0926   0.3525   0.3118   0.0080   0.0000   0.0248  -0.0497    0.171
    16   0.1302   0.3577   0.0000   0.2286   0.0047   0.0602   0.0936   0.2989   0.2644   0.0063   0.0000   0.0261  -0.0373    0.151
    17   0.1370   0.3765   0.0000   0.2286   0.0038   0.0480   0.0922   0.2384   0.2108   0.0045   0.0000   0.0255  -0.0254    0.129
    18   0.1423   0.3909   0.0000   0.2286   0.0028   0.0348   0.0886   0.1729   0.1529   0.0026   0.0000   0.0219  -0.0152    0.107
    19   0.1459   0.4008   0.0000   0.2286   0.0017   0.0210   0.0834   0.1044   0.0924   0.0006   0.0000   0.0149  -0.0076    0.088
    20   0.1477   0.4058   0.0000   0.2286   0.0006   0.0070   0.0798   0.0350   0.0310  -0.0010   0.0000   0.0053  -0.0022    0.078

  Surface # 2     Wing (YDUP)                             
     # Chordwise = 10   # Spanwise = 20     First strip = 21
     Surface area Ssurf =    0.092903     Ave. chord Cave =    0.228600

 Forces referred to Sref, Cref, Bref about Xref, Yref, Zref
 Standard axis orientation,  X fwd, Z down         
     CLsurf  =   0.19550     Clsurf  =   0.04303
     CYsurf  =  -0.00492     Cmsurf  =  -0.00526
     CDsurf  =   0.00739     Cnsurf  =   0.00479
     CDisurf =   0.00739     CDvsurf =   0.00000

 Forces referred to Ssurf, Cave 
     CLsurf  =   0.39099     CDsurf  =   0.01477

 Strip Forces referred to Strip Area, Chord
    j     Xle      Yle      Zle      Chord    Area     c_cl     ai     cl_norm    cl       cd       cdv    cm_c/4     cm_LE   C.P.x/c
    21   0.0002  -0.0006   0.0000   0.2286   0.0006   0.1043   0.0471   0.4978   0.4403   0.1741   0.0000  -0.0145   0.1208    0.283
    22   0.0020  -0.0056   0.0000   0.2286   0.0017   0.1043   0.0467   0.5148   0.4552   0.0348   0.0000  -0.0132   0.1196    0.279
    23   0.0056  -0.0155   0.0000   0.2286   0.0028   0.1044   0.0482   0.5161   0.4564   0.0274   0.0000  -0.0096   0.1163    0.271
    24   0.0109  -0.0299   0.0000   0.2286   0.0038   0.1046   0.0510   0.5174   0.4576   0.0242   0.0000  -0.0051   0.1123    0.261
    25   0.0177  -0.0487   0.0000   0.2286   0.0047   0.1049   0.0542   0.5190   0.4590   0.0215   0.0000  -0.0010   0.1087    0.252
    26   0.0259  -0.0712   0.0000   0.2286   0.0055   0.1050   0.0576   0.5201   0.4600   0.0192   0.0000   0.0025   0.1055    0.245
    27   0.0353  -0.0970   0.0000   0.2286   0.0062   0.1049   0.0610   0.5198   0.4597   0.0174   0.0000   0.0054   0.1028    0.238
    28   0.0457  -0.1254   0.0000   0.2286   0.0067   0.1044   0.0645   0.5172   0.4574   0.0161   0.0000   0.0077   0.1000    0.233
    29   0.0567  -0.1558   0.0000   0.2286   0.0071   0.1032   0.0682   0.5114   0.4523   0.0149   0.0000   0.0098   0.0968    0.228
    30   0.0681  -0.1873   0.0000   0.2286   0.0073   0.1011   0.0723   0.5013   0.4433   0.0140   0.0000   0.0119   0.0928    0.223
    31   0.0798  -0.2191   0.0000   0.2286   0.0073   0.0980   0.0767   0.4859   0.4297   0.0131   0.0000   0.0141   0.0874    0.217
    32   0.0912  -0.2506   0.0000   0.2286   0.0071   0.0936   0.0813   0.4642   0.4105   0.0121   0.0000   0.0166   0.0806    0.209
    33   0.1022  -0.2810   0.0000   0.2286   0.0067   0.0877   0.0858   0.4352   0.3848   0.0109   0.0000   0.0194   0.0719    0.200
    34   0.1126  -0.3094   0.0000   0.2286   0.0062   0.0802   0.0898   0.3980   0.3520   0.0096   0.0000   0.0223   0.0615    0.187
    35   0.1220  -0.3352   0.0000   0.2286   0.0055   0.0711   0.0926   0.3525   0.3118   0.0080   0.0000   0.0248   0.0497    0.171
    36   0.1302  -0.3577   0.0000   0.2286   0.0047   0.0602   0.0936   0.2989   0.2644   0.0063   0.0000   0.0261   0.0373    0.151
    37   0.1370  -0.3765   0.0000   0.2286   0.0038   0.0480   0.0922   0.2384   0.2108   0.0045   0.0000   0.0255   0.0254    0.129
    38   0.1423  -0.3909   0.0000   0.2286   0.0028   0.0348   0.0886   0.1729   0.1529   0.0026   0.0000   0.0219   0.0152    0.107
    39   0.1459  -0.4008   0.0000   0.2286   0.0017   0.0210   0.0834   0.1044   0.0924   0.0006   0.0000   0.0149   0.0076    0.088
    40   0.1477  -0.4058   0.0000   0.2286   0.0006   0.0070   0.0798   0.0350   0.0310  -0.0010   0.0000   0.0053   0.0022    0.078
 ---------------------------------------------------------------
