 ---------------------------------------------------------------
 Surface and Strip Forces by surface

  Sref = 0.14630       Cref = 0.16980       Bref = 0.91440    
  Xref = 0.10920       Yref =  0.0000       Zref =  0.0000    

  Surface # 1     Wing                                    
     # Chordwise = 10   # Spanwise = 20     First strip =  1
     Surface area Ssurf =    0.104516     Ave. chord Cave =    0.228600

 Forces referred to Sref, Cref, Bref about Xref, Yref, Zref
 Standard axis orientation,  X fwd, Z down         
     CLsurf  =   0.24829     Clsurf  =  -0.05404
     CYsurf  =   0.00107     Cmsurf  =   0.06471
     CDsurf  =   0.00703     Cnsurf  =  -0.00330
     CDisurf =   0.00703     CDvsurf =   0.00000

 Forces referred to Ssurf, Cave 
     CLsurf  =   0.34755     CDsurf  =   0.00984

 Strip Forces referred to Strip Area, Chord
    j     Xle      Yle      Zle      Chord    Area     c_cl     ai     cl_norm    cl       cd       cdv    cm_c/4     cm_LE   C.P.x/c
     1   0.0001   0.0007   0.0000   0.2286   0.0006   0.0960   0.0466   0.4205   0.4181   0.0378   0.0000   0.0035  -0.1012    0.242
     2   0.0005   0.0063   0.0000   0.2286   0.0019   0.0960   0.0462   0.4225   0.4202   0.0139   0.0000   0.0038  -0.1008    0.241
     3   0.0013   0.0174   0.0000   0.2286   0.0031   0.0959   0.0462   0.4225   0.4202   0.0124   0.0000   0.0046  -0.1000    0.239
     4   0.0025   0.0337   0.0000   0.2286   0.0043   0.0959   0.0467   0.4223   0.4199   0.0118   0.0000   0.0056  -0.0990    0.237
     5   0.0041   0.0548   0.0000   0.2286   0.0053   0.0957   0.0474   0.4215   0.4192   0.0112   0.0000   0.0065  -0.0979    0.234
     6   0.0060   0.0801   0.0000   0.2286   0.0062   0.0953   0.0484   0.4199   0.4176   0.0109   0.0000   0.0073  -0.0967    0.233
     7   0.0082   0.1092   0.0000   0.2286   0.0070   0.0946   0.0496   0.4169   0.4146   0.0106   0.0000   0.0080  -0.0952    0.231
     8   0.0106   0.1411   0.0000   0.2286   0.0076   0.0935   0.0511   0.4119   0.4096   0.0104   0.0000   0.0087  -0.0933    0.229
     9   0.0131   0.1752   0.0000   0.2286   0.0080   0.0918   0.0529   0.4044   0.4022   0.0103   0.0000   0.0094  -0.0908    0.227
    10   0.0158   0.2107   0.0000   0.2286   0.0082   0.0894   0.0551   0.3938   0.3916   0.0102   0.0000   0.0102  -0.0873    0.224
    11   0.0185   0.2465   0.0000   0.2286   0.0082   0.0861   0.0577   0.3794   0.3773   0.0101   0.0000   0.0112  -0.0828    0.220
    12   0.0212   0.2820   0.0000   0.2286   0.0080   0.0819   0.0606   0.3606   0.3586   0.0100   0.0000   0.0124  -0.0769    0.215
    13   0.0237   0.3161   0.0000   0.2286   0.0076   0.0764   0.0637   0.3367   0.3348   0.0097   0.0000   0.0138  -0.0696    0.209
    14   0.0261   0.3480   0.0000   0.2286   0.0070   0.0697   0.0667   0.3071   0.3054   0.0092   0.0000   0.0152  -0.0609    0.200
    15   0.0283   0.3771   0.0000   0.2286   0.0062   0.0617   0.0692   0.2716   0.2701   0.0086   0.0000   0.0165  -0.0508    0.189
    16   0.0302   0.4024   0.0000   0.2286   0.0053   0.0523   0.0705   0.2303   0.2290   0.0076   0.0000   0.0173  -0.0398    0.174
    17   0.0318   0.4235   0.0000   0.2286   0.0043   0.0417   0.0701   0.1837   0.1827   0.0063   0.0000   0.0169  -0.0286    0.157
    18   0.0330   0.4398   0.0000   0.2286   0.0031   0.0302   0.0675   0.1331   0.1324   0.0046   0.0000   0.0147  -0.0183    0.139
    19   0.0338   0.4509   0.0000   0.2286   0.0019   0.0182   0.0631   0.0803   0.0799   0.0026   0.0000   0.0102  -0.0097    0.122
    20   0.0342   0.4565   0.0000   0.2286   0.0006   0.0061   0.0592   0.0268   0.0266   0.0007   0.0000   0.0037  -0.0030    0.112

  Surface # 2     Wing (YDUP)                             
     # Chordwise = 10   # Spanwise = 20     First strip = 21
     Surface area Ssurf =    0.104516     Ave. chord Cave =    0.228600

 Forces referred to Sref, Cref, Bref about Xref, Yref, Zref
 Standard axis orientation,  X fwd, Z down         
     CLsurf  =   0.24829     Clsurf  =   0.05404
     CYsurf  =  -0.00107     Cmsurf  =   0.06471
     CDsurf  =   0.00703     Cnsurf  =   0.00330
     CDisurf =   0.00703     CDvsurf =   0.00000

 Forces referred to Ssurf, Cave 
     CLsurf  =   0.34755     CDsurf  =   0.00984

 Strip Forces referred to Strip Area, Chord
    j     Xle      Yle      Zle      Chord    Area     c_cl     ai     cl_norm    cl       cd       cdv    cm_c/4     cm_LE   C.P.x/c
    21   0.0001  -0.0007   0.0000   0.2286   0.0006   0.0960   0.0466   0.4205   0.4181   0.0378   0.0000   0.0035   0.1012    0.242
    22   0.0005  -0.0063   0.0000   0.2286   0.0019   0.0960   0.0462   0.4225   0.4202   0.0139   0.0000   0.0038   0.1008    0.241
    23   0.0013  -0.0174   0.0000   0.2286   0.0031   0.0959   0.0462   0.4225   0.4202   0.0124   0.0000   0.0046   0.1000    0.239
    24   0.0025  -0.0337   0.0000   0.2286   0.0043   0.0959   0.0467   0.4223   0.4199   0.0118   0.0000   0.0056   0.0990    0.237
    25   0.0041  -0.0548   0.0000   0.2286   0.0053   0.0957   0.0474   0.4215   0.4192   0.0112   0.0000   0.0065   0.0979    0.234
    26   0.0060  -0.0801   0.0000   0.2286   0.0062   0.0953   0.0484   0.4199   0.4176   0.0109   0.0000   0.0073   0.0967    0.233
    27   0.0082  -0.1092   0.0000   0.2286   0.0070   0.0946   0.0496   0.4169   0.4146   0.0106   0.0000   0.0080   0.0952    0.231
    28   0.0106  -0.1411   0.0000   0.2286   0.0076   0.0935   0.0511   0.4119   0.4096   0.0104   0.0000   0.0087   0.0933    0.229
    29   0.0131  -0.1752   0.0000   0.2286   0.0080   0.0918   0.0529   0.4044   0.4022   0.0103   0.0000   0.0094   0.0908    0.227
    30   0.0158  -0.2107   0.0000   0.2286   0.0082   0.0894   0.0551   0.3938   0.3916   0.0102   0.0000   0.0102   0.0873    0.224
    31   0.0185  -0.2465   0.0000   0.2286   0.0082   0.0861   0.0577   0.3794   0.3773   0.0101   0.0000   0.0112   0.0828    0.220
    32   0.0212  -0.2820   0.0000   0.2286   0.0080   0.0819   0.0606   0.3606   0.3586   0.0100   0.0000   0.0124   0.0769    0.215
    33   0.0237  -0.3161   0.0000   0.2286   0.0076   0.0764   0.0637   0.3367   0.3348   0.0097   0.0000   0.0138   0.0696    0.209
    34   0.0261  -0.3480   0.0000   0.2286   0.0070   0.0697   0.0667   0.3071   0.3054   0.0092   0.0000   0.0152   0.0609    0.200
    35   0.0283  -0.3771   0.0000   0.2286   0.0062   0.0617   0.0692   0.2716   0.2701   0.0086   0.0000   0.0165   0.0508    0.189
    36   0.0302  -0.4024   0.0000   0.2286   0.0053   0.0523   0.0705   0.2303   0.2290   0.0076   0.0000   0.0173   0.0398    0.174
    37   0.0318  -0.4235   0.0000   0.2286   0.0043   0.0417   0.0701   0.1837   0.1827   0.0063   0.0000   0.0169   0.0286    0.157
    38   0.0330  -0.4398   0.0000   0.2286   0.0031   0.0302   0.0675   0.1331   0.1324   0.0046   0.0000   0.0147   0.0183    0.139
    39   0.0338  -0.4509   0.0000   0.2286   0.0019   0.0182   0.0631   0.0803   0.0799   0.0026   0.0000   0.0102   0.0097    0.122
    40   0.0342  -0.4565   0.0000   0.2286   0.0006   0.0061   0.0592   0.0268   0.0266   0.0007   0.0000   0.0037   0.0030    0.112
 ---------------------------------------------------------------
