 ---------------------------------------------------------------
 Surface and Strip Forces by surface

  Sref = 0.12390       Cref = 0.17500       Bref = 0.81280    
  Xref = 0.10920       Yref =  0.0000       Zref =  0.0000    

  Surface # 1     Wing                                    
     # Chordwise = 10   # Spanwise = 20     First strip =  1
     Surface area Ssurf =    0.103226     Ave. chord Cave =    0.254000

 Forces referred to Sref, Cref, Bref about Xref, Yref, Zref
 Standard axis orientation,  X fwd, Z down         
     CLsurf  =   0.29318     Clsurf  =  -0.06459
     CYsurf  =   0.00917     Cmsurf  =  -0.05657
     CDsurf  =   0.01127     Cnsurf  =  -0.00839
     CDisurf =   0.01127     CDvsurf =   0.00000

 Forces referred to Ssurf, Cave 
     CLsurf  =   0.35189     CDsurf  =   0.01353

 Strip Forces referred to Strip Area, Chord
    j     Xle      Yle      Zle      Chord    Area     c_cl     ai     cl_norm    cl       cd       cdv    cm_c/4     cm_LE   C.P.x/c
     1   0.0003   0.0006   0.0000   0.2540   0.0006   0.1038   0.0450   0.4825   0.3904   0.1990   0.0000  -0.0189  -0.1088    0.299
     2   0.0027   0.0056   0.0000   0.2540   0.0019   0.1038   0.0443   0.5033   0.4072   0.0354   0.0000  -0.0176  -0.1076    0.293
     3   0.0076   0.0155   0.0000   0.2540   0.0031   0.1039   0.0462   0.5049   0.4085   0.0270   0.0000  -0.0137  -0.1042    0.283
     4   0.0146   0.0299   0.0000   0.2540   0.0042   0.1042   0.0494   0.5065   0.4098   0.0240   0.0000  -0.0086  -0.0999    0.271
     5   0.0238   0.0487   0.0000   0.2540   0.0053   0.1045   0.0532   0.5086   0.4115   0.0213   0.0000  -0.0038  -0.0958    0.259
     6   0.0348   0.0712   0.0000   0.2540   0.0062   0.1048   0.0571   0.5103   0.4129   0.0188   0.0000   0.0003  -0.0924    0.249
     7   0.0474   0.0970   0.0000   0.2540   0.0069   0.1049   0.0609   0.5108   0.4133   0.0168   0.0000   0.0037  -0.0894    0.241
     8   0.0613   0.1254   0.0000   0.2540   0.0075   0.1045   0.0649   0.5090   0.4119   0.0152   0.0000   0.0066  -0.0865    0.234
     9   0.0762   0.1558   0.0000   0.2540   0.0079   0.1034   0.0690   0.5040   0.4078   0.0138   0.0000   0.0091  -0.0833    0.228
    10   0.0916   0.1873   0.0000   0.2540   0.0081   0.1014   0.0733   0.4946   0.4002   0.0126   0.0000   0.0115  -0.0793    0.221
    11   0.1071   0.2191   0.0000   0.2540   0.0081   0.0984   0.0779   0.4798   0.3882   0.0114   0.0000   0.0141  -0.0743    0.214
    12   0.1225   0.2506   0.0000   0.2540   0.0079   0.0940   0.0825   0.4584   0.3709   0.0102   0.0000   0.0170  -0.0678    0.204
    13   0.1374   0.2810   0.0000   0.2540   0.0075   0.0880   0.0868   0.4295   0.3475   0.0088   0.0000   0.0201  -0.0598    0.192
    14   0.1513   0.3094   0.0000   0.2540   0.0069   0.0804   0.0903   0.3924   0.3175   0.0073   0.0000   0.0232  -0.0503    0.177
    15   0.1639   0.3352   0.0000   0.2540   0.0062   0.0710   0.0922   0.3468   0.2806   0.0056   0.0000   0.0257  -0.0397    0.158
    16   0.1749   0.3577   0.0000   0.2540   0.0053   0.0601   0.0922   0.2934   0.2374   0.0038   0.0000   0.0270  -0.0289    0.136
    17   0.1841   0.3765   0.0000   0.2540   0.0042   0.0478   0.0899   0.2335   0.1889   0.0022   0.0000   0.0260  -0.0189    0.112
    18   0.1911   0.3909   0.0000   0.2540   0.0031   0.0346   0.0856   0.1689   0.1367   0.0006   0.0000   0.0221  -0.0107    0.088
    19   0.1960   0.4008   0.0000   0.2540   0.0019   0.0208   0.0801   0.1020   0.0825  -0.0008   0.0000   0.0150  -0.0050    0.069
    20   0.1984   0.4058   0.0000   0.2540   0.0006   0.0069   0.0767   0.0342   0.0277  -0.0017   0.0000   0.0053  -0.0014    0.059

  Surface # 2     Wing (YDUP)                             
     # Chordwise = 10   # Spanwise = 20     First strip = 21
     Surface area Ssurf =    0.103226     Ave. chord Cave =    0.254000

 Forces referred to Sref, Cref, Bref about Xref, Yref, Zref
 Standard axis orientation,  X fwd, Z down         
     CLsurf  =   0.29318     Clsurf  =   0.06459
     CYsurf  =  -0.00917     Cmsurf  =  -0.05657
     CDsurf  =   0.01127     Cnsurf  =   0.00839
     CDisurf =   0.01127     CDvsurf =   0.00000

 Forces referred to Ssurf, Cave 
     CLsurf  =   0.35189     CDsurf  =   0.01353

 Strip Forces referred to Strip Area, Chord
    j     Xle      Yle      Zle      Chord    Area     c_cl     ai     cl_norm    cl       cd       cdv    cm_c/4     cm_LE   C.P.x/c
    21   0.0003  -0.0006   0.0000   0.2540   0.0006   0.1038   0.0450   0.4825   0.3904   0.1990   0.0000  -0.0189   0.1088    0.299
    22   0.0027  -0.0056   0.0000   0.2540   0.0019   0.1038   0.0443   0.5033   0.4072   0.0354   0.0000  -0.0176   0.1076    0.293
    23   0.0076  -0.0155   0.0000   0.2540   0.0031   0.1039   0.0462   0.5049   0.4085   0.0270   0.0000  -0.0137   0.1042    0.283
    24   0.0146  -0.0299   0.0000   0.2540   0.0042   0.1042   0.0494   0.5065   0.4098   0.0240   0.0000  -0.0086   0.0999    0.271
    25   0.0238  -0.0487   0.0000   0.2540   0.0053   0.1045   0.0532   0.5086   0.4115   0.0213   0.0000  -0.0038   0.0958    0.259
    26   0.0348  -0.0712   0.0000   0.2540   0.0062   0.1048   0.0571   0.5103   0.4129   0.0188   0.0000   0.0003   0.0924    0.249
    27   0.0474  -0.0970   0.0000   0.2540   0.0069   0.1049   0.0609   0.5108   0.4133   0.0168   0.0000   0.0037   0.0894    0.241
    28   0.0613  -0.1254   0.0000   0.2540   0.0075   0.1045   0.0649   0.5090   0.4119   0.0152   0.0000   0.0066   0.0865    0.234
    29   0.0762  -0.1558   0.0000   0.2540   0.0079   0.1034   0.0690   0.5040   0.4078   0.0138   0.0000   0.0091   0.0833    0.228
    30   0.0916  -0.1873   0.0000   0.2540   0.0081   0.1014   0.0733   0.4946   0.4002   0.0126   0.0000   0.0115   0.0793    0.221
    31   0.1071  -0.2191   0.0000   0.2540   0.0081   0.0984   0.0779   0.4798   0.3882   0.0114   0.0000   0.0141   0.0743    0.214
    32   0.1225  -0.2506   0.0000   0.2540   0.0079   0.0940   0.0825   0.4584   0.3709   0.0102   0.0000   0.0170   0.0678    0.204
    33   0.1374  -0.2810   0.0000   0.2540   0.0075   0.0880   0.0868   0.4295   0.3475   0.0088   0.0000   0.0201   0.0598    0.192
    34   0.1513  -0.3094   0.0000   0.2540   0.0069   0.0804   0.0903   0.3924   0.3175   0.0073   0.0000   0.0232   0.0503    0.177
    35   0.1639  -0.3352   0.0000   0.2540   0.0062   0.0710   0.0922   0.3468   0.2806   0.0056   0.0000   0.0257   0.0397    0.158
    36   0.1749  -0.3577   0.0000   0.2540   0.0053   0.0601   0.0922   0.2934   0.2374   0.0038   0.0000   0.0270   0.0289    0.136
    37   0.1841  -0.3765   0.0000   0.2540   0.0042   0.0478   0.0899   0.2335   0.1889   0.0022   0.0000   0.0260   0.0189    0.112
    38   0.1911  -0.3909   0.0000   0.2540   0.0031   0.0346   0.0856   0.1689   0.1367   0.0006   0.0000   0.0221   0.0107    0.088
    39   0.1960  -0.4008   0.0000   0.2540   0.0019   0.0208   0.0801   0.1020   0.0825  -0.0008   0.0000   0.0150   0.0050    0.069
    40   0.1984  -0.4058   0.0000   0.2540   0.0006   0.0069   0.0767   0.0342   0.0277  -0.0017   0.0000   0.0053   0.0014    0.059
 ---------------------------------------------------------------
