 ---------------------------------------------------------------
 Surface and Strip Forces by surface

  Sref = 0.13010       Cref = 0.16980       Bref = 0.81280    
  Xref = 0.10920       Yref =  0.0000       Zref =  0.0000    

  Surface # 1     Wing                                    
     # Chordwise = 10   # Spanwise = 20     First strip =  1
     Surface area Ssurf =    0.092903     Ave. chord Cave =    0.228600

 Forces referred to Sref, Cref, Bref about Xref, Yref, Zref
 Standard axis orientation,  X fwd, Z down         
     CLsurf  =   0.27920     Clsurf  =  -0.06109
     CYsurf  =   0.00498     Cmsurf  =   0.02122
     CDsurf  =   0.01037     Cnsurf  =  -0.00585
     CDisurf =   0.01037     CDvsurf =   0.00000

 Forces referred to Ssurf, Cave 
     CLsurf  =   0.39099     CDsurf  =   0.01453

 Strip Forces referred to Strip Area, Chord
    j     Xle      Yle      Zle      Chord    Area     c_cl     ai     cl_norm    cl       cd       cdv    cm_c/4     cm_LE   C.P.x/c
     1   0.0002   0.0006   0.0000   0.2286   0.0006   0.1060   0.0526   0.4820   0.4517   0.1373   0.0000  -0.0079  -0.1198    0.267
     2   0.0015   0.0056   0.0000   0.2286   0.0017   0.1060   0.0519   0.4941   0.4630   0.0303   0.0000  -0.0069  -0.1188    0.265
     3   0.0040   0.0155   0.0000   0.2286   0.0028   0.1060   0.0527   0.4949   0.4638   0.0243   0.0000  -0.0043  -0.1163    0.259
     4   0.0078   0.0299   0.0000   0.2286   0.0038   0.1061   0.0545   0.4956   0.4644   0.0218   0.0000  -0.0010  -0.1133    0.252
     5   0.0127   0.0487   0.0000   0.2286   0.0047   0.1062   0.0568   0.4961   0.4649   0.0197   0.0000   0.0021  -0.1103    0.245
     6   0.0186   0.0712   0.0000   0.2286   0.0055   0.1061   0.0594   0.4959   0.4647   0.0180   0.0000   0.0048  -0.1076    0.240
     7   0.0253   0.0970   0.0000   0.2286   0.0062   0.1057   0.0621   0.4943   0.4632   0.0167   0.0000   0.0070  -0.1051    0.235
     8   0.0327   0.1254   0.0000   0.2286   0.0067   0.1048   0.0649   0.4903   0.4595   0.0157   0.0000   0.0089  -0.1024    0.231
     9   0.0406   0.1558   0.0000   0.2286   0.0071   0.1033   0.0681   0.4833   0.4529   0.0148   0.0000   0.0106  -0.0991    0.227
    10   0.0488   0.1873   0.0000   0.2286   0.0073   0.1009   0.0715   0.4723   0.4426   0.0141   0.0000   0.0123  -0.0949    0.222
    11   0.0571   0.2191   0.0000   0.2286   0.0073   0.0975   0.0753   0.4564   0.4277   0.0134   0.0000   0.0142  -0.0895    0.217
    12   0.0653   0.2506   0.0000   0.2286   0.0071   0.0929   0.0794   0.4347   0.4074   0.0127   0.0000   0.0163  -0.0825    0.210
    13   0.0732   0.2810   0.0000   0.2286   0.0067   0.0869   0.0834   0.4064   0.3809   0.0118   0.0000   0.0187  -0.0739    0.201
    14   0.0806   0.3094   0.0000   0.2286   0.0062   0.0793   0.0870   0.3710   0.3477   0.0107   0.0000   0.0210  -0.0636    0.190
    15   0.0873   0.3352   0.0000   0.2286   0.0055   0.0701   0.0896   0.3280   0.3074   0.0094   0.0000   0.0230  -0.0519    0.175
    16   0.0932   0.3577   0.0000   0.2286   0.0047   0.0594   0.0906   0.2779   0.2604   0.0078   0.0000   0.0240  -0.0396    0.158
    17   0.0981   0.3765   0.0000   0.2286   0.0038   0.0473   0.0896   0.2216   0.2076   0.0060   0.0000   0.0232  -0.0277    0.138
    18   0.1019   0.3909   0.0000   0.2286   0.0028   0.0343   0.0864   0.1606   0.1505   0.0040   0.0000   0.0198  -0.0171    0.118
    19   0.1044   0.4008   0.0000   0.2286   0.0017   0.0207   0.0816   0.0970   0.0909   0.0018   0.0000   0.0135  -0.0088    0.101
    20   0.1057   0.4058   0.0000   0.2286   0.0006   0.0069   0.0780   0.0325   0.0304  -0.0003   0.0000   0.0048  -0.0027    0.092

  Surface # 2     Wing (YDUP)                             
     # Chordwise = 10   # Spanwise = 20     First strip = 21
     Surface area Ssurf =    0.092903     Ave. chord Cave =    0.228600

 Forces referred to Sref, Cref, Bref about Xref, Yref, Zref
 Standard axis orientation,  X fwd, Z down         
     CLsurf  =   0.27920     Clsurf  =   0.06109
     CYsurf  =  -0.00498     Cmsurf  =   0.02122
     CDsurf  =   0.01037     Cnsurf  =   0.00585
     CDisurf =   0.01037     CDvsurf =   0.00000

 Forces referred to Ssurf, Cave 
     CLsurf  =   0.39099     CDsurf  =   0.01453

 Strip Forces referred to Strip Area, Chord
    j     Xle      Yle      Zle      Chord    Area     c_cl     ai     cl_norm    cl       cd       cdv    cm_c/4     cm_LE   C.P.x/c
    21   0.0002  -0.0006   0.0000   0.2286   0.0006   0.1060   0.0526   0.4820   0.4517   0.1373   0.0000  -0.0079   0.1198    0.267
    22   0.0015  -0.0056   0.0000   0.2286   0.0017   0.1060   0.0519   0.4941   0.4630   0.0303   0.0000  -0.0069   0.1188    0.265
    23   0.0040  -0.0155   0.0000   0.2286   0.0028   0.1060   0.0527   0.4949   0.4638   0.0243   0.0000  -0.0043   0.1163    0.259
    24   0.0078  -0.0299   0.0000   0.2286   0.0038   0.1061   0.0545   0.4956   0.4644   0.0218   0.0000  -0.0010   0.1133    0.252
    25   0.0127  -0.0487   0.0000   0.2286   0.0047   0.1062   0.0568   0.4961   0.4649   0.0197   0.0000   0.0021   0.1103    0.245
    26   0.0186  -0.0712   0.0000   0.2286   0.0055   0.1061   0.0594   0.4959   0.4647   0.0180   0.0000   0.0048   0.1076    0.240
    27   0.0253  -0.0970   0.0000   0.2286   0.0062   0.1057   0.0621   0.4943   0.4632   0.0167   0.0000   0.0070   0.1051    0.235
    28   0.0327  -0.1254   0.0000   0.2286   0.0067   0.1048   0.0649   0.4903   0.4595   0.0157   0.0000   0.0089   0.1024    0.231
    29   0.0406  -0.1558   0.0000   0.2286   0.0071   0.1033   0.0681   0.4833   0.4529   0.0148   0.0000   0.0106   0.0991    0.227
    30   0.0488  -0.1873   0.0000   0.2286   0.0073   0.1009   0.0715   0.4723   0.4426   0.0141   0.0000   0.0123   0.0949    0.222
    31   0.0571  -0.2191   0.0000   0.2286   0.0073   0.0975   0.0753   0.4564   0.4277   0.0134   0.0000   0.0142   0.0895    0.217
    32   0.0653  -0.2506   0.0000   0.2286   0.0071   0.0929   0.0794   0.4347   0.4074   0.0127   0.0000   0.0163   0.0825    0.210
    33   0.0732  -0.2810   0.0000   0.2286   0.0067   0.0869   0.0834   0.4064   0.3809   0.0118   0.0000   0.0187   0.0739    0.201
    34   0.0806  -0.3094   0.0000   0.2286   0.0062   0.0793   0.0870   0.3710   0.3477   0.0107   0.0000   0.0210   0.0636    0.190
    35   0.0873  -0.3352   0.0000   0.2286   0.0055   0.0701   0.0896   0.3280   0.3074   0.0094   0.0000   0.0230   0.0519    0.175
    36   0.0932  -0.3577   0.0000   0.2286   0.0047   0.0594   0.0906   0.2779   0.2604   0.0078   0.0000   0.0240   0.0396    0.158
    37   0.0981  -0.3765   0.0000   0.2286   0.0038   0.0473   0.0896   0.2216   0.2076   0.0060   0.0000   0.0232   0.0277    0.138
    38   0.1019  -0.3909   0.0000   0.2286   0.0028   0.0343   0.0864   0.1606   0.1505   0.0040   0.0000   0.0198   0.0171    0.118
    39   0.1044  -0.4008   0.0000   0.2286   0.0017   0.0207   0.0816   0.0970   0.0909   0.0018   0.0000   0.0135   0.0088    0.101
    40   0.1057  -0.4058   0.0000   0.2286   0.0006   0.0069   0.0780   0.0325   0.0304  -0.0003   0.0000   0.0048   0.0027    0.092
 ---------------------------------------------------------------
