 ---------------------------------------------------------------
 Surface and Strip Forces by surface

  Sref = 0.14450       Cref = 0.20740       Bref = 0.71120    
  Xref = 0.10920       Yref =  0.0000       Zref =  0.0000    

  Surface # 1     Wing                                    
     # Chordwise = 10   # Spanwise = 20     First strip =  1
     Surface area Ssurf =    0.090322     Ave. chord Cave =    0.254000

 Forces referred to Sref, Cref, Bref about Xref, Yref, Zref
 Standard axis orientation,  X fwd, Z down         
     CLsurf  =   0.25138     Clsurf  =  -0.05485
     CYsurf  =   0.00844     Cmsurf  =  -0.01568
     CDsurf  =   0.01252     Cnsurf  =  -0.00850
     CDisurf =   0.01252     CDvsurf =   0.00000

 Forces referred to Ssurf, Cave 
     CLsurf  =   0.40216     CDsurf  =   0.02004

 Strip Forces referred to Strip Area, Chord
    j     Xle      Yle      Zle      Chord    Area     c_cl     ai     cl_norm    cl       cd       cdv    cm_c/4     cm_LE   C.P.x/c
     1   0.0002   0.0005   0.0000   0.2540   0.0006   0.1213   0.0669   0.5288   0.4459   0.2775   0.0000  -0.0165  -0.1246    0.287
     2   0.0021   0.0049   0.0000   0.2540   0.0017   0.1213   0.0665   0.5632   0.4749   0.0503   0.0000  -0.0153  -0.1235    0.282
     3   0.0059   0.0135   0.0000   0.2540   0.0027   0.1213   0.0681   0.5654   0.4767   0.0377   0.0000  -0.0118  -0.1204    0.275
     4   0.0114   0.0262   0.0000   0.2540   0.0037   0.1215   0.0710   0.5666   0.4778   0.0338   0.0000  -0.0071  -0.1161    0.265
     5   0.0185   0.0426   0.0000   0.2540   0.0046   0.1216   0.0746   0.5678   0.4788   0.0304   0.0000  -0.0023  -0.1119    0.255
     6   0.0271   0.0623   0.0000   0.2540   0.0054   0.1216   0.0785   0.5683   0.4792   0.0273   0.0000   0.0021  -0.1079    0.246
     7   0.0370   0.0849   0.0000   0.2540   0.0060   0.1213   0.0825   0.5671   0.4782   0.0248   0.0000   0.0058  -0.1041    0.238
     8   0.0478   0.1098   0.0000   0.2540   0.0065   0.1203   0.0866   0.5630   0.4748   0.0226   0.0000   0.0091  -0.1002    0.231
     9   0.0593   0.1363   0.0000   0.2540   0.0069   0.1186   0.0910   0.5552   0.4681   0.0206   0.0000   0.0122  -0.0959    0.224
    10   0.0713   0.1638   0.0000   0.2540   0.0071   0.1158   0.0955   0.5423   0.4573   0.0189   0.0000   0.0151  -0.0907    0.217
    11   0.0835   0.1918   0.0000   0.2540   0.0071   0.1118   0.1001   0.5235   0.4414   0.0172   0.0000   0.0182  -0.0842    0.209
    12   0.0955   0.2193   0.0000   0.2540   0.0069   0.1062   0.1046   0.4976   0.4196   0.0154   0.0000   0.0213  -0.0763    0.199
    13   0.1070   0.2458   0.0000   0.2540   0.0065   0.0990   0.1086   0.4639   0.3911   0.0134   0.0000   0.0245  -0.0669    0.187
    14   0.1178   0.2707   0.0000   0.2540   0.0060   0.0900   0.1117   0.4218   0.3557   0.0113   0.0000   0.0274  -0.0561    0.173
    15   0.1277   0.2933   0.0000   0.2540   0.0054   0.0792   0.1133   0.3716   0.3133   0.0090   0.0000   0.0294  -0.0446    0.156
    16   0.1363   0.3130   0.0000   0.2540   0.0046   0.0669   0.1131   0.3137   0.2645   0.0067   0.0000   0.0298  -0.0330    0.137
    17   0.1434   0.3294   0.0000   0.2540   0.0037   0.0532   0.1109   0.2495   0.2104   0.0044   0.0000   0.0280  -0.0223    0.117
    18   0.1489   0.3421   0.0000   0.2540   0.0027   0.0385   0.1070   0.1808   0.1524   0.0022   0.0000   0.0232  -0.0134    0.098
    19   0.1527   0.3507   0.0000   0.2540   0.0017   0.0232   0.1023   0.1094   0.0922  -0.0000   0.0000   0.0155  -0.0068    0.082
    20   0.1546   0.3551   0.0000   0.2540   0.0006   0.0078   0.0995   0.0368   0.0310  -0.0017   0.0000   0.0054  -0.0020    0.075

  Surface # 2     Wing (YDUP)                             
     # Chordwise = 10   # Spanwise = 20     First strip = 21
     Surface area Ssurf =    0.090322     Ave. chord Cave =    0.254000

 Forces referred to Sref, Cref, Bref about Xref, Yref, Zref
 Standard axis orientation,  X fwd, Z down         
     CLsurf  =   0.25138     Clsurf  =   0.05485
     CYsurf  =  -0.00844     Cmsurf  =  -0.01568
     CDsurf  =   0.01252     Cnsurf  =   0.00850
     CDisurf =   0.01252     CDvsurf =   0.00000

 Forces referred to Ssurf, Cave 
     CLsurf  =   0.40216     CDsurf  =   0.02004

 Strip Forces referred to Strip Area, Chord
    j     Xle      Yle      Zle      Chord    Area     c_cl     ai     cl_norm    cl       cd       cdv    cm_c/4     cm_LE   C.P.x/c
    21   0.0002  -0.0005   0.0000   0.2540   0.0006   0.1213   0.0669   0.5288   0.4459   0.2775   0.0000  -0.0165   0.1246    0.287
    22   0.0021  -0.0049   0.0000   0.2540   0.0017   0.1213   0.0665   0.5632   0.4749   0.0503   0.0000  -0.0153   0.1235    0.282
    23   0.0059  -0.0135   0.0000   0.2540   0.0027   0.1213   0.0681   0.5654   0.4767   0.0377   0.0000  -0.0118   0.1204    0.275
    24   0.0114  -0.0262   0.0000   0.2540   0.0037   0.1215   0.0710   0.5666   0.4778   0.0338   0.0000  -0.0071   0.1161    0.265
    25   0.0185  -0.0426   0.0000   0.2540   0.0046   0.1216   0.0746   0.5678   0.4788   0.0304   0.0000  -0.0023   0.1119    0.255
    26   0.0271  -0.0623   0.0000   0.2540   0.0054   0.1216   0.0785   0.5683   0.4792   0.0273   0.0000   0.0021   0.1079    0.246
    27   0.0370  -0.0849   0.0000   0.2540   0.0060   0.1213   0.0825   0.5671   0.4782   0.0248   0.0000   0.0058   0.1041    0.238
    28   0.0478  -0.1098   0.0000   0.2540   0.0065   0.1203   0.0866   0.5630   0.4748   0.0226   0.0000   0.0091   0.1002    0.231
    29   0.0593  -0.1363   0.0000   0.2540   0.0069   0.1186   0.0910   0.5552   0.4681   0.0206   0.0000   0.0122   0.0959    0.224
    30   0.0713  -0.1638   0.0000   0.2540   0.0071   0.1158   0.0955   0.5423   0.4573   0.0189   0.0000   0.0151   0.0907    0.217
    31   0.0835  -0.1918   0.0000   0.2540   0.0071   0.1118   0.1001   0.5235   0.4414   0.0172   0.0000   0.0182   0.0842    0.209
    32   0.0955  -0.2193   0.0000   0.2540   0.0069   0.1062   0.1046   0.4976   0.4196   0.0154   0.0000   0.0213   0.0763    0.199
    33   0.1070  -0.2458   0.0000   0.2540   0.0065   0.0990   0.1086   0.4639   0.3911   0.0134   0.0000   0.0245   0.0669    0.187
    34   0.1178  -0.2707   0.0000   0.2540   0.0060   0.0900   0.1117   0.4218   0.3557   0.0113   0.0000   0.0274   0.0561    0.173
    35   0.1277  -0.2933   0.0000   0.2540   0.0054   0.0792   0.1133   0.3716   0.3133   0.0090   0.0000   0.0294   0.0446    0.156
    36   0.1363  -0.3130   0.0000   0.2540   0.0046   0.0669   0.1131   0.3137   0.2645   0.0067   0.0000   0.0298   0.0330    0.137
    37   0.1434  -0.3294   0.0000   0.2540   0.0037   0.0532   0.1109   0.2495   0.2104   0.0044   0.0000   0.0280   0.0223    0.117
    38   0.1489  -0.3421   0.0000   0.2540   0.0027   0.0385   0.1070   0.1808   0.1524   0.0022   0.0000   0.0232   0.0134    0.098
    39   0.1527  -0.3507   0.0000   0.2540   0.0017   0.0232   0.1023   0.1094   0.0922  -0.0000   0.0000   0.0155   0.0068    0.082
    40   0.1546  -0.3551   0.0000   0.2540   0.0006   0.0078   0.0995   0.0368   0.0310  -0.0017   0.0000   0.0054   0.0020    0.075
 ---------------------------------------------------------------
