 ---------------------------------------------------------------
 Surface and Strip Forces by surface

  Sref = 0.16720       Cref = 0.20660       Bref = 0.81280    
  Xref = 0.10920       Yref =  0.0000       Zref =  0.0000    

  Surface # 1     Wing                                    
     # Chordwise = 10   # Spanwise = 20     First strip =  1
     Surface area Ssurf =    0.092903     Ave. chord Cave =    0.228600

 Forces referred to Sref, Cref, Bref about Xref, Yref, Zref
 Standard axis orientation,  X fwd, Z down         
     CLsurf  =   0.21725     Clsurf  =  -0.04717
     CYsurf  =   0.00172     Cmsurf  =   0.04106
     CDsurf  =   0.00785     Cnsurf  =  -0.00367
     CDisurf =   0.00785     CDvsurf =   0.00000

 Forces referred to Ssurf, Cave 
     CLsurf  =   0.39099     CDsurf  =   0.01412

 Strip Forces referred to Strip Area, Chord
    j     Xle      Yle      Zle      Chord    Area     c_cl     ai     cl_norm    cl       cd       cdv    cm_c/4     cm_LE   C.P.x/c
     1   0.0001   0.0006   0.0000   0.2286   0.0006   0.1082   0.0589   0.4742   0.4680   0.0738   0.0000   0.0019  -0.1157    0.246
     2   0.0006   0.0056   0.0000   0.2286   0.0017   0.1082   0.0585   0.4796   0.4733   0.0224   0.0000   0.0023  -0.1152    0.245
     3   0.0018   0.0155   0.0000   0.2286   0.0028   0.1081   0.0587   0.4798   0.4736   0.0194   0.0000   0.0035  -0.1140    0.243
     4   0.0035   0.0299   0.0000   0.2286   0.0038   0.1081   0.0594   0.4797   0.4734   0.0180   0.0000   0.0050  -0.1124    0.239
     5   0.0056   0.0487   0.0000   0.2286   0.0047   0.1079   0.0605   0.4790   0.4728   0.0170   0.0000   0.0065  -0.1107    0.236
     6   0.0082   0.0712   0.0000   0.2286   0.0055   0.1075   0.0619   0.4773   0.4711   0.0162   0.0000   0.0079  -0.1090    0.233
     7   0.0112   0.0970   0.0000   0.2286   0.0062   0.1067   0.0635   0.4739   0.4678   0.0156   0.0000   0.0090  -0.1070    0.231
     8   0.0145   0.1254   0.0000   0.2286   0.0067   0.1054   0.0655   0.4683   0.4622   0.0152   0.0000   0.0101  -0.1045    0.228
     9   0.0180   0.1558   0.0000   0.2286   0.0071   0.1035   0.0677   0.4596   0.4536   0.0148   0.0000   0.0112  -0.1013    0.225
    10   0.0217   0.1873   0.0000   0.2286   0.0073   0.1007   0.0704   0.4472   0.4414   0.0145   0.0000   0.0124  -0.0971    0.222
    11   0.0253   0.2191   0.0000   0.2286   0.0073   0.0969   0.0734   0.4304   0.4248   0.0142   0.0000   0.0137  -0.0917    0.218
    12   0.0290   0.2506   0.0000   0.2286   0.0071   0.0920   0.0768   0.4084   0.4031   0.0138   0.0000   0.0152  -0.0848    0.212
    13   0.0325   0.2810   0.0000   0.2286   0.0067   0.0857   0.0802   0.3806   0.3756   0.0132   0.0000   0.0169  -0.0763    0.205
    14   0.0358   0.3094   0.0000   0.2286   0.0062   0.0780   0.0833   0.3465   0.3420   0.0124   0.0000   0.0186  -0.0663    0.196
    15   0.0388   0.3352   0.0000   0.2286   0.0055   0.0689   0.0858   0.3058   0.3018   0.0113   0.0000   0.0200  -0.0550    0.184
    16   0.0414   0.3577   0.0000   0.2286   0.0047   0.0583   0.0870   0.2588   0.2554   0.0098   0.0000   0.0205  -0.0429    0.170
    17   0.0435   0.3765   0.0000   0.2286   0.0038   0.0465   0.0864   0.2063   0.2036   0.0080   0.0000   0.0197  -0.0309    0.153
    18   0.0452   0.3909   0.0000   0.2286   0.0028   0.0337   0.0837   0.1495   0.1476   0.0058   0.0000   0.0168  -0.0199    0.136
    19   0.0464   0.4008   0.0000   0.2286   0.0017   0.0204   0.0795   0.0903   0.0892   0.0033   0.0000   0.0115  -0.0107    0.121
    20   0.0469   0.4058   0.0000   0.2286   0.0006   0.0068   0.0761   0.0302   0.0298   0.0007   0.0000   0.0041  -0.0033    0.113

  Surface # 2     Wing (YDUP)                             
     # Chordwise = 10   # Spanwise = 20     First strip = 21
     Surface area Ssurf =    0.092903     Ave. chord Cave =    0.228600

 Forces referred to Sref, Cref, Bref about Xref, Yref, Zref
 Standard axis orientation,  X fwd, Z down         
     CLsurf  =   0.21725     Clsurf  =   0.04717
     CYsurf  =  -0.00172     Cmsurf  =   0.04106
     CDsurf  =   0.00785     Cnsurf  =   0.00367
     CDisurf =   0.00785     CDvsurf =   0.00000

 Forces referred to Ssurf, Cave 
     CLsurf  =   0.39099     CDsurf  =   0.01412

 Strip Forces referred to Strip Area, Chord
    j     Xle      Yle      Zle      Chord    Area     c_cl     ai     cl_norm    cl       cd       cdv    cm_c/4     cm_LE   C.P.x/c
    21   0.0001  -0.0006   0.0000   0.2286   0.0006   0.1082   0.0589   0.4742   0.4680   0.0738   0.0000   0.0019   0.1157    0.246
    22   0.0006  -0.0056   0.0000   0.2286   0.0017   0.1082   0.0585   0.4796   0.4733   0.0224   0.0000   0.0023   0.1152    0.245
    23   0.0018  -0.0155   0.0000   0.2286   0.0028   0.1081   0.0587   0.4798   0.4736   0.0194   0.0000   0.0035   0.1140    0.243
    24   0.0035  -0.0299   0.0000   0.2286   0.0038   0.1081   0.0594   0.4797   0.4734   0.0180   0.0000   0.0050   0.1124    0.239
    25   0.0056  -0.0487   0.0000   0.2286   0.0047   0.1079   0.0605   0.4790   0.4728   0.0170   0.0000   0.0065   0.1107    0.236
    26   0.0082  -0.0712   0.0000   0.2286   0.0055   0.1075   0.0619   0.4773   0.4711   0.0162   0.0000   0.0079   0.1090    0.233
    27   0.0112  -0.0970   0.0000   0.2286   0.0062   0.1067   0.0635   0.4739   0.4678   0.0156   0.0000   0.0090   0.1070    0.231
    28   0.0145  -0.1254   0.0000   0.2286   0.0067   0.1054   0.0655   0.4683   0.4622   0.0152   0.0000   0.0101   0.1045    0.228
    29   0.0180  -0.1558   0.0000   0.2286   0.0071   0.1035   0.0677   0.4596   0.4536   0.0148   0.0000   0.0112   0.1013    0.225
    30   0.0217  -0.1873   0.0000   0.2286   0.0073   0.1007   0.0704   0.4472   0.4414   0.0145   0.0000   0.0124   0.0971    0.222
    31   0.0253  -0.2191   0.0000   0.2286   0.0073   0.0969   0.0734   0.4304   0.4248   0.0142   0.0000   0.0137   0.0917    0.218
    32   0.0290  -0.2506   0.0000   0.2286   0.0071   0.0920   0.0768   0.4084   0.4031   0.0138   0.0000   0.0152   0.0848    0.212
    33   0.0325  -0.2810   0.0000   0.2286   0.0067   0.0857   0.0802   0.3806   0.3756   0.0132   0.0000   0.0169   0.0763    0.205
    34   0.0358  -0.3094   0.0000   0.2286   0.0062   0.0780   0.0833   0.3465   0.3420   0.0124   0.0000   0.0186   0.0663    0.196
    35   0.0388  -0.3352   0.0000   0.2286   0.0055   0.0689   0.0858   0.3058   0.3018   0.0113   0.0000   0.0200   0.0550    0.184
    36   0.0414  -0.3577   0.0000   0.2286   0.0047   0.0583   0.0870   0.2588   0.2554   0.0098   0.0000   0.0205   0.0429    0.170
    37   0.0435  -0.3765   0.0000   0.2286   0.0038   0.0465   0.0864   0.2063   0.2036   0.0080   0.0000   0.0197   0.0309    0.153
    38   0.0452  -0.3909   0.0000   0.2286   0.0028   0.0337   0.0837   0.1495   0.1476   0.0058   0.0000   0.0168   0.0199    0.136
    39   0.0464  -0.4008   0.0000   0.2286   0.0017   0.0204   0.0795   0.0903   0.0892   0.0033   0.0000   0.0115   0.0107    0.121
    40   0.0469  -0.4058   0.0000   0.2286   0.0006   0.0068   0.0761   0.0302   0.0298   0.0007   0.0000   0.0041   0.0033    0.113
 ---------------------------------------------------------------
