 ---------------------------------------------------------------
 Surface and Strip Forces by surface

  Sref = 0.13010       Cref = 0.15090       Bref = 0.91440    
  Xref = 0.10920       Yref =  0.0000       Zref =  0.0000    

  Surface # 1     Wing                                    
     # Chordwise = 10   # Spanwise = 20     First strip =  1
     Surface area Ssurf =    0.092903     Ave. chord Cave =    0.203200

 Forces referred to Sref, Cref, Bref about Xref, Yref, Zref
 Standard axis orientation,  X fwd, Z down         
     CLsurf  =   0.27920     Clsurf  =  -0.06213
     CYsurf  =   0.00611     Cmsurf  =  -0.00831
     CDsurf  =   0.00833     Cnsurf  =  -0.00572
     CDisurf =   0.00833     CDvsurf =   0.00000

 Forces referred to Ssurf, Cave 
     CLsurf  =   0.39099     CDsurf  =   0.01167

 Strip Forces referred to Strip Area, Chord
    j     Xle      Yle      Zle      Chord    Area     c_cl     ai     cl_norm    cl       cd       cdv    cm_c/4     cm_LE   C.P.x/c
     1   0.0002   0.0007   0.0000   0.2032   0.0006   0.0906   0.0323   0.4847   0.4364   0.1229   0.0000  -0.0144  -0.1194    0.283
     2   0.0021   0.0063   0.0000   0.2032   0.0017   0.0907   0.0321   0.4950   0.4456   0.0270   0.0000  -0.0127  -0.1178    0.278
     3   0.0058   0.0174   0.0000   0.2032   0.0028   0.0908   0.0340   0.4962   0.4467   0.0217   0.0000  -0.0087  -0.1141    0.269
     4   0.0113   0.0337   0.0000   0.2032   0.0038   0.0911   0.0369   0.4981   0.4484   0.0188   0.0000  -0.0042  -0.1102    0.259
     5   0.0183   0.0548   0.0000   0.2032   0.0047   0.0914   0.0402   0.5004   0.4505   0.0164   0.0000  -0.0003  -0.1070    0.251
     6   0.0268   0.0801   0.0000   0.2032   0.0055   0.0918   0.0433   0.5025   0.4524   0.0145   0.0000   0.0026  -0.1046    0.244
     7   0.0365   0.1092   0.0000   0.2032   0.0062   0.0919   0.0464   0.5035   0.4532   0.0132   0.0000   0.0048  -0.1027    0.239
     8   0.0472   0.1411   0.0000   0.2032   0.0067   0.0917   0.0494   0.5024   0.4522   0.0122   0.0000   0.0065  -0.1008    0.236
     9   0.0586   0.1752   0.0000   0.2032   0.0071   0.0910   0.0526   0.4984   0.4486   0.0115   0.0000   0.0080  -0.0986    0.232
    10   0.0705   0.2107   0.0000   0.2032   0.0073   0.0895   0.0563   0.4906   0.4416   0.0109   0.0000   0.0094  -0.0955    0.229
    11   0.0825   0.2465   0.0000   0.2032   0.0073   0.0872   0.0604   0.4780   0.4303   0.0104   0.0000   0.0111  -0.0913    0.224
    12   0.0944   0.2820   0.0000   0.2032   0.0071   0.0839   0.0652   0.4595   0.4136   0.0099   0.0000   0.0131  -0.0854    0.218
    13   0.1058   0.3161   0.0000   0.2032   0.0067   0.0792   0.0702   0.4339   0.3906   0.0092   0.0000   0.0156  -0.0776    0.210
    14   0.1165   0.3480   0.0000   0.2032   0.0062   0.0730   0.0751   0.4000   0.3601   0.0084   0.0000   0.0185  -0.0676    0.199
    15   0.1262   0.3771   0.0000   0.2032   0.0055   0.0651   0.0792   0.3570   0.3214   0.0073   0.0000   0.0214  -0.0557    0.183
    16   0.1347   0.4024   0.0000   0.2032   0.0047   0.0556   0.0816   0.3048   0.2744   0.0059   0.0000   0.0236  -0.0425    0.164
    17   0.1417   0.4235   0.0000   0.2032   0.0038   0.0446   0.0813   0.2443   0.2199   0.0043   0.0000   0.0241  -0.0291    0.140
    18   0.1472   0.4398   0.0000   0.2032   0.0028   0.0324   0.0782   0.1775   0.1598   0.0027   0.0000   0.0216  -0.0173    0.115
    19   0.1509   0.4509   0.0000   0.2032   0.0017   0.0195   0.0727   0.1072   0.0965   0.0009   0.0000   0.0152  -0.0084    0.092
    20   0.1528   0.4565   0.0000   0.2032   0.0006   0.0065   0.0681   0.0359   0.0323  -0.0007   0.0000   0.0055  -0.0024    0.079

  Surface # 2     Wing (YDUP)                             
     # Chordwise = 10   # Spanwise = 20     First strip = 21
     Surface area Ssurf =    0.092903     Ave. chord Cave =    0.203200

 Forces referred to Sref, Cref, Bref about Xref, Yref, Zref
 Standard axis orientation,  X fwd, Z down         
     CLsurf  =   0.27920     Clsurf  =   0.06213
     CYsurf  =  -0.00611     Cmsurf  =  -0.00831
     CDsurf  =   0.00833     Cnsurf  =   0.00572
     CDisurf =   0.00833     CDvsurf =   0.00000

 Forces referred to Ssurf, Cave 
     CLsurf  =   0.39099     CDsurf  =   0.01167

 Strip Forces referred to Strip Area, Chord
    j     Xle      Yle      Zle      Chord    Area     c_cl     ai     cl_norm    cl       cd       cdv    cm_c/4     cm_LE   C.P.x/c
    21   0.0002  -0.0007   0.0000   0.2032   0.0006   0.0906   0.0323   0.4847   0.4364   0.1229   0.0000  -0.0144   0.1194    0.283
    22   0.0021  -0.0063   0.0000   0.2032   0.0017   0.0907   0.0321   0.4950   0.4456   0.0270   0.0000  -0.0127   0.1178    0.278
    23   0.0058  -0.0174   0.0000   0.2032   0.0028   0.0908   0.0340   0.4962   0.4467   0.0217   0.0000  -0.0087   0.1141    0.269
    24   0.0113  -0.0337   0.0000   0.2032   0.0038   0.0911   0.0369   0.4981   0.4484   0.0188   0.0000  -0.0042   0.1102    0.259
    25   0.0183  -0.0548   0.0000   0.2032   0.0047   0.0914   0.0402   0.5004   0.4505   0.0164   0.0000  -0.0003   0.1070    0.251
    26   0.0268  -0.0801   0.0000   0.2032   0.0055   0.0918   0.0433   0.5025   0.4524   0.0145   0.0000   0.0026   0.1046    0.244
    27   0.0365  -0.1092   0.0000   0.2032   0.0062   0.0919   0.0464   0.5035   0.4532   0.0132   0.0000   0.0048   0.1027    0.239
    28   0.0472  -0.1411   0.0000   0.2032   0.0067   0.0917   0.0494   0.5024   0.4522   0.0122   0.0000   0.0065   0.1008    0.236
    29   0.0586  -0.1752   0.0000   0.2032   0.0071   0.0910   0.0526   0.4984   0.4486   0.0115   0.0000   0.0080   0.0986    0.232
    30   0.0705  -0.2107   0.0000   0.2032   0.0073   0.0895   0.0563   0.4906   0.4416   0.0109   0.0000   0.0094   0.0955    0.229
    31   0.0825  -0.2465   0.0000   0.2032   0.0073   0.0872   0.0604   0.4780   0.4303   0.0104   0.0000   0.0111   0.0913    0.224
    32   0.0944  -0.2820   0.0000   0.2032   0.0071   0.0839   0.0652   0.4595   0.4136   0.0099   0.0000   0.0131   0.0854    0.218
    33   0.1058  -0.3161   0.0000   0.2032   0.0067   0.0792   0.0702   0.4339   0.3906   0.0092   0.0000   0.0156   0.0776    0.210
    34   0.1165  -0.3480   0.0000   0.2032   0.0062   0.0730   0.0751   0.4000   0.3601   0.0084   0.0000   0.0185   0.0676    0.199
    35   0.1262  -0.3771   0.0000   0.2032   0.0055   0.0651   0.0792   0.3570   0.3214   0.0073   0.0000   0.0214   0.0557    0.183
    36   0.1347  -0.4024   0.0000   0.2032   0.0047   0.0556   0.0816   0.3048   0.2744   0.0059   0.0000   0.0236   0.0425    0.164
    37   0.1417  -0.4235   0.0000   0.2032   0.0038   0.0446   0.0813   0.2443   0.2199   0.0043   0.0000   0.0241   0.0291    0.140
    38   0.1472  -0.4398   0.0000   0.2032   0.0028   0.0324   0.0782   0.1775   0.1598   0.0027   0.0000   0.0216   0.0173    0.115
    39   0.1509  -0.4509   0.0000   0.2032   0.0017   0.0195   0.0727   0.1072   0.0965   0.0009   0.0000   0.0152   0.0084    0.092
    40   0.1528  -0.4565   0.0000   0.2032   0.0006   0.0065   0.0681   0.0359   0.0323  -0.0007   0.0000   0.0055   0.0024    0.079
 ---------------------------------------------------------------
