 ---------------------------------------------------------------
 Surface and Strip Forces by surface

  Sref = 0.97500E-01   Cref = 0.16980       Bref = 0.60960    
  Xref = 0.10920       Yref =  0.0000       Zref =  0.0000    

  Surface # 1     Wing                                    
     # Chordwise = 10   # Spanwise = 20     First strip =  1
     Surface area Ssurf =    0.069677     Ave. chord Cave =    0.228600

 Forces referred to Sref, Cref, Bref about Xref, Yref, Zref
 Standard axis orientation,  X fwd, Z down         
     CLsurf  =   0.37256     Clsurf  =  -0.08028
     CYsurf  =   0.00783     Cmsurf  =   0.07508
     CDsurf  =   0.02438     Cnsurf  =  -0.01175
     CDisurf =   0.02438     CDvsurf =   0.00000

 Forces referred to Ssurf, Cave 
     CLsurf  =   0.52132     CDsurf  =   0.03412

 Strip Forces referred to Strip Area, Chord
    j     Xle      Yle      Zle      Chord    Area     c_cl     ai     cl_norm    cl       cd       cdv    cm_c/4     cm_LE   C.P.x/c
     1   0.0001   0.0005   0.0000   0.2286   0.0004   0.1453   0.1075   0.6219   0.5987   0.2700   0.0000  -0.0005  -0.1563    0.251
     2   0.0008   0.0042   0.0000   0.2286   0.0013   0.1453   0.1073   0.6586   0.6340   0.0648   0.0000   0.0002  -0.1556    0.250
     3   0.0023   0.0116   0.0000   0.2286   0.0021   0.1453   0.1080   0.6607   0.6360   0.0522   0.0000   0.0022  -0.1537    0.247
     4   0.0045   0.0225   0.0000   0.2286   0.0029   0.1452   0.1095   0.6611   0.6364   0.0479   0.0000   0.0050  -0.1509    0.242
     5   0.0073   0.0365   0.0000   0.2286   0.0036   0.1450   0.1116   0.6605   0.6358   0.0447   0.0000   0.0079  -0.1477    0.238
     6   0.0107   0.0534   0.0000   0.2286   0.0042   0.1444   0.1140   0.6582   0.6336   0.0420   0.0000   0.0108  -0.1443    0.233
     7   0.0146   0.0728   0.0000   0.2286   0.0047   0.1432   0.1169   0.6533   0.6289   0.0397   0.0000   0.0134  -0.1405    0.229
     8   0.0188   0.0941   0.0000   0.2286   0.0051   0.1413   0.1201   0.6450   0.6208   0.0378   0.0000   0.0158  -0.1360    0.225
     9   0.0234   0.1168   0.0000   0.2286   0.0053   0.1385   0.1236   0.6320   0.6084   0.0361   0.0000   0.0182  -0.1306    0.220
    10   0.0281   0.1404   0.0000   0.2286   0.0054   0.1344   0.1275   0.6135   0.5906   0.0344   0.0000   0.0206  -0.1239    0.215
    11   0.0329   0.1644   0.0000   0.2286   0.0054   0.1289   0.1316   0.5886   0.5665   0.0327   0.0000   0.0231  -0.1156    0.209
    12   0.0376   0.1880   0.0000   0.2286   0.0053   0.1218   0.1358   0.5563   0.5355   0.0307   0.0000   0.0256  -0.1056    0.202
    13   0.0422   0.2107   0.0000   0.2286   0.0051   0.1130   0.1398   0.5161   0.4968   0.0285   0.0000   0.0279  -0.0938    0.194
    14   0.0464   0.2320   0.0000   0.2286   0.0047   0.1024   0.1431   0.4676   0.4501   0.0259   0.0000   0.0299  -0.0805    0.184
    15   0.0503   0.2514   0.0000   0.2286   0.0042   0.0900   0.1454   0.4110   0.3956   0.0228   0.0000   0.0310  -0.0661    0.172
    16   0.0537   0.2683   0.0000   0.2286   0.0036   0.0760   0.1462   0.3468   0.3338   0.0193   0.0000   0.0306  -0.0515    0.158
    17   0.0565   0.2823   0.0000   0.2286   0.0029   0.0605   0.1454   0.2760   0.2657   0.0154   0.0000   0.0280  -0.0373    0.144
    18   0.0587   0.2932   0.0000   0.2286   0.0021   0.0439   0.1429   0.2003   0.1928   0.0109   0.0000   0.0229  -0.0246    0.131
    19   0.0602   0.3006   0.0000   0.2286   0.0013   0.0266   0.1394   0.1214   0.1168   0.0060   0.0000   0.0152  -0.0136    0.120
    20   0.0609   0.3043   0.0000   0.2286   0.0004   0.0089   0.1371   0.0408   0.0393   0.0009   0.0000   0.0053  -0.0043    0.115

  Surface # 2     Wing (YDUP)                             
     # Chordwise = 10   # Spanwise = 20     First strip = 21
     Surface area Ssurf =    0.069677     Ave. chord Cave =    0.228600

 Forces referred to Sref, Cref, Bref about Xref, Yref, Zref
 Standard axis orientation,  X fwd, Z down         
     CLsurf  =   0.37256     Clsurf  =   0.08028
     CYsurf  =  -0.00783     Cmsurf  =   0.07508
     CDsurf  =   0.02438     Cnsurf  =   0.01175
     CDisurf =   0.02438     CDvsurf =   0.00000

 Forces referred to Ssurf, Cave 
     CLsurf  =   0.52132     CDsurf  =   0.03412

 Strip Forces referred to Strip Area, Chord
    j     Xle      Yle      Zle      Chord    Area     c_cl     ai     cl_norm    cl       cd       cdv    cm_c/4     cm_LE   C.P.x/c
    21   0.0001  -0.0005   0.0000   0.2286   0.0004   0.1453   0.1075   0.6219   0.5987   0.2700   0.0000  -0.0005   0.1563    0.251
    22   0.0008  -0.0042   0.0000   0.2286   0.0013   0.1453   0.1073   0.6586   0.6340   0.0648   0.0000   0.0002   0.1556    0.250
    23   0.0023  -0.0116   0.0000   0.2286   0.0021   0.1453   0.1080   0.6607   0.6360   0.0522   0.0000   0.0022   0.1537    0.247
    24   0.0045  -0.0225   0.0000   0.2286   0.0029   0.1452   0.1095   0.6611   0.6364   0.0479   0.0000   0.0050   0.1509    0.242
    25   0.0073  -0.0365   0.0000   0.2286   0.0036   0.1450   0.1116   0.6605   0.6358   0.0447   0.0000   0.0079   0.1477    0.238
    26   0.0107  -0.0534   0.0000   0.2286   0.0042   0.1444   0.1140   0.6582   0.6336   0.0420   0.0000   0.0108   0.1443    0.233
    27   0.0146  -0.0728   0.0000   0.2286   0.0047   0.1432   0.1169   0.6533   0.6289   0.0397   0.0000   0.0134   0.1405    0.229
    28   0.0188  -0.0941   0.0000   0.2286   0.0051   0.1413   0.1201   0.6450   0.6208   0.0378   0.0000   0.0158   0.1360    0.225
    29   0.0234  -0.1168   0.0000   0.2286   0.0053   0.1385   0.1236   0.6320   0.6084   0.0361   0.0000   0.0182   0.1306    0.220
    30   0.0281  -0.1404   0.0000   0.2286   0.0054   0.1344   0.1275   0.6135   0.5906   0.0344   0.0000   0.0206   0.1239    0.215
    31   0.0329  -0.1644   0.0000   0.2286   0.0054   0.1289   0.1316   0.5886   0.5665   0.0327   0.0000   0.0231   0.1156    0.209
    32   0.0376  -0.1880   0.0000   0.2286   0.0053   0.1218   0.1358   0.5563   0.5355   0.0307   0.0000   0.0256   0.1056    0.202
    33   0.0422  -0.2107   0.0000   0.2286   0.0051   0.1130   0.1398   0.5161   0.4968   0.0285   0.0000   0.0279   0.0938    0.194
    34   0.0464  -0.2320   0.0000   0.2286   0.0047   0.1024   0.1431   0.4676   0.4501   0.0259   0.0000   0.0299   0.0805    0.184
    35   0.0503  -0.2514   0.0000   0.2286   0.0042   0.0900   0.1454   0.4110   0.3956   0.0228   0.0000   0.0310   0.0661    0.172
    36   0.0537  -0.2683   0.0000   0.2286   0.0036   0.0760   0.1462   0.3468   0.3338   0.0193   0.0000   0.0306   0.0515    0.158
    37   0.0565  -0.2823   0.0000   0.2286   0.0029   0.0605   0.1454   0.2760   0.2657   0.0154   0.0000   0.0280   0.0373    0.144
    38   0.0587  -0.2932   0.0000   0.2286   0.0021   0.0439   0.1429   0.2003   0.1928   0.0109   0.0000   0.0229   0.0246    0.131
    39   0.0602  -0.3006   0.0000   0.2286   0.0013   0.0266   0.1394   0.1214   0.1168   0.0060   0.0000   0.0152   0.0136    0.120
    40   0.0609  -0.3043   0.0000   0.2286   0.0004   0.0089   0.1371   0.0408   0.0393   0.0009   0.0000   0.0053   0.0043    0.115
 ---------------------------------------------------------------
