 ---------------------------------------------------------------
 Surface and Strip Forces by surface

  Sref = 0.16520       Cref = 0.20320       Bref = 0.81280    
  Xref = 0.10920       Yref =  0.0000       Zref =  0.0000    

  Surface # 1     Wing                                    
     # Chordwise = 10   # Spanwise = 20     First strip =  1
     Surface area Ssurf =    0.082580     Ave. chord Cave =    0.203200

 Forces referred to Sref, Cref, Bref about Xref, Yref, Zref
 Standard axis orientation,  X fwd, Z down         
     CLsurf  =   0.21988     Clsurf  =  -0.04841
     CYsurf  =   0.00450     Cmsurf  =   0.01729
     CDsurf  =   0.00819     Cnsurf  =  -0.00495
     CDisurf =   0.00819     CDvsurf =   0.00000

 Forces referred to Ssurf, Cave 
     CLsurf  =   0.43987     CDsurf  =   0.01638

 Strip Forces referred to Strip Area, Chord
    j     Xle      Yle      Zle      Chord    Area     c_cl     ai     cl_norm    cl       cd       cdv    cm_c/4     cm_LE   C.P.x/c
     1   0.0002   0.0006   0.0000   0.2032   0.0005   0.1044   0.0480   0.5356   0.5002   0.1499   0.0000  -0.0108  -0.1345    0.272
     2   0.0015   0.0056   0.0000   0.2032   0.0015   0.1044   0.0479   0.5497   0.5134   0.0344   0.0000  -0.0095  -0.1332    0.268
     3   0.0041   0.0155   0.0000   0.2032   0.0025   0.1045   0.0494   0.5509   0.5145   0.0278   0.0000  -0.0062  -0.1302    0.262
     4   0.0080   0.0299   0.0000   0.2032   0.0034   0.1047   0.0518   0.5522   0.5157   0.0246   0.0000  -0.0023  -0.1266    0.254
     5   0.0130   0.0487   0.0000   0.2032   0.0042   0.1049   0.0547   0.5535   0.5169   0.0220   0.0000   0.0012  -0.1234    0.248
     6   0.0191   0.0712   0.0000   0.2032   0.0049   0.1049   0.0577   0.5541   0.5175   0.0200   0.0000   0.0041  -0.1207    0.242
     7   0.0260   0.0970   0.0000   0.2032   0.0055   0.1047   0.0607   0.5533   0.5167   0.0184   0.0000   0.0064  -0.1183    0.238
     8   0.0336   0.1254   0.0000   0.2032   0.0060   0.1041   0.0639   0.5500   0.5136   0.0173   0.0000   0.0083  -0.1157    0.234
     9   0.0417   0.1558   0.0000   0.2032   0.0063   0.1028   0.0674   0.5434   0.5074   0.0165   0.0000   0.0100  -0.1126    0.230
    10   0.0502   0.1873   0.0000   0.2032   0.0065   0.1007   0.0713   0.5324   0.4972   0.0158   0.0000   0.0117  -0.1084    0.226
    11   0.0587   0.2191   0.0000   0.2032   0.0065   0.0977   0.0756   0.5161   0.4820   0.0151   0.0000   0.0136  -0.1029    0.222
    12   0.0672   0.2506   0.0000   0.2032   0.0063   0.0934   0.0804   0.4934   0.4607   0.0144   0.0000   0.0159  -0.0956    0.216
    13   0.0753   0.2810   0.0000   0.2032   0.0060   0.0876   0.0854   0.4632   0.4325   0.0135   0.0000   0.0185  -0.0863    0.207
    14   0.0829   0.3094   0.0000   0.2032   0.0055   0.0803   0.0901   0.4246   0.3965   0.0124   0.0000   0.0212  -0.0750    0.196
    15   0.0898   0.3352   0.0000   0.2032   0.0049   0.0713   0.0938   0.3770   0.3521   0.0109   0.0000   0.0238  -0.0618    0.182
    16   0.0959   0.3577   0.0000   0.2032   0.0042   0.0607   0.0959   0.3207   0.2995   0.0092   0.0000   0.0254  -0.0476    0.165
    17   0.1009   0.3765   0.0000   0.2032   0.0034   0.0485   0.0957   0.2565   0.2396   0.0071   0.0000   0.0251  -0.0334    0.145
    18   0.1048   0.3909   0.0000   0.2032   0.0025   0.0353   0.0930   0.1864   0.1741   0.0049   0.0000   0.0219  -0.0208    0.124
    19   0.1074   0.4008   0.0000   0.2032   0.0015   0.0213   0.0882   0.1128   0.1053   0.0023   0.0000   0.0152  -0.0107    0.106
    20   0.1087   0.4058   0.0000   0.2032   0.0005   0.0071   0.0843   0.0378   0.0353  -0.0002   0.0000   0.0054  -0.0032    0.096

  Surface # 2     Wing (YDUP)                             
     # Chordwise = 10   # Spanwise = 20     First strip = 21
     Surface area Ssurf =    0.082580     Ave. chord Cave =    0.203200

 Forces referred to Sref, Cref, Bref about Xref, Yref, Zref
 Standard axis orientation,  X fwd, Z down         
     CLsurf  =   0.21988     Clsurf  =   0.04841
     CYsurf  =  -0.00450     Cmsurf  =   0.01729
     CDsurf  =   0.00819     Cnsurf  =   0.00495
     CDisurf =   0.00819     CDvsurf =   0.00000

 Forces referred to Ssurf, Cave 
     CLsurf  =   0.43987     CDsurf  =   0.01638

 Strip Forces referred to Strip Area, Chord
    j     Xle      Yle      Zle      Chord    Area     c_cl     ai     cl_norm    cl       cd       cdv    cm_c/4     cm_LE   C.P.x/c
    21   0.0002  -0.0006   0.0000   0.2032   0.0005   0.1044   0.0480   0.5356   0.5002   0.1499   0.0000  -0.0108   0.1345    0.272
    22   0.0015  -0.0056   0.0000   0.2032   0.0015   0.1044   0.0479   0.5497   0.5134   0.0344   0.0000  -0.0095   0.1332    0.268
    23   0.0041  -0.0155   0.0000   0.2032   0.0025   0.1045   0.0494   0.5509   0.5145   0.0278   0.0000  -0.0062   0.1302    0.262
    24   0.0080  -0.0299   0.0000   0.2032   0.0034   0.1047   0.0518   0.5522   0.5157   0.0246   0.0000  -0.0023   0.1266    0.254
    25   0.0130  -0.0487   0.0000   0.2032   0.0042   0.1049   0.0547   0.5535   0.5169   0.0220   0.0000   0.0012   0.1234    0.248
    26   0.0191  -0.0712   0.0000   0.2032   0.0049   0.1049   0.0577   0.5541   0.5175   0.0200   0.0000   0.0041   0.1207    0.242
    27   0.0260  -0.0970   0.0000   0.2032   0.0055   0.1047   0.0607   0.5533   0.5167   0.0184   0.0000   0.0064   0.1183    0.238
    28   0.0336  -0.1254   0.0000   0.2032   0.0060   0.1041   0.0639   0.5500   0.5136   0.0173   0.0000   0.0083   0.1157    0.234
    29   0.0417  -0.1558   0.0000   0.2032   0.0063   0.1028   0.0674   0.5434   0.5074   0.0165   0.0000   0.0100   0.1126    0.230
    30   0.0502  -0.1873   0.0000   0.2032   0.0065   0.1007   0.0713   0.5324   0.4972   0.0158   0.0000   0.0117   0.1084    0.226
    31   0.0587  -0.2191   0.0000   0.2032   0.0065   0.0977   0.0756   0.5161   0.4820   0.0151   0.0000   0.0136   0.1029    0.222
    32   0.0672  -0.2506   0.0000   0.2032   0.0063   0.0934   0.0804   0.4934   0.4607   0.0144   0.0000   0.0159   0.0956    0.216
    33   0.0753  -0.2810   0.0000   0.2032   0.0060   0.0876   0.0854   0.4632   0.4325   0.0135   0.0000   0.0185   0.0863    0.207
    34   0.0829  -0.3094   0.0000   0.2032   0.0055   0.0803   0.0901   0.4246   0.3965   0.0124   0.0000   0.0212   0.0750    0.196
    35   0.0898  -0.3352   0.0000   0.2032   0.0049   0.0713   0.0938   0.3770   0.3521   0.0109   0.0000   0.0238   0.0618    0.182
    36   0.0959  -0.3577   0.0000   0.2032   0.0042   0.0607   0.0959   0.3207   0.2995   0.0092   0.0000   0.0254   0.0476    0.165
    37   0.1009  -0.3765   0.0000   0.2032   0.0034   0.0485   0.0957   0.2565   0.2396   0.0071   0.0000   0.0251   0.0334    0.145
    38   0.1048  -0.3909   0.0000   0.2032   0.0025   0.0353   0.0930   0.1864   0.1741   0.0049   0.0000   0.0219   0.0208    0.124
    39   0.1074  -0.4008   0.0000   0.2032   0.0015   0.0213   0.0882   0.1128   0.1053   0.0023   0.0000   0.0152   0.0107    0.106
    40   0.1087  -0.4058   0.0000   0.2032   0.0005   0.0071   0.0843   0.0378   0.0353  -0.0002   0.0000   0.0054   0.0032    0.096
 ---------------------------------------------------------------
