 ---------------------------------------------------------------
 Surface and Strip Forces by surface

  Sref = 0.13940       Cref = 0.22860       Bref = 0.60960    
  Xref = 0.10920       Yref =  0.0000       Zref =  0.0000    

  Surface # 1     Wing                                    
     # Chordwise = 10   # Spanwise = 20     First strip =  1
     Surface area Ssurf =    0.069677     Ave. chord Cave =    0.228600

 Forces referred to Sref, Cref, Bref about Xref, Yref, Zref
 Standard axis orientation,  X fwd, Z down         
     CLsurf  =   0.26058     Clsurf  =  -0.05573
     CYsurf  =  -0.00000     Cmsurf  =   0.06900
     CDsurf  =   0.01635     Cnsurf  =  -0.00576
     CDisurf =   0.01635     CDvsurf =   0.00000

 Forces referred to Ssurf, Cave 
     CLsurf  =   0.52132     CDsurf  =   0.03270

 Strip Forces referred to Strip Area, Chord
    j     Xle      Yle      Zle      Chord    Area     c_cl     ai     cl_norm    cl       cd       cdv    cm_c/4     cm_LE   C.P.x/c
     1   0.0000   0.0005   0.0000   0.2286   0.0004   0.1479   0.1174   0.6502   0.6502   0.0371   0.0000   0.0166  -0.1452    0.225
     2   0.0000   0.0042   0.0000   0.2286   0.0013   0.1479   0.1175   0.6502   0.6502   0.0371   0.0000   0.0166  -0.1452    0.225
     3   0.0000   0.0116   0.0000   0.2286   0.0021   0.1479   0.1175   0.6499   0.6499   0.0371   0.0000   0.0166  -0.1451    0.224
     4   0.0000   0.0225   0.0000   0.2286   0.0029   0.1476   0.1176   0.6488   0.6488   0.0370   0.0000   0.0166  -0.1448    0.224
     5   0.0000   0.0365   0.0000   0.2286   0.0036   0.1471   0.1180   0.6465   0.6465   0.0370   0.0000   0.0168  -0.1441    0.224
     6   0.0000   0.0534   0.0000   0.2286   0.0042   0.1461   0.1186   0.6421   0.6421   0.0370   0.0000   0.0170  -0.1428    0.224
     7   0.0000   0.0728   0.0000   0.2286   0.0047   0.1445   0.1195   0.6349   0.6349   0.0369   0.0000   0.0174  -0.1406    0.223
     8   0.0000   0.0941   0.0000   0.2286   0.0051   0.1420   0.1209   0.6240   0.6240   0.0367   0.0000   0.0179  -0.1374    0.221
     9   0.0000   0.1168   0.0000   0.2286   0.0053   0.1386   0.1228   0.6088   0.6088   0.0364   0.0000   0.0186  -0.1329    0.219
    10   0.0000   0.1404   0.0000   0.2286   0.0054   0.1340   0.1252   0.5884   0.5884   0.0360   0.0000   0.0196  -0.1269    0.217
    11   0.0000   0.1644   0.0000   0.2286   0.0054   0.1280   0.1280   0.5621   0.5621   0.0353   0.0000   0.0207  -0.1193    0.213
    12   0.0000   0.1880   0.0000   0.2286   0.0053   0.1206   0.1311   0.5293   0.5293   0.0343   0.0000   0.0219  -0.1099    0.209
    13   0.0000   0.2107   0.0000   0.2286   0.0051   0.1116   0.1343   0.4894   0.4894   0.0329   0.0000   0.0232  -0.0988    0.203
    14   0.0000   0.2320   0.0000   0.2286   0.0047   0.1009   0.1372   0.4423   0.4423   0.0310   0.0000   0.0241  -0.0862    0.195
    15   0.0000   0.2514   0.0000   0.2286   0.0042   0.0885   0.1394   0.3880   0.3880   0.0284   0.0000   0.0245  -0.0723    0.187
    16   0.0000   0.2683   0.0000   0.2286   0.0036   0.0746   0.1406   0.3270   0.3270   0.0251   0.0000   0.0239  -0.0578    0.177
    17   0.0000   0.2823   0.0000   0.2286   0.0029   0.0594   0.1405   0.2601   0.2601   0.0209   0.0000   0.0218  -0.0432    0.166
    18   0.0000   0.2932   0.0000   0.2286   0.0021   0.0431   0.1387   0.1886   0.1886   0.0159   0.0000   0.0178  -0.0294    0.156
    19   0.0000   0.3006   0.0000   0.2286   0.0013   0.0261   0.1358   0.1142   0.1142   0.0100   0.0000   0.0118  -0.0168    0.147
    20   0.0000   0.3043   0.0000   0.2286   0.0004   0.0087   0.1336   0.0382   0.0382   0.0034   0.0000   0.0041  -0.0054    0.142

  Surface # 2     Wing (YDUP)                             
     # Chordwise = 10   # Spanwise = 20     First strip = 21
     Surface area Ssurf =    0.069677     Ave. chord Cave =    0.228600

 Forces referred to Sref, Cref, Bref about Xref, Yref, Zref
 Standard axis orientation,  X fwd, Z down         
     CLsurf  =   0.26058     Clsurf  =   0.05573
     CYsurf  =   0.00000     Cmsurf  =   0.06900
     CDsurf  =   0.01635     Cnsurf  =   0.00576
     CDisurf =   0.01635     CDvsurf =   0.00000

 Forces referred to Ssurf, Cave 
     CLsurf  =   0.52132     CDsurf  =   0.03270

 Strip Forces referred to Strip Area, Chord
    j     Xle      Yle      Zle      Chord    Area     c_cl     ai     cl_norm    cl       cd       cdv    cm_c/4     cm_LE   C.P.x/c
    21   0.0000  -0.0005   0.0000   0.2286   0.0004   0.1479   0.1174   0.6502   0.6502   0.0371   0.0000   0.0166   0.1452    0.225
    22   0.0000  -0.0042   0.0000   0.2286   0.0013   0.1479   0.1175   0.6502   0.6502   0.0371   0.0000   0.0166   0.1452    0.225
    23   0.0000  -0.0116   0.0000   0.2286   0.0021   0.1479   0.1175   0.6499   0.6499   0.0371   0.0000   0.0166   0.1451    0.224
    24   0.0000  -0.0225   0.0000   0.2286   0.0029   0.1476   0.1176   0.6488   0.6488   0.0370   0.0000   0.0166   0.1448    0.224
    25   0.0000  -0.0365   0.0000   0.2286   0.0036   0.1471   0.1180   0.6465   0.6465   0.0370   0.0000   0.0168   0.1441    0.224
    26   0.0000  -0.0534   0.0000   0.2286   0.0042   0.1461   0.1186   0.6421   0.6421   0.0370   0.0000   0.0170   0.1428    0.224
    27   0.0000  -0.0728   0.0000   0.2286   0.0047   0.1445   0.1195   0.6349   0.6349   0.0369   0.0000   0.0174   0.1406    0.223
    28   0.0000  -0.0941   0.0000   0.2286   0.0051   0.1420   0.1209   0.6240   0.6240   0.0367   0.0000   0.0179   0.1374    0.221
    29   0.0000  -0.1168   0.0000   0.2286   0.0053   0.1386   0.1228   0.6088   0.6088   0.0364   0.0000   0.0186   0.1329    0.219
    30   0.0000  -0.1404   0.0000   0.2286   0.0054   0.1340   0.1252   0.5884   0.5884   0.0360   0.0000   0.0196   0.1269    0.217
    31   0.0000  -0.1644   0.0000   0.2286   0.0054   0.1280   0.1280   0.5621   0.5621   0.0353   0.0000   0.0207   0.1193    0.213
    32   0.0000  -0.1880   0.0000   0.2286   0.0053   0.1206   0.1311   0.5293   0.5293   0.0343   0.0000   0.0219   0.1099    0.209
    33   0.0000  -0.2107   0.0000   0.2286   0.0051   0.1116   0.1343   0.4894   0.4894   0.0329   0.0000   0.0232   0.0988    0.203
    34   0.0000  -0.2320   0.0000   0.2286   0.0047   0.1009   0.1372   0.4423   0.4423   0.0310   0.0000   0.0241   0.0862    0.195
    35   0.0000  -0.2514   0.0000   0.2286   0.0042   0.0885   0.1394   0.3880   0.3880   0.0284   0.0000   0.0245   0.0723    0.187
    36   0.0000  -0.2683   0.0000   0.2286   0.0036   0.0746   0.1406   0.3270   0.3270   0.0251   0.0000   0.0239   0.0578    0.177
    37   0.0000  -0.2823   0.0000   0.2286   0.0029   0.0594   0.1405   0.2601   0.2601   0.0209   0.0000   0.0218   0.0432    0.166
    38   0.0000  -0.2932   0.0000   0.2286   0.0021   0.0431   0.1387   0.1886   0.1886   0.0159   0.0000   0.0178   0.0294    0.156
    39   0.0000  -0.3006   0.0000   0.2286   0.0013   0.0261   0.1358   0.1142   0.1142   0.0100   0.0000   0.0118   0.0168    0.147
    40   0.0000  -0.3043   0.0000   0.2286   0.0004   0.0087   0.1336   0.0382   0.0382   0.0034   0.0000   0.0041   0.0054    0.142
 ---------------------------------------------------------------
