 ---------------------------------------------------------------
 Surface and Strip Forces by surface

  Sref = 0.15170       Cref = 0.22640       Bref = 0.71120    
  Xref = 0.10920       Yref =  0.0000       Zref =  0.0000    

  Surface # 1     Wing                                    
     # Chordwise = 10   # Spanwise = 20     First strip =  1
     Surface area Ssurf =    0.108387     Ave. chord Cave =    0.304800

 Forces referred to Sref, Cref, Bref about Xref, Yref, Zref
 Standard axis orientation,  X fwd, Z down         
     CLsurf  =   0.23945     Clsurf  =  -0.05128
     CYsurf  =   0.00205     Cmsurf  =   0.02974
     CDsurf  =   0.01134     Cnsurf  =  -0.00453
     CDisurf =   0.01134     CDvsurf =   0.00000

 Forces referred to Ssurf, Cave 
     CLsurf  =   0.33514     CDsurf  =   0.01587

 Strip Forces referred to Strip Area, Chord
    j     Xle      Yle      Zle      Chord    Area     c_cl     ai     cl_norm    cl       cd       cdv    cm_c/4     cm_LE   C.P.x/c
     1   0.0001   0.0005   0.0000   0.3048   0.0007   0.1271   0.0858   0.4149   0.4082   0.0996   0.0000   0.0070  -0.0964    0.233
     2   0.0006   0.0049   0.0000   0.3048   0.0020   0.1271   0.0850   0.4233   0.4165   0.0269   0.0000   0.0073  -0.0962    0.233
     3   0.0017   0.0135   0.0000   0.3048   0.0033   0.1270   0.0847   0.4236   0.4168   0.0225   0.0000   0.0081  -0.0953    0.231
     4   0.0034   0.0262   0.0000   0.3048   0.0044   0.1268   0.0850   0.4231   0.4163   0.0211   0.0000   0.0092  -0.0940    0.228
     5   0.0055   0.0426   0.0000   0.3048   0.0055   0.1264   0.0856   0.4219   0.4151   0.0202   0.0000   0.0105  -0.0924    0.225
     6   0.0080   0.0623   0.0000   0.3048   0.0065   0.1256   0.0865   0.4194   0.4127   0.0193   0.0000   0.0118  -0.0905    0.221
     7   0.0109   0.0849   0.0000   0.3048   0.0073   0.1243   0.0878   0.4152   0.4085   0.0186   0.0000   0.0131  -0.0881    0.218
     8   0.0141   0.1098   0.0000   0.3048   0.0079   0.1223   0.0893   0.4085   0.4020   0.0179   0.0000   0.0144  -0.0852    0.214
     9   0.0175   0.1363   0.0000   0.3048   0.0083   0.1195   0.0910   0.3989   0.3925   0.0172   0.0000   0.0157  -0.0816    0.210
    10   0.0211   0.1638   0.0000   0.3048   0.0085   0.1155   0.0929   0.3857   0.3795   0.0166   0.0000   0.0170  -0.0771    0.205
    11   0.0246   0.1918   0.0000   0.3048   0.0085   0.1103   0.0949   0.3685   0.3626   0.0158   0.0000   0.0183  -0.0716    0.199
    12   0.0282   0.2193   0.0000   0.3048   0.0083   0.1038   0.0969   0.3467   0.3412   0.0149   0.0000   0.0196  -0.0650    0.192
    13   0.0316   0.2458   0.0000   0.3048   0.0079   0.0959   0.0986   0.3202   0.3151   0.0139   0.0000   0.0208  -0.0574    0.184
    14   0.0348   0.2707   0.0000   0.3048   0.0073   0.0865   0.0998   0.2888   0.2841   0.0126   0.0000   0.0216  -0.0489    0.174
    15   0.0377   0.2933   0.0000   0.3048   0.0065   0.0757   0.1002   0.2526   0.2486   0.0111   0.0000   0.0219  -0.0399    0.162
    16   0.0402   0.3130   0.0000   0.3048   0.0055   0.0635   0.0995   0.2121   0.2087   0.0094   0.0000   0.0211  -0.0308    0.149
    17   0.0423   0.3294   0.0000   0.3048   0.0044   0.0504   0.0975   0.1681   0.1654   0.0075   0.0000   0.0190  -0.0221    0.135
    18   0.0440   0.3421   0.0000   0.3048   0.0033   0.0364   0.0943   0.1215   0.1196   0.0052   0.0000   0.0153  -0.0144    0.122
    19   0.0451   0.3507   0.0000   0.3048   0.0020   0.0220   0.0906   0.0734   0.0722   0.0028   0.0000   0.0100  -0.0079    0.111
    20   0.0456   0.3551   0.0000   0.3048   0.0007   0.0073   0.0883   0.0246   0.0242   0.0005   0.0000   0.0035  -0.0025    0.105

  Surface # 2     Wing (YDUP)                             
     # Chordwise = 10   # Spanwise = 20     First strip = 21
     Surface area Ssurf =    0.108387     Ave. chord Cave =    0.304800

 Forces referred to Sref, Cref, Bref about Xref, Yref, Zref
 Standard axis orientation,  X fwd, Z down         
     CLsurf  =   0.23945     Clsurf  =   0.05128
     CYsurf  =  -0.00205     Cmsurf  =   0.02974
     CDsurf  =   0.01134     Cnsurf  =   0.00453
     CDisurf =   0.01134     CDvsurf =   0.00000

 Forces referred to Ssurf, Cave 
     CLsurf  =   0.33514     CDsurf  =   0.01587

 Strip Forces referred to Strip Area, Chord
    j     Xle      Yle      Zle      Chord    Area     c_cl     ai     cl_norm    cl       cd       cdv    cm_c/4     cm_LE   C.P.x/c
    21   0.0001  -0.0005   0.0000   0.3048   0.0007   0.1271   0.0858   0.4149   0.4082   0.0996   0.0000   0.0070   0.0964    0.233
    22   0.0006  -0.0049   0.0000   0.3048   0.0020   0.1271   0.0850   0.4233   0.4165   0.0269   0.0000   0.0073   0.0962    0.233
    23   0.0017  -0.0135   0.0000   0.3048   0.0033   0.1270   0.0847   0.4236   0.4168   0.0225   0.0000   0.0081   0.0953    0.231
    24   0.0034  -0.0262   0.0000   0.3048   0.0044   0.1268   0.0850   0.4231   0.4163   0.0211   0.0000   0.0092   0.0940    0.228
    25   0.0055  -0.0426   0.0000   0.3048   0.0055   0.1264   0.0856   0.4219   0.4151   0.0202   0.0000   0.0105   0.0924    0.225
    26   0.0080  -0.0623   0.0000   0.3048   0.0065   0.1256   0.0865   0.4194   0.4127   0.0193   0.0000   0.0118   0.0905    0.221
    27   0.0109  -0.0849   0.0000   0.3048   0.0073   0.1243   0.0878   0.4152   0.4085   0.0186   0.0000   0.0131   0.0881    0.218
    28   0.0141  -0.1098   0.0000   0.3048   0.0079   0.1223   0.0893   0.4085   0.4020   0.0179   0.0000   0.0144   0.0852    0.214
    29   0.0175  -0.1363   0.0000   0.3048   0.0083   0.1195   0.0910   0.3989   0.3925   0.0172   0.0000   0.0157   0.0816    0.210
    30   0.0211  -0.1638   0.0000   0.3048   0.0085   0.1155   0.0929   0.3857   0.3795   0.0166   0.0000   0.0170   0.0771    0.205
    31   0.0246  -0.1918   0.0000   0.3048   0.0085   0.1103   0.0949   0.3685   0.3626   0.0158   0.0000   0.0183   0.0716    0.199
    32   0.0282  -0.2193   0.0000   0.3048   0.0083   0.1038   0.0969   0.3467   0.3412   0.0149   0.0000   0.0196   0.0650    0.192
    33   0.0316  -0.2458   0.0000   0.3048   0.0079   0.0959   0.0986   0.3202   0.3151   0.0139   0.0000   0.0208   0.0574    0.184
    34   0.0348  -0.2707   0.0000   0.3048   0.0073   0.0865   0.0998   0.2888   0.2841   0.0126   0.0000   0.0216   0.0489    0.174
    35   0.0377  -0.2933   0.0000   0.3048   0.0065   0.0757   0.1002   0.2526   0.2486   0.0111   0.0000   0.0219   0.0399    0.162
    36   0.0402  -0.3130   0.0000   0.3048   0.0055   0.0635   0.0995   0.2121   0.2087   0.0094   0.0000   0.0211   0.0308    0.149
    37   0.0423  -0.3294   0.0000   0.3048   0.0044   0.0504   0.0975   0.1681   0.1654   0.0075   0.0000   0.0190   0.0221    0.135
    38   0.0440  -0.3421   0.0000   0.3048   0.0033   0.0364   0.0943   0.1215   0.1196   0.0052   0.0000   0.0153   0.0144    0.122
    39   0.0451  -0.3507   0.0000   0.3048   0.0020   0.0220   0.0906   0.0734   0.0722   0.0028   0.0000   0.0100   0.0079    0.111
    40   0.0456  -0.3551   0.0000   0.3048   0.0007   0.0073   0.0883   0.0246   0.0242   0.0005   0.0000   0.0035   0.0025    0.105
 ---------------------------------------------------------------
