 ---------------------------------------------------------------
 Surface and Strip Forces by surface

  Sref = 0.11150       Cref = 0.18670       Bref = 0.60960    
  Xref = 0.10920       Yref =  0.0000       Zref =  0.0000    

  Surface # 1     Wing                                    
     # Chordwise = 10   # Spanwise = 20     First strip =  1
     Surface area Ssurf =    0.069677     Ave. chord Cave =    0.228600

 Forces referred to Sref, Cref, Bref about Xref, Yref, Zref
 Standard axis orientation,  X fwd, Z down         
     CLsurf  =   0.32578     Clsurf  =  -0.06987
     CYsurf  =   0.00259     Cmsurf  =   0.08861
     CDsurf  =   0.02079     Cnsurf  =  -0.00826
     CDisurf =   0.02079     CDvsurf =   0.00000

 Forces referred to Ssurf, Cave 
     CLsurf  =   0.52132     CDsurf  =   0.03327

 Strip Forces referred to Strip Area, Chord
    j     Xle      Yle      Zle      Chord    Area     c_cl     ai     cl_norm    cl       cd       cdv    cm_c/4     cm_LE   C.P.x/c
     1   0.0000   0.0005   0.0000   0.2286   0.0004   0.1470   0.1141   0.6337   0.6302   0.1299   0.0000   0.0102  -0.1501    0.234
     2   0.0003   0.0042   0.0000   0.2286   0.0013   0.1470   0.1139   0.6477   0.6442   0.0482   0.0000   0.0105  -0.1498    0.234
     3   0.0009   0.0116   0.0000   0.2286   0.0021   0.1469   0.1141   0.6483   0.6448   0.0431   0.0000   0.0113  -0.1490    0.233
     4   0.0017   0.0225   0.0000   0.2286   0.0029   0.1468   0.1147   0.6478   0.6443   0.0413   0.0000   0.0124  -0.1477    0.231
     5   0.0027   0.0365   0.0000   0.2286   0.0036   0.1463   0.1156   0.6461   0.6426   0.0399   0.0000   0.0136  -0.1460    0.229
     6   0.0040   0.0534   0.0000   0.2286   0.0042   0.1455   0.1169   0.6425   0.6390   0.0388   0.0000   0.0148  -0.1439    0.227
     7   0.0055   0.0728   0.0000   0.2286   0.0047   0.1440   0.1185   0.6362   0.6327   0.0379   0.0000   0.0161  -0.1410    0.225
     8   0.0071   0.0941   0.0000   0.2286   0.0051   0.1418   0.1206   0.6263   0.6229   0.0370   0.0000   0.0173  -0.1373    0.222
     9   0.0088   0.1168   0.0000   0.2286   0.0053   0.1385   0.1231   0.6120   0.6087   0.0362   0.0000   0.0187  -0.1324    0.219
    10   0.0106   0.1404   0.0000   0.2286   0.0054   0.1341   0.1261   0.5924   0.5892   0.0353   0.0000   0.0202  -0.1261    0.216
    11   0.0123   0.1644   0.0000   0.2286   0.0054   0.1283   0.1293   0.5668   0.5637   0.0342   0.0000   0.0218  -0.1182    0.211
    12   0.0141   0.1880   0.0000   0.2286   0.0053   0.1210   0.1328   0.5345   0.5316   0.0329   0.0000   0.0235  -0.1086    0.206
    13   0.0158   0.2107   0.0000   0.2286   0.0051   0.1121   0.1363   0.4948   0.4921   0.0312   0.0000   0.0252  -0.0972    0.199
    14   0.0174   0.2320   0.0000   0.2286   0.0047   0.1014   0.1393   0.4476   0.4452   0.0291   0.0000   0.0265  -0.0842    0.191
    15   0.0189   0.2514   0.0000   0.2286   0.0042   0.0891   0.1416   0.3930   0.3908   0.0263   0.0000   0.0271  -0.0701    0.181
    16   0.0202   0.2683   0.0000   0.2286   0.0036   0.0751   0.1427   0.3313   0.3295   0.0230   0.0000   0.0265  -0.0555    0.170
    17   0.0212   0.2823   0.0000   0.2286   0.0029   0.0598   0.1422   0.2636   0.2621   0.0189   0.0000   0.0242  -0.0411    0.158
    18   0.0220   0.2932   0.0000   0.2286   0.0021   0.0434   0.1402   0.1912   0.1902   0.0141   0.0000   0.0198  -0.0276    0.146
    19   0.0226   0.3006   0.0000   0.2286   0.0013   0.0263   0.1371   0.1158   0.1151   0.0085   0.0000   0.0131  -0.0156    0.136
    20   0.0229   0.3043   0.0000   0.2286   0.0004   0.0088   0.1349   0.0388   0.0386   0.0025   0.0000   0.0046  -0.0050    0.131

  Surface # 2     Wing (YDUP)                             
     # Chordwise = 10   # Spanwise = 20     First strip = 21
     Surface area Ssurf =    0.069677     Ave. chord Cave =    0.228600

 Forces referred to Sref, Cref, Bref about Xref, Yref, Zref
 Standard axis orientation,  X fwd, Z down         
     CLsurf  =   0.32578     Clsurf  =   0.06987
     CYsurf  =  -0.00259     Cmsurf  =   0.08861
     CDsurf  =   0.02079     Cnsurf  =   0.00826
     CDisurf =   0.02079     CDvsurf =   0.00000

 Forces referred to Ssurf, Cave 
     CLsurf  =   0.52132     CDsurf  =   0.03327

 Strip Forces referred to Strip Area, Chord
    j     Xle      Yle      Zle      Chord    Area     c_cl     ai     cl_norm    cl       cd       cdv    cm_c/4     cm_LE   C.P.x/c
    21   0.0000  -0.0005   0.0000   0.2286   0.0004   0.1470   0.1141   0.6337   0.6302   0.1299   0.0000   0.0102   0.1501    0.234
    22   0.0003  -0.0042   0.0000   0.2286   0.0013   0.1470   0.1139   0.6477   0.6442   0.0482   0.0000   0.0105   0.1498    0.234
    23   0.0009  -0.0116   0.0000   0.2286   0.0021   0.1469   0.1141   0.6483   0.6448   0.0431   0.0000   0.0113   0.1490    0.233
    24   0.0017  -0.0225   0.0000   0.2286   0.0029   0.1468   0.1147   0.6478   0.6443   0.0413   0.0000   0.0124   0.1477    0.231
    25   0.0027  -0.0365   0.0000   0.2286   0.0036   0.1463   0.1156   0.6461   0.6426   0.0399   0.0000   0.0136   0.1460    0.229
    26   0.0040  -0.0534   0.0000   0.2286   0.0042   0.1455   0.1169   0.6425   0.6390   0.0388   0.0000   0.0148   0.1439    0.227
    27   0.0055  -0.0728   0.0000   0.2286   0.0047   0.1440   0.1185   0.6362   0.6327   0.0379   0.0000   0.0161   0.1410    0.225
    28   0.0071  -0.0941   0.0000   0.2286   0.0051   0.1418   0.1206   0.6263   0.6229   0.0370   0.0000   0.0173   0.1373    0.222
    29   0.0088  -0.1168   0.0000   0.2286   0.0053   0.1385   0.1231   0.6120   0.6087   0.0362   0.0000   0.0187   0.1324    0.219
    30   0.0106  -0.1404   0.0000   0.2286   0.0054   0.1341   0.1261   0.5924   0.5892   0.0353   0.0000   0.0202   0.1261    0.216
    31   0.0123  -0.1644   0.0000   0.2286   0.0054   0.1283   0.1293   0.5668   0.5637   0.0342   0.0000   0.0218   0.1182    0.211
    32   0.0141  -0.1880   0.0000   0.2286   0.0053   0.1210   0.1328   0.5345   0.5316   0.0329   0.0000   0.0235   0.1086    0.206
    33   0.0158  -0.2107   0.0000   0.2286   0.0051   0.1121   0.1363   0.4948   0.4921   0.0312   0.0000   0.0252   0.0972    0.199
    34   0.0174  -0.2320   0.0000   0.2286   0.0047   0.1014   0.1393   0.4476   0.4452   0.0291   0.0000   0.0265   0.0842    0.191
    35   0.0189  -0.2514   0.0000   0.2286   0.0042   0.0891   0.1416   0.3930   0.3908   0.0263   0.0000   0.0271   0.0701    0.181
    36   0.0202  -0.2683   0.0000   0.2286   0.0036   0.0751   0.1427   0.3313   0.3295   0.0230   0.0000   0.0265   0.0555    0.170
    37   0.0212  -0.2823   0.0000   0.2286   0.0029   0.0598   0.1422   0.2636   0.2621   0.0189   0.0000   0.0242   0.0411    0.158
    38   0.0220  -0.2932   0.0000   0.2286   0.0021   0.0434   0.1402   0.1912   0.1902   0.0141   0.0000   0.0198   0.0276    0.146
    39   0.0226  -0.3006   0.0000   0.2286   0.0013   0.0263   0.1371   0.1158   0.1151   0.0085   0.0000   0.0131   0.0156    0.136
    40   0.0229  -0.3043   0.0000   0.2286   0.0004   0.0088   0.1349   0.0388   0.0386   0.0025   0.0000   0.0046   0.0050    0.131
 ---------------------------------------------------------------
