 ---------------------------------------------------------------
 Surface and Strip Forces by surface

  Sref = 0.15170       Cref = 0.22640       Bref = 0.71120    
  Xref = 0.10920       Yref =  0.0000       Zref =  0.0000    

  Surface # 1     Wing                                    
     # Chordwise = 10   # Spanwise = 20     First strip =  1
     Surface area Ssurf =    0.108387     Ave. chord Cave =    0.304800

 Forces referred to Sref, Cref, Bref about Xref, Yref, Zref
 Standard axis orientation,  X fwd, Z down         
     CLsurf  =   0.23945     Clsurf  =  -0.05141
     CYsurf  =   0.00342     Cmsurf  =   0.01534
     CDsurf  =   0.01155     Cnsurf  =  -0.00540
     CDisurf =   0.01155     CDvsurf =   0.00000

 Forces referred to Ssurf, Cave 
     CLsurf  =   0.33514     CDsurf  =   0.01616

 Strip Forces referred to Strip Area, Chord
    j     Xle      Yle      Zle      Chord    Area     c_cl     ai     cl_norm    cl       cd       cdv    cm_c/4     cm_LE   C.P.x/c
     1   0.0001   0.0005   0.0000   0.3048   0.0007   0.1263   0.0839   0.4183   0.3999   0.1503   0.0000   0.0019  -0.0995    0.245
     2   0.0011   0.0049   0.0000   0.3048   0.0020   0.1263   0.0827   0.4324   0.4134   0.0324   0.0000   0.0023  -0.0990    0.245
     3   0.0029   0.0135   0.0000   0.3048   0.0033   0.1262   0.0824   0.4331   0.4140   0.0252   0.0000   0.0036  -0.0977    0.241
     4   0.0057   0.0262   0.0000   0.3048   0.0044   0.1261   0.0829   0.4328   0.4138   0.0232   0.0000   0.0055  -0.0958    0.237
     5   0.0092   0.0426   0.0000   0.3048   0.0055   0.1258   0.0839   0.4318   0.4128   0.0217   0.0000   0.0076  -0.0934    0.232
     6   0.0135   0.0623   0.0000   0.3048   0.0065   0.1251   0.0853   0.4297   0.4108   0.0204   0.0000   0.0097  -0.0909    0.226
     7   0.0183   0.0849   0.0000   0.3048   0.0073   0.1240   0.0870   0.4259   0.4072   0.0193   0.0000   0.0116  -0.0880    0.221
     8   0.0237   0.1098   0.0000   0.3048   0.0079   0.1221   0.0890   0.4197   0.4012   0.0182   0.0000   0.0135  -0.0847    0.216
     9   0.0294   0.1363   0.0000   0.3048   0.0083   0.1194   0.0912   0.4104   0.3924   0.0172   0.0000   0.0153  -0.0808    0.211
    10   0.0354   0.1638   0.0000   0.3048   0.0085   0.1156   0.0935   0.3975   0.3800   0.0163   0.0000   0.0170  -0.0760    0.205
    11   0.0414   0.1918   0.0000   0.3048   0.0085   0.1106   0.0959   0.3803   0.3635   0.0153   0.0000   0.0188  -0.0703    0.198
    12   0.0474   0.2193   0.0000   0.3048   0.0083   0.1042   0.0982   0.3583   0.3425   0.0142   0.0000   0.0205  -0.0635    0.190
    13   0.0531   0.2458   0.0000   0.3048   0.0079   0.0963   0.1001   0.3312   0.3166   0.0129   0.0000   0.0221  -0.0556    0.180
    14   0.0585   0.2707   0.0000   0.3048   0.0073   0.0869   0.1013   0.2989   0.2858   0.0115   0.0000   0.0232  -0.0470    0.169
    15   0.0633   0.2933   0.0000   0.3048   0.0065   0.0761   0.1016   0.2616   0.2501   0.0100   0.0000   0.0237  -0.0379    0.155
    16   0.0676   0.3130   0.0000   0.3048   0.0055   0.0639   0.1007   0.2197   0.2101   0.0082   0.0000   0.0230  -0.0288    0.141
    17   0.0711   0.3294   0.0000   0.3048   0.0044   0.0506   0.0985   0.1742   0.1665   0.0063   0.0000   0.0208  -0.0203    0.125
    18   0.0739   0.3421   0.0000   0.3048   0.0033   0.0366   0.0951   0.1259   0.1203   0.0042   0.0000   0.0168  -0.0129    0.110
    19   0.0757   0.3507   0.0000   0.3048   0.0020   0.0221   0.0911   0.0760   0.0727   0.0019   0.0000   0.0110  -0.0070    0.099
    20   0.0767   0.3551   0.0000   0.3048   0.0007   0.0074   0.0888   0.0255   0.0244  -0.0001   0.0000   0.0038  -0.0022    0.093

  Surface # 2     Wing (YDUP)                             
     # Chordwise = 10   # Spanwise = 20     First strip = 21
     Surface area Ssurf =    0.108387     Ave. chord Cave =    0.304800

 Forces referred to Sref, Cref, Bref about Xref, Yref, Zref
 Standard axis orientation,  X fwd, Z down         
     CLsurf  =   0.23945     Clsurf  =   0.05141
     CYsurf  =  -0.00342     Cmsurf  =   0.01534
     CDsurf  =   0.01155     Cnsurf  =   0.00540
     CDisurf =   0.01155     CDvsurf =   0.00000

 Forces referred to Ssurf, Cave 
     CLsurf  =   0.33514     CDsurf  =   0.01616

 Strip Forces referred to Strip Area, Chord
    j     Xle      Yle      Zle      Chord    Area     c_cl     ai     cl_norm    cl       cd       cdv    cm_c/4     cm_LE   C.P.x/c
    21   0.0001  -0.0005   0.0000   0.3048   0.0007   0.1263   0.0839   0.4183   0.3999   0.1503   0.0000   0.0019   0.0995    0.245
    22   0.0011  -0.0049   0.0000   0.3048   0.0020   0.1263   0.0827   0.4324   0.4134   0.0324   0.0000   0.0023   0.0990    0.245
    23   0.0029  -0.0135   0.0000   0.3048   0.0033   0.1262   0.0824   0.4331   0.4140   0.0252   0.0000   0.0036   0.0977    0.241
    24   0.0057  -0.0262   0.0000   0.3048   0.0044   0.1261   0.0829   0.4328   0.4138   0.0232   0.0000   0.0055   0.0958    0.237
    25   0.0092  -0.0426   0.0000   0.3048   0.0055   0.1258   0.0839   0.4318   0.4128   0.0217   0.0000   0.0076   0.0934    0.232
    26   0.0135  -0.0623   0.0000   0.3048   0.0065   0.1251   0.0853   0.4297   0.4108   0.0204   0.0000   0.0097   0.0909    0.226
    27   0.0183  -0.0849   0.0000   0.3048   0.0073   0.1240   0.0870   0.4259   0.4072   0.0193   0.0000   0.0116   0.0880    0.221
    28   0.0237  -0.1098   0.0000   0.3048   0.0079   0.1221   0.0890   0.4197   0.4012   0.0182   0.0000   0.0135   0.0847    0.216
    29   0.0294  -0.1363   0.0000   0.3048   0.0083   0.1194   0.0912   0.4104   0.3924   0.0172   0.0000   0.0153   0.0808    0.211
    30   0.0354  -0.1638   0.0000   0.3048   0.0085   0.1156   0.0935   0.3975   0.3800   0.0163   0.0000   0.0170   0.0760    0.205
    31   0.0414  -0.1918   0.0000   0.3048   0.0085   0.1106   0.0959   0.3803   0.3635   0.0153   0.0000   0.0188   0.0703    0.198
    32   0.0474  -0.2193   0.0000   0.3048   0.0083   0.1042   0.0982   0.3583   0.3425   0.0142   0.0000   0.0205   0.0635    0.190
    33   0.0531  -0.2458   0.0000   0.3048   0.0079   0.0963   0.1001   0.3312   0.3166   0.0129   0.0000   0.0221   0.0556    0.180
    34   0.0585  -0.2707   0.0000   0.3048   0.0073   0.0869   0.1013   0.2989   0.2858   0.0115   0.0000   0.0232   0.0470    0.169
    35   0.0633  -0.2933   0.0000   0.3048   0.0065   0.0761   0.1016   0.2616   0.2501   0.0100   0.0000   0.0237   0.0379    0.155
    36   0.0676  -0.3130   0.0000   0.3048   0.0055   0.0639   0.1007   0.2197   0.2101   0.0082   0.0000   0.0230   0.0288    0.141
    37   0.0711  -0.3294   0.0000   0.3048   0.0044   0.0506   0.0985   0.1742   0.1665   0.0063   0.0000   0.0208   0.0203    0.125
    38   0.0739  -0.3421   0.0000   0.3048   0.0033   0.0366   0.0951   0.1259   0.1203   0.0042   0.0000   0.0168   0.0129    0.110
    39   0.0757  -0.3507   0.0000   0.3048   0.0020   0.0221   0.0911   0.0760   0.0727   0.0019   0.0000   0.0110   0.0070    0.099
    40   0.0767  -0.3551   0.0000   0.3048   0.0007   0.0074   0.0888   0.0255   0.0244  -0.0001   0.0000   0.0038   0.0022    0.093
 ---------------------------------------------------------------
