 ---------------------------------------------------------------
 Surface and Strip Forces by surface

  Sref = 0.74300E-01   Cref = 0.14000       Bref = 0.60960    
  Xref = 0.10920       Yref =  0.0000       Zref =  0.0000    

  Surface # 1     Wing                                    
     # Chordwise = 10   # Spanwise = 20     First strip =  1
     Surface area Ssurf =    0.061935     Ave. chord Cave =    0.203200

 Forces referred to Sref, Cref, Bref about Xref, Yref, Zref
 Standard axis orientation,  X fwd, Z down         
     CLsurf  =   0.48889     Clsurf  =  -0.10542
     CYsurf  =   0.00751     Cmsurf  =   0.16550
     CDsurf  =   0.03158     Cnsurf  =  -0.01450
     CDisurf =   0.03158     CDvsurf =   0.00000

 Forces referred to Ssurf, Cave 
     CLsurf  =   0.58649     CDsurf  =   0.03788

 Strip Forces referred to Strip Area, Chord
    j     Xle      Yle      Zle      Chord    Area     c_cl     ai     cl_norm    cl       cd       cdv    cm_c/4     cm_LE   C.P.x/c
     1   0.0001   0.0005   0.0000   0.2032   0.0004   0.1449   0.1073   0.6975   0.6857   0.2145   0.0000   0.0028  -0.1740    0.246
     2   0.0006   0.0042   0.0000   0.2032   0.0011   0.1449   0.1073   0.7256   0.7133   0.0627   0.0000   0.0033  -0.1734    0.245
     3   0.0015   0.0116   0.0000   0.2032   0.0019   0.1449   0.1081   0.7272   0.7149   0.0532   0.0000   0.0050  -0.1717    0.243
     4   0.0030   0.0225   0.0000   0.2032   0.0025   0.1448   0.1094   0.7274   0.7151   0.0495   0.0000   0.0072  -0.1694    0.240
     5   0.0049   0.0365   0.0000   0.2032   0.0032   0.1445   0.1112   0.7265   0.7142   0.0468   0.0000   0.0096  -0.1667    0.237
     6   0.0071   0.0534   0.0000   0.2032   0.0037   0.1439   0.1134   0.7237   0.7115   0.0446   0.0000   0.0117  -0.1638    0.233
     7   0.0097   0.0728   0.0000   0.2032   0.0041   0.1427   0.1160   0.7181   0.7060   0.0429   0.0000   0.0138  -0.1604    0.230
     8   0.0125   0.0941   0.0000   0.2032   0.0045   0.1408   0.1190   0.7088   0.6968   0.0414   0.0000   0.0157  -0.1562    0.227
     9   0.0156   0.1168   0.0000   0.2032   0.0047   0.1380   0.1225   0.6946   0.6828   0.0402   0.0000   0.0176  -0.1508    0.224
    10   0.0187   0.1404   0.0000   0.2032   0.0048   0.1340   0.1265   0.6745   0.6631   0.0390   0.0000   0.0196  -0.1439    0.220
    11   0.0219   0.1644   0.0000   0.2032   0.0048   0.1286   0.1310   0.6475   0.6365   0.0377   0.0000   0.0218  -0.1352    0.216
    12   0.0250   0.1880   0.0000   0.2032   0.0047   0.1217   0.1357   0.6126   0.6023   0.0361   0.0000   0.0242  -0.1245    0.210
    13   0.0281   0.2107   0.0000   0.2032   0.0045   0.1131   0.1404   0.5692   0.5596   0.0342   0.0000   0.0266  -0.1116    0.203
    14   0.0309   0.2320   0.0000   0.2032   0.0041   0.1027   0.1447   0.5167   0.5080   0.0317   0.0000   0.0287  -0.0968    0.194
    15   0.0335   0.2514   0.0000   0.2032   0.0037   0.0905   0.1481   0.4550   0.4473   0.0287   0.0000   0.0301  -0.0805    0.183
    16   0.0357   0.2683   0.0000   0.2032   0.0032   0.0765   0.1501   0.3846   0.3781   0.0249   0.0000   0.0301  -0.0635    0.170
    17   0.0376   0.2823   0.0000   0.2032   0.0025   0.0610   0.1503   0.3067   0.3015   0.0204   0.0000   0.0280  -0.0467    0.157
    18   0.0391   0.2932   0.0000   0.2032   0.0019   0.0443   0.1485   0.2228   0.2191   0.0151   0.0000   0.0232  -0.0311    0.144
    19   0.0400   0.3006   0.0000   0.2032   0.0011   0.0269   0.1453   0.1351   0.1328   0.0090   0.0000   0.0155  -0.0174    0.133
    20   0.0405   0.3043   0.0000   0.2032   0.0004   0.0090   0.1429   0.0454   0.0446   0.0022   0.0000   0.0055  -0.0056    0.127

  Surface # 2     Wing (YDUP)                             
     # Chordwise = 10   # Spanwise = 20     First strip = 21
     Surface area Ssurf =    0.061935     Ave. chord Cave =    0.203200

 Forces referred to Sref, Cref, Bref about Xref, Yref, Zref
 Standard axis orientation,  X fwd, Z down         
     CLsurf  =   0.48889     Clsurf  =   0.10542
     CYsurf  =  -0.00751     Cmsurf  =   0.16550
     CDsurf  =   0.03158     Cnsurf  =   0.01450
     CDisurf =   0.03158     CDvsurf =   0.00000

 Forces referred to Ssurf, Cave 
     CLsurf  =   0.58649     CDsurf  =   0.03788

 Strip Forces referred to Strip Area, Chord
    j     Xle      Yle      Zle      Chord    Area     c_cl     ai     cl_norm    cl       cd       cdv    cm_c/4     cm_LE   C.P.x/c
    21   0.0001  -0.0005   0.0000   0.2032   0.0004   0.1449   0.1073   0.6975   0.6857   0.2145   0.0000   0.0028   0.1740    0.246
    22   0.0006  -0.0042   0.0000   0.2032   0.0011   0.1449   0.1073   0.7256   0.7133   0.0627   0.0000   0.0033   0.1734    0.245
    23   0.0015  -0.0116   0.0000   0.2032   0.0019   0.1449   0.1081   0.7272   0.7149   0.0532   0.0000   0.0050   0.1717    0.243
    24   0.0030  -0.0225   0.0000   0.2032   0.0025   0.1448   0.1094   0.7274   0.7151   0.0495   0.0000   0.0072   0.1694    0.240
    25   0.0049  -0.0365   0.0000   0.2032   0.0032   0.1445   0.1112   0.7265   0.7142   0.0468   0.0000   0.0096   0.1667    0.237
    26   0.0071  -0.0534   0.0000   0.2032   0.0037   0.1439   0.1134   0.7237   0.7115   0.0446   0.0000   0.0117   0.1638    0.233
    27   0.0097  -0.0728   0.0000   0.2032   0.0041   0.1427   0.1160   0.7181   0.7060   0.0429   0.0000   0.0138   0.1604    0.230
    28   0.0125  -0.0941   0.0000   0.2032   0.0045   0.1408   0.1190   0.7088   0.6968   0.0414   0.0000   0.0157   0.1562    0.227
    29   0.0156  -0.1168   0.0000   0.2032   0.0047   0.1380   0.1225   0.6946   0.6828   0.0402   0.0000   0.0176   0.1508    0.224
    30   0.0187  -0.1404   0.0000   0.2032   0.0048   0.1340   0.1265   0.6745   0.6631   0.0390   0.0000   0.0196   0.1439    0.220
    31   0.0219  -0.1644   0.0000   0.2032   0.0048   0.1286   0.1310   0.6475   0.6365   0.0377   0.0000   0.0218   0.1352    0.216
    32   0.0250  -0.1880   0.0000   0.2032   0.0047   0.1217   0.1357   0.6126   0.6023   0.0361   0.0000   0.0242   0.1245    0.210
    33   0.0281  -0.2107   0.0000   0.2032   0.0045   0.1131   0.1404   0.5692   0.5596   0.0342   0.0000   0.0266   0.1116    0.203
    34   0.0309  -0.2320   0.0000   0.2032   0.0041   0.1027   0.1447   0.5167   0.5080   0.0317   0.0000   0.0287   0.0968    0.194
    35   0.0335  -0.2514   0.0000   0.2032   0.0037   0.0905   0.1481   0.4550   0.4473   0.0287   0.0000   0.0301   0.0805    0.183
    36   0.0357  -0.2683   0.0000   0.2032   0.0032   0.0765   0.1501   0.3846   0.3781   0.0249   0.0000   0.0301   0.0635    0.170
    37   0.0376  -0.2823   0.0000   0.2032   0.0025   0.0610   0.1503   0.3067   0.3015   0.0204   0.0000   0.0280   0.0467    0.157
    38   0.0391  -0.2932   0.0000   0.2032   0.0019   0.0443   0.1485   0.2228   0.2191   0.0151   0.0000   0.0232   0.0311    0.144
    39   0.0400  -0.3006   0.0000   0.2032   0.0011   0.0269   0.1453   0.1351   0.1328   0.0090   0.0000   0.0155   0.0174    0.133
    40   0.0405  -0.3043   0.0000   0.2032   0.0004   0.0090   0.1429   0.0454   0.0446   0.0022   0.0000   0.0055   0.0056    0.127
 ---------------------------------------------------------------
