 ---------------------------------------------------------------
 Surface and Strip Forces by surface

  Sref = 0.13630       Cref = 0.19250       Bref = 0.81280    
  Xref = 0.10920       Yref =  0.0000       Zref =  0.0000    

  Surface # 1     Wing                                    
     # Chordwise = 10   # Spanwise = 20     First strip =  1
     Surface area Ssurf =    0.113548     Ave. chord Cave =    0.279400

 Forces referred to Sref, Cref, Bref about Xref, Yref, Zref
 Standard axis orientation,  X fwd, Z down         
     CLsurf  =   0.26650     Clsurf  =  -0.05842
     CYsurf  =   0.00782     Cmsurf  =  -0.05555
     CDsurf  =   0.01028     Cnsurf  =  -0.00760
     CDisurf =   0.01028     CDvsurf =   0.00000

 Forces referred to Ssurf, Cave 
     CLsurf  =   0.31990     CDsurf  =   0.01234

 Strip Forces referred to Strip Area, Chord
    j     Xle      Yle      Zle      Chord    Area     c_cl     ai     cl_norm    cl       cd       cdv    cm_c/4     cm_LE   C.P.x/c
     1   0.0003   0.0006   0.0000   0.2794   0.0007   0.1051   0.0491   0.4483   0.3590   0.1937   0.0000  -0.0171  -0.0993    0.297
     2   0.0028   0.0056   0.0000   0.2794   0.0021   0.1051   0.0479   0.4678   0.3747   0.0329   0.0000  -0.0159  -0.0983    0.292
     3   0.0078   0.0155   0.0000   0.2794   0.0034   0.1051   0.0490   0.4691   0.3757   0.0245   0.0000  -0.0125  -0.0953    0.283
     4   0.0150   0.0299   0.0000   0.2794   0.0047   0.1053   0.0516   0.4702   0.3766   0.0219   0.0000  -0.0080  -0.0913    0.271
     5   0.0244   0.0487   0.0000   0.2794   0.0058   0.1056   0.0549   0.4715   0.3777   0.0195   0.0000  -0.0034  -0.0875    0.259
     6   0.0357   0.0712   0.0000   0.2794   0.0068   0.1057   0.0584   0.4725   0.3785   0.0174   0.0000   0.0006  -0.0841    0.249
     7   0.0487   0.0970   0.0000   0.2794   0.0076   0.1056   0.0620   0.4723   0.3783   0.0155   0.0000   0.0039  -0.0810    0.240
     8   0.0629   0.1254   0.0000   0.2794   0.0082   0.1050   0.0657   0.4699   0.3763   0.0140   0.0000   0.0068  -0.0779    0.232
     9   0.0781   0.1558   0.0000   0.2794   0.0087   0.1038   0.0695   0.4643   0.3719   0.0127   0.0000   0.0094  -0.0746    0.225
    10   0.0939   0.1873   0.0000   0.2794   0.0089   0.1016   0.0735   0.4547   0.3642   0.0114   0.0000   0.0119  -0.0706    0.217
    11   0.1099   0.2191   0.0000   0.2794   0.0089   0.0983   0.0776   0.4399   0.3524   0.0103   0.0000   0.0145  -0.0656    0.209
    12   0.1257   0.2506   0.0000   0.2794   0.0087   0.0936   0.0816   0.4191   0.3357   0.0091   0.0000   0.0173  -0.0594    0.198
    13   0.1409   0.2810   0.0000   0.2794   0.0082   0.0874   0.0851   0.3914   0.3135   0.0077   0.0000   0.0202  -0.0518    0.185
    14   0.1551   0.3094   0.0000   0.2794   0.0076   0.0795   0.0877   0.3563   0.2854   0.0063   0.0000   0.0230  -0.0431    0.170
    15   0.1681   0.3352   0.0000   0.2794   0.0068   0.0701   0.0888   0.3139   0.2514   0.0047   0.0000   0.0251  -0.0336    0.150
    16   0.1794   0.3577   0.0000   0.2794   0.0058   0.0591   0.0881   0.2648   0.2121   0.0031   0.0000   0.0259  -0.0241    0.128
    17   0.1888   0.3765   0.0000   0.2794   0.0047   0.0469   0.0853   0.2102   0.1684   0.0016   0.0000   0.0246  -0.0155    0.104
    18   0.1960   0.3909   0.0000   0.2794   0.0034   0.0338   0.0808   0.1518   0.1216   0.0003   0.0000   0.0206  -0.0086    0.080
    19   0.2010   0.4008   0.0000   0.2794   0.0021   0.0204   0.0754   0.0916   0.0733  -0.0010   0.0000   0.0138  -0.0039    0.062
    20   0.2035   0.4058   0.0000   0.2794   0.0007   0.0068   0.0723   0.0307   0.0246  -0.0017   0.0000   0.0049  -0.0011    0.052

  Surface # 2     Wing (YDUP)                             
     # Chordwise = 10   # Spanwise = 20     First strip = 21
     Surface area Ssurf =    0.113548     Ave. chord Cave =    0.279400

 Forces referred to Sref, Cref, Bref about Xref, Yref, Zref
 Standard axis orientation,  X fwd, Z down         
     CLsurf  =   0.26650     Clsurf  =   0.05842
     CYsurf  =  -0.00782     Cmsurf  =  -0.05555
     CDsurf  =   0.01028     Cnsurf  =   0.00760
     CDisurf =   0.01028     CDvsurf =   0.00000

 Forces referred to Ssurf, Cave 
     CLsurf  =   0.31990     CDsurf  =   0.01234

 Strip Forces referred to Strip Area, Chord
    j     Xle      Yle      Zle      Chord    Area     c_cl     ai     cl_norm    cl       cd       cdv    cm_c/4     cm_LE   C.P.x/c
    21   0.0003  -0.0006   0.0000   0.2794   0.0007   0.1051   0.0491   0.4483   0.3590   0.1937   0.0000  -0.0171   0.0993    0.297
    22   0.0028  -0.0056   0.0000   0.2794   0.0021   0.1051   0.0479   0.4678   0.3747   0.0329   0.0000  -0.0159   0.0983    0.292
    23   0.0078  -0.0155   0.0000   0.2794   0.0034   0.1051   0.0490   0.4691   0.3757   0.0245   0.0000  -0.0125   0.0953    0.283
    24   0.0150  -0.0299   0.0000   0.2794   0.0047   0.1053   0.0516   0.4702   0.3766   0.0219   0.0000  -0.0080   0.0913    0.271
    25   0.0244  -0.0487   0.0000   0.2794   0.0058   0.1056   0.0549   0.4715   0.3777   0.0195   0.0000  -0.0034   0.0875    0.259
    26   0.0357  -0.0712   0.0000   0.2794   0.0068   0.1057   0.0584   0.4725   0.3785   0.0174   0.0000   0.0006   0.0841    0.249
    27   0.0487  -0.0970   0.0000   0.2794   0.0076   0.1056   0.0620   0.4723   0.3783   0.0155   0.0000   0.0039   0.0810    0.240
    28   0.0629  -0.1254   0.0000   0.2794   0.0082   0.1050   0.0657   0.4699   0.3763   0.0140   0.0000   0.0068   0.0779    0.232
    29   0.0781  -0.1558   0.0000   0.2794   0.0087   0.1038   0.0695   0.4643   0.3719   0.0127   0.0000   0.0094   0.0746    0.225
    30   0.0939  -0.1873   0.0000   0.2794   0.0089   0.1016   0.0735   0.4547   0.3642   0.0114   0.0000   0.0119   0.0706    0.217
    31   0.1099  -0.2191   0.0000   0.2794   0.0089   0.0983   0.0776   0.4399   0.3524   0.0103   0.0000   0.0145   0.0656    0.209
    32   0.1257  -0.2506   0.0000   0.2794   0.0087   0.0936   0.0816   0.4191   0.3357   0.0091   0.0000   0.0173   0.0594    0.198
    33   0.1409  -0.2810   0.0000   0.2794   0.0082   0.0874   0.0851   0.3914   0.3135   0.0077   0.0000   0.0202   0.0518    0.185
    34   0.1551  -0.3094   0.0000   0.2794   0.0076   0.0795   0.0877   0.3563   0.2854   0.0063   0.0000   0.0230   0.0431    0.170
    35   0.1681  -0.3352   0.0000   0.2794   0.0068   0.0701   0.0888   0.3139   0.2514   0.0047   0.0000   0.0251   0.0336    0.150
    36   0.1794  -0.3577   0.0000   0.2794   0.0058   0.0591   0.0881   0.2648   0.2121   0.0031   0.0000   0.0259   0.0241    0.128
    37   0.1888  -0.3765   0.0000   0.2794   0.0047   0.0469   0.0853   0.2102   0.1684   0.0016   0.0000   0.0246   0.0155    0.104
    38   0.1960  -0.3909   0.0000   0.2794   0.0034   0.0338   0.0808   0.1518   0.1216   0.0003   0.0000   0.0206   0.0086    0.080
    39   0.2010  -0.4008   0.0000   0.2794   0.0021   0.0204   0.0754   0.0916   0.0733  -0.0010   0.0000   0.0138   0.0039    0.062
    40   0.2035  -0.4058   0.0000   0.2794   0.0007   0.0068   0.0723   0.0307   0.0246  -0.0017   0.0000   0.0049   0.0011    0.052
 ---------------------------------------------------------------
