 ---------------------------------------------------------------
 Surface and Strip Forces by surface

  Sref = 0.22300       Cref = 0.24890       Bref = 0.91440    
  Xref = 0.10920       Yref =  0.0000       Zref =  0.0000    

  Surface # 1     Wing                                    
     # Chordwise = 10   # Spanwise = 20     First strip =  1
     Surface area Ssurf =    0.139355     Ave. chord Cave =    0.304800

 Forces referred to Sref, Cref, Bref about Xref, Yref, Zref
 Standard axis orientation,  X fwd, Z down         
     CLsurf  =   0.16289     Clsurf  =  -0.03504
     CYsurf  =   0.00048     Cmsurf  =   0.02170
     CDsurf  =   0.00459     Cnsurf  =  -0.00173
     CDisurf =   0.00459     CDvsurf =   0.00000

 Forces referred to Ssurf, Cave 
     CLsurf  =   0.26066     CDsurf  =   0.00735

 Strip Forces referred to Strip Area, Chord
    j     Xle      Yle      Zle      Chord    Area     c_cl     ai     cl_norm    cl       cd       cdv    cm_c/4     cm_LE   C.P.x/c
     1   0.0000   0.0007   0.0000   0.3048   0.0009   0.0982   0.0507   0.3223   0.3209   0.0294   0.0000   0.0061  -0.0742    0.231
     2   0.0004   0.0063   0.0000   0.3048   0.0026   0.0982   0.0502   0.3236   0.3222   0.0106   0.0000   0.0063  -0.0741    0.230
     3   0.0012   0.0174   0.0000   0.3048   0.0042   0.0981   0.0500   0.3235   0.3221   0.0095   0.0000   0.0067  -0.0736    0.229
     4   0.0022   0.0337   0.0000   0.3048   0.0057   0.0980   0.0501   0.3231   0.3217   0.0091   0.0000   0.0073  -0.0729    0.227
     5   0.0037   0.0548   0.0000   0.3048   0.0071   0.0977   0.0505   0.3222   0.3207   0.0088   0.0000   0.0080  -0.0720    0.225
     6   0.0053   0.0801   0.0000   0.3048   0.0083   0.0971   0.0511   0.3204   0.3189   0.0085   0.0000   0.0086  -0.0709    0.223
     7   0.0073   0.1092   0.0000   0.3048   0.0093   0.0962   0.0519   0.3173   0.3159   0.0083   0.0000   0.0092  -0.0695    0.221
     8   0.0094   0.1411   0.0000   0.3048   0.0101   0.0948   0.0530   0.3125   0.3111   0.0082   0.0000   0.0098  -0.0677    0.218
     9   0.0117   0.1752   0.0000   0.3048   0.0106   0.0927   0.0543   0.3056   0.3042   0.0080   0.0000   0.0105  -0.0654    0.215
    10   0.0141   0.2107   0.0000   0.3048   0.0109   0.0898   0.0558   0.2961   0.2948   0.0078   0.0000   0.0112  -0.0623    0.212
    11   0.0164   0.2465   0.0000   0.3048   0.0109   0.0860   0.0574   0.2836   0.2823   0.0076   0.0000   0.0121  -0.0583    0.207
    12   0.0188   0.2820   0.0000   0.3048   0.0106   0.0812   0.0592   0.2676   0.2664   0.0074   0.0000   0.0130  -0.0534    0.201
    13   0.0211   0.3161   0.0000   0.3048   0.0101   0.0752   0.0609   0.2479   0.2468   0.0070   0.0000   0.0140  -0.0475    0.193
    14   0.0232   0.3480   0.0000   0.3048   0.0093   0.0680   0.0623   0.2242   0.2232   0.0065   0.0000   0.0149  -0.0408    0.183
    15   0.0252   0.3771   0.0000   0.3048   0.0083   0.0596   0.0629   0.1966   0.1957   0.0059   0.0000   0.0155  -0.0333    0.171
    16   0.0268   0.4024   0.0000   0.3048   0.0071   0.0501   0.0625   0.1653   0.1645   0.0050   0.0000   0.0155  -0.0256    0.156
    17   0.0283   0.4235   0.0000   0.3048   0.0057   0.0397   0.0607   0.1309   0.1303   0.0040   0.0000   0.0144  -0.0181    0.139
    18   0.0293   0.4398   0.0000   0.3048   0.0042   0.0286   0.0574   0.0943   0.0939   0.0028   0.0000   0.0120  -0.0114    0.122
    19   0.0301   0.4509   0.0000   0.3048   0.0026   0.0172   0.0530   0.0567   0.0565   0.0015   0.0000   0.0081  -0.0060    0.107
    20   0.0305   0.4565   0.0000   0.3048   0.0009   0.0057   0.0499   0.0189   0.0188   0.0003   0.0000   0.0029  -0.0018    0.098

  Surface # 2     Wing (YDUP)                             
     # Chordwise = 10   # Spanwise = 20     First strip = 21
     Surface area Ssurf =    0.139355     Ave. chord Cave =    0.304800

 Forces referred to Sref, Cref, Bref about Xref, Yref, Zref
 Standard axis orientation,  X fwd, Z down         
     CLsurf  =   0.16289     Clsurf  =   0.03504
     CYsurf  =  -0.00048     Cmsurf  =   0.02170
     CDsurf  =   0.00459     Cnsurf  =   0.00173
     CDisurf =   0.00459     CDvsurf =   0.00000

 Forces referred to Ssurf, Cave 
     CLsurf  =   0.26066     CDsurf  =   0.00735

 Strip Forces referred to Strip Area, Chord
    j     Xle      Yle      Zle      Chord    Area     c_cl     ai     cl_norm    cl       cd       cdv    cm_c/4     cm_LE   C.P.x/c
    21   0.0000  -0.0007   0.0000   0.3048   0.0009   0.0982   0.0507   0.3223   0.3209   0.0294   0.0000   0.0061   0.0742    0.231
    22   0.0004  -0.0063   0.0000   0.3048   0.0026   0.0982   0.0502   0.3236   0.3222   0.0106   0.0000   0.0063   0.0741    0.230
    23   0.0012  -0.0174   0.0000   0.3048   0.0042   0.0981   0.0500   0.3235   0.3221   0.0095   0.0000   0.0067   0.0736    0.229
    24   0.0022  -0.0337   0.0000   0.3048   0.0057   0.0980   0.0501   0.3231   0.3217   0.0091   0.0000   0.0073   0.0729    0.227
    25   0.0037  -0.0548   0.0000   0.3048   0.0071   0.0977   0.0505   0.3222   0.3207   0.0088   0.0000   0.0080   0.0720    0.225
    26   0.0053  -0.0801   0.0000   0.3048   0.0083   0.0971   0.0511   0.3204   0.3189   0.0085   0.0000   0.0086   0.0709    0.223
    27   0.0073  -0.1092   0.0000   0.3048   0.0093   0.0962   0.0519   0.3173   0.3159   0.0083   0.0000   0.0092   0.0695    0.221
    28   0.0094  -0.1411   0.0000   0.3048   0.0101   0.0948   0.0530   0.3125   0.3111   0.0082   0.0000   0.0098   0.0677    0.218
    29   0.0117  -0.1752   0.0000   0.3048   0.0106   0.0927   0.0543   0.3056   0.3042   0.0080   0.0000   0.0105   0.0654    0.215
    30   0.0141  -0.2107   0.0000   0.3048   0.0109   0.0898   0.0558   0.2961   0.2948   0.0078   0.0000   0.0112   0.0623    0.212
    31   0.0164  -0.2465   0.0000   0.3048   0.0109   0.0860   0.0574   0.2836   0.2823   0.0076   0.0000   0.0121   0.0583    0.207
    32   0.0188  -0.2820   0.0000   0.3048   0.0106   0.0812   0.0592   0.2676   0.2664   0.0074   0.0000   0.0130   0.0534    0.201
    33   0.0211  -0.3161   0.0000   0.3048   0.0101   0.0752   0.0609   0.2479   0.2468   0.0070   0.0000   0.0140   0.0475    0.193
    34   0.0232  -0.3480   0.0000   0.3048   0.0093   0.0680   0.0623   0.2242   0.2232   0.0065   0.0000   0.0149   0.0408    0.183
    35   0.0252  -0.3771   0.0000   0.3048   0.0083   0.0596   0.0629   0.1966   0.1957   0.0059   0.0000   0.0155   0.0333    0.171
    36   0.0268  -0.4024   0.0000   0.3048   0.0071   0.0501   0.0625   0.1653   0.1645   0.0050   0.0000   0.0155   0.0256    0.156
    37   0.0283  -0.4235   0.0000   0.3048   0.0057   0.0397   0.0607   0.1309   0.1303   0.0040   0.0000   0.0144   0.0181    0.139
    38   0.0293  -0.4398   0.0000   0.3048   0.0042   0.0286   0.0574   0.0943   0.0939   0.0028   0.0000   0.0120   0.0114    0.122
    39   0.0301  -0.4509   0.0000   0.3048   0.0026   0.0172   0.0530   0.0567   0.0565   0.0015   0.0000   0.0081   0.0060    0.107
    40   0.0305  -0.4565   0.0000   0.3048   0.0009   0.0057   0.0499   0.0189   0.0188   0.0003   0.0000   0.0029   0.0018    0.098
 ---------------------------------------------------------------
