 ---------------------------------------------------------------
 Surface and Strip Forces by surface

  Sref = 0.13010       Cref = 0.15090       Bref = 0.91440    
  Xref = 0.10920       Yref =  0.0000       Zref =  0.0000    

  Surface # 1     Wing                                    
     # Chordwise = 10   # Spanwise = 20     First strip =  1
     Surface area Ssurf =    0.092903     Ave. chord Cave =    0.203200

 Forces referred to Sref, Cref, Bref about Xref, Yref, Zref
 Standard axis orientation,  X fwd, Z down         
     CLsurf  =   0.27920     Clsurf  =  -0.06138
     CYsurf  =   0.00277     Cmsurf  =   0.06085
     CDsurf  =   0.00806     Cnsurf  =  -0.00450
     CDisurf =   0.00806     CDvsurf =   0.00000

 Forces referred to Ssurf, Cave 
     CLsurf  =   0.39099     CDsurf  =   0.01128

 Strip Forces referred to Strip Area, Chord
    j     Xle      Yle      Zle      Chord    Area     c_cl     ai     cl_norm    cl       cd       cdv    cm_c/4     cm_LE   C.P.x/c
     1   0.0001   0.0007   0.0000   0.2032   0.0006   0.0937   0.0414   0.4676   0.4568   0.0694   0.0000  -0.0028  -0.1167    0.256
     2   0.0010   0.0063   0.0000   0.2032   0.0017   0.0937   0.0409   0.4723   0.4615   0.0195   0.0000  -0.0020  -0.1159    0.254
     3   0.0027   0.0174   0.0000   0.2032   0.0028   0.0938   0.0415   0.4727   0.4619   0.0165   0.0000  -0.0001  -0.1140    0.250
     4   0.0052   0.0337   0.0000   0.2032   0.0038   0.0938   0.0427   0.4731   0.4623   0.0148   0.0000   0.0022  -0.1119    0.245
     5   0.0084   0.0548   0.0000   0.2032   0.0047   0.0938   0.0443   0.4734   0.4625   0.0136   0.0000   0.0041  -0.1100    0.241
     6   0.0124   0.0801   0.0000   0.2032   0.0055   0.0937   0.0461   0.4729   0.4620   0.0127   0.0000   0.0057  -0.1084    0.238
     7   0.0168   0.1092   0.0000   0.2032   0.0062   0.0933   0.0480   0.4711   0.4603   0.0121   0.0000   0.0069  -0.1067    0.235
     8   0.0218   0.1411   0.0000   0.2032   0.0067   0.0926   0.0500   0.4673   0.4565   0.0117   0.0000   0.0079  -0.1048    0.233
     9   0.0270   0.1752   0.0000   0.2032   0.0071   0.0913   0.0524   0.4607   0.4501   0.0114   0.0000   0.0088  -0.1023    0.230
    10   0.0325   0.2107   0.0000   0.2032   0.0073   0.0893   0.0552   0.4507   0.4404   0.0112   0.0000   0.0099  -0.0988    0.228
    11   0.0380   0.2465   0.0000   0.2032   0.0073   0.0865   0.0585   0.4365   0.4264   0.0110   0.0000   0.0111  -0.0942    0.224
    12   0.0435   0.2820   0.0000   0.2032   0.0071   0.0826   0.0623   0.4171   0.4075   0.0108   0.0000   0.0126  -0.0880    0.219
    13   0.0487   0.3161   0.0000   0.2032   0.0067   0.0776   0.0664   0.3916   0.3826   0.0105   0.0000   0.0144  -0.0801    0.212
    14   0.0537   0.3480   0.0000   0.2032   0.0062   0.0712   0.0705   0.3593   0.3511   0.0100   0.0000   0.0164  -0.0704    0.203
    15   0.0581   0.3771   0.0000   0.2032   0.0055   0.0633   0.0740   0.3195   0.3122   0.0092   0.0000   0.0184  -0.0588    0.191
    16   0.0621   0.4024   0.0000   0.2032   0.0047   0.0540   0.0763   0.2722   0.2659   0.0081   0.0000   0.0199  -0.0460    0.175
    17   0.0653   0.4235   0.0000   0.2032   0.0038   0.0432   0.0765   0.2180   0.2129   0.0066   0.0000   0.0199  -0.0328    0.156
    18   0.0678   0.4398   0.0000   0.2032   0.0028   0.0314   0.0741   0.1584   0.1547   0.0048   0.0000   0.0177  -0.0207    0.136
    19   0.0695   0.4509   0.0000   0.2032   0.0017   0.0190   0.0694   0.0957   0.0935   0.0026   0.0000   0.0125  -0.0107    0.116
    20   0.0704   0.4565   0.0000   0.2032   0.0006   0.0063   0.0651   0.0320   0.0312   0.0004   0.0000   0.0045  -0.0032    0.105

  Surface # 2     Wing (YDUP)                             
     # Chordwise = 10   # Spanwise = 20     First strip = 21
     Surface area Ssurf =    0.092903     Ave. chord Cave =    0.203200

 Forces referred to Sref, Cref, Bref about Xref, Yref, Zref
 Standard axis orientation,  X fwd, Z down         
     CLsurf  =   0.27920     Clsurf  =   0.06138
     CYsurf  =  -0.00277     Cmsurf  =   0.06085
     CDsurf  =   0.00806     Cnsurf  =   0.00450
     CDisurf =   0.00806     CDvsurf =   0.00000

 Forces referred to Ssurf, Cave 
     CLsurf  =   0.39099     CDsurf  =   0.01128

 Strip Forces referred to Strip Area, Chord
    j     Xle      Yle      Zle      Chord    Area     c_cl     ai     cl_norm    cl       cd       cdv    cm_c/4     cm_LE   C.P.x/c
    21   0.0001  -0.0007   0.0000   0.2032   0.0006   0.0937   0.0414   0.4676   0.4568   0.0694   0.0000  -0.0028   0.1167    0.256
    22   0.0010  -0.0063   0.0000   0.2032   0.0017   0.0937   0.0409   0.4723   0.4615   0.0195   0.0000  -0.0020   0.1159    0.254
    23   0.0027  -0.0174   0.0000   0.2032   0.0028   0.0938   0.0415   0.4727   0.4619   0.0165   0.0000  -0.0001   0.1140    0.250
    24   0.0052  -0.0337   0.0000   0.2032   0.0038   0.0938   0.0427   0.4731   0.4623   0.0148   0.0000   0.0022   0.1119    0.245
    25   0.0084  -0.0548   0.0000   0.2032   0.0047   0.0938   0.0443   0.4734   0.4625   0.0136   0.0000   0.0041   0.1100    0.241
    26   0.0124  -0.0801   0.0000   0.2032   0.0055   0.0937   0.0461   0.4729   0.4620   0.0127   0.0000   0.0057   0.1084    0.238
    27   0.0168  -0.1092   0.0000   0.2032   0.0062   0.0933   0.0480   0.4711   0.4603   0.0121   0.0000   0.0069   0.1067    0.235
    28   0.0218  -0.1411   0.0000   0.2032   0.0067   0.0926   0.0500   0.4673   0.4565   0.0117   0.0000   0.0079   0.1048    0.233
    29   0.0270  -0.1752   0.0000   0.2032   0.0071   0.0913   0.0524   0.4607   0.4501   0.0114   0.0000   0.0088   0.1023    0.230
    30   0.0325  -0.2107   0.0000   0.2032   0.0073   0.0893   0.0552   0.4507   0.4404   0.0112   0.0000   0.0099   0.0988    0.228
    31   0.0380  -0.2465   0.0000   0.2032   0.0073   0.0865   0.0585   0.4365   0.4264   0.0110   0.0000   0.0111   0.0942    0.224
    32   0.0435  -0.2820   0.0000   0.2032   0.0071   0.0826   0.0623   0.4171   0.4075   0.0108   0.0000   0.0126   0.0880    0.219
    33   0.0487  -0.3161   0.0000   0.2032   0.0067   0.0776   0.0664   0.3916   0.3826   0.0105   0.0000   0.0144   0.0801    0.212
    34   0.0537  -0.3480   0.0000   0.2032   0.0062   0.0712   0.0705   0.3593   0.3511   0.0100   0.0000   0.0164   0.0704    0.203
    35   0.0581  -0.3771   0.0000   0.2032   0.0055   0.0633   0.0740   0.3195   0.3122   0.0092   0.0000   0.0184   0.0588    0.191
    36   0.0621  -0.4024   0.0000   0.2032   0.0047   0.0540   0.0763   0.2722   0.2659   0.0081   0.0000   0.0199   0.0460    0.175
    37   0.0653  -0.4235   0.0000   0.2032   0.0038   0.0432   0.0765   0.2180   0.2129   0.0066   0.0000   0.0199   0.0328    0.156
    38   0.0678  -0.4398   0.0000   0.2032   0.0028   0.0314   0.0741   0.1584   0.1547   0.0048   0.0000   0.0177   0.0207    0.136
    39   0.0695  -0.4509   0.0000   0.2032   0.0017   0.0190   0.0694   0.0957   0.0935   0.0026   0.0000   0.0125   0.0107    0.116
    40   0.0704  -0.4565   0.0000   0.2032   0.0006   0.0063   0.0651   0.0320   0.0312   0.0004   0.0000   0.0045   0.0032    0.105
 ---------------------------------------------------------------
