 ---------------------------------------------------------------
 Surface and Strip Forces by surface

  Sref = 0.21680       Cref = 0.30480       Bref = 0.71120    
  Xref = 0.10920       Yref =  0.0000       Zref =  0.0000    

  Surface # 1     Wing                                    
     # Chordwise = 10   # Spanwise = 20     First strip =  1
     Surface area Ssurf =    0.108387     Ave. chord Cave =    0.304800

 Forces referred to Sref, Cref, Bref about Xref, Yref, Zref
 Standard axis orientation,  X fwd, Z down         
     CLsurf  =   0.16755     Clsurf  =  -0.03614
     CYsurf  =   0.00401     Cmsurf  =  -0.00499
     CDsurf  =   0.00830     Cnsurf  =  -0.00495
     CDisurf =   0.00830     CDvsurf =   0.00000

 Forces referred to Ssurf, Cave 
     CLsurf  =   0.33514     CDsurf  =   0.01659

 Strip Forces referred to Strip Area, Chord
    j     Xle      Yle      Zle      Chord    Area     c_cl     ai     cl_norm    cl       cd       cdv    cm_c/4     cm_LE   C.P.x/c
     1   0.0002   0.0005   0.0000   0.3048   0.0007   0.1249   0.0794   0.4368   0.3864   0.2238   0.0000  -0.0069  -0.1027    0.268
     2   0.0018   0.0049   0.0000   0.3048   0.0020   0.1248   0.0779   0.4608   0.4076   0.0401   0.0000  -0.0062  -0.1020    0.265
     3   0.0049   0.0135   0.0000   0.3048   0.0033   0.1248   0.0778   0.4621   0.4088   0.0293   0.0000  -0.0041  -0.1000    0.260
     4   0.0095   0.0262   0.0000   0.3048   0.0044   0.1247   0.0789   0.4622   0.4089   0.0265   0.0000  -0.0010  -0.0970    0.252
     5   0.0155   0.0426   0.0000   0.3048   0.0055   0.1246   0.0808   0.4619   0.4086   0.0243   0.0000   0.0024  -0.0937    0.244
     6   0.0227   0.0623   0.0000   0.3048   0.0065   0.1241   0.0831   0.4605   0.4074   0.0222   0.0000   0.0057  -0.0903    0.236
     7   0.0309   0.0849   0.0000   0.3048   0.0073   0.1233   0.0858   0.4575   0.4047   0.0204   0.0000   0.0087  -0.0868    0.228
     8   0.0399   0.1098   0.0000   0.3048   0.0079   0.1217   0.0886   0.4520   0.3999   0.0188   0.0000   0.0115  -0.0830    0.221
     9   0.0496   0.1363   0.0000   0.3048   0.0083   0.1193   0.0916   0.4433   0.3922   0.0173   0.0000   0.0141  -0.0788    0.214
    10   0.0596   0.1638   0.0000   0.3048   0.0085   0.1159   0.0947   0.4305   0.3808   0.0159   0.0000   0.0166  -0.0737    0.206
    11   0.0698   0.1918   0.0000   0.3048   0.0085   0.1111   0.0977   0.4130   0.3653   0.0145   0.0000   0.0191  -0.0677    0.198
    12   0.0798   0.2193   0.0000   0.3048   0.0083   0.1049   0.1005   0.3900   0.3450   0.0130   0.0000   0.0215  -0.0607    0.188
    13   0.0895   0.2458   0.0000   0.3048   0.0079   0.0971   0.1027   0.3612   0.3195   0.0115   0.0000   0.0237  -0.0526    0.176
    14   0.0985   0.2707   0.0000   0.3048   0.0073   0.0878   0.1041   0.3265   0.2888   0.0098   0.0000   0.0254  -0.0438    0.162
    15   0.1067   0.2933   0.0000   0.3048   0.0065   0.0769   0.1043   0.2860   0.2530   0.0080   0.0000   0.0263  -0.0345    0.146
    16   0.1139   0.3130   0.0000   0.3048   0.0055   0.0646   0.1031   0.2403   0.2126   0.0061   0.0000   0.0258  -0.0255    0.129
    17   0.1199   0.3294   0.0000   0.3048   0.0044   0.0512   0.1005   0.1905   0.1685   0.0043   0.0000   0.0235  -0.0174    0.111
    18   0.1245   0.3421   0.0000   0.3048   0.0033   0.0370   0.0966   0.1377   0.1218   0.0023   0.0000   0.0190  -0.0106    0.094
    19   0.1276   0.3507   0.0000   0.3048   0.0020   0.0223   0.0923   0.0832   0.0736   0.0004   0.0000   0.0125  -0.0055    0.081
    20   0.1292   0.3551   0.0000   0.3048   0.0007   0.0074   0.0900   0.0279   0.0247  -0.0010   0.0000   0.0043  -0.0017    0.075

  Surface # 2     Wing (YDUP)                             
     # Chordwise = 10   # Spanwise = 20     First strip = 21
     Surface area Ssurf =    0.108387     Ave. chord Cave =    0.304800

 Forces referred to Sref, Cref, Bref about Xref, Yref, Zref
 Standard axis orientation,  X fwd, Z down         
     CLsurf  =   0.16755     Clsurf  =   0.03614
     CYsurf  =  -0.00401     Cmsurf  =  -0.00499
     CDsurf  =   0.00830     Cnsurf  =   0.00495
     CDisurf =   0.00830     CDvsurf =   0.00000

 Forces referred to Ssurf, Cave 
     CLsurf  =   0.33514     CDsurf  =   0.01659

 Strip Forces referred to Strip Area, Chord
    j     Xle      Yle      Zle      Chord    Area     c_cl     ai     cl_norm    cl       cd       cdv    cm_c/4     cm_LE   C.P.x/c
    21   0.0002  -0.0005   0.0000   0.3048   0.0007   0.1249   0.0794   0.4368   0.3864   0.2238   0.0000  -0.0069   0.1027    0.268
    22   0.0018  -0.0049   0.0000   0.3048   0.0020   0.1248   0.0779   0.4608   0.4076   0.0401   0.0000  -0.0062   0.1020    0.265
    23   0.0049  -0.0135   0.0000   0.3048   0.0033   0.1248   0.0778   0.4621   0.4088   0.0293   0.0000  -0.0041   0.1000    0.260
    24   0.0095  -0.0262   0.0000   0.3048   0.0044   0.1247   0.0789   0.4622   0.4089   0.0265   0.0000  -0.0010   0.0970    0.252
    25   0.0155  -0.0426   0.0000   0.3048   0.0055   0.1246   0.0808   0.4619   0.4086   0.0243   0.0000   0.0024   0.0937    0.244
    26   0.0227  -0.0623   0.0000   0.3048   0.0065   0.1241   0.0831   0.4605   0.4074   0.0222   0.0000   0.0057   0.0903    0.236
    27   0.0309  -0.0849   0.0000   0.3048   0.0073   0.1233   0.0858   0.4575   0.4047   0.0204   0.0000   0.0087   0.0868    0.228
    28   0.0399  -0.1098   0.0000   0.3048   0.0079   0.1217   0.0886   0.4520   0.3999   0.0188   0.0000   0.0115   0.0830    0.221
    29   0.0496  -0.1363   0.0000   0.3048   0.0083   0.1193   0.0916   0.4433   0.3922   0.0173   0.0000   0.0141   0.0788    0.214
    30   0.0596  -0.1638   0.0000   0.3048   0.0085   0.1159   0.0947   0.4305   0.3808   0.0159   0.0000   0.0166   0.0737    0.206
    31   0.0698  -0.1918   0.0000   0.3048   0.0085   0.1111   0.0977   0.4130   0.3653   0.0145   0.0000   0.0191   0.0677    0.198
    32   0.0798  -0.2193   0.0000   0.3048   0.0083   0.1049   0.1005   0.3900   0.3450   0.0130   0.0000   0.0215   0.0607    0.188
    33   0.0895  -0.2458   0.0000   0.3048   0.0079   0.0971   0.1027   0.3612   0.3195   0.0115   0.0000   0.0237   0.0526    0.176
    34   0.0985  -0.2707   0.0000   0.3048   0.0073   0.0878   0.1041   0.3265   0.2888   0.0098   0.0000   0.0254   0.0438    0.162
    35   0.1067  -0.2933   0.0000   0.3048   0.0065   0.0769   0.1043   0.2860   0.2530   0.0080   0.0000   0.0263   0.0345    0.146
    36   0.1139  -0.3130   0.0000   0.3048   0.0055   0.0646   0.1031   0.2403   0.2126   0.0061   0.0000   0.0258   0.0255    0.129
    37   0.1199  -0.3294   0.0000   0.3048   0.0044   0.0512   0.1005   0.1905   0.1685   0.0043   0.0000   0.0235   0.0174    0.111
    38   0.1245  -0.3421   0.0000   0.3048   0.0033   0.0370   0.0966   0.1377   0.1218   0.0023   0.0000   0.0190   0.0106    0.094
    39   0.1276  -0.3507   0.0000   0.3048   0.0020   0.0223   0.0923   0.0832   0.0736   0.0004   0.0000   0.0125   0.0055    0.081
    40   0.1292  -0.3551   0.0000   0.3048   0.0007   0.0074   0.0900   0.0279   0.0247  -0.0010   0.0000   0.0043   0.0017    0.075
 ---------------------------------------------------------------
