 ---------------------------------------------------------------
 Surface and Strip Forces by surface

  Sref = 0.15480       Cref = 0.25400       Bref = 0.60960    
  Xref = 0.10920       Yref =  0.0000       Zref =  0.0000    

  Surface # 1     Wing                                    
     # Chordwise = 10   # Spanwise = 20     First strip =  1
     Surface area Ssurf =    0.077419     Ave. chord Cave =    0.254000

 Forces referred to Sref, Cref, Bref about Xref, Yref, Zref
 Standard axis orientation,  X fwd, Z down         
     CLsurf  =   0.23465     Clsurf  =  -0.05052
     CYsurf  =   0.00609     Cmsurf  =   0.01944
     CDsurf  =   0.01556     Cnsurf  =  -0.00814
     CDisurf =   0.01556     CDvsurf =   0.00000

 Forces referred to Ssurf, Cave 
     CLsurf  =   0.46919     CDsurf  =   0.03111

 Strip Forces referred to Strip Area, Chord
    j     Xle      Yle      Zle      Chord    Area     c_cl     ai     cl_norm    cl       cd       cdv    cm_c/4     cm_LE   C.P.x/c
     1   0.0001   0.0005   0.0000   0.2540   0.0005   0.1458   0.1083   0.5668   0.5298   0.3155   0.0000  -0.0030  -0.1415    0.256
     2   0.0011   0.0042   0.0000   0.2540   0.0014   0.1458   0.1078   0.6107   0.5708   0.0659   0.0000  -0.0023  -0.1409    0.254
     3   0.0031   0.0116   0.0000   0.2540   0.0023   0.1458   0.1084   0.6133   0.5732   0.0508   0.0000  -0.0002  -0.1388    0.250
     4   0.0060   0.0225   0.0000   0.2540   0.0032   0.1457   0.1099   0.6137   0.5737   0.0462   0.0000   0.0030  -0.1356    0.245
     5   0.0098   0.0365   0.0000   0.2540   0.0039   0.1454   0.1121   0.6132   0.5732   0.0427   0.0000   0.0064  -0.1321    0.239
     6   0.0143   0.0534   0.0000   0.2540   0.0046   0.1448   0.1147   0.6112   0.5713   0.0397   0.0000   0.0097  -0.1283    0.233
     7   0.0195   0.0728   0.0000   0.2540   0.0052   0.1437   0.1177   0.6068   0.5672   0.0372   0.0000   0.0128  -0.1242    0.227
     8   0.0252   0.0941   0.0000   0.2540   0.0056   0.1418   0.1209   0.5990   0.5599   0.0349   0.0000   0.0157  -0.1196    0.222
     9   0.0313   0.1168   0.0000   0.2540   0.0059   0.1388   0.1245   0.5869   0.5486   0.0328   0.0000   0.0185  -0.1142    0.216
    10   0.0376   0.1404   0.0000   0.2540   0.0061   0.1347   0.1282   0.5695   0.5323   0.0308   0.0000   0.0212  -0.1076    0.210
    11   0.0441   0.1644   0.0000   0.2540   0.0061   0.1291   0.1320   0.5459   0.5103   0.0287   0.0000   0.0239  -0.0997    0.203
    12   0.0504   0.1880   0.0000   0.2540   0.0059   0.1219   0.1357   0.5155   0.4818   0.0265   0.0000   0.0265  -0.0902    0.195
    13   0.0565   0.2107   0.0000   0.2540   0.0056   0.1129   0.1390   0.4776   0.4464   0.0240   0.0000   0.0289  -0.0794    0.185
    14   0.0622   0.2320   0.0000   0.2540   0.0052   0.1021   0.1415   0.4321   0.4039   0.0213   0.0000   0.0307  -0.0674    0.174
    15   0.0674   0.2514   0.0000   0.2540   0.0046   0.0896   0.1429   0.3792   0.3544   0.0183   0.0000   0.0316  -0.0547    0.161
    16   0.0719   0.2683   0.0000   0.2540   0.0039   0.0755   0.1429   0.3194   0.2986   0.0151   0.0000   0.0308  -0.0420    0.147
    17   0.0757   0.2823   0.0000   0.2540   0.0032   0.0600   0.1413   0.2539   0.2373   0.0116   0.0000   0.0280  -0.0300    0.132
    18   0.0786   0.2932   0.0000   0.2540   0.0023   0.0434   0.1383   0.1841   0.1721   0.0078   0.0000   0.0226  -0.0194    0.118
    19   0.0806   0.3006   0.0000   0.2540   0.0014   0.0263   0.1346   0.1115   0.1042   0.0037   0.0000   0.0148  -0.0107    0.108
    20   0.0816   0.3043   0.0000   0.2540   0.0005   0.0088   0.1324   0.0376   0.0351  -0.0002   0.0000   0.0052  -0.0034    0.103

  Surface # 2     Wing (YDUP)                             
     # Chordwise = 10   # Spanwise = 20     First strip = 21
     Surface area Ssurf =    0.077419     Ave. chord Cave =    0.254000

 Forces referred to Sref, Cref, Bref about Xref, Yref, Zref
 Standard axis orientation,  X fwd, Z down         
     CLsurf  =   0.23465     Clsurf  =   0.05052
     CYsurf  =  -0.00609     Cmsurf  =   0.01944
     CDsurf  =   0.01556     Cnsurf  =   0.00814
     CDisurf =   0.01556     CDvsurf =   0.00000

 Forces referred to Ssurf, Cave 
     CLsurf  =   0.46919     CDsurf  =   0.03111

 Strip Forces referred to Strip Area, Chord
    j     Xle      Yle      Zle      Chord    Area     c_cl     ai     cl_norm    cl       cd       cdv    cm_c/4     cm_LE   C.P.x/c
    21   0.0001  -0.0005   0.0000   0.2540   0.0005   0.1458   0.1083   0.5668   0.5298   0.3155   0.0000  -0.0030   0.1415    0.256
    22   0.0011  -0.0042   0.0000   0.2540   0.0014   0.1458   0.1078   0.6107   0.5708   0.0659   0.0000  -0.0023   0.1409    0.254
    23   0.0031  -0.0116   0.0000   0.2540   0.0023   0.1458   0.1084   0.6133   0.5732   0.0508   0.0000  -0.0002   0.1388    0.250
    24   0.0060  -0.0225   0.0000   0.2540   0.0032   0.1457   0.1099   0.6137   0.5737   0.0462   0.0000   0.0030   0.1356    0.245
    25   0.0098  -0.0365   0.0000   0.2540   0.0039   0.1454   0.1121   0.6132   0.5732   0.0427   0.0000   0.0064   0.1321    0.239
    26   0.0143  -0.0534   0.0000   0.2540   0.0046   0.1448   0.1147   0.6112   0.5713   0.0397   0.0000   0.0097   0.1283    0.233
    27   0.0195  -0.0728   0.0000   0.2540   0.0052   0.1437   0.1177   0.6068   0.5672   0.0372   0.0000   0.0128   0.1242    0.227
    28   0.0252  -0.0941   0.0000   0.2540   0.0056   0.1418   0.1209   0.5990   0.5599   0.0349   0.0000   0.0157   0.1196    0.222
    29   0.0313  -0.1168   0.0000   0.2540   0.0059   0.1388   0.1245   0.5869   0.5486   0.0328   0.0000   0.0185   0.1142    0.216
    30   0.0376  -0.1404   0.0000   0.2540   0.0061   0.1347   0.1282   0.5695   0.5323   0.0308   0.0000   0.0212   0.1076    0.210
    31   0.0441  -0.1644   0.0000   0.2540   0.0061   0.1291   0.1320   0.5459   0.5103   0.0287   0.0000   0.0239   0.0997    0.203
    32   0.0504  -0.1880   0.0000   0.2540   0.0059   0.1219   0.1357   0.5155   0.4818   0.0265   0.0000   0.0265   0.0902    0.195
    33   0.0565  -0.2107   0.0000   0.2540   0.0056   0.1129   0.1390   0.4776   0.4464   0.0240   0.0000   0.0289   0.0794    0.185
    34   0.0622  -0.2320   0.0000   0.2540   0.0052   0.1021   0.1415   0.4321   0.4039   0.0213   0.0000   0.0307   0.0674    0.174
    35   0.0674  -0.2514   0.0000   0.2540   0.0046   0.0896   0.1429   0.3792   0.3544   0.0183   0.0000   0.0316   0.0547    0.161
    36   0.0719  -0.2683   0.0000   0.2540   0.0039   0.0755   0.1429   0.3194   0.2986   0.0151   0.0000   0.0308   0.0420    0.147
    37   0.0757  -0.2823   0.0000   0.2540   0.0032   0.0600   0.1413   0.2539   0.2373   0.0116   0.0000   0.0280   0.0300    0.132
    38   0.0786  -0.2932   0.0000   0.2540   0.0023   0.0434   0.1383   0.1841   0.1721   0.0078   0.0000   0.0226   0.0194    0.118
    39   0.0806  -0.3006   0.0000   0.2540   0.0014   0.0263   0.1346   0.1115   0.1042   0.0037   0.0000   0.0148   0.0107    0.108
    40   0.0816  -0.3043   0.0000   0.2540   0.0005   0.0088   0.1324   0.0376   0.0351  -0.0002   0.0000   0.0052   0.0034    0.103
 ---------------------------------------------------------------
