 ---------------------------------------------------------------
 Surface and Strip Forces by surface

  Sref = 0.20900       Cref = 0.22860       Bref = 0.91440    
  Xref = 0.10920       Yref =  0.0000       Zref =  0.0000    

  Surface # 1     Wing                                    
     # Chordwise = 10   # Spanwise = 20     First strip =  1
     Surface area Ssurf =    0.104516     Ave. chord Cave =    0.228600

 Forces referred to Sref, Cref, Bref about Xref, Yref, Zref
 Standard axis orientation,  X fwd, Z down         
     CLsurf  =   0.17380     Clsurf  =  -0.03805
     CYsurf  =   0.00176     Cmsurf  =   0.01812
     CDsurf  =   0.00503     Cnsurf  =  -0.00265
     CDisurf =   0.00503     CDvsurf =   0.00000

 Forces referred to Ssurf, Cave 
     CLsurf  =   0.34755     CDsurf  =   0.01006

 Strip Forces referred to Strip Area, Chord
    j     Xle      Yle      Zle      Chord    Area     c_cl     ai     cl_norm    cl       cd       cdv    cm_c/4     cm_LE   C.P.x/c
     1   0.0001   0.0007   0.0000   0.2286   0.0006   0.0945   0.0431   0.4214   0.4088   0.0719   0.0000  -0.0028  -0.1045    0.257
     2   0.0011   0.0063   0.0000   0.2286   0.0019   0.0945   0.0423   0.4261   0.4134   0.0183   0.0000  -0.0020  -0.1038    0.255
     3   0.0031   0.0174   0.0000   0.2286   0.0031   0.0945   0.0426   0.4264   0.4137   0.0153   0.0000  -0.0002  -0.1020    0.251
     4   0.0059   0.0337   0.0000   0.2286   0.0043   0.0945   0.0437   0.4266   0.4139   0.0138   0.0000   0.0020  -0.0999    0.245
     5   0.0097   0.0548   0.0000   0.2286   0.0053   0.0945   0.0452   0.4267   0.4139   0.0126   0.0000   0.0040  -0.0979    0.240
     6   0.0141   0.0801   0.0000   0.2286   0.0062   0.0944   0.0469   0.4261   0.4133   0.0118   0.0000   0.0056  -0.0961    0.236
     7   0.0192   0.1092   0.0000   0.2286   0.0070   0.0939   0.0488   0.4242   0.4115   0.0111   0.0000   0.0070  -0.0943    0.233
     8   0.0249   0.1411   0.0000   0.2286   0.0076   0.0931   0.0508   0.4204   0.4078   0.0106   0.0000   0.0081  -0.0923    0.230
     9   0.0309   0.1752   0.0000   0.2286   0.0080   0.0917   0.0531   0.4141   0.4017   0.0103   0.0000   0.0092  -0.0897    0.227
    10   0.0371   0.2107   0.0000   0.2286   0.0082   0.0896   0.0558   0.4045   0.3924   0.0100   0.0000   0.0103  -0.0863    0.224
    11   0.0435   0.2465   0.0000   0.2286   0.0082   0.0865   0.0588   0.3909   0.3792   0.0097   0.0000   0.0116  -0.0818    0.219
    12   0.0497   0.2820   0.0000   0.2286   0.0080   0.0825   0.0621   0.3725   0.3614   0.0094   0.0000   0.0131  -0.0759    0.214
    13   0.0557   0.3161   0.0000   0.2286   0.0076   0.0772   0.0656   0.3487   0.3383   0.0090   0.0000   0.0149  -0.0685    0.206
    14   0.0614   0.3480   0.0000   0.2286   0.0070   0.0706   0.0689   0.3188   0.3092   0.0084   0.0000   0.0168  -0.0595    0.196
    15   0.0665   0.3771   0.0000   0.2286   0.0062   0.0625   0.0715   0.2823   0.2739   0.0076   0.0000   0.0185  -0.0491    0.182
    16   0.0709   0.4024   0.0000   0.2286   0.0053   0.0530   0.0728   0.2395   0.2324   0.0065   0.0000   0.0195  -0.0379    0.166
    17   0.0747   0.4235   0.0000   0.2286   0.0043   0.0423   0.0720   0.1911   0.1854   0.0052   0.0000   0.0192  -0.0267    0.146
    18   0.0775   0.4398   0.0000   0.2286   0.0031   0.0307   0.0691   0.1385   0.1343   0.0036   0.0000   0.0167  -0.0165    0.125
    19   0.0795   0.4509   0.0000   0.2286   0.0019   0.0185   0.0642   0.0835   0.0810   0.0018   0.0000   0.0116  -0.0085    0.107
    20   0.0805   0.4565   0.0000   0.2286   0.0006   0.0062   0.0602   0.0279   0.0270   0.0001   0.0000   0.0042  -0.0025    0.095

  Surface # 2     Wing (YDUP)                             
     # Chordwise = 10   # Spanwise = 20     First strip = 21
     Surface area Ssurf =    0.104516     Ave. chord Cave =    0.228600

 Forces referred to Sref, Cref, Bref about Xref, Yref, Zref
 Standard axis orientation,  X fwd, Z down         
     CLsurf  =   0.17380     Clsurf  =   0.03805
     CYsurf  =  -0.00176     Cmsurf  =   0.01812
     CDsurf  =   0.00503     Cnsurf  =   0.00265
     CDisurf =   0.00503     CDvsurf =   0.00000

 Forces referred to Ssurf, Cave 
     CLsurf  =   0.34755     CDsurf  =   0.01006

 Strip Forces referred to Strip Area, Chord
    j     Xle      Yle      Zle      Chord    Area     c_cl     ai     cl_norm    cl       cd       cdv    cm_c/4     cm_LE   C.P.x/c
    21   0.0001  -0.0007   0.0000   0.2286   0.0006   0.0945   0.0431   0.4214   0.4088   0.0719   0.0000  -0.0028   0.1045    0.257
    22   0.0011  -0.0063   0.0000   0.2286   0.0019   0.0945   0.0423   0.4261   0.4134   0.0183   0.0000  -0.0020   0.1038    0.255
    23   0.0031  -0.0174   0.0000   0.2286   0.0031   0.0945   0.0426   0.4264   0.4137   0.0153   0.0000  -0.0002   0.1020    0.251
    24   0.0059  -0.0337   0.0000   0.2286   0.0043   0.0945   0.0437   0.4266   0.4139   0.0138   0.0000   0.0020   0.0999    0.245
    25   0.0097  -0.0548   0.0000   0.2286   0.0053   0.0945   0.0452   0.4267   0.4139   0.0126   0.0000   0.0040   0.0979    0.240
    26   0.0141  -0.0801   0.0000   0.2286   0.0062   0.0944   0.0469   0.4261   0.4133   0.0118   0.0000   0.0056   0.0961    0.236
    27   0.0192  -0.1092   0.0000   0.2286   0.0070   0.0939   0.0488   0.4242   0.4115   0.0111   0.0000   0.0070   0.0943    0.233
    28   0.0249  -0.1411   0.0000   0.2286   0.0076   0.0931   0.0508   0.4204   0.4078   0.0106   0.0000   0.0081   0.0923    0.230
    29   0.0309  -0.1752   0.0000   0.2286   0.0080   0.0917   0.0531   0.4141   0.4017   0.0103   0.0000   0.0092   0.0897    0.227
    30   0.0371  -0.2107   0.0000   0.2286   0.0082   0.0896   0.0558   0.4045   0.3924   0.0100   0.0000   0.0103   0.0863    0.224
    31   0.0435  -0.2465   0.0000   0.2286   0.0082   0.0865   0.0588   0.3909   0.3792   0.0097   0.0000   0.0116   0.0818    0.219
    32   0.0497  -0.2820   0.0000   0.2286   0.0080   0.0825   0.0621   0.3725   0.3614   0.0094   0.0000   0.0131   0.0759    0.214
    33   0.0557  -0.3161   0.0000   0.2286   0.0076   0.0772   0.0656   0.3487   0.3383   0.0090   0.0000   0.0149   0.0685    0.206
    34   0.0614  -0.3480   0.0000   0.2286   0.0070   0.0706   0.0689   0.3188   0.3092   0.0084   0.0000   0.0168   0.0595    0.196
    35   0.0665  -0.3771   0.0000   0.2286   0.0062   0.0625   0.0715   0.2823   0.2739   0.0076   0.0000   0.0185   0.0491    0.182
    36   0.0709  -0.4024   0.0000   0.2286   0.0053   0.0530   0.0728   0.2395   0.2324   0.0065   0.0000   0.0195   0.0379    0.166
    37   0.0747  -0.4235   0.0000   0.2286   0.0043   0.0423   0.0720   0.1911   0.1854   0.0052   0.0000   0.0192   0.0267    0.146
    38   0.0775  -0.4398   0.0000   0.2286   0.0031   0.0307   0.0691   0.1385   0.1343   0.0036   0.0000   0.0167   0.0165    0.125
    39   0.0795  -0.4509   0.0000   0.2286   0.0019   0.0185   0.0642   0.0835   0.0810   0.0018   0.0000   0.0116   0.0085    0.107
    40   0.0805  -0.4565   0.0000   0.2286   0.0006   0.0062   0.0602   0.0279   0.0270   0.0001   0.0000   0.0042   0.0025    0.095
 ---------------------------------------------------------------
