 ---------------------------------------------------------------
 Surface and Strip Forces by surface

  Sref = 0.10120       Cref = 0.15090       Bref = 0.71120    
  Xref = 0.10920       Yref =  0.0000       Zref =  0.0000    

  Surface # 1     Wing                                    
     # Chordwise = 10   # Spanwise = 20     First strip =  1
     Surface area Ssurf =    0.072258     Ave. chord Cave =    0.203200

 Forces referred to Sref, Cref, Bref about Xref, Yref, Zref
 Standard axis orientation,  X fwd, Z down         
     CLsurf  =   0.35894     Clsurf  =  -0.07885
     CYsurf  =   0.01182     Cmsurf  =   0.02083
     CDsurf  =   0.01767     Cnsurf  =  -0.01140
     CDisurf =   0.01767     CDvsurf =   0.00000

 Forces referred to Ssurf, Cave 
     CLsurf  =   0.50270     CDsurf  =   0.02474

 Strip Forces referred to Strip Area, Chord
    j     Xle      Yle      Zle      Chord    Area     c_cl     ai     cl_norm    cl       cd       cdv    cm_c/4     cm_LE   C.P.x/c
     1   0.0002   0.0005   0.0000   0.2032   0.0004   0.1192   0.0603   0.6208   0.5532   0.2741   0.0000  -0.0177  -0.1549    0.282
     2   0.0017   0.0049   0.0000   0.2032   0.0013   0.1192   0.0611   0.6558   0.5844   0.0572   0.0000  -0.0161  -0.1534    0.278
     3   0.0048   0.0135   0.0000   0.2032   0.0022   0.1193   0.0637   0.6585   0.5867   0.0450   0.0000  -0.0119  -0.1496    0.270
     4   0.0093   0.0262   0.0000   0.2032   0.0030   0.1195   0.0675   0.6606   0.5886   0.0398   0.0000  -0.0066  -0.1449    0.261
     5   0.0151   0.0426   0.0000   0.2032   0.0037   0.1198   0.0716   0.6629   0.5906   0.0354   0.0000  -0.0016  -0.1405    0.253
     6   0.0220   0.0623   0.0000   0.2032   0.0043   0.1200   0.0759   0.6643   0.5919   0.0319   0.0000   0.0027  -0.1366    0.245
     7   0.0300   0.0849   0.0000   0.2032   0.0048   0.1198   0.0802   0.6639   0.5916   0.0291   0.0000   0.0062  -0.1332    0.240
     8   0.0388   0.1098   0.0000   0.2032   0.0052   0.1191   0.0846   0.6605   0.5885   0.0269   0.0000   0.0091  -0.1296    0.235
     9   0.0482   0.1363   0.0000   0.2032   0.0055   0.1177   0.0893   0.6528   0.5816   0.0251   0.0000   0.0117  -0.1255    0.230
    10   0.0580   0.1638   0.0000   0.2032   0.0057   0.1153   0.0945   0.6396   0.5699   0.0235   0.0000   0.0143  -0.1202    0.225
    11   0.0678   0.1918   0.0000   0.2032   0.0057   0.1117   0.1000   0.6197   0.5522   0.0220   0.0000   0.0172  -0.1134    0.219
    12   0.0776   0.2193   0.0000   0.2032   0.0055   0.1067   0.1058   0.5918   0.5273   0.0204   0.0000   0.0203  -0.1046    0.211
    13   0.0870   0.2458   0.0000   0.2032   0.0052   0.1000   0.1116   0.5547   0.4942   0.0186   0.0000   0.0237  -0.0935    0.202
    14   0.0958   0.2707   0.0000   0.2032   0.0048   0.0914   0.1168   0.5074   0.4521   0.0165   0.0000   0.0272  -0.0804    0.190
    15   0.1038   0.2933   0.0000   0.2032   0.0043   0.0810   0.1207   0.4497   0.4007   0.0140   0.0000   0.0301  -0.0655    0.175
    16   0.1107   0.3130   0.0000   0.2032   0.0037   0.0688   0.1226   0.3818   0.3402   0.0112   0.0000   0.0316  -0.0500    0.157
    17   0.1165   0.3294   0.0000   0.2032   0.0030   0.0549   0.1220   0.3052   0.2719   0.0083   0.0000   0.0306  -0.0349    0.138
    18   0.1210   0.3421   0.0000   0.2032   0.0022   0.0399   0.1191   0.2219   0.1977   0.0052   0.0000   0.0261  -0.0217    0.118
    19   0.1241   0.3507   0.0000   0.2032   0.0013   0.0242   0.1144   0.1345   0.1198   0.0020   0.0000   0.0178  -0.0113    0.102
    20   0.1256   0.3551   0.0000   0.2032   0.0004   0.0081   0.1111   0.0452   0.0403  -0.0010   0.0000   0.0063  -0.0034    0.093

  Surface # 2     Wing (YDUP)                             
     # Chordwise = 10   # Spanwise = 20     First strip = 21
     Surface area Ssurf =    0.072258     Ave. chord Cave =    0.203200

 Forces referred to Sref, Cref, Bref about Xref, Yref, Zref
 Standard axis orientation,  X fwd, Z down         
     CLsurf  =   0.35894     Clsurf  =   0.07885
     CYsurf  =  -0.01182     Cmsurf  =   0.02083
     CDsurf  =   0.01767     Cnsurf  =   0.01140
     CDisurf =   0.01767     CDvsurf =   0.00000

 Forces referred to Ssurf, Cave 
     CLsurf  =   0.50270     CDsurf  =   0.02474

 Strip Forces referred to Strip Area, Chord
    j     Xle      Yle      Zle      Chord    Area     c_cl     ai     cl_norm    cl       cd       cdv    cm_c/4     cm_LE   C.P.x/c
    21   0.0002  -0.0005   0.0000   0.2032   0.0004   0.1192   0.0603   0.6208   0.5532   0.2741   0.0000  -0.0177   0.1549    0.282
    22   0.0017  -0.0049   0.0000   0.2032   0.0013   0.1192   0.0611   0.6558   0.5844   0.0572   0.0000  -0.0161   0.1534    0.278
    23   0.0048  -0.0135   0.0000   0.2032   0.0022   0.1193   0.0637   0.6585   0.5867   0.0450   0.0000  -0.0119   0.1496    0.270
    24   0.0093  -0.0262   0.0000   0.2032   0.0030   0.1195   0.0675   0.6606   0.5886   0.0398   0.0000  -0.0066   0.1449    0.261
    25   0.0151  -0.0426   0.0000   0.2032   0.0037   0.1198   0.0716   0.6629   0.5906   0.0354   0.0000  -0.0016   0.1405    0.253
    26   0.0220  -0.0623   0.0000   0.2032   0.0043   0.1200   0.0759   0.6643   0.5919   0.0319   0.0000   0.0027   0.1366    0.245
    27   0.0300  -0.0849   0.0000   0.2032   0.0048   0.1198   0.0802   0.6639   0.5916   0.0291   0.0000   0.0062   0.1332    0.240
    28   0.0388  -0.1098   0.0000   0.2032   0.0052   0.1191   0.0846   0.6605   0.5885   0.0269   0.0000   0.0091   0.1296    0.235
    29   0.0482  -0.1363   0.0000   0.2032   0.0055   0.1177   0.0893   0.6528   0.5816   0.0251   0.0000   0.0117   0.1255    0.230
    30   0.0580  -0.1638   0.0000   0.2032   0.0057   0.1153   0.0945   0.6396   0.5699   0.0235   0.0000   0.0143   0.1202    0.225
    31   0.0678  -0.1918   0.0000   0.2032   0.0057   0.1117   0.1000   0.6197   0.5522   0.0220   0.0000   0.0172   0.1134    0.219
    32   0.0776  -0.2193   0.0000   0.2032   0.0055   0.1067   0.1058   0.5918   0.5273   0.0204   0.0000   0.0203   0.1046    0.211
    33   0.0870  -0.2458   0.0000   0.2032   0.0052   0.1000   0.1116   0.5547   0.4942   0.0186   0.0000   0.0237   0.0935    0.202
    34   0.0958  -0.2707   0.0000   0.2032   0.0048   0.0914   0.1168   0.5074   0.4521   0.0165   0.0000   0.0272   0.0804    0.190
    35   0.1038  -0.2933   0.0000   0.2032   0.0043   0.0810   0.1207   0.4497   0.4007   0.0140   0.0000   0.0301   0.0655    0.175
    36   0.1107  -0.3130   0.0000   0.2032   0.0037   0.0688   0.1226   0.3818   0.3402   0.0112   0.0000   0.0316   0.0500    0.157
    37   0.1165  -0.3294   0.0000   0.2032   0.0030   0.0549   0.1220   0.3052   0.2719   0.0083   0.0000   0.0306   0.0349    0.138
    38   0.1210  -0.3421   0.0000   0.2032   0.0022   0.0399   0.1191   0.2219   0.1977   0.0052   0.0000   0.0261   0.0217    0.118
    39   0.1241  -0.3507   0.0000   0.2032   0.0013   0.0242   0.1144   0.1345   0.1198   0.0020   0.0000   0.0178   0.0113    0.102
    40   0.1256  -0.3551   0.0000   0.2032   0.0004   0.0081   0.1111   0.0452   0.0403  -0.0010   0.0000   0.0063   0.0034    0.093
 ---------------------------------------------------------------
