 ---------------------------------------------------------------
 Surface and Strip Forces by surface

  Sref = 0.14860       Cref = 0.21000       Bref = 0.81280    
  Xref = 0.10920       Yref =  0.0000       Zref =  0.0000    

  Surface # 1     Wing                                    
     # Chordwise = 10   # Spanwise = 20     First strip =  1
     Surface area Ssurf =    0.123871     Ave. chord Cave =    0.304800

 Forces referred to Sref, Cref, Bref about Xref, Yref, Zref
 Standard axis orientation,  X fwd, Z down         
     CLsurf  =   0.24444     Clsurf  =  -0.05334
     CYsurf  =   0.00679     Cmsurf  =  -0.05394
     CDsurf  =   0.00946     Cnsurf  =  -0.00701
     CDisurf =   0.00946     CDvsurf =   0.00000

 Forces referred to Ssurf, Cave 
     CLsurf  =   0.29324     CDsurf  =   0.01135

 Strip Forces referred to Strip Area, Chord
    j     Xle      Yle      Zle      Chord    Area     c_cl     ai     cl_norm    cl       cd       cdv    cm_c/4     cm_LE   C.P.x/c
     1   0.0003   0.0006   0.0000   0.3048   0.0008   0.1062   0.0529   0.4193   0.3324   0.1896   0.0000  -0.0154  -0.0912    0.296
     2   0.0029   0.0056   0.0000   0.3048   0.0023   0.1062   0.0510   0.4379   0.3471   0.0310   0.0000  -0.0144  -0.0903    0.291
     3   0.0080   0.0155   0.0000   0.3048   0.0037   0.1063   0.0516   0.4390   0.3480   0.0224   0.0000  -0.0114  -0.0877    0.283
     4   0.0154   0.0299   0.0000   0.3048   0.0051   0.1064   0.0536   0.4397   0.3486   0.0202   0.0000  -0.0073  -0.0841    0.271
     5   0.0250   0.0487   0.0000   0.3048   0.0063   0.1065   0.0565   0.4405   0.3492   0.0181   0.0000  -0.0030  -0.0804    0.259
     6   0.0366   0.0712   0.0000   0.3048   0.0074   0.1065   0.0596   0.4409   0.3495   0.0162   0.0000   0.0008  -0.0770    0.248
     7   0.0499   0.0970   0.0000   0.3048   0.0083   0.1063   0.0630   0.4401   0.3489   0.0145   0.0000   0.0042  -0.0738    0.238
     8   0.0645   0.1254   0.0000   0.3048   0.0090   0.1055   0.0664   0.4371   0.3466   0.0130   0.0000   0.0071  -0.0707    0.230
     9   0.0801   0.1558   0.0000   0.3048   0.0095   0.1041   0.0700   0.4312   0.3419   0.0117   0.0000   0.0097  -0.0673    0.222
    10   0.0963   0.1873   0.0000   0.3048   0.0097   0.1017   0.0736   0.4214   0.3341   0.0105   0.0000   0.0123  -0.0633    0.213
    11   0.1126   0.2191   0.0000   0.3048   0.0097   0.0981   0.0773   0.4067   0.3225   0.0094   0.0000   0.0149  -0.0584    0.204
    12   0.1288   0.2506   0.0000   0.3048   0.0095   0.0932   0.0807   0.3865   0.3064   0.0081   0.0000   0.0176  -0.0524    0.193
    13   0.1444   0.2810   0.0000   0.3048   0.0090   0.0868   0.0835   0.3599   0.2853   0.0069   0.0000   0.0203  -0.0453    0.179
    14   0.1590   0.3094   0.0000   0.3048   0.0083   0.0788   0.0854   0.3267   0.2590   0.0055   0.0000   0.0227  -0.0372    0.162
    15   0.1723   0.3352   0.0000   0.3048   0.0074   0.0692   0.0858   0.2870   0.2275   0.0040   0.0000   0.0245  -0.0287    0.142
    16   0.1839   0.3577   0.0000   0.3048   0.0063   0.0582   0.0845   0.2415   0.1914   0.0026   0.0000   0.0249  -0.0203    0.120
    17   0.1935   0.3765   0.0000   0.3048   0.0051   0.0461   0.0814   0.1913   0.1517   0.0012   0.0000   0.0234  -0.0128    0.096
    18   0.2009   0.3909   0.0000   0.3048   0.0037   0.0332   0.0767   0.1380   0.1094   0.0000   0.0000   0.0194  -0.0070    0.073
    19   0.2060   0.4008   0.0000   0.3048   0.0023   0.0200   0.0716   0.0832   0.0659  -0.0011   0.0000   0.0129  -0.0031    0.055
    20   0.2086   0.4058   0.0000   0.3048   0.0008   0.0067   0.0687   0.0279   0.0221  -0.0017   0.0000   0.0045  -0.0009    0.046

  Surface # 2     Wing (YDUP)                             
     # Chordwise = 10   # Spanwise = 20     First strip = 21
     Surface area Ssurf =    0.123871     Ave. chord Cave =    0.304800

 Forces referred to Sref, Cref, Bref about Xref, Yref, Zref
 Standard axis orientation,  X fwd, Z down         
     CLsurf  =   0.24444     Clsurf  =   0.05334
     CYsurf  =  -0.00679     Cmsurf  =  -0.05394
     CDsurf  =   0.00946     Cnsurf  =   0.00701
     CDisurf =   0.00946     CDvsurf =   0.00000

 Forces referred to Ssurf, Cave 
     CLsurf  =   0.29324     CDsurf  =   0.01135

 Strip Forces referred to Strip Area, Chord
    j     Xle      Yle      Zle      Chord    Area     c_cl     ai     cl_norm    cl       cd       cdv    cm_c/4     cm_LE   C.P.x/c
    21   0.0003  -0.0006   0.0000   0.3048   0.0008   0.1062   0.0529   0.4193   0.3324   0.1896   0.0000  -0.0154   0.0912    0.296
    22   0.0029  -0.0056   0.0000   0.3048   0.0023   0.1062   0.0510   0.4379   0.3471   0.0310   0.0000  -0.0144   0.0903    0.291
    23   0.0080  -0.0155   0.0000   0.3048   0.0037   0.1063   0.0516   0.4390   0.3480   0.0224   0.0000  -0.0114   0.0877    0.283
    24   0.0154  -0.0299   0.0000   0.3048   0.0051   0.1064   0.0536   0.4397   0.3486   0.0202   0.0000  -0.0073   0.0841    0.271
    25   0.0250  -0.0487   0.0000   0.3048   0.0063   0.1065   0.0565   0.4405   0.3492   0.0181   0.0000  -0.0030   0.0804    0.259
    26   0.0366  -0.0712   0.0000   0.3048   0.0074   0.1065   0.0596   0.4409   0.3495   0.0162   0.0000   0.0008   0.0770    0.248
    27   0.0499  -0.0970   0.0000   0.3048   0.0083   0.1063   0.0630   0.4401   0.3489   0.0145   0.0000   0.0042   0.0738    0.238
    28   0.0645  -0.1254   0.0000   0.3048   0.0090   0.1055   0.0664   0.4371   0.3466   0.0130   0.0000   0.0071   0.0707    0.230
    29   0.0801  -0.1558   0.0000   0.3048   0.0095   0.1041   0.0700   0.4312   0.3419   0.0117   0.0000   0.0097   0.0673    0.222
    30   0.0963  -0.1873   0.0000   0.3048   0.0097   0.1017   0.0736   0.4214   0.3341   0.0105   0.0000   0.0123   0.0633    0.213
    31   0.1126  -0.2191   0.0000   0.3048   0.0097   0.0981   0.0773   0.4067   0.3225   0.0094   0.0000   0.0149   0.0584    0.204
    32   0.1288  -0.2506   0.0000   0.3048   0.0095   0.0932   0.0807   0.3865   0.3064   0.0081   0.0000   0.0176   0.0524    0.193
    33   0.1444  -0.2810   0.0000   0.3048   0.0090   0.0868   0.0835   0.3599   0.2853   0.0069   0.0000   0.0203   0.0453    0.179
    34   0.1590  -0.3094   0.0000   0.3048   0.0083   0.0788   0.0854   0.3267   0.2590   0.0055   0.0000   0.0227   0.0372    0.162
    35   0.1723  -0.3352   0.0000   0.3048   0.0074   0.0692   0.0858   0.2870   0.2275   0.0040   0.0000   0.0245   0.0287    0.142
    36   0.1839  -0.3577   0.0000   0.3048   0.0063   0.0582   0.0845   0.2415   0.1914   0.0026   0.0000   0.0249   0.0203    0.120
    37   0.1935  -0.3765   0.0000   0.3048   0.0051   0.0461   0.0814   0.1913   0.1517   0.0012   0.0000   0.0234   0.0128    0.096
    38   0.2009  -0.3909   0.0000   0.3048   0.0037   0.0332   0.0767   0.1380   0.1094   0.0000   0.0000   0.0194   0.0070    0.073
    39   0.2060  -0.4008   0.0000   0.3048   0.0023   0.0200   0.0716   0.0832   0.0659  -0.0011   0.0000   0.0129   0.0031    0.055
    40   0.2086  -0.4058   0.0000   0.3048   0.0008   0.0067   0.0687   0.0279   0.0221  -0.0017   0.0000   0.0045   0.0009    0.046
 ---------------------------------------------------------------
