 ---------------------------------------------------------------
 Surface and Strip Forces by surface

  Sref = 0.13010       Cref = 0.21000       Bref = 0.71120    
  Xref = 0.10920       Yref =  0.0000       Zref =  0.0000    

  Surface # 1     Wing                                    
     # Chordwise = 10   # Spanwise = 20     First strip =  1
     Surface area Ssurf =    0.108387     Ave. chord Cave =    0.304800

 Forces referred to Sref, Cref, Bref about Xref, Yref, Zref
 Standard axis orientation,  X fwd, Z down         
     CLsurf  =   0.27920     Clsurf  =  -0.05987
     CYsurf  =   0.00318     Cmsurf  =   0.02852
     CDsurf  =   0.01334     Cnsurf  =  -0.00577
     CDisurf =   0.01334     CDvsurf =   0.00000

 Forces referred to Ssurf, Cave 
     CLsurf  =   0.33514     CDsurf  =   0.01602

 Strip Forces referred to Strip Area, Chord
    j     Xle      Yle      Zle      Chord    Area     c_cl     ai     cl_norm    cl       cd       cdv    cm_c/4     cm_LE   C.P.x/c
     1   0.0001   0.0005   0.0000   0.3048   0.0007   0.1267   0.0849   0.4159   0.4041   0.1251   0.0000   0.0045  -0.0980    0.239
     2   0.0008   0.0049   0.0000   0.3048   0.0020   0.1267   0.0839   0.4270   0.4150   0.0297   0.0000   0.0048  -0.0977    0.238
     3   0.0023   0.0135   0.0000   0.3048   0.0033   0.1266   0.0836   0.4275   0.4155   0.0239   0.0000   0.0058  -0.0966    0.236
     4   0.0045   0.0262   0.0000   0.3048   0.0044   0.1265   0.0839   0.4271   0.4151   0.0222   0.0000   0.0074  -0.0950    0.232
     5   0.0073   0.0426   0.0000   0.3048   0.0055   0.1261   0.0847   0.4260   0.4140   0.0210   0.0000   0.0091  -0.0930    0.228
     6   0.0107   0.0623   0.0000   0.3048   0.0065   0.1254   0.0859   0.4237   0.4118   0.0199   0.0000   0.0108  -0.0907    0.224
     7   0.0146   0.0849   0.0000   0.3048   0.0073   0.1242   0.0874   0.4197   0.4079   0.0189   0.0000   0.0124  -0.0881    0.220
     8   0.0188   0.1098   0.0000   0.3048   0.0079   0.1222   0.0891   0.4133   0.4016   0.0181   0.0000   0.0140  -0.0850    0.215
     9   0.0234   0.1363   0.0000   0.3048   0.0083   0.1194   0.0911   0.4038   0.3924   0.0172   0.0000   0.0155  -0.0813    0.210
    10   0.0281   0.1638   0.0000   0.3048   0.0085   0.1156   0.0932   0.3908   0.3798   0.0164   0.0000   0.0170  -0.0766    0.205
    11   0.0329   0.1918   0.0000   0.3048   0.0085   0.1105   0.0954   0.3736   0.3630   0.0155   0.0000   0.0186  -0.0710    0.199
    12   0.0376   0.2193   0.0000   0.3048   0.0083   0.1040   0.0975   0.3518   0.3418   0.0145   0.0000   0.0201  -0.0643    0.191
    13   0.0422   0.2458   0.0000   0.3048   0.0079   0.0961   0.0993   0.3250   0.3158   0.0134   0.0000   0.0215  -0.0565    0.182
    14   0.0464   0.2707   0.0000   0.3048   0.0073   0.0867   0.1005   0.2932   0.2849   0.0121   0.0000   0.0225  -0.0480    0.171
    15   0.0503   0.2933   0.0000   0.3048   0.0065   0.0759   0.1009   0.2565   0.2493   0.0106   0.0000   0.0228  -0.0389    0.159
    16   0.0537   0.3130   0.0000   0.3048   0.0055   0.0637   0.1001   0.2155   0.2094   0.0088   0.0000   0.0221  -0.0298    0.145
    17   0.0565   0.3294   0.0000   0.3048   0.0044   0.0505   0.0980   0.1708   0.1660   0.0069   0.0000   0.0199  -0.0212    0.130
    18   0.0587   0.3421   0.0000   0.3048   0.0033   0.0365   0.0947   0.1234   0.1200   0.0047   0.0000   0.0161  -0.0137    0.116
    19   0.0602   0.3507   0.0000   0.3048   0.0020   0.0220   0.0909   0.0745   0.0724   0.0024   0.0000   0.0105  -0.0074    0.105
    20   0.0609   0.3551   0.0000   0.3048   0.0007   0.0074   0.0885   0.0250   0.0243   0.0002   0.0000   0.0037  -0.0023    0.099

  Surface # 2     Wing (YDUP)                             
     # Chordwise = 10   # Spanwise = 20     First strip = 21
     Surface area Ssurf =    0.108387     Ave. chord Cave =    0.304800

 Forces referred to Sref, Cref, Bref about Xref, Yref, Zref
 Standard axis orientation,  X fwd, Z down         
     CLsurf  =   0.27920     Clsurf  =   0.05987
     CYsurf  =  -0.00318     Cmsurf  =   0.02852
     CDsurf  =   0.01334     Cnsurf  =   0.00577
     CDisurf =   0.01334     CDvsurf =   0.00000

 Forces referred to Ssurf, Cave 
     CLsurf  =   0.33514     CDsurf  =   0.01602

 Strip Forces referred to Strip Area, Chord
    j     Xle      Yle      Zle      Chord    Area     c_cl     ai     cl_norm    cl       cd       cdv    cm_c/4     cm_LE   C.P.x/c
    21   0.0001  -0.0005   0.0000   0.3048   0.0007   0.1267   0.0849   0.4159   0.4041   0.1251   0.0000   0.0045   0.0980    0.239
    22   0.0008  -0.0049   0.0000   0.3048   0.0020   0.1267   0.0839   0.4270   0.4150   0.0297   0.0000   0.0048   0.0977    0.238
    23   0.0023  -0.0135   0.0000   0.3048   0.0033   0.1266   0.0836   0.4275   0.4155   0.0239   0.0000   0.0058   0.0966    0.236
    24   0.0045  -0.0262   0.0000   0.3048   0.0044   0.1265   0.0839   0.4271   0.4151   0.0222   0.0000   0.0074   0.0950    0.232
    25   0.0073  -0.0426   0.0000   0.3048   0.0055   0.1261   0.0847   0.4260   0.4140   0.0210   0.0000   0.0091   0.0930    0.228
    26   0.0107  -0.0623   0.0000   0.3048   0.0065   0.1254   0.0859   0.4237   0.4118   0.0199   0.0000   0.0108   0.0907    0.224
    27   0.0146  -0.0849   0.0000   0.3048   0.0073   0.1242   0.0874   0.4197   0.4079   0.0189   0.0000   0.0124   0.0881    0.220
    28   0.0188  -0.1098   0.0000   0.3048   0.0079   0.1222   0.0891   0.4133   0.4016   0.0181   0.0000   0.0140   0.0850    0.215
    29   0.0234  -0.1363   0.0000   0.3048   0.0083   0.1194   0.0911   0.4038   0.3924   0.0172   0.0000   0.0155   0.0813    0.210
    30   0.0281  -0.1638   0.0000   0.3048   0.0085   0.1156   0.0932   0.3908   0.3798   0.0164   0.0000   0.0170   0.0766    0.205
    31   0.0329  -0.1918   0.0000   0.3048   0.0085   0.1105   0.0954   0.3736   0.3630   0.0155   0.0000   0.0186   0.0710    0.199
    32   0.0376  -0.2193   0.0000   0.3048   0.0083   0.1040   0.0975   0.3518   0.3418   0.0145   0.0000   0.0201   0.0643    0.191
    33   0.0422  -0.2458   0.0000   0.3048   0.0079   0.0961   0.0993   0.3250   0.3158   0.0134   0.0000   0.0215   0.0565    0.182
    34   0.0464  -0.2707   0.0000   0.3048   0.0073   0.0867   0.1005   0.2932   0.2849   0.0121   0.0000   0.0225   0.0480    0.171
    35   0.0503  -0.2933   0.0000   0.3048   0.0065   0.0759   0.1009   0.2565   0.2493   0.0106   0.0000   0.0228   0.0389    0.159
    36   0.0537  -0.3130   0.0000   0.3048   0.0055   0.0637   0.1001   0.2155   0.2094   0.0088   0.0000   0.0221   0.0298    0.145
    37   0.0565  -0.3294   0.0000   0.3048   0.0044   0.0505   0.0980   0.1708   0.1660   0.0069   0.0000   0.0199   0.0212    0.130
    38   0.0587  -0.3421   0.0000   0.3048   0.0033   0.0365   0.0947   0.1234   0.1200   0.0047   0.0000   0.0161   0.0137    0.116
    39   0.0602  -0.3507   0.0000   0.3048   0.0020   0.0220   0.0909   0.0745   0.0724   0.0024   0.0000   0.0105   0.0074    0.105
    40   0.0609  -0.3551   0.0000   0.3048   0.0007   0.0074   0.0885   0.0250   0.0243   0.0002   0.0000   0.0037   0.0023    0.099
 ---------------------------------------------------------------
