 ---------------------------------------------------------------
 Surface and Strip Forces by surface

  Sref = 0.13210       Cref = 0.16590       Bref = 0.81280    
  Xref = 0.10920       Yref =  0.0000       Zref =  0.0000    

  Surface # 1     Wing                                    
     # Chordwise = 10   # Spanwise = 20     First strip =  1
     Surface area Ssurf =    0.082580     Ave. chord Cave =    0.203200

 Forces referred to Sref, Cref, Bref about Xref, Yref, Zref
 Standard axis orientation,  X fwd, Z down         
     CLsurf  =   0.27498     Clsurf  =  -0.06038
     CYsurf  =   0.00474     Cmsurf  =   0.03910
     CDsurf  =   0.01016     Cnsurf  =  -0.00584
     CDisurf =   0.01016     CDvsurf =   0.00000

 Forces referred to Ssurf, Cave 
     CLsurf  =   0.43987     CDsurf  =   0.01625

 Strip Forces referred to Strip Area, Chord
    j     Xle      Yle      Zle      Chord    Area     c_cl     ai     cl_norm    cl       cd       cdv    cm_c/4     cm_LE   C.P.x/c
     1   0.0001   0.0006   0.0000   0.2032   0.0005   0.1052   0.0505   0.5314   0.5058   0.1323   0.0000  -0.0078  -0.1338    0.265
     2   0.0013   0.0056   0.0000   0.2032   0.0015   0.1052   0.0502   0.5434   0.5172   0.0321   0.0000  -0.0067  -0.1327    0.263
     3   0.0035   0.0155   0.0000   0.2032   0.0025   0.1052   0.0514   0.5444   0.5182   0.0262   0.0000  -0.0039  -0.1300    0.257
     4   0.0068   0.0299   0.0000   0.2032   0.0034   0.1053   0.0534   0.5453   0.5190   0.0234   0.0000  -0.0005  -0.1269    0.251
     5   0.0110   0.0487   0.0000   0.2032   0.0042   0.1054   0.0558   0.5461   0.5198   0.0211   0.0000   0.0025  -0.1241    0.245
     6   0.0161   0.0712   0.0000   0.2032   0.0049   0.1054   0.0585   0.5461   0.5198   0.0194   0.0000   0.0050  -0.1216    0.240
     7   0.0220   0.0970   0.0000   0.2032   0.0055   0.1051   0.0612   0.5446   0.5184   0.0181   0.0000   0.0070  -0.1192    0.236
     8   0.0284   0.1254   0.0000   0.2032   0.0060   0.1043   0.0641   0.5407   0.5146   0.0172   0.0000   0.0087  -0.1167    0.233
     9   0.0353   0.1558   0.0000   0.2032   0.0063   0.1029   0.0673   0.5334   0.5077   0.0165   0.0000   0.0102  -0.1135    0.230
    10   0.0424   0.1873   0.0000   0.2032   0.0065   0.1007   0.0709   0.5220   0.4968   0.0159   0.0000   0.0118  -0.1093    0.226
    11   0.0496   0.2191   0.0000   0.2032   0.0065   0.0975   0.0751   0.5053   0.4810   0.0153   0.0000   0.0136  -0.1037    0.222
    12   0.0567   0.2506   0.0000   0.2032   0.0063   0.0931   0.0796   0.4824   0.4592   0.0147   0.0000   0.0157  -0.0964    0.216
    13   0.0636   0.2810   0.0000   0.2032   0.0060   0.0873   0.0843   0.4524   0.4306   0.0139   0.0000   0.0181  -0.0871    0.208
    14   0.0700   0.3094   0.0000   0.2032   0.0055   0.0799   0.0888   0.4143   0.3944   0.0129   0.0000   0.0206  -0.0758    0.198
    15   0.0759   0.3352   0.0000   0.2032   0.0049   0.0709   0.0925   0.3676   0.3499   0.0115   0.0000   0.0230  -0.0627    0.184
    16   0.0810   0.3577   0.0000   0.2032   0.0042   0.0603   0.0946   0.3126   0.2975   0.0099   0.0000   0.0244  -0.0486    0.168
    17   0.0852   0.3765   0.0000   0.2032   0.0034   0.0482   0.0945   0.2500   0.2380   0.0078   0.0000   0.0240  -0.0344    0.149
    18   0.0885   0.3909   0.0000   0.2032   0.0025   0.0350   0.0919   0.1817   0.1729   0.0055   0.0000   0.0209  -0.0217    0.129
    19   0.0907   0.4008   0.0000   0.2032   0.0015   0.0212   0.0873   0.1099   0.1046   0.0028   0.0000   0.0145  -0.0113    0.112
    20   0.0919   0.4058   0.0000   0.2032   0.0005   0.0071   0.0835   0.0368   0.0350   0.0001   0.0000   0.0052  -0.0034    0.102

  Surface # 2     Wing (YDUP)                             
     # Chordwise = 10   # Spanwise = 20     First strip = 21
     Surface area Ssurf =    0.082580     Ave. chord Cave =    0.203200

 Forces referred to Sref, Cref, Bref about Xref, Yref, Zref
 Standard axis orientation,  X fwd, Z down         
     CLsurf  =   0.27498     Clsurf  =   0.06038
     CYsurf  =  -0.00474     Cmsurf  =   0.03910
     CDsurf  =   0.01016     Cnsurf  =   0.00584
     CDisurf =   0.01016     CDvsurf =   0.00000

 Forces referred to Ssurf, Cave 
     CLsurf  =   0.43987     CDsurf  =   0.01625

 Strip Forces referred to Strip Area, Chord
    j     Xle      Yle      Zle      Chord    Area     c_cl     ai     cl_norm    cl       cd       cdv    cm_c/4     cm_LE   C.P.x/c
    21   0.0001  -0.0006   0.0000   0.2032   0.0005   0.1052   0.0505   0.5314   0.5058   0.1323   0.0000  -0.0078   0.1338    0.265
    22   0.0013  -0.0056   0.0000   0.2032   0.0015   0.1052   0.0502   0.5434   0.5172   0.0321   0.0000  -0.0067   0.1327    0.263
    23   0.0035  -0.0155   0.0000   0.2032   0.0025   0.1052   0.0514   0.5444   0.5182   0.0262   0.0000  -0.0039   0.1300    0.257
    24   0.0068  -0.0299   0.0000   0.2032   0.0034   0.1053   0.0534   0.5453   0.5190   0.0234   0.0000  -0.0005   0.1269    0.251
    25   0.0110  -0.0487   0.0000   0.2032   0.0042   0.1054   0.0558   0.5461   0.5198   0.0211   0.0000   0.0025   0.1241    0.245
    26   0.0161  -0.0712   0.0000   0.2032   0.0049   0.1054   0.0585   0.5461   0.5198   0.0194   0.0000   0.0050   0.1216    0.240
    27   0.0220  -0.0970   0.0000   0.2032   0.0055   0.1051   0.0612   0.5446   0.5184   0.0181   0.0000   0.0070   0.1192    0.236
    28   0.0284  -0.1254   0.0000   0.2032   0.0060   0.1043   0.0641   0.5407   0.5146   0.0172   0.0000   0.0087   0.1167    0.233
    29   0.0353  -0.1558   0.0000   0.2032   0.0063   0.1029   0.0673   0.5334   0.5077   0.0165   0.0000   0.0102   0.1135    0.230
    30   0.0424  -0.1873   0.0000   0.2032   0.0065   0.1007   0.0709   0.5220   0.4968   0.0159   0.0000   0.0118   0.1093    0.226
    31   0.0496  -0.2191   0.0000   0.2032   0.0065   0.0975   0.0751   0.5053   0.4810   0.0153   0.0000   0.0136   0.1037    0.222
    32   0.0567  -0.2506   0.0000   0.2032   0.0063   0.0931   0.0796   0.4824   0.4592   0.0147   0.0000   0.0157   0.0964    0.216
    33   0.0636  -0.2810   0.0000   0.2032   0.0060   0.0873   0.0843   0.4524   0.4306   0.0139   0.0000   0.0181   0.0871    0.208
    34   0.0700  -0.3094   0.0000   0.2032   0.0055   0.0799   0.0888   0.4143   0.3944   0.0129   0.0000   0.0206   0.0758    0.198
    35   0.0759  -0.3352   0.0000   0.2032   0.0049   0.0709   0.0925   0.3676   0.3499   0.0115   0.0000   0.0230   0.0627    0.184
    36   0.0810  -0.3577   0.0000   0.2032   0.0042   0.0603   0.0946   0.3126   0.2975   0.0099   0.0000   0.0244   0.0486    0.168
    37   0.0852  -0.3765   0.0000   0.2032   0.0034   0.0482   0.0945   0.2500   0.2380   0.0078   0.0000   0.0240   0.0344    0.149
    38   0.0885  -0.3909   0.0000   0.2032   0.0025   0.0350   0.0919   0.1817   0.1729   0.0055   0.0000   0.0209   0.0217    0.129
    39   0.0907  -0.4008   0.0000   0.2032   0.0015   0.0212   0.0873   0.1099   0.1046   0.0028   0.0000   0.0145   0.0113    0.112
    40   0.0919  -0.4058   0.0000   0.2032   0.0005   0.0071   0.0835   0.0368   0.0350   0.0001   0.0000   0.0052   0.0034    0.102
 ---------------------------------------------------------------
