 ---------------------------------------------------------------
 Surface and Strip Forces by surface

  Sref = 0.11560       Cref = 0.15090       Bref = 0.81280    
  Xref = 0.10920       Yref =  0.0000       Zref =  0.0000    

  Surface # 1     Wing                                    
     # Chordwise = 10   # Spanwise = 20     First strip =  1
     Surface area Ssurf =    0.082580     Ave. chord Cave =    0.203200

 Forces referred to Sref, Cref, Bref about Xref, Yref, Zref
 Standard axis orientation,  X fwd, Z down         
     CLsurf  =   0.31422     Clsurf  =  -0.06911
     CYsurf  =   0.00602     Cmsurf  =   0.03966
     CDsurf  =   0.01166     Cnsurf  =  -0.00691
     CDisurf =   0.01166     CDvsurf =   0.00000

 Forces referred to Ssurf, Cave 
     CLsurf  =   0.43987     CDsurf  =   0.01633

 Strip Forces referred to Strip Area, Chord
    j     Xle      Yle      Zle      Chord    Area     c_cl     ai     cl_norm    cl       cd       cdv    cm_c/4     cm_LE   C.P.x/c
     1   0.0002   0.0006   0.0000   0.2032   0.0005   0.1047   0.0490   0.5337   0.5024   0.1430   0.0000  -0.0096  -0.1342    0.269
     2   0.0014   0.0056   0.0000   0.2032   0.0015   0.1047   0.0488   0.5470   0.5149   0.0335   0.0000  -0.0083  -0.1331    0.266
     3   0.0039   0.0155   0.0000   0.2032   0.0025   0.1048   0.0502   0.5481   0.5160   0.0272   0.0000  -0.0053  -0.1301    0.260
     4   0.0075   0.0299   0.0000   0.2032   0.0034   0.1049   0.0525   0.5492   0.5170   0.0241   0.0000  -0.0016  -0.1268    0.253
     5   0.0122   0.0487   0.0000   0.2032   0.0042   0.1051   0.0552   0.5503   0.5180   0.0216   0.0000   0.0018  -0.1237    0.247
     6   0.0179   0.0712   0.0000   0.2032   0.0049   0.1051   0.0580   0.5507   0.5184   0.0197   0.0000   0.0045  -0.1211    0.241
     7   0.0244   0.0970   0.0000   0.2032   0.0055   0.1049   0.0609   0.5496   0.5174   0.0183   0.0000   0.0067  -0.1187    0.237
     8   0.0315   0.1254   0.0000   0.2032   0.0060   0.1042   0.0640   0.5460   0.5140   0.0173   0.0000   0.0085  -0.1161    0.234
     9   0.0391   0.1558   0.0000   0.2032   0.0063   0.1029   0.0673   0.5392   0.5076   0.0165   0.0000   0.0101  -0.1129    0.230
    10   0.0470   0.1873   0.0000   0.2032   0.0065   0.1007   0.0711   0.5280   0.4970   0.0158   0.0000   0.0118  -0.1088    0.226
    11   0.0551   0.2191   0.0000   0.2032   0.0065   0.0976   0.0754   0.5115   0.4816   0.0152   0.0000   0.0136  -0.1032    0.222
    12   0.0630   0.2506   0.0000   0.2032   0.0063   0.0932   0.0801   0.4888   0.4601   0.0145   0.0000   0.0158  -0.0959    0.216
    13   0.0706   0.2810   0.0000   0.2032   0.0060   0.0875   0.0849   0.4586   0.4318   0.0137   0.0000   0.0183  -0.0866    0.208
    14   0.0777   0.3094   0.0000   0.2032   0.0055   0.0802   0.0896   0.4203   0.3956   0.0126   0.0000   0.0210  -0.0753    0.197
    15   0.0842   0.3352   0.0000   0.2032   0.0049   0.0712   0.0933   0.3731   0.3512   0.0112   0.0000   0.0235  -0.0622    0.183
    16   0.0899   0.3577   0.0000   0.2032   0.0042   0.0605   0.0954   0.3173   0.2987   0.0095   0.0000   0.0250  -0.0480    0.166
    17   0.0946   0.3765   0.0000   0.2032   0.0034   0.0484   0.0952   0.2538   0.2389   0.0074   0.0000   0.0247  -0.0338    0.147
    18   0.0982   0.3909   0.0000   0.2032   0.0025   0.0352   0.0925   0.1844   0.1736   0.0051   0.0000   0.0215  -0.0211    0.126
    19   0.1007   0.4008   0.0000   0.2032   0.0015   0.0213   0.0878   0.1116   0.1050   0.0025   0.0000   0.0149  -0.0109    0.108
    20   0.1019   0.4058   0.0000   0.2032   0.0005   0.0071   0.0840   0.0374   0.0352  -0.0001   0.0000   0.0053  -0.0033    0.098

  Surface # 2     Wing (YDUP)                             
     # Chordwise = 10   # Spanwise = 20     First strip = 21
     Surface area Ssurf =    0.082580     Ave. chord Cave =    0.203200

 Forces referred to Sref, Cref, Bref about Xref, Yref, Zref
 Standard axis orientation,  X fwd, Z down         
     CLsurf  =   0.31422     Clsurf  =   0.06911
     CYsurf  =  -0.00602     Cmsurf  =   0.03966
     CDsurf  =   0.01166     Cnsurf  =   0.00691
     CDisurf =   0.01166     CDvsurf =   0.00000

 Forces referred to Ssurf, Cave 
     CLsurf  =   0.43987     CDsurf  =   0.01633

 Strip Forces referred to Strip Area, Chord
    j     Xle      Yle      Zle      Chord    Area     c_cl     ai     cl_norm    cl       cd       cdv    cm_c/4     cm_LE   C.P.x/c
    21   0.0002  -0.0006   0.0000   0.2032   0.0005   0.1047   0.0490   0.5337   0.5024   0.1430   0.0000  -0.0096   0.1342    0.269
    22   0.0014  -0.0056   0.0000   0.2032   0.0015   0.1047   0.0488   0.5470   0.5149   0.0335   0.0000  -0.0083   0.1331    0.266
    23   0.0039  -0.0155   0.0000   0.2032   0.0025   0.1048   0.0502   0.5481   0.5160   0.0272   0.0000  -0.0053   0.1301    0.260
    24   0.0075  -0.0299   0.0000   0.2032   0.0034   0.1049   0.0525   0.5492   0.5170   0.0241   0.0000  -0.0016   0.1268    0.253
    25   0.0122  -0.0487   0.0000   0.2032   0.0042   0.1051   0.0552   0.5503   0.5180   0.0216   0.0000   0.0018   0.1237    0.247
    26   0.0179  -0.0712   0.0000   0.2032   0.0049   0.1051   0.0580   0.5507   0.5184   0.0197   0.0000   0.0045   0.1211    0.241
    27   0.0244  -0.0970   0.0000   0.2032   0.0055   0.1049   0.0609   0.5496   0.5174   0.0183   0.0000   0.0067   0.1187    0.237
    28   0.0315  -0.1254   0.0000   0.2032   0.0060   0.1042   0.0640   0.5460   0.5140   0.0173   0.0000   0.0085   0.1161    0.234
    29   0.0391  -0.1558   0.0000   0.2032   0.0063   0.1029   0.0673   0.5392   0.5076   0.0165   0.0000   0.0101   0.1129    0.230
    30   0.0470  -0.1873   0.0000   0.2032   0.0065   0.1007   0.0711   0.5280   0.4970   0.0158   0.0000   0.0118   0.1088    0.226
    31   0.0551  -0.2191   0.0000   0.2032   0.0065   0.0976   0.0754   0.5115   0.4816   0.0152   0.0000   0.0136   0.1032    0.222
    32   0.0630  -0.2506   0.0000   0.2032   0.0063   0.0932   0.0801   0.4888   0.4601   0.0145   0.0000   0.0158   0.0959    0.216
    33   0.0706  -0.2810   0.0000   0.2032   0.0060   0.0875   0.0849   0.4586   0.4318   0.0137   0.0000   0.0183   0.0866    0.208
    34   0.0777  -0.3094   0.0000   0.2032   0.0055   0.0802   0.0896   0.4203   0.3956   0.0126   0.0000   0.0210   0.0753    0.197
    35   0.0842  -0.3352   0.0000   0.2032   0.0049   0.0712   0.0933   0.3731   0.3512   0.0112   0.0000   0.0235   0.0622    0.183
    36   0.0899  -0.3577   0.0000   0.2032   0.0042   0.0605   0.0954   0.3173   0.2987   0.0095   0.0000   0.0250   0.0480    0.166
    37   0.0946  -0.3765   0.0000   0.2032   0.0034   0.0484   0.0952   0.2538   0.2389   0.0074   0.0000   0.0247   0.0338    0.147
    38   0.0982  -0.3909   0.0000   0.2032   0.0025   0.0352   0.0925   0.1844   0.1736   0.0051   0.0000   0.0215   0.0211    0.126
    39   0.1007  -0.4008   0.0000   0.2032   0.0015   0.0213   0.0878   0.1116   0.1050   0.0025   0.0000   0.0149   0.0109    0.108
    40   0.1019  -0.4058   0.0000   0.2032   0.0005   0.0071   0.0840   0.0374   0.0352  -0.0001   0.0000   0.0053   0.0033    0.098
 ---------------------------------------------------------------
