 ---------------------------------------------------------------
 Surface and Strip Forces by surface

  Sref = 0.13630       Cref = 0.22820       Bref = 0.60960    
  Xref = 0.10920       Yref =  0.0000       Zref =  0.0000    

  Surface # 1     Wing                                    
     # Chordwise = 10   # Spanwise = 20     First strip =  1
     Surface area Ssurf =    0.085161     Ave. chord Cave =    0.279400

 Forces referred to Sref, Cref, Bref about Xref, Yref, Zref
 Standard axis orientation,  X fwd, Z down         
     CLsurf  =   0.26650     Clsurf  =  -0.05693
     CYsurf  =   0.00224     Cmsurf  =   0.04762
     CDsurf  =   0.01708     Cnsurf  =  -0.00639
     CDisurf =   0.01708     CDvsurf =   0.00000

 Forces referred to Ssurf, Cave 
     CLsurf  =   0.42654     CDsurf  =   0.02733

 Strip Forces referred to Strip Area, Chord
    j     Xle      Yle      Zle      Chord    Area     c_cl     ai     cl_norm    cl       cd       cdv    cm_c/4     cm_LE   C.P.x/c
     1   0.0000   0.0005   0.0000   0.2794   0.0005   0.1487   0.1182   0.5225   0.5182   0.1295   0.0000   0.0123  -0.1202    0.226
     2   0.0004   0.0042   0.0000   0.2794   0.0016   0.1486   0.1178   0.5362   0.5319   0.0423   0.0000   0.0125  -0.1200    0.226
     3   0.0011   0.0116   0.0000   0.2794   0.0026   0.1486   0.1178   0.5368   0.5325   0.0367   0.0000   0.0131  -0.1193    0.225
     4   0.0021   0.0225   0.0000   0.2794   0.0035   0.1483   0.1181   0.5363   0.5319   0.0351   0.0000   0.0141  -0.1181    0.223
     5   0.0033   0.0365   0.0000   0.2794   0.0043   0.1478   0.1187   0.5346   0.5303   0.0339   0.0000   0.0152  -0.1165    0.221
     6   0.0049   0.0534   0.0000   0.2794   0.0051   0.1469   0.1196   0.5312   0.5269   0.0328   0.0000   0.0164  -0.1145    0.219
     7   0.0067   0.0728   0.0000   0.2794   0.0057   0.1452   0.1209   0.5255   0.5212   0.0319   0.0000   0.0177  -0.1118    0.216
     8   0.0086   0.0941   0.0000   0.2794   0.0062   0.1428   0.1225   0.5166   0.5124   0.0310   0.0000   0.0189  -0.1084    0.213
     9   0.0107   0.1168   0.0000   0.2794   0.0065   0.1393   0.1244   0.5039   0.4998   0.0300   0.0000   0.0202  -0.1040    0.210
    10   0.0129   0.1404   0.0000   0.2794   0.0067   0.1345   0.1265   0.4867   0.4827   0.0290   0.0000   0.0215  -0.0984    0.205
    11   0.0150   0.1644   0.0000   0.2794   0.0067   0.1283   0.1288   0.4644   0.4606   0.0278   0.0000   0.0229  -0.0915    0.200
    12   0.0172   0.1880   0.0000   0.2794   0.0065   0.1207   0.1310   0.4365   0.4330   0.0264   0.0000   0.0242  -0.0834    0.194
    13   0.0193   0.2107   0.0000   0.2794   0.0062   0.1113   0.1331   0.4028   0.3995   0.0247   0.0000   0.0253  -0.0740    0.187
    14   0.0212   0.2320   0.0000   0.2794   0.0057   0.1004   0.1346   0.3631   0.3601   0.0227   0.0000   0.0260  -0.0635    0.178
    15   0.0230   0.2514   0.0000   0.2794   0.0051   0.0878   0.1354   0.3176   0.3151   0.0202   0.0000   0.0259  -0.0525    0.168
    16   0.0246   0.2683   0.0000   0.2794   0.0043   0.0738   0.1352   0.2669   0.2648   0.0174   0.0000   0.0247  -0.0412    0.157
    17   0.0258   0.2823   0.0000   0.2794   0.0035   0.0586   0.1337   0.2118   0.2101   0.0140   0.0000   0.0220  -0.0303    0.145
    18   0.0268   0.2932   0.0000   0.2794   0.0026   0.0424   0.1311   0.1534   0.1521   0.0102   0.0000   0.0176  -0.0203    0.134
    19   0.0275   0.3006   0.0000   0.2794   0.0016   0.0257   0.1278   0.0928   0.0920   0.0060   0.0000   0.0114  -0.0115    0.126
    20   0.0279   0.3043   0.0000   0.2794   0.0005   0.0086   0.1259   0.0311   0.0309   0.0016   0.0000   0.0040  -0.0037    0.121

  Surface # 2     Wing (YDUP)                             
     # Chordwise = 10   # Spanwise = 20     First strip = 21
     Surface area Ssurf =    0.085161     Ave. chord Cave =    0.279400

 Forces referred to Sref, Cref, Bref about Xref, Yref, Zref
 Standard axis orientation,  X fwd, Z down         
     CLsurf  =   0.26650     Clsurf  =   0.05693
     CYsurf  =  -0.00224     Cmsurf  =   0.04762
     CDsurf  =   0.01708     Cnsurf  =   0.00639
     CDisurf =   0.01708     CDvsurf =   0.00000

 Forces referred to Ssurf, Cave 
     CLsurf  =   0.42654     CDsurf  =   0.02733

 Strip Forces referred to Strip Area, Chord
    j     Xle      Yle      Zle      Chord    Area     c_cl     ai     cl_norm    cl       cd       cdv    cm_c/4     cm_LE   C.P.x/c
    21   0.0000  -0.0005   0.0000   0.2794   0.0005   0.1487   0.1182   0.5225   0.5182   0.1295   0.0000   0.0123   0.1202    0.226
    22   0.0004  -0.0042   0.0000   0.2794   0.0016   0.1486   0.1178   0.5362   0.5319   0.0423   0.0000   0.0125   0.1200    0.226
    23   0.0011  -0.0116   0.0000   0.2794   0.0026   0.1486   0.1178   0.5368   0.5325   0.0367   0.0000   0.0131   0.1193    0.225
    24   0.0021  -0.0225   0.0000   0.2794   0.0035   0.1483   0.1181   0.5363   0.5319   0.0351   0.0000   0.0141   0.1181    0.223
    25   0.0033  -0.0365   0.0000   0.2794   0.0043   0.1478   0.1187   0.5346   0.5303   0.0339   0.0000   0.0152   0.1165    0.221
    26   0.0049  -0.0534   0.0000   0.2794   0.0051   0.1469   0.1196   0.5312   0.5269   0.0328   0.0000   0.0164   0.1145    0.219
    27   0.0067  -0.0728   0.0000   0.2794   0.0057   0.1452   0.1209   0.5255   0.5212   0.0319   0.0000   0.0177   0.1118    0.216
    28   0.0086  -0.0941   0.0000   0.2794   0.0062   0.1428   0.1225   0.5166   0.5124   0.0310   0.0000   0.0189   0.1084    0.213
    29   0.0107  -0.1168   0.0000   0.2794   0.0065   0.1393   0.1244   0.5039   0.4998   0.0300   0.0000   0.0202   0.1040    0.210
    30   0.0129  -0.1404   0.0000   0.2794   0.0067   0.1345   0.1265   0.4867   0.4827   0.0290   0.0000   0.0215   0.0984    0.205
    31   0.0150  -0.1644   0.0000   0.2794   0.0067   0.1283   0.1288   0.4644   0.4606   0.0278   0.0000   0.0229   0.0915    0.200
    32   0.0172  -0.1880   0.0000   0.2794   0.0065   0.1207   0.1310   0.4365   0.4330   0.0264   0.0000   0.0242   0.0834    0.194
    33   0.0193  -0.2107   0.0000   0.2794   0.0062   0.1113   0.1331   0.4028   0.3995   0.0247   0.0000   0.0253   0.0740    0.187
    34   0.0212  -0.2320   0.0000   0.2794   0.0057   0.1004   0.1346   0.3631   0.3601   0.0227   0.0000   0.0260   0.0635    0.178
    35   0.0230  -0.2514   0.0000   0.2794   0.0051   0.0878   0.1354   0.3176   0.3151   0.0202   0.0000   0.0259   0.0525    0.168
    36   0.0246  -0.2683   0.0000   0.2794   0.0043   0.0738   0.1352   0.2669   0.2648   0.0174   0.0000   0.0247   0.0412    0.157
    37   0.0258  -0.2823   0.0000   0.2794   0.0035   0.0586   0.1337   0.2118   0.2101   0.0140   0.0000   0.0220   0.0303    0.145
    38   0.0268  -0.2932   0.0000   0.2794   0.0026   0.0424   0.1311   0.1534   0.1521   0.0102   0.0000   0.0176   0.0203    0.134
    39   0.0275  -0.3006   0.0000   0.2794   0.0016   0.0257   0.1278   0.0928   0.0920   0.0060   0.0000   0.0114   0.0115    0.126
    40   0.0279  -0.3043   0.0000   0.2794   0.0005   0.0086   0.1259   0.0311   0.0309   0.0016   0.0000   0.0040   0.0037    0.121
 ---------------------------------------------------------------
