 ---------------------------------------------------------------
 Surface and Strip Forces by surface

  Sref = 0.18170       Cref = 0.22820       Bref = 0.81280    
  Xref = 0.10920       Yref =  0.0000       Zref =  0.0000    

  Surface # 1     Wing                                    
     # Chordwise = 10   # Spanwise = 20     First strip =  1
     Surface area Ssurf =    0.113548     Ave. chord Cave =    0.279400

 Forces referred to Sref, Cref, Bref about Xref, Yref, Zref
 Standard axis orientation,  X fwd, Z down         
     CLsurf  =   0.19991     Clsurf  =  -0.04368
     CYsurf  =   0.00501     Cmsurf  =  -0.02383
     CDsurf  =   0.00764     Cnsurf  =  -0.00512
     CDisurf =   0.00764     CDvsurf =   0.00000

 Forces referred to Ssurf, Cave 
     CLsurf  =   0.31990     CDsurf  =   0.01223

 Strip Forces referred to Strip Area, Chord
    j     Xle      Yle      Zle      Chord    Area     c_cl     ai     cl_norm    cl       cd       cdv    cm_c/4     cm_LE   C.P.x/c
     1   0.0003   0.0006   0.0000   0.2794   0.0007   0.1061   0.0524   0.4318   0.3643   0.1772   0.0000  -0.0136  -0.0995    0.287
     2   0.0024   0.0056   0.0000   0.2794   0.0021   0.1061   0.0510   0.4485   0.3784   0.0312   0.0000  -0.0125  -0.0986    0.283
     3   0.0067   0.0155   0.0000   0.2794   0.0034   0.1061   0.0516   0.4495   0.3792   0.0233   0.0000  -0.0096  -0.0959    0.275
     4   0.0130   0.0299   0.0000   0.2794   0.0047   0.1062   0.0537   0.4502   0.3799   0.0209   0.0000  -0.0056  -0.0923    0.265
     5   0.0211   0.0487   0.0000   0.2794   0.0058   0.1063   0.0564   0.4510   0.3805   0.0187   0.0000  -0.0016  -0.0887    0.254
     6   0.0308   0.0712   0.0000   0.2794   0.0068   0.1063   0.0595   0.4513   0.3808   0.0168   0.0000   0.0020  -0.0855    0.245
     7   0.0420   0.0970   0.0000   0.2794   0.0076   0.1061   0.0626   0.4504   0.3800   0.0151   0.0000   0.0051  -0.0824    0.237
     8   0.0543   0.1254   0.0000   0.2794   0.0082   0.1053   0.0660   0.4473   0.3774   0.0137   0.0000   0.0077  -0.0794    0.230
     9   0.0674   0.1558   0.0000   0.2794   0.0087   0.1039   0.0694   0.4412   0.3722   0.0126   0.0000   0.0101  -0.0760    0.223
    10   0.0810   0.1873   0.0000   0.2794   0.0089   0.1015   0.0731   0.4312   0.3638   0.0115   0.0000   0.0124  -0.0719    0.216
    11   0.0949   0.2191   0.0000   0.2794   0.0089   0.0980   0.0768   0.4164   0.3513   0.0104   0.0000   0.0148  -0.0668    0.208
    12   0.1085   0.2506   0.0000   0.2794   0.0087   0.0932   0.0804   0.3960   0.3341   0.0093   0.0000   0.0174  -0.0606    0.198
    13   0.1216   0.2810   0.0000   0.2794   0.0082   0.0869   0.0837   0.3693   0.3116   0.0081   0.0000   0.0200  -0.0530    0.186
    14   0.1339   0.3094   0.0000   0.2794   0.0076   0.0790   0.0860   0.3358   0.2833   0.0068   0.0000   0.0225  -0.0442    0.171
    15   0.1451   0.3352   0.0000   0.2794   0.0068   0.0695   0.0871   0.2956   0.2494   0.0053   0.0000   0.0243  -0.0348    0.153
    16   0.1548   0.3577   0.0000   0.2794   0.0058   0.0586   0.0865   0.2492   0.2103   0.0039   0.0000   0.0249  -0.0253    0.132
    17   0.1629   0.3765   0.0000   0.2794   0.0047   0.0465   0.0838   0.1978   0.1669   0.0024   0.0000   0.0235  -0.0166    0.109
    18   0.1692   0.3909   0.0000   0.2794   0.0034   0.0335   0.0795   0.1429   0.1205   0.0010   0.0000   0.0197  -0.0095    0.087
    19   0.1735   0.4008   0.0000   0.2794   0.0021   0.0202   0.0744   0.0862   0.0727  -0.0004   0.0000   0.0132  -0.0045    0.069
    20   0.1756   0.4058   0.0000   0.2794   0.0007   0.0067   0.0713   0.0289   0.0244  -0.0013   0.0000   0.0046  -0.0013    0.060

  Surface # 2     Wing (YDUP)                             
     # Chordwise = 10   # Spanwise = 20     First strip = 21
     Surface area Ssurf =    0.113548     Ave. chord Cave =    0.279400

 Forces referred to Sref, Cref, Bref about Xref, Yref, Zref
 Standard axis orientation,  X fwd, Z down         
     CLsurf  =   0.19991     Clsurf  =   0.04368
     CYsurf  =  -0.00501     Cmsurf  =  -0.02383
     CDsurf  =   0.00764     Cnsurf  =   0.00512
     CDisurf =   0.00764     CDvsurf =   0.00000

 Forces referred to Ssurf, Cave 
     CLsurf  =   0.31990     CDsurf  =   0.01223

 Strip Forces referred to Strip Area, Chord
    j     Xle      Yle      Zle      Chord    Area     c_cl     ai     cl_norm    cl       cd       cdv    cm_c/4     cm_LE   C.P.x/c
    21   0.0003  -0.0006   0.0000   0.2794   0.0007   0.1061   0.0524   0.4318   0.3643   0.1772   0.0000  -0.0136   0.0995    0.287
    22   0.0024  -0.0056   0.0000   0.2794   0.0021   0.1061   0.0510   0.4485   0.3784   0.0312   0.0000  -0.0125   0.0986    0.283
    23   0.0067  -0.0155   0.0000   0.2794   0.0034   0.1061   0.0516   0.4495   0.3792   0.0233   0.0000  -0.0096   0.0959    0.275
    24   0.0130  -0.0299   0.0000   0.2794   0.0047   0.1062   0.0537   0.4502   0.3799   0.0209   0.0000  -0.0056   0.0923    0.265
    25   0.0211  -0.0487   0.0000   0.2794   0.0058   0.1063   0.0564   0.4510   0.3805   0.0187   0.0000  -0.0016   0.0887    0.254
    26   0.0308  -0.0712   0.0000   0.2794   0.0068   0.1063   0.0595   0.4513   0.3808   0.0168   0.0000   0.0020   0.0855    0.245
    27   0.0420  -0.0970   0.0000   0.2794   0.0076   0.1061   0.0626   0.4504   0.3800   0.0151   0.0000   0.0051   0.0824    0.237
    28   0.0543  -0.1254   0.0000   0.2794   0.0082   0.1053   0.0660   0.4473   0.3774   0.0137   0.0000   0.0077   0.0794    0.230
    29   0.0674  -0.1558   0.0000   0.2794   0.0087   0.1039   0.0694   0.4412   0.3722   0.0126   0.0000   0.0101   0.0760    0.223
    30   0.0810  -0.1873   0.0000   0.2794   0.0089   0.1015   0.0731   0.4312   0.3638   0.0115   0.0000   0.0124   0.0719    0.216
    31   0.0949  -0.2191   0.0000   0.2794   0.0089   0.0980   0.0768   0.4164   0.3513   0.0104   0.0000   0.0148   0.0668    0.208
    32   0.1085  -0.2506   0.0000   0.2794   0.0087   0.0932   0.0804   0.3960   0.3341   0.0093   0.0000   0.0174   0.0606    0.198
    33   0.1216  -0.2810   0.0000   0.2794   0.0082   0.0869   0.0837   0.3693   0.3116   0.0081   0.0000   0.0200   0.0530    0.186
    34   0.1339  -0.3094   0.0000   0.2794   0.0076   0.0790   0.0860   0.3358   0.2833   0.0068   0.0000   0.0225   0.0442    0.171
    35   0.1451  -0.3352   0.0000   0.2794   0.0068   0.0695   0.0871   0.2956   0.2494   0.0053   0.0000   0.0243   0.0348    0.153
    36   0.1548  -0.3577   0.0000   0.2794   0.0058   0.0586   0.0865   0.2492   0.2103   0.0039   0.0000   0.0249   0.0253    0.132
    37   0.1629  -0.3765   0.0000   0.2794   0.0047   0.0465   0.0838   0.1978   0.1669   0.0024   0.0000   0.0235   0.0166    0.109
    38   0.1692  -0.3909   0.0000   0.2794   0.0034   0.0335   0.0795   0.1429   0.1205   0.0010   0.0000   0.0197   0.0095    0.087
    39   0.1735  -0.4008   0.0000   0.2794   0.0021   0.0202   0.0744   0.0862   0.0727  -0.0004   0.0000   0.0132   0.0045    0.069
    40   0.1756  -0.4058   0.0000   0.2794   0.0007   0.0067   0.0713   0.0289   0.0244  -0.0013   0.0000   0.0046   0.0013    0.060
 ---------------------------------------------------------------
