 ---------------------------------------------------------------
 Surface and Strip Forces by surface

  Sref = 0.11920       Cref = 0.19250       Bref = 0.71120    
  Xref = 0.10920       Yref =  0.0000       Zref =  0.0000    

  Surface # 1     Wing                                    
     # Chordwise = 10   # Spanwise = 20     First strip =  1
     Surface area Ssurf =    0.099355     Ave. chord Cave =    0.279400

 Forces referred to Sref, Cref, Bref about Xref, Yref, Zref
 Standard axis orientation,  X fwd, Z down         
     CLsurf  =   0.30473     Clsurf  =  -0.06569
     CYsurf  =   0.00526     Cmsurf  =   0.02177
     CDsurf  =   0.01476     Cnsurf  =  -0.00738
     CDisurf =   0.01476     CDvsurf =   0.00000

 Forces referred to Ssurf, Cave 
     CLsurf  =   0.36560     CDsurf  =   0.01771

 Strip Forces referred to Strip Area, Chord
    j     Xle      Yle      Zle      Chord    Area     c_cl     ai     cl_norm    cl       cd       cdv    cm_c/4     cm_LE   C.P.x/c
     1   0.0001   0.0005   0.0000   0.2794   0.0006   0.1251   0.0803   0.4555   0.4302   0.1741   0.0000  -0.0017  -0.1104    0.254
     2   0.0012   0.0049   0.0000   0.2794   0.0018   0.1251   0.0793   0.4729   0.4465   0.0367   0.0000  -0.0011  -0.1098    0.253
     3   0.0033   0.0135   0.0000   0.2794   0.0030   0.1251   0.0793   0.4737   0.4474   0.0285   0.0000   0.0006  -0.1081    0.249
     4   0.0064   0.0262   0.0000   0.2794   0.0041   0.1250   0.0801   0.4737   0.4473   0.0260   0.0000   0.0030  -0.1057    0.243
     5   0.0104   0.0426   0.0000   0.2794   0.0051   0.1247   0.0816   0.4731   0.4467   0.0241   0.0000   0.0056  -0.1029    0.237
     6   0.0152   0.0623   0.0000   0.2794   0.0059   0.1242   0.0835   0.4713   0.4450   0.0225   0.0000   0.0081  -0.1001    0.232
     7   0.0208   0.0849   0.0000   0.2794   0.0066   0.1232   0.0857   0.4678   0.4417   0.0210   0.0000   0.0104  -0.0970    0.226
     8   0.0269   0.1098   0.0000   0.2794   0.0072   0.1216   0.0882   0.4617   0.4360   0.0198   0.0000   0.0126  -0.0935    0.221
     9   0.0333   0.1363   0.0000   0.2794   0.0076   0.1191   0.0909   0.4524   0.4272   0.0187   0.0000   0.0146  -0.0894    0.216
    10   0.0401   0.1638   0.0000   0.2794   0.0078   0.1156   0.0938   0.4391   0.4146   0.0176   0.0000   0.0166  -0.0844    0.210
    11   0.0469   0.1918   0.0000   0.2794   0.0078   0.1108   0.0967   0.4210   0.3975   0.0165   0.0000   0.0186  -0.0782    0.203
    12   0.0537   0.2193   0.0000   0.2794   0.0076   0.1047   0.0996   0.3976   0.3755   0.0153   0.0000   0.0207  -0.0709    0.195
    13   0.0601   0.2458   0.0000   0.2794   0.0072   0.0970   0.1022   0.3684   0.3479   0.0139   0.0000   0.0226  -0.0623    0.185
    14   0.0662   0.2707   0.0000   0.2794   0.0066   0.0877   0.1040   0.3333   0.3147   0.0124   0.0000   0.0242  -0.0528    0.173
    15   0.0718   0.2933   0.0000   0.2794   0.0059   0.0769   0.1049   0.2923   0.2760   0.0107   0.0000   0.0250  -0.0426    0.159
    16   0.0766   0.3130   0.0000   0.2794   0.0051   0.0647   0.1044   0.2460   0.2323   0.0088   0.0000   0.0246  -0.0323    0.144
    17   0.0806   0.3294   0.0000   0.2794   0.0041   0.0514   0.1024   0.1952   0.1843   0.0067   0.0000   0.0225  -0.0227    0.128
    18   0.0837   0.3421   0.0000   0.2794   0.0030   0.0371   0.0990   0.1412   0.1334   0.0044   0.0000   0.0184  -0.0144    0.112
    19   0.0858   0.3507   0.0000   0.2794   0.0018   0.0224   0.0948   0.0853   0.0806   0.0020   0.0000   0.0121  -0.0077    0.100
    20   0.0869   0.3551   0.0000   0.2794   0.0006   0.0075   0.0923   0.0286   0.0270  -0.0002   0.0000   0.0042  -0.0024    0.093

  Surface # 2     Wing (YDUP)                             
     # Chordwise = 10   # Spanwise = 20     First strip = 21
     Surface area Ssurf =    0.099355     Ave. chord Cave =    0.279400

 Forces referred to Sref, Cref, Bref about Xref, Yref, Zref
 Standard axis orientation,  X fwd, Z down         
     CLsurf  =   0.30473     Clsurf  =   0.06569
     CYsurf  =  -0.00526     Cmsurf  =   0.02177
     CDsurf  =   0.01476     Cnsurf  =   0.00738
     CDisurf =   0.01476     CDvsurf =   0.00000

 Forces referred to Ssurf, Cave 
     CLsurf  =   0.36560     CDsurf  =   0.01771

 Strip Forces referred to Strip Area, Chord
    j     Xle      Yle      Zle      Chord    Area     c_cl     ai     cl_norm    cl       cd       cdv    cm_c/4     cm_LE   C.P.x/c
    21   0.0001  -0.0005   0.0000   0.2794   0.0006   0.1251   0.0803   0.4555   0.4302   0.1741   0.0000  -0.0017   0.1104    0.254
    22   0.0012  -0.0049   0.0000   0.2794   0.0018   0.1251   0.0793   0.4729   0.4465   0.0367   0.0000  -0.0011   0.1098    0.253
    23   0.0033  -0.0135   0.0000   0.2794   0.0030   0.1251   0.0793   0.4737   0.4474   0.0285   0.0000   0.0006   0.1081    0.249
    24   0.0064  -0.0262   0.0000   0.2794   0.0041   0.1250   0.0801   0.4737   0.4473   0.0260   0.0000   0.0030   0.1057    0.243
    25   0.0104  -0.0426   0.0000   0.2794   0.0051   0.1247   0.0816   0.4731   0.4467   0.0241   0.0000   0.0056   0.1029    0.237
    26   0.0152  -0.0623   0.0000   0.2794   0.0059   0.1242   0.0835   0.4713   0.4450   0.0225   0.0000   0.0081   0.1001    0.232
    27   0.0208  -0.0849   0.0000   0.2794   0.0066   0.1232   0.0857   0.4678   0.4417   0.0210   0.0000   0.0104   0.0970    0.226
    28   0.0269  -0.1098   0.0000   0.2794   0.0072   0.1216   0.0882   0.4617   0.4360   0.0198   0.0000   0.0126   0.0935    0.221
    29   0.0333  -0.1363   0.0000   0.2794   0.0076   0.1191   0.0909   0.4524   0.4272   0.0187   0.0000   0.0146   0.0894    0.216
    30   0.0401  -0.1638   0.0000   0.2794   0.0078   0.1156   0.0938   0.4391   0.4146   0.0176   0.0000   0.0166   0.0844    0.210
    31   0.0469  -0.1918   0.0000   0.2794   0.0078   0.1108   0.0967   0.4210   0.3975   0.0165   0.0000   0.0186   0.0782    0.203
    32   0.0537  -0.2193   0.0000   0.2794   0.0076   0.1047   0.0996   0.3976   0.3755   0.0153   0.0000   0.0207   0.0709    0.195
    33   0.0601  -0.2458   0.0000   0.2794   0.0072   0.0970   0.1022   0.3684   0.3479   0.0139   0.0000   0.0226   0.0623    0.185
    34   0.0662  -0.2707   0.0000   0.2794   0.0066   0.0877   0.1040   0.3333   0.3147   0.0124   0.0000   0.0242   0.0528    0.173
    35   0.0718  -0.2933   0.0000   0.2794   0.0059   0.0769   0.1049   0.2923   0.2760   0.0107   0.0000   0.0250   0.0426    0.159
    36   0.0766  -0.3130   0.0000   0.2794   0.0051   0.0647   0.1044   0.2460   0.2323   0.0088   0.0000   0.0246   0.0323    0.144
    37   0.0806  -0.3294   0.0000   0.2794   0.0041   0.0514   0.1024   0.1952   0.1843   0.0067   0.0000   0.0225   0.0227    0.128
    38   0.0837  -0.3421   0.0000   0.2794   0.0030   0.0371   0.0990   0.1412   0.1334   0.0044   0.0000   0.0184   0.0144    0.112
    39   0.0858  -0.3507   0.0000   0.2794   0.0018   0.0224   0.0948   0.0853   0.0806   0.0020   0.0000   0.0121   0.0077    0.100
    40   0.0869  -0.3551   0.0000   0.2794   0.0006   0.0075   0.0923   0.0286   0.0270  -0.0002   0.0000   0.0042   0.0024    0.093
 ---------------------------------------------------------------
