 ---------------------------------------------------------------
 Surface and Strip Forces by surface

  Sref = 0.16260       Cref = 0.18870       Bref = 0.91440    
  Xref = 0.10920       Yref =  0.0000       Zref =  0.0000    

  Surface # 1     Wing                                    
     # Chordwise = 10   # Spanwise = 20     First strip =  1
     Surface area Ssurf =    0.116129     Ave. chord Cave =    0.254000

 Forces referred to Sref, Cref, Bref about Xref, Yref, Zref
 Standard axis orientation,  X fwd, Z down         
     CLsurf  =   0.22340     Clsurf  =  -0.04844
     CYsurf  =   0.00097     Cmsurf  =   0.04516
     CDsurf  =   0.00633     Cnsurf  =  -0.00277
     CDisurf =   0.00633     CDvsurf =   0.00000

 Forces referred to Ssurf, Cave 
     CLsurf  =   0.31279     CDsurf  =   0.00886

 Strip Forces referred to Strip Area, Chord
    j     Xle      Yle      Zle      Chord    Area     c_cl     ai     cl_norm    cl       cd       cdv    cm_c/4     cm_LE   C.P.x/c
     1   0.0001   0.0007   0.0000   0.2540   0.0007   0.0967   0.0479   0.3814   0.3788   0.0383   0.0000   0.0038  -0.0910    0.240
     2   0.0005   0.0063   0.0000   0.2540   0.0021   0.0967   0.0474   0.3834   0.3808   0.0130   0.0000   0.0041  -0.0907    0.239
     3   0.0015   0.0174   0.0000   0.2540   0.0035   0.0966   0.0473   0.3834   0.3808   0.0115   0.0000   0.0049  -0.0899    0.237
     4   0.0028   0.0337   0.0000   0.2540   0.0048   0.0966   0.0477   0.3831   0.3805   0.0109   0.0000   0.0058  -0.0889    0.235
     5   0.0046   0.0548   0.0000   0.2540   0.0059   0.0963   0.0484   0.3823   0.3797   0.0104   0.0000   0.0067  -0.0878    0.232
     6   0.0067   0.0801   0.0000   0.2540   0.0069   0.0959   0.0493   0.3807   0.3781   0.0100   0.0000   0.0076  -0.0865    0.230
     7   0.0091   0.1092   0.0000   0.2540   0.0078   0.0952   0.0504   0.3777   0.3751   0.0098   0.0000   0.0083  -0.0851    0.228
     8   0.0118   0.1411   0.0000   0.2540   0.0084   0.0939   0.0518   0.3729   0.3703   0.0096   0.0000   0.0090  -0.0831    0.226
     9   0.0146   0.1752   0.0000   0.2540   0.0089   0.0921   0.0534   0.3656   0.3631   0.0094   0.0000   0.0098  -0.0806    0.223
    10   0.0176   0.2107   0.0000   0.2540   0.0091   0.0896   0.0554   0.3555   0.3530   0.0093   0.0000   0.0106  -0.0773    0.220
    11   0.0205   0.2465   0.0000   0.2540   0.0091   0.0861   0.0577   0.3418   0.3395   0.0091   0.0000   0.0116  -0.0729    0.216
    12   0.0235   0.2820   0.0000   0.2540   0.0089   0.0817   0.0603   0.3241   0.3219   0.0089   0.0000   0.0128  -0.0674    0.210
    13   0.0263   0.3161   0.0000   0.2540   0.0084   0.0760   0.0629   0.3018   0.2997   0.0085   0.0000   0.0140  -0.0606    0.203
    14   0.0290   0.3480   0.0000   0.2540   0.0078   0.0692   0.0653   0.2744   0.2725   0.0080   0.0000   0.0153  -0.0526    0.194
    15   0.0314   0.3771   0.0000   0.2540   0.0069   0.0610   0.0670   0.2419   0.2402   0.0073   0.0000   0.0164  -0.0435    0.182
    16   0.0335   0.4024   0.0000   0.2540   0.0059   0.0515   0.0676   0.2044   0.2030   0.0064   0.0000   0.0169  -0.0337    0.167
    17   0.0353   0.4235   0.0000   0.2540   0.0048   0.0410   0.0665   0.1626   0.1615   0.0052   0.0000   0.0162  -0.0241    0.150
    18   0.0366   0.4398   0.0000   0.2540   0.0035   0.0296   0.0636   0.1176   0.1168   0.0038   0.0000   0.0138  -0.0153    0.131
    19   0.0376   0.4509   0.0000   0.2540   0.0021   0.0178   0.0591   0.0708   0.0703   0.0021   0.0000   0.0095  -0.0080    0.115
    20   0.0380   0.4565   0.0000   0.2540   0.0007   0.0059   0.0555   0.0236   0.0235   0.0005   0.0000   0.0034  -0.0024    0.105

  Surface # 2     Wing (YDUP)                             
     # Chordwise = 10   # Spanwise = 20     First strip = 21
     Surface area Ssurf =    0.116129     Ave. chord Cave =    0.254000

 Forces referred to Sref, Cref, Bref about Xref, Yref, Zref
 Standard axis orientation,  X fwd, Z down         
     CLsurf  =   0.22340     Clsurf  =   0.04844
     CYsurf  =  -0.00097     Cmsurf  =   0.04516
     CDsurf  =   0.00633     Cnsurf  =   0.00277
     CDisurf =   0.00633     CDvsurf =   0.00000

 Forces referred to Ssurf, Cave 
     CLsurf  =   0.31279     CDsurf  =   0.00886

 Strip Forces referred to Strip Area, Chord
    j     Xle      Yle      Zle      Chord    Area     c_cl     ai     cl_norm    cl       cd       cdv    cm_c/4     cm_LE   C.P.x/c
    21   0.0001  -0.0007   0.0000   0.2540   0.0007   0.0967   0.0479   0.3814   0.3788   0.0383   0.0000   0.0038   0.0910    0.240
    22   0.0005  -0.0063   0.0000   0.2540   0.0021   0.0967   0.0474   0.3834   0.3808   0.0130   0.0000   0.0041   0.0907    0.239
    23   0.0015  -0.0174   0.0000   0.2540   0.0035   0.0966   0.0473   0.3834   0.3808   0.0115   0.0000   0.0049   0.0899    0.237
    24   0.0028  -0.0337   0.0000   0.2540   0.0048   0.0966   0.0477   0.3831   0.3805   0.0109   0.0000   0.0058   0.0889    0.235
    25   0.0046  -0.0548   0.0000   0.2540   0.0059   0.0963   0.0484   0.3823   0.3797   0.0104   0.0000   0.0067   0.0878    0.232
    26   0.0067  -0.0801   0.0000   0.2540   0.0069   0.0959   0.0493   0.3807   0.3781   0.0100   0.0000   0.0076   0.0865    0.230
    27   0.0091  -0.1092   0.0000   0.2540   0.0078   0.0952   0.0504   0.3777   0.3751   0.0098   0.0000   0.0083   0.0851    0.228
    28   0.0118  -0.1411   0.0000   0.2540   0.0084   0.0939   0.0518   0.3729   0.3703   0.0096   0.0000   0.0090   0.0831    0.226
    29   0.0146  -0.1752   0.0000   0.2540   0.0089   0.0921   0.0534   0.3656   0.3631   0.0094   0.0000   0.0098   0.0806    0.223
    30   0.0176  -0.2107   0.0000   0.2540   0.0091   0.0896   0.0554   0.3555   0.3530   0.0093   0.0000   0.0106   0.0773    0.220
    31   0.0205  -0.2465   0.0000   0.2540   0.0091   0.0861   0.0577   0.3418   0.3395   0.0091   0.0000   0.0116   0.0729    0.216
    32   0.0235  -0.2820   0.0000   0.2540   0.0089   0.0817   0.0603   0.3241   0.3219   0.0089   0.0000   0.0128   0.0674    0.210
    33   0.0263  -0.3161   0.0000   0.2540   0.0084   0.0760   0.0629   0.3018   0.2997   0.0085   0.0000   0.0140   0.0606    0.203
    34   0.0290  -0.3480   0.0000   0.2540   0.0078   0.0692   0.0653   0.2744   0.2725   0.0080   0.0000   0.0153   0.0526    0.194
    35   0.0314  -0.3771   0.0000   0.2540   0.0069   0.0610   0.0670   0.2419   0.2402   0.0073   0.0000   0.0164   0.0435    0.182
    36   0.0335  -0.4024   0.0000   0.2540   0.0059   0.0515   0.0676   0.2044   0.2030   0.0064   0.0000   0.0169   0.0337    0.167
    37   0.0353  -0.4235   0.0000   0.2540   0.0048   0.0410   0.0665   0.1626   0.1615   0.0052   0.0000   0.0162   0.0241    0.150
    38   0.0366  -0.4398   0.0000   0.2540   0.0035   0.0296   0.0636   0.1176   0.1168   0.0038   0.0000   0.0138   0.0153    0.131
    39   0.0376  -0.4509   0.0000   0.2540   0.0021   0.0178   0.0591   0.0708   0.0703   0.0021   0.0000   0.0095   0.0080    0.115
    40   0.0380  -0.4565   0.0000   0.2540   0.0007   0.0059   0.0555   0.0236   0.0235   0.0005   0.0000   0.0034   0.0024    0.105
 ---------------------------------------------------------------
