 ---------------------------------------------------------------
 Surface and Strip Forces by surface

  Sref = 0.11150       Cref = 0.18670       Bref = 0.60960    
  Xref = 0.10920       Yref =  0.0000       Zref =  0.0000    

  Surface # 1     Wing                                    
     # Chordwise = 10   # Spanwise = 20     First strip =  1
     Surface area Ssurf =    0.069677     Ave. chord Cave =    0.228600

 Forces referred to Sref, Cref, Bref about Xref, Yref, Zref
 Standard axis orientation,  X fwd, Z down         
     CLsurf  =   0.32578     Clsurf  =  -0.07089
     CYsurf  =   0.01518     Cmsurf  =   0.00262
     CDsurf  =   0.02212     Cnsurf  =  -0.01515
     CDisurf =   0.02212     CDvsurf =   0.00000

 Forces referred to Ssurf, Cave 
     CLsurf  =   0.52132     CDsurf  =   0.03539

 Strip Forces referred to Strip Area, Chord
    j     Xle      Yle      Zle      Chord    Area     c_cl     ai     cl_norm    cl       cd       cdv    cm_c/4     cm_LE   C.P.x/c
     1   0.0002   0.0005   0.0000   0.2286   0.0004   0.1416   0.0903   0.6465   0.5452   0.4759   0.0000  -0.0204  -0.1605    0.287
     2   0.0018   0.0042   0.0000   0.2286   0.0013   0.1416   0.0915   0.7274   0.6134   0.0882   0.0000  -0.0191  -0.1592    0.281
     3   0.0051   0.0116   0.0000   0.2286   0.0021   0.1417   0.0944   0.7325   0.6177   0.0661   0.0000  -0.0149  -0.1555    0.274
     4   0.0099   0.0225   0.0000   0.2286   0.0029   0.1419   0.0986   0.7349   0.6197   0.0591   0.0000  -0.0092  -0.1504    0.265
     5   0.0160   0.0365   0.0000   0.2286   0.0036   0.1420   0.1033   0.7369   0.6214   0.0533   0.0000  -0.0032  -0.1452    0.255
     6   0.0235   0.0534   0.0000   0.2286   0.0042   0.1420   0.1084   0.7378   0.6221   0.0481   0.0000   0.0023  -0.1401    0.246
     7   0.0319   0.0728   0.0000   0.2286   0.0047   0.1415   0.1136   0.7362   0.6208   0.0437   0.0000   0.0071  -0.1352    0.238
     8   0.0413   0.0941   0.0000   0.2286   0.0051   0.1403   0.1190   0.7309   0.6163   0.0399   0.0000   0.0115  -0.1300    0.231
     9   0.0513   0.1168   0.0000   0.2286   0.0053   0.1382   0.1246   0.7204   0.6075   0.0366   0.0000   0.0155  -0.1243    0.225
    10   0.0617   0.1404   0.0000   0.2286   0.0054   0.1349   0.1304   0.7033   0.5931   0.0335   0.0000   0.0194  -0.1173    0.217
    11   0.0721   0.1644   0.0000   0.2286   0.0054   0.1300   0.1363   0.6785   0.5721   0.0305   0.0000   0.0233  -0.1089    0.209
    12   0.0825   0.1880   0.0000   0.2286   0.0053   0.1234   0.1420   0.6445   0.5435   0.0273   0.0000   0.0273  -0.0986    0.200
    13   0.0925   0.2107   0.0000   0.2286   0.0051   0.1150   0.1471   0.6006   0.5064   0.0239   0.0000   0.0313  -0.0865    0.188
    14   0.1019   0.2320   0.0000   0.2286   0.0047   0.1045   0.1511   0.5461   0.4605   0.0202   0.0000   0.0347  -0.0729    0.175
    15   0.1103   0.2514   0.0000   0.2286   0.0042   0.0920   0.1536   0.4813   0.4058   0.0163   0.0000   0.0369  -0.0584    0.159
    16   0.1178   0.2683   0.0000   0.2286   0.0036   0.0777   0.1541   0.4068   0.3431   0.0123   0.0000   0.0371  -0.0439    0.142
    17   0.1239   0.2823   0.0000   0.2286   0.0029   0.0619   0.1525   0.3242   0.2734   0.0083   0.0000   0.0345  -0.0304    0.124
    18   0.1287   0.2932   0.0000   0.2286   0.0021   0.0449   0.1492   0.2355   0.1986   0.0045   0.0000   0.0284  -0.0190    0.107
    19   0.1320   0.3006   0.0000   0.2286   0.0013   0.0272   0.1449   0.1430   0.1206   0.0008   0.0000   0.0188  -0.0100    0.094
    20   0.1336   0.3043   0.0000   0.2286   0.0004   0.0091   0.1424   0.0484   0.0408  -0.0025   0.0000   0.0066  -0.0031    0.089

  Surface # 2     Wing (YDUP)                             
     # Chordwise = 10   # Spanwise = 20     First strip = 21
     Surface area Ssurf =    0.069677     Ave. chord Cave =    0.228600

 Forces referred to Sref, Cref, Bref about Xref, Yref, Zref
 Standard axis orientation,  X fwd, Z down         
     CLsurf  =   0.32578     Clsurf  =   0.07089
     CYsurf  =  -0.01518     Cmsurf  =   0.00262
     CDsurf  =   0.02212     Cnsurf  =   0.01515
     CDisurf =   0.02212     CDvsurf =   0.00000

 Forces referred to Ssurf, Cave 
     CLsurf  =   0.52132     CDsurf  =   0.03539

 Strip Forces referred to Strip Area, Chord
    j     Xle      Yle      Zle      Chord    Area     c_cl     ai     cl_norm    cl       cd       cdv    cm_c/4     cm_LE   C.P.x/c
    21   0.0002  -0.0005   0.0000   0.2286   0.0004   0.1416   0.0903   0.6465   0.5452   0.4759   0.0000  -0.0204   0.1605    0.287
    22   0.0018  -0.0042   0.0000   0.2286   0.0013   0.1416   0.0915   0.7274   0.6134   0.0882   0.0000  -0.0191   0.1592    0.281
    23   0.0051  -0.0116   0.0000   0.2286   0.0021   0.1417   0.0944   0.7325   0.6177   0.0661   0.0000  -0.0149   0.1555    0.274
    24   0.0099  -0.0225   0.0000   0.2286   0.0029   0.1419   0.0986   0.7349   0.6197   0.0591   0.0000  -0.0092   0.1504    0.265
    25   0.0160  -0.0365   0.0000   0.2286   0.0036   0.1420   0.1033   0.7369   0.6214   0.0533   0.0000  -0.0032   0.1452    0.255
    26   0.0235  -0.0534   0.0000   0.2286   0.0042   0.1420   0.1084   0.7378   0.6221   0.0481   0.0000   0.0023   0.1401    0.246
    27   0.0319  -0.0728   0.0000   0.2286   0.0047   0.1415   0.1136   0.7362   0.6208   0.0437   0.0000   0.0071   0.1352    0.238
    28   0.0413  -0.0941   0.0000   0.2286   0.0051   0.1403   0.1190   0.7309   0.6163   0.0399   0.0000   0.0115   0.1300    0.231
    29   0.0513  -0.1168   0.0000   0.2286   0.0053   0.1382   0.1246   0.7204   0.6075   0.0366   0.0000   0.0155   0.1243    0.225
    30   0.0617  -0.1404   0.0000   0.2286   0.0054   0.1349   0.1304   0.7033   0.5931   0.0335   0.0000   0.0194   0.1173    0.217
    31   0.0721  -0.1644   0.0000   0.2286   0.0054   0.1300   0.1363   0.6785   0.5721   0.0305   0.0000   0.0233   0.1089    0.209
    32   0.0825  -0.1880   0.0000   0.2286   0.0053   0.1234   0.1420   0.6445   0.5435   0.0273   0.0000   0.0273   0.0986    0.200
    33   0.0925  -0.2107   0.0000   0.2286   0.0051   0.1150   0.1471   0.6006   0.5064   0.0239   0.0000   0.0313   0.0865    0.188
    34   0.1019  -0.2320   0.0000   0.2286   0.0047   0.1045   0.1511   0.5461   0.4605   0.0202   0.0000   0.0347   0.0729    0.175
    35   0.1103  -0.2514   0.0000   0.2286   0.0042   0.0920   0.1536   0.4813   0.4058   0.0163   0.0000   0.0369   0.0584    0.159
    36   0.1178  -0.2683   0.0000   0.2286   0.0036   0.0777   0.1541   0.4068   0.3431   0.0123   0.0000   0.0371   0.0439    0.142
    37   0.1239  -0.2823   0.0000   0.2286   0.0029   0.0619   0.1525   0.3242   0.2734   0.0083   0.0000   0.0345   0.0304    0.124
    38   0.1287  -0.2932   0.0000   0.2286   0.0021   0.0449   0.1492   0.2355   0.1986   0.0045   0.0000   0.0284   0.0190    0.107
    39   0.1320  -0.3006   0.0000   0.2286   0.0013   0.0272   0.1449   0.1430   0.1206   0.0008   0.0000   0.0188   0.0100    0.094
    40   0.1336  -0.3043   0.0000   0.2286   0.0004   0.0091   0.1424   0.0484   0.0408  -0.0025   0.0000   0.0066   0.0031    0.089
 ---------------------------------------------------------------
