 ---------------------------------------------------------------
 Surface and Strip Forces by surface

  Sref = 0.12540       Cref = 0.20660       Bref = 0.60960    
  Xref = 0.10920       Yref =  0.0000       Zref =  0.0000    

  Surface # 1     Wing                                    
     # Chordwise = 10   # Spanwise = 20     First strip =  1
     Surface area Ssurf =    0.069677     Ave. chord Cave =    0.228600

 Forces referred to Sref, Cref, Bref about Xref, Yref, Zref
 Standard axis orientation,  X fwd, Z down         
     CLsurf  =   0.28967     Clsurf  =  -0.06245
     CYsurf  =   0.00650     Cmsurf  =   0.04539
     CDsurf  =   0.01901     Cnsurf  =  -0.00935
     CDisurf =   0.01901     CDvsurf =   0.00000

 Forces referred to Ssurf, Cave 
     CLsurf  =   0.52132     CDsurf  =   0.03420

 Strip Forces referred to Strip Area, Chord
    j     Xle      Yle      Zle      Chord    Area     c_cl     ai     cl_norm    cl       cd       cdv    cm_c/4     cm_LE   C.P.x/c
     1   0.0001   0.0005   0.0000   0.2286   0.0004   0.1451   0.1067   0.6218   0.5954   0.2842   0.0000  -0.0016  -0.1568    0.253
     2   0.0009   0.0042   0.0000   0.2286   0.0013   0.1451   0.1065   0.6609   0.6328   0.0664   0.0000  -0.0009  -0.1561    0.251
     3   0.0025   0.0116   0.0000   0.2286   0.0021   0.1451   0.1073   0.6632   0.6350   0.0532   0.0000   0.0012  -0.1540    0.248
     4   0.0048   0.0225   0.0000   0.2286   0.0029   0.1451   0.1089   0.6637   0.6355   0.0486   0.0000   0.0041  -0.1511    0.243
     5   0.0078   0.0365   0.0000   0.2286   0.0036   0.1448   0.1111   0.6632   0.6350   0.0452   0.0000   0.0073  -0.1477    0.239
     6   0.0114   0.0534   0.0000   0.2286   0.0042   0.1442   0.1137   0.6611   0.6330   0.0423   0.0000   0.0103  -0.1442    0.234
     7   0.0156   0.0728   0.0000   0.2286   0.0047   0.1431   0.1167   0.6564   0.6285   0.0400   0.0000   0.0131  -0.1403    0.229
     8   0.0201   0.0941   0.0000   0.2286   0.0051   0.1413   0.1200   0.6481   0.6206   0.0379   0.0000   0.0156  -0.1358    0.225
     9   0.0250   0.1168   0.0000   0.2286   0.0053   0.1384   0.1237   0.6353   0.6083   0.0361   0.0000   0.0181  -0.1304    0.220
    10   0.0300   0.1404   0.0000   0.2286   0.0054   0.1344   0.1277   0.6169   0.5907   0.0343   0.0000   0.0206  -0.1236    0.215
    11   0.0352   0.1644   0.0000   0.2286   0.0054   0.1290   0.1319   0.5920   0.5668   0.0325   0.0000   0.0231  -0.1153    0.209
    12   0.0402   0.1880   0.0000   0.2286   0.0053   0.1219   0.1361   0.5597   0.5359   0.0305   0.0000   0.0257  -0.1052    0.202
    13   0.0451   0.2107   0.0000   0.2286   0.0051   0.1131   0.1401   0.5194   0.4973   0.0282   0.0000   0.0282  -0.0934    0.193
    14   0.0496   0.2320   0.0000   0.2286   0.0047   0.1025   0.1435   0.4707   0.4507   0.0255   0.0000   0.0303  -0.0801    0.183
    15   0.0538   0.2514   0.0000   0.2286   0.0042   0.0901   0.1458   0.4138   0.3962   0.0224   0.0000   0.0314  -0.0657    0.171
    16   0.0574   0.2683   0.0000   0.2286   0.0036   0.0760   0.1466   0.3491   0.3343   0.0189   0.0000   0.0310  -0.0510    0.157
    17   0.0604   0.2823   0.0000   0.2286   0.0029   0.0605   0.1458   0.2779   0.2661   0.0150   0.0000   0.0285  -0.0369    0.143
    18   0.0627   0.2932   0.0000   0.2286   0.0021   0.0439   0.1432   0.2017   0.1931   0.0106   0.0000   0.0233  -0.0242    0.130
    19   0.0643   0.3006   0.0000   0.2286   0.0013   0.0266   0.1397   0.1222   0.1170   0.0057   0.0000   0.0154  -0.0134    0.119
    20   0.0651   0.3043   0.0000   0.2286   0.0004   0.0089   0.1373   0.0411   0.0394   0.0007   0.0000   0.0054  -0.0042    0.113

  Surface # 2     Wing (YDUP)                             
     # Chordwise = 10   # Spanwise = 20     First strip = 21
     Surface area Ssurf =    0.069677     Ave. chord Cave =    0.228600

 Forces referred to Sref, Cref, Bref about Xref, Yref, Zref
 Standard axis orientation,  X fwd, Z down         
     CLsurf  =   0.28967     Clsurf  =   0.06245
     CYsurf  =  -0.00650     Cmsurf  =   0.04539
     CDsurf  =   0.01901     Cnsurf  =   0.00935
     CDisurf =   0.01901     CDvsurf =   0.00000

 Forces referred to Ssurf, Cave 
     CLsurf  =   0.52132     CDsurf  =   0.03420

 Strip Forces referred to Strip Area, Chord
    j     Xle      Yle      Zle      Chord    Area     c_cl     ai     cl_norm    cl       cd       cdv    cm_c/4     cm_LE   C.P.x/c
    21   0.0001  -0.0005   0.0000   0.2286   0.0004   0.1451   0.1067   0.6218   0.5954   0.2842   0.0000  -0.0016   0.1568    0.253
    22   0.0009  -0.0042   0.0000   0.2286   0.0013   0.1451   0.1065   0.6609   0.6328   0.0664   0.0000  -0.0009   0.1561    0.251
    23   0.0025  -0.0116   0.0000   0.2286   0.0021   0.1451   0.1073   0.6632   0.6350   0.0532   0.0000   0.0012   0.1540    0.248
    24   0.0048  -0.0225   0.0000   0.2286   0.0029   0.1451   0.1089   0.6637   0.6355   0.0486   0.0000   0.0041   0.1511    0.243
    25   0.0078  -0.0365   0.0000   0.2286   0.0036   0.1448   0.1111   0.6632   0.6350   0.0452   0.0000   0.0073   0.1477    0.239
    26   0.0114  -0.0534   0.0000   0.2286   0.0042   0.1442   0.1137   0.6611   0.6330   0.0423   0.0000   0.0103   0.1442    0.234
    27   0.0156  -0.0728   0.0000   0.2286   0.0047   0.1431   0.1167   0.6564   0.6285   0.0400   0.0000   0.0131   0.1403    0.229
    28   0.0201  -0.0941   0.0000   0.2286   0.0051   0.1413   0.1200   0.6481   0.6206   0.0379   0.0000   0.0156   0.1358    0.225
    29   0.0250  -0.1168   0.0000   0.2286   0.0053   0.1384   0.1237   0.6353   0.6083   0.0361   0.0000   0.0181   0.1304    0.220
    30   0.0300  -0.1404   0.0000   0.2286   0.0054   0.1344   0.1277   0.6169   0.5907   0.0343   0.0000   0.0206   0.1236    0.215
    31   0.0352  -0.1644   0.0000   0.2286   0.0054   0.1290   0.1319   0.5920   0.5668   0.0325   0.0000   0.0231   0.1153    0.209
    32   0.0402  -0.1880   0.0000   0.2286   0.0053   0.1219   0.1361   0.5597   0.5359   0.0305   0.0000   0.0257   0.1052    0.202
    33   0.0451  -0.2107   0.0000   0.2286   0.0051   0.1131   0.1401   0.5194   0.4973   0.0282   0.0000   0.0282   0.0934    0.193
    34   0.0496  -0.2320   0.0000   0.2286   0.0047   0.1025   0.1435   0.4707   0.4507   0.0255   0.0000   0.0303   0.0801    0.183
    35   0.0538  -0.2514   0.0000   0.2286   0.0042   0.0901   0.1458   0.4138   0.3962   0.0224   0.0000   0.0314   0.0657    0.171
    36   0.0574  -0.2683   0.0000   0.2286   0.0036   0.0760   0.1466   0.3491   0.3343   0.0189   0.0000   0.0310   0.0510    0.157
    37   0.0604  -0.2823   0.0000   0.2286   0.0029   0.0605   0.1458   0.2779   0.2661   0.0150   0.0000   0.0285   0.0369    0.143
    38   0.0627  -0.2932   0.0000   0.2286   0.0021   0.0439   0.1432   0.2017   0.1931   0.0106   0.0000   0.0233   0.0242    0.130
    39   0.0643  -0.3006   0.0000   0.2286   0.0013   0.0266   0.1397   0.1222   0.1170   0.0057   0.0000   0.0154   0.0134    0.119
    40   0.0651  -0.3043   0.0000   0.2286   0.0004   0.0089   0.1373   0.0411   0.0394   0.0007   0.0000   0.0054   0.0042    0.113
 ---------------------------------------------------------------
