 ---------------------------------------------------------------
 Surface and Strip Forces by surface

  Sref = 0.11150       Cref = 0.18360       Bref = 0.60960    
  Xref = 0.10920       Yref =  0.0000       Zref =  0.0000    

  Surface # 1     Wing                                    
     # Chordwise = 10   # Spanwise = 20     First strip =  1
     Surface area Ssurf =    0.061935     Ave. chord Cave =    0.203200

 Forces referred to Sref, Cref, Bref about Xref, Yref, Zref
 Standard axis orientation,  X fwd, Z down         
     CLsurf  =   0.32578     Clsurf  =  -0.07111
     CYsurf  =   0.01510     Cmsurf  =   0.02040
     CDsurf  =   0.02198     Cnsurf  =  -0.01449
     CDisurf =   0.02198     CDvsurf =   0.00000

 Forces referred to Ssurf, Cave 
     CLsurf  =   0.58649     CDsurf  =   0.03956

 Strip Forces referred to Strip Area, Chord
    j     Xle      Yle      Zle      Chord    Area     c_cl     ai     cl_norm    cl       cd       cdv    cm_c/4     cm_LE   C.P.x/c
     1   0.0002   0.0005   0.0000   0.2032   0.0004   0.1402   0.0855   0.7055   0.6126   0.4789   0.0000  -0.0218  -0.1806    0.286
     2   0.0017   0.0042   0.0000   0.2032   0.0011   0.1402   0.0874   0.7881   0.6842   0.0948   0.0000  -0.0202  -0.1791    0.280
     3   0.0046   0.0116   0.0000   0.2032   0.0019   0.1403   0.0910   0.7935   0.6889   0.0729   0.0000  -0.0155  -0.1749    0.273
     4   0.0089   0.0225   0.0000   0.2032   0.0025   0.1406   0.0958   0.7966   0.6916   0.0648   0.0000  -0.0093  -0.1694    0.263
     5   0.0145   0.0365   0.0000   0.2032   0.0032   0.1408   0.1010   0.7994   0.6941   0.0581   0.0000  -0.0031  -0.1639    0.255
     6   0.0212   0.0534   0.0000   0.2032   0.0037   0.1409   0.1065   0.8010   0.6955   0.0525   0.0000   0.0024  -0.1589    0.247
     7   0.0289   0.0728   0.0000   0.2032   0.0041   0.1406   0.1120   0.8001   0.6947   0.0478   0.0000   0.0071  -0.1541    0.240
     8   0.0374   0.0941   0.0000   0.2032   0.0045   0.1396   0.1177   0.7952   0.6904   0.0439   0.0000   0.0113  -0.1491    0.234
     9   0.0464   0.1168   0.0000   0.2032   0.0047   0.1376   0.1237   0.7849   0.6815   0.0406   0.0000   0.0151  -0.1434    0.228
    10   0.0558   0.1404   0.0000   0.2032   0.0048   0.1345   0.1300   0.7676   0.6665   0.0376   0.0000   0.0188  -0.1363    0.222
    11   0.0653   0.1644   0.0000   0.2032   0.0048   0.1300   0.1366   0.7420   0.6442   0.0347   0.0000   0.0227  -0.1275    0.215
    12   0.0747   0.1880   0.0000   0.2032   0.0047   0.1237   0.1433   0.7065   0.6134   0.0316   0.0000   0.0268  -0.1165    0.206
    13   0.0837   0.2107   0.0000   0.2032   0.0045   0.1155   0.1496   0.6601   0.5731   0.0282   0.0000   0.0310  -0.1033    0.196
    14   0.0922   0.2320   0.0000   0.2032   0.0041   0.1053   0.1549   0.6019   0.5226   0.0244   0.0000   0.0349  -0.0880    0.183
    15   0.0999   0.2514   0.0000   0.2032   0.0037   0.0930   0.1587   0.5319   0.4618   0.0203   0.0000   0.0377  -0.0713    0.168
    16   0.1066   0.2683   0.0000   0.2032   0.0032   0.0788   0.1604   0.4508   0.3914   0.0159   0.0000   0.0386  -0.0542    0.151
    17   0.1122   0.2823   0.0000   0.2032   0.0025   0.0629   0.1597   0.3600   0.3126   0.0114   0.0000   0.0364  -0.0381    0.134
    18   0.1165   0.2932   0.0000   0.2032   0.0019   0.0457   0.1569   0.2619   0.2274   0.0069   0.0000   0.0303  -0.0240    0.117
    19   0.1194   0.3006   0.0000   0.2032   0.0011   0.0277   0.1527   0.1591   0.1381   0.0023   0.0000   0.0203  -0.0128    0.103
    20   0.1209   0.3043   0.0000   0.2032   0.0004   0.0093   0.1500   0.0538   0.0468  -0.0020   0.0000   0.0071  -0.0040    0.097

  Surface # 2     Wing (YDUP)                             
     # Chordwise = 10   # Spanwise = 20     First strip = 21
     Surface area Ssurf =    0.061935     Ave. chord Cave =    0.203200

 Forces referred to Sref, Cref, Bref about Xref, Yref, Zref
 Standard axis orientation,  X fwd, Z down         
     CLsurf  =   0.32578     Clsurf  =   0.07111
     CYsurf  =  -0.01510     Cmsurf  =   0.02040
     CDsurf  =   0.02198     Cnsurf  =   0.01449
     CDisurf =   0.02198     CDvsurf =   0.00000

 Forces referred to Ssurf, Cave 
     CLsurf  =   0.58649     CDsurf  =   0.03956

 Strip Forces referred to Strip Area, Chord
    j     Xle      Yle      Zle      Chord    Area     c_cl     ai     cl_norm    cl       cd       cdv    cm_c/4     cm_LE   C.P.x/c
    21   0.0002  -0.0005   0.0000   0.2032   0.0004   0.1402   0.0855   0.7055   0.6126   0.4789   0.0000  -0.0218   0.1806    0.286
    22   0.0017  -0.0042   0.0000   0.2032   0.0011   0.1402   0.0874   0.7881   0.6842   0.0948   0.0000  -0.0202   0.1791    0.280
    23   0.0046  -0.0116   0.0000   0.2032   0.0019   0.1403   0.0910   0.7935   0.6889   0.0729   0.0000  -0.0155   0.1749    0.273
    24   0.0089  -0.0225   0.0000   0.2032   0.0025   0.1406   0.0958   0.7966   0.6916   0.0648   0.0000  -0.0093   0.1694    0.263
    25   0.0145  -0.0365   0.0000   0.2032   0.0032   0.1408   0.1010   0.7994   0.6941   0.0581   0.0000  -0.0031   0.1639    0.255
    26   0.0212  -0.0534   0.0000   0.2032   0.0037   0.1409   0.1065   0.8010   0.6955   0.0525   0.0000   0.0024   0.1589    0.247
    27   0.0289  -0.0728   0.0000   0.2032   0.0041   0.1406   0.1120   0.8001   0.6947   0.0478   0.0000   0.0071   0.1541    0.240
    28   0.0374  -0.0941   0.0000   0.2032   0.0045   0.1396   0.1177   0.7952   0.6904   0.0439   0.0000   0.0113   0.1491    0.234
    29   0.0464  -0.1168   0.0000   0.2032   0.0047   0.1376   0.1237   0.7849   0.6815   0.0406   0.0000   0.0151   0.1434    0.228
    30   0.0558  -0.1404   0.0000   0.2032   0.0048   0.1345   0.1300   0.7676   0.6665   0.0376   0.0000   0.0188   0.1363    0.222
    31   0.0653  -0.1644   0.0000   0.2032   0.0048   0.1300   0.1366   0.7420   0.6442   0.0347   0.0000   0.0227   0.1275    0.215
    32   0.0747  -0.1880   0.0000   0.2032   0.0047   0.1237   0.1433   0.7065   0.6134   0.0316   0.0000   0.0268   0.1165    0.206
    33   0.0837  -0.2107   0.0000   0.2032   0.0045   0.1155   0.1496   0.6601   0.5731   0.0282   0.0000   0.0310   0.1033    0.196
    34   0.0922  -0.2320   0.0000   0.2032   0.0041   0.1053   0.1549   0.6019   0.5226   0.0244   0.0000   0.0349   0.0880    0.183
    35   0.0999  -0.2514   0.0000   0.2032   0.0037   0.0930   0.1587   0.5319   0.4618   0.0203   0.0000   0.0377   0.0713    0.168
    36   0.1066  -0.2683   0.0000   0.2032   0.0032   0.0788   0.1604   0.4508   0.3914   0.0159   0.0000   0.0386   0.0542    0.151
    37   0.1122  -0.2823   0.0000   0.2032   0.0025   0.0629   0.1597   0.3600   0.3126   0.0114   0.0000   0.0364   0.0381    0.134
    38   0.1165  -0.2932   0.0000   0.2032   0.0019   0.0457   0.1569   0.2619   0.2274   0.0069   0.0000   0.0303   0.0240    0.117
    39   0.1194  -0.3006   0.0000   0.2032   0.0011   0.0277   0.1527   0.1591   0.1381   0.0023   0.0000   0.0203   0.0128    0.103
    40   0.1209  -0.3043   0.0000   0.2032   0.0004   0.0093   0.1500   0.0538   0.0468  -0.0020   0.0000   0.0071   0.0040    0.097
 ---------------------------------------------------------------
