 ---------------------------------------------------------------
 Surface and Strip Forces by surface

  Sref = 0.18580       Cref = 0.20740       Bref = 0.91440    
  Xref = 0.10920       Yref =  0.0000       Zref =  0.0000    

  Surface # 1     Wing                                    
     # Chordwise = 10   # Spanwise = 20     First strip =  1
     Surface area Ssurf =    0.116129     Ave. chord Cave =    0.254000

 Forces referred to Sref, Cref, Bref about Xref, Yref, Zref
 Standard axis orientation,  X fwd, Z down         
     CLsurf  =   0.19550     Clsurf  =  -0.04233
     CYsurf  =   0.00057     Cmsurf  =   0.04116
     CDsurf  =   0.00550     Cnsurf  =  -0.00232
     CDisurf =   0.00550     CDvsurf =   0.00000

 Forces referred to Ssurf, Cave 
     CLsurf  =   0.31279     CDsurf  =   0.00881

 Strip Forces referred to Strip Area, Chord
    j     Xle      Yle      Zle      Chord    Area     c_cl     ai     cl_norm    cl       cd       cdv    cm_c/4     cm_LE   C.P.x/c
     1   0.0000   0.0007   0.0000   0.2540   0.0007   0.0970   0.0486   0.3821   0.3809   0.0289   0.0000   0.0054  -0.0899    0.236
     2   0.0004   0.0063   0.0000   0.2540   0.0021   0.0970   0.0482   0.3834   0.3822   0.0118   0.0000   0.0056  -0.0897    0.235
     3   0.0010   0.0174   0.0000   0.2540   0.0035   0.0970   0.0482   0.3833   0.3822   0.0108   0.0000   0.0061  -0.0892    0.234
     4   0.0019   0.0337   0.0000   0.2540   0.0048   0.0969   0.0484   0.3830   0.3818   0.0104   0.0000   0.0068  -0.0884    0.232
     5   0.0030   0.0548   0.0000   0.2540   0.0059   0.0966   0.0489   0.3820   0.3809   0.0101   0.0000   0.0074  -0.0876    0.231
     6   0.0045   0.0801   0.0000   0.2540   0.0069   0.0962   0.0497   0.3802   0.3790   0.0098   0.0000   0.0080  -0.0865    0.229
     7   0.0061   0.1092   0.0000   0.2540   0.0078   0.0953   0.0506   0.3769   0.3758   0.0097   0.0000   0.0086  -0.0851    0.227
     8   0.0078   0.1411   0.0000   0.2540   0.0084   0.0940   0.0519   0.3718   0.3707   0.0095   0.0000   0.0092  -0.0833    0.225
     9   0.0097   0.1752   0.0000   0.2540   0.0089   0.0922   0.0534   0.3643   0.3632   0.0094   0.0000   0.0098  -0.0808    0.223
    10   0.0117   0.2107   0.0000   0.2540   0.0091   0.0895   0.0553   0.3539   0.3529   0.0093   0.0000   0.0105  -0.0775    0.220
    11   0.0137   0.2465   0.0000   0.2540   0.0091   0.0860   0.0575   0.3401   0.3390   0.0092   0.0000   0.0114  -0.0731    0.216
    12   0.0157   0.2820   0.0000   0.2540   0.0089   0.0815   0.0599   0.3222   0.3212   0.0090   0.0000   0.0125  -0.0676    0.211
    13   0.0176   0.3161   0.0000   0.2540   0.0084   0.0759   0.0624   0.2998   0.2989   0.0087   0.0000   0.0137  -0.0609    0.204
    14   0.0193   0.3480   0.0000   0.2540   0.0078   0.0690   0.0647   0.2726   0.2717   0.0083   0.0000   0.0149  -0.0529    0.195
    15   0.0209   0.3771   0.0000   0.2540   0.0069   0.0608   0.0665   0.2402   0.2395   0.0076   0.0000   0.0159  -0.0439    0.184
    16   0.0224   0.4024   0.0000   0.2540   0.0059   0.0514   0.0671   0.2029   0.2023   0.0067   0.0000   0.0163  -0.0342    0.170
    17   0.0235   0.4235   0.0000   0.2540   0.0048   0.0409   0.0661   0.1614   0.1609   0.0055   0.0000   0.0156  -0.0246    0.153
    18   0.0244   0.4398   0.0000   0.2540   0.0035   0.0295   0.0633   0.1167   0.1164   0.0040   0.0000   0.0133  -0.0157    0.135
    19   0.0250   0.4509   0.0000   0.2540   0.0021   0.0178   0.0589   0.0703   0.0701   0.0023   0.0000   0.0092  -0.0084    0.119
    20   0.0254   0.4565   0.0000   0.2540   0.0007   0.0059   0.0553   0.0234   0.0234   0.0006   0.0000   0.0033  -0.0026    0.110

  Surface # 2     Wing (YDUP)                             
     # Chordwise = 10   # Spanwise = 20     First strip = 21
     Surface area Ssurf =    0.116129     Ave. chord Cave =    0.254000

 Forces referred to Sref, Cref, Bref about Xref, Yref, Zref
 Standard axis orientation,  X fwd, Z down         
     CLsurf  =   0.19550     Clsurf  =   0.04233
     CYsurf  =  -0.00057     Cmsurf  =   0.04116
     CDsurf  =   0.00550     Cnsurf  =   0.00232
     CDisurf =   0.00550     CDvsurf =   0.00000

 Forces referred to Ssurf, Cave 
     CLsurf  =   0.31279     CDsurf  =   0.00881

 Strip Forces referred to Strip Area, Chord
    j     Xle      Yle      Zle      Chord    Area     c_cl     ai     cl_norm    cl       cd       cdv    cm_c/4     cm_LE   C.P.x/c
    21   0.0000  -0.0007   0.0000   0.2540   0.0007   0.0970   0.0486   0.3821   0.3809   0.0289   0.0000   0.0054   0.0899    0.236
    22   0.0004  -0.0063   0.0000   0.2540   0.0021   0.0970   0.0482   0.3834   0.3822   0.0118   0.0000   0.0056   0.0897    0.235
    23   0.0010  -0.0174   0.0000   0.2540   0.0035   0.0970   0.0482   0.3833   0.3822   0.0108   0.0000   0.0061   0.0892    0.234
    24   0.0019  -0.0337   0.0000   0.2540   0.0048   0.0969   0.0484   0.3830   0.3818   0.0104   0.0000   0.0068   0.0884    0.232
    25   0.0030  -0.0548   0.0000   0.2540   0.0059   0.0966   0.0489   0.3820   0.3809   0.0101   0.0000   0.0074   0.0876    0.231
    26   0.0045  -0.0801   0.0000   0.2540   0.0069   0.0962   0.0497   0.3802   0.3790   0.0098   0.0000   0.0080   0.0865    0.229
    27   0.0061  -0.1092   0.0000   0.2540   0.0078   0.0953   0.0506   0.3769   0.3758   0.0097   0.0000   0.0086   0.0851    0.227
    28   0.0078  -0.1411   0.0000   0.2540   0.0084   0.0940   0.0519   0.3718   0.3707   0.0095   0.0000   0.0092   0.0833    0.225
    29   0.0097  -0.1752   0.0000   0.2540   0.0089   0.0922   0.0534   0.3643   0.3632   0.0094   0.0000   0.0098   0.0808    0.223
    30   0.0117  -0.2107   0.0000   0.2540   0.0091   0.0895   0.0553   0.3539   0.3529   0.0093   0.0000   0.0105   0.0775    0.220
    31   0.0137  -0.2465   0.0000   0.2540   0.0091   0.0860   0.0575   0.3401   0.3390   0.0092   0.0000   0.0114   0.0731    0.216
    32   0.0157  -0.2820   0.0000   0.2540   0.0089   0.0815   0.0599   0.3222   0.3212   0.0090   0.0000   0.0125   0.0676    0.211
    33   0.0176  -0.3161   0.0000   0.2540   0.0084   0.0759   0.0624   0.2998   0.2989   0.0087   0.0000   0.0137   0.0609    0.204
    34   0.0193  -0.3480   0.0000   0.2540   0.0078   0.0690   0.0647   0.2726   0.2717   0.0083   0.0000   0.0149   0.0529    0.195
    35   0.0209  -0.3771   0.0000   0.2540   0.0069   0.0608   0.0665   0.2402   0.2395   0.0076   0.0000   0.0159   0.0439    0.184
    36   0.0224  -0.4024   0.0000   0.2540   0.0059   0.0514   0.0671   0.2029   0.2023   0.0067   0.0000   0.0163   0.0342    0.170
    37   0.0235  -0.4235   0.0000   0.2540   0.0048   0.0409   0.0661   0.1614   0.1609   0.0055   0.0000   0.0156   0.0246    0.153
    38   0.0244  -0.4398   0.0000   0.2540   0.0035   0.0295   0.0633   0.1167   0.1164   0.0040   0.0000   0.0133   0.0157    0.135
    39   0.0250  -0.4509   0.0000   0.2540   0.0021   0.0178   0.0589   0.0703   0.0701   0.0023   0.0000   0.0092   0.0084    0.119
    40   0.0254  -0.4565   0.0000   0.2540   0.0007   0.0059   0.0553   0.0234   0.0234   0.0006   0.0000   0.0033   0.0026    0.110
 ---------------------------------------------------------------
