 ---------------------------------------------------------------
 Surface and Strip Forces by surface

  Sref = 0.13010       Cref = 0.22640       Bref = 0.60960    
  Xref = 0.10920       Yref =  0.0000       Zref =  0.0000    

  Surface # 1     Wing                                    
     # Chordwise = 10   # Spanwise = 20     First strip =  1
     Surface area Ssurf =    0.092903     Ave. chord Cave =    0.304800

 Forces referred to Sref, Cref, Bref about Xref, Yref, Zref
 Standard axis orientation,  X fwd, Z down         
     CLsurf  =   0.27920     Clsurf  =  -0.06001
     CYsurf  =   0.00988     Cmsurf  =  -0.00866
     CDsurf  =   0.01902     Cnsurf  =  -0.01258
     CDisurf =   0.01902     CDvsurf =   0.00000

 Forces referred to Ssurf, Cave 
     CLsurf  =   0.39099     CDsurf  =   0.02664

 Strip Forces referred to Strip Area, Chord
    j     Xle      Yle      Zle      Chord    Area     c_cl     ai     cl_norm    cl       cd       cdv    cm_c/4     cm_LE   C.P.x/c
     1   0.0002   0.0005   0.0000   0.3048   0.0006   0.1466   0.1104   0.4989   0.4264   0.3916   0.0000  -0.0077  -0.1180    0.268
     2   0.0018   0.0042   0.0000   0.3048   0.0017   0.1466   0.1091   0.5571   0.4762   0.0676   0.0000  -0.0070  -0.1174    0.265
     3   0.0048   0.0116   0.0000   0.3048   0.0028   0.1465   0.1094   0.5605   0.4791   0.0477   0.0000  -0.0046  -0.1152    0.260
     4   0.0094   0.0225   0.0000   0.3048   0.0038   0.1464   0.1108   0.5610   0.4795   0.0429   0.0000  -0.0011  -0.1118    0.252
     5   0.0153   0.0365   0.0000   0.3048   0.0047   0.1462   0.1131   0.5606   0.4792   0.0394   0.0000   0.0030  -0.1078    0.244
     6   0.0223   0.0534   0.0000   0.3048   0.0055   0.1456   0.1159   0.5589   0.4777   0.0362   0.0000   0.0071  -0.1036    0.235
     7   0.0304   0.0728   0.0000   0.3048   0.0062   0.1444   0.1190   0.5549   0.4743   0.0332   0.0000   0.0110  -0.0991    0.227
     8   0.0393   0.0941   0.0000   0.3048   0.0067   0.1425   0.1224   0.5478   0.4682   0.0305   0.0000   0.0147  -0.0943    0.219
     9   0.0488   0.1168   0.0000   0.3048   0.0071   0.1394   0.1259   0.5365   0.4586   0.0279   0.0000   0.0181  -0.0888    0.210
    10   0.0587   0.1404   0.0000   0.3048   0.0073   0.1351   0.1293   0.5202   0.4446   0.0254   0.0000   0.0214  -0.0825    0.202
    11   0.0687   0.1644   0.0000   0.3048   0.0073   0.1293   0.1326   0.4981   0.4257   0.0228   0.0000   0.0246  -0.0752    0.192
    12   0.0786   0.1880   0.0000   0.3048   0.0071   0.1218   0.1355   0.4695   0.4013   0.0202   0.0000   0.0275  -0.0669    0.182
    13   0.0881   0.2107   0.0000   0.3048   0.0067   0.1126   0.1376   0.4341   0.3710   0.0175   0.0000   0.0299  -0.0576    0.169
    14   0.0970   0.2320   0.0000   0.3048   0.0062   0.1016   0.1389   0.3918   0.3349   0.0147   0.0000   0.0316  -0.0477    0.156
    15   0.1051   0.2514   0.0000   0.3048   0.0055   0.0888   0.1389   0.3429   0.2931   0.0118   0.0000   0.0321  -0.0376    0.141
    16   0.1121   0.2683   0.0000   0.3048   0.0047   0.0746   0.1375   0.2882   0.2463   0.0089   0.0000   0.0309  -0.0279    0.125
    17   0.1180   0.2823   0.0000   0.3048   0.0038   0.0591   0.1348   0.2286   0.1954   0.0060   0.0000   0.0276  -0.0193    0.109
    18   0.1226   0.2932   0.0000   0.3048   0.0028   0.0428   0.1312   0.1656   0.1415   0.0032   0.0000   0.0220  -0.0121    0.094
    19   0.1256   0.3006   0.0000   0.3048   0.0017   0.0258   0.1274   0.1003   0.0857   0.0004   0.0000   0.0143  -0.0064    0.084
    20   0.1272   0.3043   0.0000   0.3048   0.0006   0.0086   0.1255   0.0339   0.0290  -0.0018   0.0000   0.0049  -0.0020    0.080

  Surface # 2     Wing (YDUP)                             
     # Chordwise = 10   # Spanwise = 20     First strip = 21
     Surface area Ssurf =    0.092903     Ave. chord Cave =    0.304800

 Forces referred to Sref, Cref, Bref about Xref, Yref, Zref
 Standard axis orientation,  X fwd, Z down         
     CLsurf  =   0.27920     Clsurf  =   0.06001
     CYsurf  =  -0.00988     Cmsurf  =  -0.00866
     CDsurf  =   0.01902     Cnsurf  =   0.01258
     CDisurf =   0.01902     CDvsurf =   0.00000

 Forces referred to Ssurf, Cave 
     CLsurf  =   0.39099     CDsurf  =   0.02664

 Strip Forces referred to Strip Area, Chord
    j     Xle      Yle      Zle      Chord    Area     c_cl     ai     cl_norm    cl       cd       cdv    cm_c/4     cm_LE   C.P.x/c
    21   0.0002  -0.0005   0.0000   0.3048   0.0006   0.1466   0.1104   0.4989   0.4264   0.3916   0.0000  -0.0077   0.1180    0.268
    22   0.0018  -0.0042   0.0000   0.3048   0.0017   0.1466   0.1091   0.5571   0.4762   0.0676   0.0000  -0.0070   0.1174    0.265
    23   0.0048  -0.0116   0.0000   0.3048   0.0028   0.1465   0.1094   0.5605   0.4791   0.0477   0.0000  -0.0046   0.1152    0.260
    24   0.0094  -0.0225   0.0000   0.3048   0.0038   0.1464   0.1108   0.5610   0.4795   0.0429   0.0000  -0.0011   0.1118    0.252
    25   0.0153  -0.0365   0.0000   0.3048   0.0047   0.1462   0.1131   0.5606   0.4792   0.0394   0.0000   0.0030   0.1078    0.244
    26   0.0223  -0.0534   0.0000   0.3048   0.0055   0.1456   0.1159   0.5589   0.4777   0.0362   0.0000   0.0071   0.1036    0.235
    27   0.0304  -0.0728   0.0000   0.3048   0.0062   0.1444   0.1190   0.5549   0.4743   0.0332   0.0000   0.0110   0.0991    0.227
    28   0.0393  -0.0941   0.0000   0.3048   0.0067   0.1425   0.1224   0.5478   0.4682   0.0305   0.0000   0.0147   0.0943    0.219
    29   0.0488  -0.1168   0.0000   0.3048   0.0071   0.1394   0.1259   0.5365   0.4586   0.0279   0.0000   0.0181   0.0888    0.210
    30   0.0587  -0.1404   0.0000   0.3048   0.0073   0.1351   0.1293   0.5202   0.4446   0.0254   0.0000   0.0214   0.0825    0.202
    31   0.0687  -0.1644   0.0000   0.3048   0.0073   0.1293   0.1326   0.4981   0.4257   0.0228   0.0000   0.0246   0.0752    0.192
    32   0.0786  -0.1880   0.0000   0.3048   0.0071   0.1218   0.1355   0.4695   0.4013   0.0202   0.0000   0.0275   0.0669    0.182
    33   0.0881  -0.2107   0.0000   0.3048   0.0067   0.1126   0.1376   0.4341   0.3710   0.0175   0.0000   0.0299   0.0576    0.169
    34   0.0970  -0.2320   0.0000   0.3048   0.0062   0.1016   0.1389   0.3918   0.3349   0.0147   0.0000   0.0316   0.0477    0.156
    35   0.1051  -0.2514   0.0000   0.3048   0.0055   0.0888   0.1389   0.3429   0.2931   0.0118   0.0000   0.0321   0.0376    0.141
    36   0.1121  -0.2683   0.0000   0.3048   0.0047   0.0746   0.1375   0.2882   0.2463   0.0089   0.0000   0.0309   0.0279    0.125
    37   0.1180  -0.2823   0.0000   0.3048   0.0038   0.0591   0.1348   0.2286   0.1954   0.0060   0.0000   0.0276   0.0193    0.109
    38   0.1226  -0.2932   0.0000   0.3048   0.0028   0.0428   0.1312   0.1656   0.1415   0.0032   0.0000   0.0220   0.0121    0.094
    39   0.1256  -0.3006   0.0000   0.3048   0.0017   0.0258   0.1274   0.1003   0.0857   0.0004   0.0000   0.0143   0.0064    0.084
    40   0.1272  -0.3043   0.0000   0.3048   0.0006   0.0086   0.1255   0.0339   0.0290  -0.0018   0.0000   0.0049   0.0020    0.080
 ---------------------------------------------------------------
