 ---------------------------------------------------------------
 Surface and Strip Forces by surface

  Sref = 0.16260       Cref = 0.18870       Bref = 0.91440    
  Xref = 0.10920       Yref =  0.0000       Zref =  0.0000    

  Surface # 1     Wing                                    
     # Chordwise = 10   # Spanwise = 20     First strip =  1
     Surface area Ssurf =    0.116129     Ave. chord Cave =    0.254000

 Forces referred to Sref, Cref, Bref about Xref, Yref, Zref
 Standard axis orientation,  X fwd, Z down         
     CLsurf  =   0.22340     Clsurf  =  -0.04914
     CYsurf  =   0.00413     Cmsurf  =  -0.01961
     CDsurf  =   0.00667     Cnsurf  =  -0.00418
     CDisurf =   0.00667     CDvsurf =   0.00000

 Forces referred to Ssurf, Cave 
     CLsurf  =   0.31279     CDsurf  =   0.00934

 Strip Forces referred to Strip Area, Chord
    j     Xle      Yle      Zle      Chord    Area     c_cl     ai     cl_norm    cl       cd       cdv    cm_c/4     cm_LE   C.P.x/c
     1   0.0002   0.0007   0.0000   0.2540   0.0007   0.0931   0.0394   0.4023   0.3584   0.1141   0.0000  -0.0110  -0.0968    0.281
     2   0.0022   0.0063   0.0000   0.2540   0.0021   0.0931   0.0380   0.4107   0.3659   0.0221   0.0000  -0.0099  -0.0958    0.277
     3   0.0061   0.0174   0.0000   0.2540   0.0035   0.0931   0.0386   0.4113   0.3665   0.0173   0.0000  -0.0070  -0.0931    0.269
     4   0.0118   0.0337   0.0000   0.2540   0.0048   0.0933   0.0405   0.4121   0.3672   0.0153   0.0000  -0.0034  -0.0898    0.259
     5   0.0192   0.0548   0.0000   0.2540   0.0059   0.0934   0.0429   0.4131   0.3680   0.0136   0.0000   0.0000  -0.0867    0.250
     6   0.0281   0.0801   0.0000   0.2540   0.0069   0.0936   0.0455   0.4137   0.3686   0.0122   0.0000   0.0029  -0.0842    0.242
     7   0.0383   0.1092   0.0000   0.2540   0.0078   0.0934   0.0482   0.4133   0.3682   0.0110   0.0000   0.0051  -0.0819    0.236
     8   0.0496   0.1411   0.0000   0.2540   0.0084   0.0929   0.0509   0.4111   0.3662   0.0101   0.0000   0.0070  -0.0797    0.231
     9   0.0616   0.1752   0.0000   0.2540   0.0089   0.0918   0.0538   0.4063   0.3619   0.0094   0.0000   0.0086  -0.0771    0.226
    10   0.0740   0.2107   0.0000   0.2540   0.0091   0.0900   0.0570   0.3981   0.3547   0.0088   0.0000   0.0103  -0.0738    0.221
    11   0.0866   0.2465   0.0000   0.2540   0.0091   0.0872   0.0605   0.3858   0.3437   0.0083   0.0000   0.0121  -0.0696    0.215
    12   0.0990   0.2820   0.0000   0.2540   0.0089   0.0832   0.0641   0.3684   0.3282   0.0076   0.0000   0.0141  -0.0640    0.207
    13   0.1110   0.3161   0.0000   0.2540   0.0084   0.0780   0.0677   0.3452   0.3075   0.0069   0.0000   0.0163  -0.0570    0.197
    14   0.1223   0.3480   0.0000   0.2540   0.0078   0.0713   0.0708   0.3155   0.2811   0.0061   0.0000   0.0187  -0.0486    0.184
    15   0.1325   0.3771   0.0000   0.2540   0.0069   0.0630   0.0728   0.2791   0.2486   0.0050   0.0000   0.0208  -0.0390    0.167
    16   0.1414   0.4024   0.0000   0.2540   0.0059   0.0534   0.0731   0.2362   0.2105   0.0039   0.0000   0.0219  -0.0288    0.146
    17   0.1488   0.4235   0.0000   0.2540   0.0048   0.0424   0.0712   0.1879   0.1674   0.0027   0.0000   0.0215  -0.0192    0.122
    18   0.1545   0.4398   0.0000   0.2540   0.0035   0.0307   0.0672   0.1358   0.1210   0.0014   0.0000   0.0185  -0.0110    0.097
    19   0.1584   0.4509   0.0000   0.2540   0.0021   0.0184   0.0617   0.0818   0.0728   0.0001   0.0000   0.0127  -0.0052    0.076
    20   0.1604   0.4565   0.0000   0.2540   0.0007   0.0061   0.0579   0.0273   0.0243  -0.0009   0.0000   0.0045  -0.0014    0.064

  Surface # 2     Wing (YDUP)                             
     # Chordwise = 10   # Spanwise = 20     First strip = 21
     Surface area Ssurf =    0.116129     Ave. chord Cave =    0.254000

 Forces referred to Sref, Cref, Bref about Xref, Yref, Zref
 Standard axis orientation,  X fwd, Z down         
     CLsurf  =   0.22340     Clsurf  =   0.04914
     CYsurf  =  -0.00413     Cmsurf  =  -0.01961
     CDsurf  =   0.00667     Cnsurf  =   0.00418
     CDisurf =   0.00667     CDvsurf =   0.00000

 Forces referred to Ssurf, Cave 
     CLsurf  =   0.31279     CDsurf  =   0.00934

 Strip Forces referred to Strip Area, Chord
    j     Xle      Yle      Zle      Chord    Area     c_cl     ai     cl_norm    cl       cd       cdv    cm_c/4     cm_LE   C.P.x/c
    21   0.0002  -0.0007   0.0000   0.2540   0.0007   0.0931   0.0394   0.4023   0.3584   0.1141   0.0000  -0.0110   0.0968    0.281
    22   0.0022  -0.0063   0.0000   0.2540   0.0021   0.0931   0.0380   0.4107   0.3659   0.0221   0.0000  -0.0099   0.0958    0.277
    23   0.0061  -0.0174   0.0000   0.2540   0.0035   0.0931   0.0386   0.4113   0.3665   0.0173   0.0000  -0.0070   0.0931    0.269
    24   0.0118  -0.0337   0.0000   0.2540   0.0048   0.0933   0.0405   0.4121   0.3672   0.0153   0.0000  -0.0034   0.0898    0.259
    25   0.0192  -0.0548   0.0000   0.2540   0.0059   0.0934   0.0429   0.4131   0.3680   0.0136   0.0000   0.0000   0.0867    0.250
    26   0.0281  -0.0801   0.0000   0.2540   0.0069   0.0936   0.0455   0.4137   0.3686   0.0122   0.0000   0.0029   0.0842    0.242
    27   0.0383  -0.1092   0.0000   0.2540   0.0078   0.0934   0.0482   0.4133   0.3682   0.0110   0.0000   0.0051   0.0819    0.236
    28   0.0496  -0.1411   0.0000   0.2540   0.0084   0.0929   0.0509   0.4111   0.3662   0.0101   0.0000   0.0070   0.0797    0.231
    29   0.0616  -0.1752   0.0000   0.2540   0.0089   0.0918   0.0538   0.4063   0.3619   0.0094   0.0000   0.0086   0.0771    0.226
    30   0.0740  -0.2107   0.0000   0.2540   0.0091   0.0900   0.0570   0.3981   0.3547   0.0088   0.0000   0.0103   0.0738    0.221
    31   0.0866  -0.2465   0.0000   0.2540   0.0091   0.0872   0.0605   0.3858   0.3437   0.0083   0.0000   0.0121   0.0696    0.215
    32   0.0990  -0.2820   0.0000   0.2540   0.0089   0.0832   0.0641   0.3684   0.3282   0.0076   0.0000   0.0141   0.0640    0.207
    33   0.1110  -0.3161   0.0000   0.2540   0.0084   0.0780   0.0677   0.3452   0.3075   0.0069   0.0000   0.0163   0.0570    0.197
    34   0.1223  -0.3480   0.0000   0.2540   0.0078   0.0713   0.0708   0.3155   0.2811   0.0061   0.0000   0.0187   0.0486    0.184
    35   0.1325  -0.3771   0.0000   0.2540   0.0069   0.0630   0.0728   0.2791   0.2486   0.0050   0.0000   0.0208   0.0390    0.167
    36   0.1414  -0.4024   0.0000   0.2540   0.0059   0.0534   0.0731   0.2362   0.2105   0.0039   0.0000   0.0219   0.0288    0.146
    37   0.1488  -0.4235   0.0000   0.2540   0.0048   0.0424   0.0712   0.1879   0.1674   0.0027   0.0000   0.0215   0.0192    0.122
    38   0.1545  -0.4398   0.0000   0.2540   0.0035   0.0307   0.0672   0.1358   0.1210   0.0014   0.0000   0.0185   0.0110    0.097
    39   0.1584  -0.4509   0.0000   0.2540   0.0021   0.0184   0.0617   0.0818   0.0728   0.0001   0.0000   0.0127   0.0052    0.076
    40   0.1604  -0.4565   0.0000   0.2540   0.0007   0.0061   0.0579   0.0273   0.0243  -0.0009   0.0000   0.0045   0.0014    0.064
 ---------------------------------------------------------------
