 ---------------------------------------------------------------
 Surface and Strip Forces by surface

  Sref = 0.14860       Cref = 0.18360       Bref = 0.81280    
  Xref = 0.10920       Yref =  0.0000       Zref =  0.0000    

  Surface # 1     Wing                                    
     # Chordwise = 10   # Spanwise = 20     First strip =  1
     Surface area Ssurf =    0.082580     Ave. chord Cave =    0.203200

 Forces referred to Sref, Cref, Bref about Xref, Yref, Zref
 Standard axis orientation,  X fwd, Z down         
     CLsurf  =   0.24444     Clsurf  =  -0.05332
     CYsurf  =   0.00209     Cmsurf  =   0.05880
     CDsurf  =   0.00883     Cnsurf  =  -0.00446
     CDisurf =   0.00883     CDvsurf =   0.00000

 Forces referred to Ssurf, Cave 
     CLsurf  =   0.43987     CDsurf  =   0.01589

 Strip Forces referred to Strip Area, Chord
    j     Xle      Yle      Zle      Chord    Area     c_cl     ai     cl_norm    cl       cd       cdv    cm_c/4     cm_LE   C.P.x/c
     1   0.0001   0.0006   0.0000   0.2032   0.0005   0.1071   0.0565   0.5281   0.5216   0.0780   0.0000   0.0007  -0.1303    0.249
     2   0.0006   0.0056   0.0000   0.2032   0.0015   0.1071   0.0562   0.5342   0.5276   0.0248   0.0000   0.0012  -0.1297    0.248
     3   0.0017   0.0155   0.0000   0.2032   0.0025   0.1071   0.0567   0.5345   0.5279   0.0215   0.0000   0.0027  -0.1283    0.245
     4   0.0034   0.0299   0.0000   0.2032   0.0034   0.1071   0.0577   0.5346   0.5280   0.0199   0.0000   0.0044  -0.1265    0.242
     5   0.0055   0.0487   0.0000   0.2032   0.0042   0.1069   0.0590   0.5341   0.5275   0.0187   0.0000   0.0060  -0.1248    0.239
     6   0.0080   0.0712   0.0000   0.2032   0.0049   0.1066   0.0606   0.5326   0.5260   0.0178   0.0000   0.0074  -0.1230    0.236
     7   0.0109   0.0970   0.0000   0.2032   0.0055   0.1060   0.0624   0.5294   0.5229   0.0172   0.0000   0.0085  -0.1211    0.234
     8   0.0141   0.1254   0.0000   0.2032   0.0060   0.1048   0.0645   0.5237   0.5172   0.0168   0.0000   0.0096  -0.1186    0.231
     9   0.0175   0.1558   0.0000   0.2032   0.0063   0.1030   0.0670   0.5148   0.5085   0.0165   0.0000   0.0106  -0.1154    0.229
    10   0.0211   0.1873   0.0000   0.2032   0.0065   0.1005   0.0700   0.5019   0.4957   0.0162   0.0000   0.0118  -0.1111    0.226
    11   0.0246   0.2191   0.0000   0.2032   0.0065   0.0969   0.0735   0.4842   0.4782   0.0160   0.0000   0.0132  -0.1054    0.222
    12   0.0282   0.2506   0.0000   0.2032   0.0063   0.0922   0.0774   0.4608   0.4551   0.0156   0.0000   0.0148  -0.0981    0.218
    13   0.0316   0.2810   0.0000   0.2032   0.0060   0.0863   0.0816   0.4308   0.4255   0.0151   0.0000   0.0167  -0.0889    0.211
    14   0.0348   0.3094   0.0000   0.2032   0.0055   0.0788   0.0856   0.3936   0.3887   0.0144   0.0000   0.0186  -0.0778    0.202
    15   0.0377   0.3352   0.0000   0.2032   0.0049   0.0698   0.0891   0.3486   0.3443   0.0133   0.0000   0.0204  -0.0651    0.191
    16   0.0402   0.3577   0.0000   0.2032   0.0042   0.0593   0.0912   0.2961   0.2924   0.0117   0.0000   0.0214  -0.0512    0.177
    17   0.0423   0.3765   0.0000   0.2032   0.0034   0.0474   0.0915   0.2367   0.2338   0.0097   0.0000   0.0209  -0.0372    0.160
    18   0.0440   0.3909   0.0000   0.2032   0.0025   0.0345   0.0894   0.1720   0.1699   0.0072   0.0000   0.0182  -0.0241    0.143
    19   0.0451   0.4008   0.0000   0.2032   0.0015   0.0208   0.0852   0.1041   0.1028   0.0042   0.0000   0.0126  -0.0130    0.127
    20   0.0456   0.4058   0.0000   0.2032   0.0005   0.0070   0.0816   0.0348   0.0344   0.0010   0.0000   0.0045  -0.0040    0.118

  Surface # 2     Wing (YDUP)                             
     # Chordwise = 10   # Spanwise = 20     First strip = 21
     Surface area Ssurf =    0.082580     Ave. chord Cave =    0.203200

 Forces referred to Sref, Cref, Bref about Xref, Yref, Zref
 Standard axis orientation,  X fwd, Z down         
     CLsurf  =   0.24444     Clsurf  =   0.05332
     CYsurf  =  -0.00209     Cmsurf  =   0.05880
     CDsurf  =   0.00883     Cnsurf  =   0.00446
     CDisurf =   0.00883     CDvsurf =   0.00000

 Forces referred to Ssurf, Cave 
     CLsurf  =   0.43987     CDsurf  =   0.01589

 Strip Forces referred to Strip Area, Chord
    j     Xle      Yle      Zle      Chord    Area     c_cl     ai     cl_norm    cl       cd       cdv    cm_c/4     cm_LE   C.P.x/c
    21   0.0001  -0.0006   0.0000   0.2032   0.0005   0.1071   0.0565   0.5281   0.5216   0.0780   0.0000   0.0007   0.1303    0.249
    22   0.0006  -0.0056   0.0000   0.2032   0.0015   0.1071   0.0562   0.5342   0.5276   0.0248   0.0000   0.0012   0.1297    0.248
    23   0.0017  -0.0155   0.0000   0.2032   0.0025   0.1071   0.0567   0.5345   0.5279   0.0215   0.0000   0.0027   0.1283    0.245
    24   0.0034  -0.0299   0.0000   0.2032   0.0034   0.1071   0.0577   0.5346   0.5280   0.0199   0.0000   0.0044   0.1265    0.242
    25   0.0055  -0.0487   0.0000   0.2032   0.0042   0.1069   0.0590   0.5341   0.5275   0.0187   0.0000   0.0060   0.1248    0.239
    26   0.0080  -0.0712   0.0000   0.2032   0.0049   0.1066   0.0606   0.5326   0.5260   0.0178   0.0000   0.0074   0.1230    0.236
    27   0.0109  -0.0970   0.0000   0.2032   0.0055   0.1060   0.0624   0.5294   0.5229   0.0172   0.0000   0.0085   0.1211    0.234
    28   0.0141  -0.1254   0.0000   0.2032   0.0060   0.1048   0.0645   0.5237   0.5172   0.0168   0.0000   0.0096   0.1186    0.231
    29   0.0175  -0.1558   0.0000   0.2032   0.0063   0.1030   0.0670   0.5148   0.5085   0.0165   0.0000   0.0106   0.1154    0.229
    30   0.0211  -0.1873   0.0000   0.2032   0.0065   0.1005   0.0700   0.5019   0.4957   0.0162   0.0000   0.0118   0.1111    0.226
    31   0.0246  -0.2191   0.0000   0.2032   0.0065   0.0969   0.0735   0.4842   0.4782   0.0160   0.0000   0.0132   0.1054    0.222
    32   0.0282  -0.2506   0.0000   0.2032   0.0063   0.0922   0.0774   0.4608   0.4551   0.0156   0.0000   0.0148   0.0981    0.218
    33   0.0316  -0.2810   0.0000   0.2032   0.0060   0.0863   0.0816   0.4308   0.4255   0.0151   0.0000   0.0167   0.0889    0.211
    34   0.0348  -0.3094   0.0000   0.2032   0.0055   0.0788   0.0856   0.3936   0.3887   0.0144   0.0000   0.0186   0.0778    0.202
    35   0.0377  -0.3352   0.0000   0.2032   0.0049   0.0698   0.0891   0.3486   0.3443   0.0133   0.0000   0.0204   0.0651    0.191
    36   0.0402  -0.3577   0.0000   0.2032   0.0042   0.0593   0.0912   0.2961   0.2924   0.0117   0.0000   0.0214   0.0512    0.177
    37   0.0423  -0.3765   0.0000   0.2032   0.0034   0.0474   0.0915   0.2367   0.2338   0.0097   0.0000   0.0209   0.0372    0.160
    38   0.0440  -0.3909   0.0000   0.2032   0.0025   0.0345   0.0894   0.1720   0.1699   0.0072   0.0000   0.0182   0.0241    0.143
    39   0.0451  -0.4008   0.0000   0.2032   0.0015   0.0208   0.0852   0.1041   0.1028   0.0042   0.0000   0.0126   0.0130    0.127
    40   0.0456  -0.4058   0.0000   0.2032   0.0005   0.0070   0.0816   0.0348   0.0344   0.0010   0.0000   0.0045   0.0040    0.118
 ---------------------------------------------------------------
