 ---------------------------------------------------------------
 Surface and Strip Forces by surface

  Sref = 0.83600E-01   Cref = 0.15750       Bref = 0.60960    
  Xref = 0.10920       Yref =  0.0000       Zref =  0.0000    

  Surface # 1     Wing                                    
     # Chordwise = 10   # Spanwise = 20     First strip =  1
     Surface area Ssurf =    0.069677     Ave. chord Cave =    0.228600

 Forces referred to Sref, Cref, Bref about Xref, Yref, Zref
 Standard axis orientation,  X fwd, Z down         
     CLsurf  =   0.43450     Clsurf  =  -0.09376
     CYsurf  =   0.01083     Cmsurf  =   0.08052
     CDsurf  =   0.02863     Cnsurf  =  -0.01460
     CDisurf =   0.02863     CDvsurf =   0.00000

 Forces referred to Ssurf, Cave 
     CLsurf  =   0.52132     CDsurf  =   0.03435

 Strip Forces referred to Strip Area, Chord
    j     Xle      Yle      Zle      Chord    Area     c_cl     ai     cl_norm    cl       cd       cdv    cm_c/4     cm_LE   C.P.x/c
     1   0.0001   0.0005   0.0000   0.2286   0.0004   0.1448   0.1052   0.6220   0.5897   0.3079   0.0000  -0.0037  -0.1576    0.256
     2   0.0010   0.0042   0.0000   0.2286   0.0013   0.1448   0.1051   0.6654   0.6308   0.0691   0.0000  -0.0029  -0.1569    0.255
     3   0.0028   0.0116   0.0000   0.2286   0.0021   0.1448   0.1061   0.6680   0.6333   0.0547   0.0000  -0.0005  -0.1546    0.251
     4   0.0053   0.0225   0.0000   0.2286   0.0029   0.1447   0.1079   0.6686   0.6339   0.0498   0.0000   0.0027  -0.1514    0.246
     5   0.0087   0.0365   0.0000   0.2286   0.0036   0.1445   0.1103   0.6683   0.6337   0.0461   0.0000   0.0062  -0.1478    0.240
     6   0.0127   0.0534   0.0000   0.2286   0.0042   0.1440   0.1132   0.6665   0.6319   0.0430   0.0000   0.0095  -0.1440    0.235
     7   0.0173   0.0728   0.0000   0.2286   0.0047   0.1430   0.1164   0.6621   0.6277   0.0403   0.0000   0.0125  -0.1400    0.230
     8   0.0223   0.0941   0.0000   0.2286   0.0051   0.1412   0.1199   0.6541   0.6202   0.0381   0.0000   0.0153  -0.1354    0.225
     9   0.0277   0.1168   0.0000   0.2286   0.0053   0.1384   0.1238   0.6415   0.6083   0.0361   0.0000   0.0179  -0.1299    0.221
    10   0.0334   0.1404   0.0000   0.2286   0.0054   0.1345   0.1279   0.6233   0.5910   0.0342   0.0000   0.0206  -0.1231    0.215
    11   0.0390   0.1644   0.0000   0.2286   0.0054   0.1291   0.1323   0.5984   0.5674   0.0322   0.0000   0.0233  -0.1147    0.209
    12   0.0447   0.1880   0.0000   0.2286   0.0053   0.1221   0.1367   0.5660   0.5367   0.0301   0.0000   0.0260  -0.1046    0.202
    13   0.0501   0.2107   0.0000   0.2286   0.0051   0.1133   0.1408   0.5255   0.4982   0.0277   0.0000   0.0286  -0.0927    0.193
    14   0.0551   0.2320   0.0000   0.2286   0.0047   0.1027   0.1443   0.4764   0.4517   0.0249   0.0000   0.0308  -0.0793    0.182
    15   0.0597   0.2514   0.0000   0.2286   0.0042   0.0903   0.1466   0.4189   0.3971   0.0218   0.0000   0.0321  -0.0649    0.169
    16   0.0637   0.2683   0.0000   0.2286   0.0036   0.0762   0.1474   0.3535   0.3352   0.0182   0.0000   0.0317  -0.0502    0.155
    17   0.0671   0.2823   0.0000   0.2286   0.0029   0.0607   0.1464   0.2814   0.2668   0.0143   0.0000   0.0291  -0.0362    0.141
    18   0.0696   0.2932   0.0000   0.2286   0.0021   0.0440   0.1438   0.2042   0.1937   0.0100   0.0000   0.0238  -0.0236    0.127
    19   0.0714   0.3006   0.0000   0.2286   0.0013   0.0266   0.1401   0.1238   0.1174   0.0052   0.0000   0.0158  -0.0130    0.116
    20   0.0723   0.3043   0.0000   0.2286   0.0004   0.0089   0.1378   0.0417   0.0395   0.0004   0.0000   0.0055  -0.0041    0.110

  Surface # 2     Wing (YDUP)                             
     # Chordwise = 10   # Spanwise = 20     First strip = 21
     Surface area Ssurf =    0.069677     Ave. chord Cave =    0.228600

 Forces referred to Sref, Cref, Bref about Xref, Yref, Zref
 Standard axis orientation,  X fwd, Z down         
     CLsurf  =   0.43450     Clsurf  =   0.09376
     CYsurf  =  -0.01083     Cmsurf  =   0.08052
     CDsurf  =   0.02863     Cnsurf  =   0.01460
     CDisurf =   0.02863     CDvsurf =   0.00000

 Forces referred to Ssurf, Cave 
     CLsurf  =   0.52132     CDsurf  =   0.03435

 Strip Forces referred to Strip Area, Chord
    j     Xle      Yle      Zle      Chord    Area     c_cl     ai     cl_norm    cl       cd       cdv    cm_c/4     cm_LE   C.P.x/c
    21   0.0001  -0.0005   0.0000   0.2286   0.0004   0.1448   0.1052   0.6220   0.5897   0.3079   0.0000  -0.0037   0.1576    0.256
    22   0.0010  -0.0042   0.0000   0.2286   0.0013   0.1448   0.1051   0.6654   0.6308   0.0691   0.0000  -0.0029   0.1569    0.255
    23   0.0028  -0.0116   0.0000   0.2286   0.0021   0.1448   0.1061   0.6680   0.6333   0.0547   0.0000  -0.0005   0.1546    0.251
    24   0.0053  -0.0225   0.0000   0.2286   0.0029   0.1447   0.1079   0.6686   0.6339   0.0498   0.0000   0.0027   0.1514    0.246
    25   0.0087  -0.0365   0.0000   0.2286   0.0036   0.1445   0.1103   0.6683   0.6337   0.0461   0.0000   0.0062   0.1478    0.240
    26   0.0127  -0.0534   0.0000   0.2286   0.0042   0.1440   0.1132   0.6665   0.6319   0.0430   0.0000   0.0095   0.1440    0.235
    27   0.0173  -0.0728   0.0000   0.2286   0.0047   0.1430   0.1164   0.6621   0.6277   0.0403   0.0000   0.0125   0.1400    0.230
    28   0.0223  -0.0941   0.0000   0.2286   0.0051   0.1412   0.1199   0.6541   0.6202   0.0381   0.0000   0.0153   0.1354    0.225
    29   0.0277  -0.1168   0.0000   0.2286   0.0053   0.1384   0.1238   0.6415   0.6083   0.0361   0.0000   0.0179   0.1299    0.221
    30   0.0334  -0.1404   0.0000   0.2286   0.0054   0.1345   0.1279   0.6233   0.5910   0.0342   0.0000   0.0206   0.1231    0.215
    31   0.0390  -0.1644   0.0000   0.2286   0.0054   0.1291   0.1323   0.5984   0.5674   0.0322   0.0000   0.0233   0.1147    0.209
    32   0.0447  -0.1880   0.0000   0.2286   0.0053   0.1221   0.1367   0.5660   0.5367   0.0301   0.0000   0.0260   0.1046    0.202
    33   0.0501  -0.2107   0.0000   0.2286   0.0051   0.1133   0.1408   0.5255   0.4982   0.0277   0.0000   0.0286   0.0927    0.193
    34   0.0551  -0.2320   0.0000   0.2286   0.0047   0.1027   0.1443   0.4764   0.4517   0.0249   0.0000   0.0308   0.0793    0.182
    35   0.0597  -0.2514   0.0000   0.2286   0.0042   0.0903   0.1466   0.4189   0.3971   0.0218   0.0000   0.0321   0.0649    0.169
    36   0.0637  -0.2683   0.0000   0.2286   0.0036   0.0762   0.1474   0.3535   0.3352   0.0182   0.0000   0.0317   0.0502    0.155
    37   0.0671  -0.2823   0.0000   0.2286   0.0029   0.0607   0.1464   0.2814   0.2668   0.0143   0.0000   0.0291   0.0362    0.141
    38   0.0696  -0.2932   0.0000   0.2286   0.0021   0.0440   0.1438   0.2042   0.1937   0.0100   0.0000   0.0238   0.0236    0.127
    39   0.0714  -0.3006   0.0000   0.2286   0.0013   0.0266   0.1401   0.1238   0.1174   0.0052   0.0000   0.0158   0.0130    0.116
    40   0.0723  -0.3043   0.0000   0.2286   0.0004   0.0089   0.1378   0.0417   0.0395   0.0004   0.0000   0.0055   0.0041    0.110
 ---------------------------------------------------------------
