 ---------------------------------------------------------------
 Surface and Strip Forces by surface

  Sref = 0.15330       Cref = 0.25250       Bref = 0.60960    
  Xref = 0.10920       Yref =  0.0000       Zref =  0.0000    

  Surface # 1     Wing                                    
     # Chordwise = 10   # Spanwise = 20     First strip =  1
     Surface area Ssurf =    0.085161     Ave. chord Cave =    0.279400

 Forces referred to Sref, Cref, Bref about Xref, Yref, Zref
 Standard axis orientation,  X fwd, Z down         
     CLsurf  =   0.23695     Clsurf  =  -0.05108
     CYsurf  =   0.00876     Cmsurf  =  -0.00212
     CDsurf  =   0.01609     Cnsurf  =  -0.01045
     CDisurf =   0.01609     CDvsurf =   0.00000

 Forces referred to Ssurf, Cave 
     CLsurf  =   0.42654     CDsurf  =   0.02896

 Strip Forces referred to Strip Area, Chord
    j     Xle      Yle      Zle      Chord    Area     c_cl     ai     cl_norm    cl       cd       cdv    cm_c/4     cm_LE   C.P.x/c
     1   0.0002   0.0005   0.0000   0.2794   0.0005   0.1454   0.1058   0.5377   0.4623   0.4056   0.0000  -0.0103  -0.1299    0.272
     2   0.0017   0.0042   0.0000   0.2794   0.0016   0.1454   0.1050   0.5995   0.5154   0.0721   0.0000  -0.0095  -0.1291    0.268
     3   0.0048   0.0116   0.0000   0.2794   0.0026   0.1454   0.1059   0.6032   0.5186   0.0520   0.0000  -0.0068  -0.1266    0.263
     4   0.0092   0.0225   0.0000   0.2794   0.0035   0.1453   0.1079   0.6040   0.5193   0.0468   0.0000  -0.0028  -0.1229    0.255
     5   0.0150   0.0365   0.0000   0.2794   0.0043   0.1452   0.1107   0.6040   0.5193   0.0429   0.0000   0.0017  -0.1186    0.247
     6   0.0219   0.0534   0.0000   0.2794   0.0051   0.1447   0.1140   0.6027   0.5182   0.0392   0.0000   0.0061  -0.1142    0.238
     7   0.0298   0.0728   0.0000   0.2794   0.0057   0.1437   0.1177   0.5991   0.5151   0.0360   0.0000   0.0102  -0.1096    0.230
     8   0.0386   0.0941   0.0000   0.2794   0.0062   0.1419   0.1215   0.5922   0.5091   0.0330   0.0000   0.0140  -0.1046    0.223
     9   0.0479   0.1168   0.0000   0.2794   0.0065   0.1391   0.1255   0.5809   0.4994   0.0303   0.0000   0.0176  -0.0990    0.215
    10   0.0576   0.1404   0.0000   0.2794   0.0067   0.1351   0.1296   0.5642   0.4851   0.0276   0.0000   0.0210  -0.0924    0.207
    11   0.0673   0.1644   0.0000   0.2794   0.0067   0.1295   0.1335   0.5412   0.4653   0.0250   0.0000   0.0243  -0.0847    0.198
    12   0.0770   0.1880   0.0000   0.2794   0.0065   0.1222   0.1370   0.5111   0.4394   0.0223   0.0000   0.0275  -0.0758    0.187
    13   0.0863   0.2107   0.0000   0.2794   0.0062   0.1132   0.1399   0.4734   0.4071   0.0194   0.0000   0.0303  -0.0657    0.176
    14   0.0951   0.2320   0.0000   0.2794   0.0057   0.1023   0.1418   0.4281   0.3681   0.0164   0.0000   0.0324  -0.0547    0.162
    15   0.1030   0.2514   0.0000   0.2794   0.0051   0.0896   0.1425   0.3753   0.3227   0.0133   0.0000   0.0333  -0.0434    0.147
    16   0.1099   0.2683   0.0000   0.2794   0.0043   0.0754   0.1416   0.3159   0.2716   0.0101   0.0000   0.0324  -0.0324    0.131
    17   0.1157   0.2823   0.0000   0.2794   0.0035   0.0598   0.1392   0.2509   0.2157   0.0070   0.0000   0.0292  -0.0225    0.114
    18   0.1201   0.2932   0.0000   0.2794   0.0026   0.0433   0.1356   0.1818   0.1563   0.0039   0.0000   0.0235  -0.0141    0.100
    19   0.1232   0.3006   0.0000   0.2794   0.0016   0.0262   0.1317   0.1102   0.0947   0.0007   0.0000   0.0153  -0.0075    0.089
    20   0.1247   0.3043   0.0000   0.2794   0.0005   0.0088   0.1296   0.0372   0.0320  -0.0018   0.0000   0.0053  -0.0023    0.084

  Surface # 2     Wing (YDUP)                             
     # Chordwise = 10   # Spanwise = 20     First strip = 21
     Surface area Ssurf =    0.085161     Ave. chord Cave =    0.279400

 Forces referred to Sref, Cref, Bref about Xref, Yref, Zref
 Standard axis orientation,  X fwd, Z down         
     CLsurf  =   0.23695     Clsurf  =   0.05108
     CYsurf  =  -0.00876     Cmsurf  =  -0.00212
     CDsurf  =   0.01609     Cnsurf  =   0.01045
     CDisurf =   0.01609     CDvsurf =   0.00000

 Forces referred to Ssurf, Cave 
     CLsurf  =   0.42654     CDsurf  =   0.02896

 Strip Forces referred to Strip Area, Chord
    j     Xle      Yle      Zle      Chord    Area     c_cl     ai     cl_norm    cl       cd       cdv    cm_c/4     cm_LE   C.P.x/c
    21   0.0002  -0.0005   0.0000   0.2794   0.0005   0.1454   0.1058   0.5377   0.4623   0.4056   0.0000  -0.0103   0.1299    0.272
    22   0.0017  -0.0042   0.0000   0.2794   0.0016   0.1454   0.1050   0.5995   0.5154   0.0721   0.0000  -0.0095   0.1291    0.268
    23   0.0048  -0.0116   0.0000   0.2794   0.0026   0.1454   0.1059   0.6032   0.5186   0.0520   0.0000  -0.0068   0.1266    0.263
    24   0.0092  -0.0225   0.0000   0.2794   0.0035   0.1453   0.1079   0.6040   0.5193   0.0468   0.0000  -0.0028   0.1229    0.255
    25   0.0150  -0.0365   0.0000   0.2794   0.0043   0.1452   0.1107   0.6040   0.5193   0.0429   0.0000   0.0017   0.1186    0.247
    26   0.0219  -0.0534   0.0000   0.2794   0.0051   0.1447   0.1140   0.6027   0.5182   0.0392   0.0000   0.0061   0.1142    0.238
    27   0.0298  -0.0728   0.0000   0.2794   0.0057   0.1437   0.1177   0.5991   0.5151   0.0360   0.0000   0.0102   0.1096    0.230
    28   0.0386  -0.0941   0.0000   0.2794   0.0062   0.1419   0.1215   0.5922   0.5091   0.0330   0.0000   0.0140   0.1046    0.223
    29   0.0479  -0.1168   0.0000   0.2794   0.0065   0.1391   0.1255   0.5809   0.4994   0.0303   0.0000   0.0176   0.0990    0.215
    30   0.0576  -0.1404   0.0000   0.2794   0.0067   0.1351   0.1296   0.5642   0.4851   0.0276   0.0000   0.0210   0.0924    0.207
    31   0.0673  -0.1644   0.0000   0.2794   0.0067   0.1295   0.1335   0.5412   0.4653   0.0250   0.0000   0.0243   0.0847    0.198
    32   0.0770  -0.1880   0.0000   0.2794   0.0065   0.1222   0.1370   0.5111   0.4394   0.0223   0.0000   0.0275   0.0758    0.187
    33   0.0863  -0.2107   0.0000   0.2794   0.0062   0.1132   0.1399   0.4734   0.4071   0.0194   0.0000   0.0303   0.0657    0.176
    34   0.0951  -0.2320   0.0000   0.2794   0.0057   0.1023   0.1418   0.4281   0.3681   0.0164   0.0000   0.0324   0.0547    0.162
    35   0.1030  -0.2514   0.0000   0.2794   0.0051   0.0896   0.1425   0.3753   0.3227   0.0133   0.0000   0.0333   0.0434    0.147
    36   0.1099  -0.2683   0.0000   0.2794   0.0043   0.0754   0.1416   0.3159   0.2716   0.0101   0.0000   0.0324   0.0324    0.131
    37   0.1157  -0.2823   0.0000   0.2794   0.0035   0.0598   0.1392   0.2509   0.2157   0.0070   0.0000   0.0292   0.0225    0.114
    38   0.1201  -0.2932   0.0000   0.2794   0.0026   0.0433   0.1356   0.1818   0.1563   0.0039   0.0000   0.0235   0.0141    0.100
    39   0.1232  -0.3006   0.0000   0.2794   0.0016   0.0262   0.1317   0.1102   0.0947   0.0007   0.0000   0.0153   0.0075    0.089
    40   0.1247  -0.3043   0.0000   0.2794   0.0005   0.0088   0.1296   0.0372   0.0320  -0.0018   0.0000   0.0053   0.0023    0.084
 ---------------------------------------------------------------
