 ---------------------------------------------------------------
 Surface and Strip Forces by surface

  Sref = 0.14450       Cref = 0.20740       Bref = 0.71120    
  Xref = 0.10920       Yref =  0.0000       Zref =  0.0000    

  Surface # 1     Wing                                    
     # Chordwise = 10   # Spanwise = 20     First strip =  1
     Surface area Ssurf =    0.090322     Ave. chord Cave =    0.254000

 Forces referred to Sref, Cref, Bref about Xref, Yref, Zref
 Standard axis orientation,  X fwd, Z down         
     CLsurf  =   0.25138     Clsurf  =  -0.05402
     CYsurf  =   0.00138     Cmsurf  =   0.05418
     CDsurf  =   0.01174     Cnsurf  =  -0.00461
     CDisurf =   0.01174     CDvsurf =   0.00000

 Forces referred to Ssurf, Cave 
     CLsurf  =   0.40216     CDsurf  =   0.01879

 Strip Forces referred to Strip Area, Chord
    j     Xle      Yle      Zle      Chord    Area     c_cl     ai     cl_norm    cl       cd       cdv    cm_c/4     cm_LE   C.P.x/c
     1   0.0000   0.0005   0.0000   0.2540   0.0006   0.1261   0.0835   0.4938   0.4913   0.0726   0.0000   0.0082  -0.1156    0.233
     2   0.0004   0.0049   0.0000   0.2540   0.0017   0.1261   0.0831   0.4994   0.4969   0.0270   0.0000   0.0084  -0.1154    0.233
     3   0.0010   0.0135   0.0000   0.2540   0.0027   0.1261   0.0831   0.4996   0.4971   0.0242   0.0000   0.0090  -0.1148    0.232
     4   0.0019   0.0262   0.0000   0.2540   0.0037   0.1259   0.0835   0.4991   0.4966   0.0232   0.0000   0.0099  -0.1137    0.230
     5   0.0030   0.0426   0.0000   0.2540   0.0046   0.1255   0.0842   0.4977   0.4952   0.0225   0.0000   0.0108  -0.1124    0.228
     6   0.0045   0.0623   0.0000   0.2540   0.0054   0.1248   0.0851   0.4949   0.4924   0.0218   0.0000   0.0118  -0.1108    0.226
     7   0.0061   0.0849   0.0000   0.2540   0.0060   0.1236   0.0864   0.4900   0.4876   0.0213   0.0000   0.0127  -0.1086    0.224
     8   0.0078   0.1098   0.0000   0.2540   0.0065   0.1217   0.0880   0.4825   0.4801   0.0209   0.0000   0.0137  -0.1058    0.221
     9   0.0097   0.1363   0.0000   0.2540   0.0069   0.1189   0.0899   0.4717   0.4693   0.0204   0.0000   0.0147  -0.1021    0.219
    10   0.0117   0.1638   0.0000   0.2540   0.0071   0.1152   0.0922   0.4568   0.4545   0.0200   0.0000   0.0159  -0.0973    0.215
    11   0.0137   0.1918   0.0000   0.2540   0.0071   0.1103   0.0948   0.4373   0.4351   0.0194   0.0000   0.0171  -0.0912    0.211
    12   0.0157   0.2193   0.0000   0.2540   0.0069   0.1040   0.0975   0.4125   0.4104   0.0187   0.0000   0.0185  -0.0837    0.205
    13   0.0176   0.2458   0.0000   0.2540   0.0065   0.0964   0.1002   0.3821   0.3801   0.0178   0.0000   0.0199  -0.0748    0.198
    14   0.0193   0.2707   0.0000   0.2540   0.0060   0.0872   0.1025   0.3457   0.3440   0.0165   0.0000   0.0210  -0.0647    0.189
    15   0.0209   0.2933   0.0000   0.2540   0.0054   0.0766   0.1040   0.3034   0.3019   0.0150   0.0000   0.0217  -0.0536    0.178
    16   0.0224   0.3130   0.0000   0.2540   0.0046   0.0645   0.1044   0.2557   0.2544   0.0130   0.0000   0.0214  -0.0420    0.166
    17   0.0235   0.3294   0.0000   0.2540   0.0037   0.0513   0.1034   0.2032   0.2022   0.0106   0.0000   0.0197  -0.0307    0.153
    18   0.0244   0.3421   0.0000   0.2540   0.0027   0.0372   0.1008   0.1472   0.1464   0.0078   0.0000   0.0162  -0.0203    0.139
    19   0.0250   0.3507   0.0000   0.2540   0.0017   0.0225   0.0971   0.0890   0.0885   0.0046   0.0000   0.0108  -0.0113    0.128
    20   0.0254   0.3551   0.0000   0.2540   0.0006   0.0075   0.0945   0.0298   0.0296   0.0013   0.0000   0.0038  -0.0036    0.122

  Surface # 2     Wing (YDUP)                             
     # Chordwise = 10   # Spanwise = 20     First strip = 21
     Surface area Ssurf =    0.090322     Ave. chord Cave =    0.254000

 Forces referred to Sref, Cref, Bref about Xref, Yref, Zref
 Standard axis orientation,  X fwd, Z down         
     CLsurf  =   0.25138     Clsurf  =   0.05402
     CYsurf  =  -0.00138     Cmsurf  =   0.05418
     CDsurf  =   0.01174     Cnsurf  =   0.00461
     CDisurf =   0.01174     CDvsurf =   0.00000

 Forces referred to Ssurf, Cave 
     CLsurf  =   0.40216     CDsurf  =   0.01879

 Strip Forces referred to Strip Area, Chord
    j     Xle      Yle      Zle      Chord    Area     c_cl     ai     cl_norm    cl       cd       cdv    cm_c/4     cm_LE   C.P.x/c
    21   0.0000  -0.0005   0.0000   0.2540   0.0006   0.1261   0.0835   0.4938   0.4913   0.0726   0.0000   0.0082   0.1156    0.233
    22   0.0004  -0.0049   0.0000   0.2540   0.0017   0.1261   0.0831   0.4994   0.4969   0.0270   0.0000   0.0084   0.1154    0.233
    23   0.0010  -0.0135   0.0000   0.2540   0.0027   0.1261   0.0831   0.4996   0.4971   0.0242   0.0000   0.0090   0.1148    0.232
    24   0.0019  -0.0262   0.0000   0.2540   0.0037   0.1259   0.0835   0.4991   0.4966   0.0232   0.0000   0.0099   0.1137    0.230
    25   0.0030  -0.0426   0.0000   0.2540   0.0046   0.1255   0.0842   0.4977   0.4952   0.0225   0.0000   0.0108   0.1124    0.228
    26   0.0045  -0.0623   0.0000   0.2540   0.0054   0.1248   0.0851   0.4949   0.4924   0.0218   0.0000   0.0118   0.1108    0.226
    27   0.0061  -0.0849   0.0000   0.2540   0.0060   0.1236   0.0864   0.4900   0.4876   0.0213   0.0000   0.0127   0.1086    0.224
    28   0.0078  -0.1098   0.0000   0.2540   0.0065   0.1217   0.0880   0.4825   0.4801   0.0209   0.0000   0.0137   0.1058    0.221
    29   0.0097  -0.1363   0.0000   0.2540   0.0069   0.1189   0.0899   0.4717   0.4693   0.0204   0.0000   0.0147   0.1021    0.219
    30   0.0117  -0.1638   0.0000   0.2540   0.0071   0.1152   0.0922   0.4568   0.4545   0.0200   0.0000   0.0159   0.0973    0.215
    31   0.0137  -0.1918   0.0000   0.2540   0.0071   0.1103   0.0948   0.4373   0.4351   0.0194   0.0000   0.0171   0.0912    0.211
    32   0.0157  -0.2193   0.0000   0.2540   0.0069   0.1040   0.0975   0.4125   0.4104   0.0187   0.0000   0.0185   0.0837    0.205
    33   0.0176  -0.2458   0.0000   0.2540   0.0065   0.0964   0.1002   0.3821   0.3801   0.0178   0.0000   0.0199   0.0748    0.198
    34   0.0193  -0.2707   0.0000   0.2540   0.0060   0.0872   0.1025   0.3457   0.3440   0.0165   0.0000   0.0210   0.0647    0.189
    35   0.0209  -0.2933   0.0000   0.2540   0.0054   0.0766   0.1040   0.3034   0.3019   0.0150   0.0000   0.0217   0.0536    0.178
    36   0.0224  -0.3130   0.0000   0.2540   0.0046   0.0645   0.1044   0.2557   0.2544   0.0130   0.0000   0.0214   0.0420    0.166
    37   0.0235  -0.3294   0.0000   0.2540   0.0037   0.0513   0.1034   0.2032   0.2022   0.0106   0.0000   0.0197   0.0307    0.153
    38   0.0244  -0.3421   0.0000   0.2540   0.0027   0.0372   0.1008   0.1472   0.1464   0.0078   0.0000   0.0162   0.0203    0.139
    39   0.0250  -0.3507   0.0000   0.2540   0.0017   0.0225   0.0971   0.0890   0.0885   0.0046   0.0000   0.0108   0.0113    0.128
    40   0.0254  -0.3551   0.0000   0.2540   0.0006   0.0075   0.0945   0.0298   0.0296   0.0013   0.0000   0.0038   0.0036    0.122
 ---------------------------------------------------------------
