 ---------------------------------------------------------------
 Surface and Strip Forces by surface

  Sref = 0.14450       Cref = 0.20740       Bref = 0.71120    
  Xref = 0.10920       Yref =  0.0000       Zref =  0.0000    

  Surface # 1     Wing                                    
     # Chordwise = 10   # Spanwise = 20     First strip =  1
     Surface area Ssurf =    0.090322     Ave. chord Cave =    0.254000

 Forces referred to Sref, Cref, Bref about Xref, Yref, Zref
 Standard axis orientation,  X fwd, Z down         
     CLsurf  =   0.25138     Clsurf  =  -0.05440
     CYsurf  =   0.00475     Cmsurf  =   0.02090
     CDsurf  =   0.01217     Cnsurf  =  -0.00627
     CDisurf =   0.01217     CDvsurf =   0.00000

 Forces referred to Ssurf, Cave 
     CLsurf  =   0.40216     CDsurf  =   0.01947

 Strip Forces referred to Strip Area, Chord
    j     Xle      Yle      Zle      Chord    Area     c_cl     ai     cl_norm    cl       cd       cdv    cm_c/4     cm_LE   C.P.x/c
     1   0.0001   0.0005   0.0000   0.2540   0.0006   0.1240   0.0769   0.4969   0.4686   0.1858   0.0000  -0.0040  -0.1223    0.259
     2   0.0012   0.0049   0.0000   0.2540   0.0017   0.1240   0.0761   0.5162   0.4868   0.0401   0.0000  -0.0033  -0.1216    0.257
     3   0.0034   0.0135   0.0000   0.2540   0.0027   0.1239   0.0765   0.5173   0.4878   0.0316   0.0000  -0.0013  -0.1196    0.253
     4   0.0065   0.0262   0.0000   0.2540   0.0037   0.1239   0.0778   0.5175   0.4880   0.0287   0.0000   0.0016  -0.1169    0.247
     5   0.0106   0.0426   0.0000   0.2540   0.0046   0.1237   0.0797   0.5171   0.4877   0.0264   0.0000   0.0045  -0.1139    0.241
     6   0.0154   0.0623   0.0000   0.2540   0.0054   0.1233   0.0819   0.5157   0.4863   0.0245   0.0000   0.0072  -0.1108    0.235
     7   0.0210   0.0849   0.0000   0.2540   0.0060   0.1225   0.0845   0.5125   0.4833   0.0229   0.0000   0.0097  -0.1077    0.230
     8   0.0272   0.1098   0.0000   0.2540   0.0065   0.1211   0.0874   0.5066   0.4777   0.0216   0.0000   0.0119  -0.1041    0.225
     9   0.0338   0.1363   0.0000   0.2540   0.0069   0.1188   0.0904   0.4972   0.4688   0.0204   0.0000   0.0140  -0.0999    0.220
    10   0.0406   0.1638   0.0000   0.2540   0.0071   0.1155   0.0938   0.4834   0.4559   0.0193   0.0000   0.0161  -0.0947    0.215
    11   0.0475   0.1918   0.0000   0.2540   0.0071   0.1110   0.0973   0.4645   0.4381   0.0181   0.0000   0.0183  -0.0883    0.208
    12   0.0543   0.2193   0.0000   0.2540   0.0069   0.1050   0.1008   0.4397   0.4147   0.0169   0.0000   0.0205  -0.0804    0.201
    13   0.0609   0.2458   0.0000   0.2540   0.0065   0.0976   0.1040   0.4085   0.3852   0.0155   0.0000   0.0227  -0.0711    0.191
    14   0.0671   0.2707   0.0000   0.2540   0.0060   0.0885   0.1066   0.3704   0.3493   0.0139   0.0000   0.0247  -0.0606    0.179
    15   0.0727   0.2933   0.0000   0.2540   0.0054   0.0778   0.1082   0.3256   0.3071   0.0120   0.0000   0.0259  -0.0492    0.166
    16   0.0775   0.3130   0.0000   0.2540   0.0046   0.0656   0.1083   0.2746   0.2590   0.0100   0.0000   0.0259  -0.0375    0.150
    17   0.0816   0.3294   0.0000   0.2540   0.0037   0.0521   0.1067   0.2183   0.2059   0.0077   0.0000   0.0240  -0.0265    0.133
    18   0.0847   0.3421   0.0000   0.2540   0.0027   0.0377   0.1034   0.1581   0.1491   0.0051   0.0000   0.0198  -0.0168    0.117
    19   0.0869   0.3507   0.0000   0.2540   0.0017   0.0228   0.0992   0.0956   0.0902   0.0024   0.0000   0.0132  -0.0090    0.104
    20   0.0880   0.3551   0.0000   0.2540   0.0006   0.0076   0.0965   0.0321   0.0302  -0.0001   0.0000   0.0046  -0.0028    0.097

  Surface # 2     Wing (YDUP)                             
     # Chordwise = 10   # Spanwise = 20     First strip = 21
     Surface area Ssurf =    0.090322     Ave. chord Cave =    0.254000

 Forces referred to Sref, Cref, Bref about Xref, Yref, Zref
 Standard axis orientation,  X fwd, Z down         
     CLsurf  =   0.25138     Clsurf  =   0.05440
     CYsurf  =  -0.00475     Cmsurf  =   0.02090
     CDsurf  =   0.01217     Cnsurf  =   0.00627
     CDisurf =   0.01217     CDvsurf =   0.00000

 Forces referred to Ssurf, Cave 
     CLsurf  =   0.40216     CDsurf  =   0.01947

 Strip Forces referred to Strip Area, Chord
    j     Xle      Yle      Zle      Chord    Area     c_cl     ai     cl_norm    cl       cd       cdv    cm_c/4     cm_LE   C.P.x/c
    21   0.0001  -0.0005   0.0000   0.2540   0.0006   0.1240   0.0769   0.4969   0.4686   0.1858   0.0000  -0.0040   0.1223    0.259
    22   0.0012  -0.0049   0.0000   0.2540   0.0017   0.1240   0.0761   0.5162   0.4868   0.0401   0.0000  -0.0033   0.1216    0.257
    23   0.0034  -0.0135   0.0000   0.2540   0.0027   0.1239   0.0765   0.5173   0.4878   0.0316   0.0000  -0.0013   0.1196    0.253
    24   0.0065  -0.0262   0.0000   0.2540   0.0037   0.1239   0.0778   0.5175   0.4880   0.0287   0.0000   0.0016   0.1169    0.247
    25   0.0106  -0.0426   0.0000   0.2540   0.0046   0.1237   0.0797   0.5171   0.4877   0.0264   0.0000   0.0045   0.1139    0.241
    26   0.0154  -0.0623   0.0000   0.2540   0.0054   0.1233   0.0819   0.5157   0.4863   0.0245   0.0000   0.0072   0.1108    0.235
    27   0.0210  -0.0849   0.0000   0.2540   0.0060   0.1225   0.0845   0.5125   0.4833   0.0229   0.0000   0.0097   0.1077    0.230
    28   0.0272  -0.1098   0.0000   0.2540   0.0065   0.1211   0.0874   0.5066   0.4777   0.0216   0.0000   0.0119   0.1041    0.225
    29   0.0338  -0.1363   0.0000   0.2540   0.0069   0.1188   0.0904   0.4972   0.4688   0.0204   0.0000   0.0140   0.0999    0.220
    30   0.0406  -0.1638   0.0000   0.2540   0.0071   0.1155   0.0938   0.4834   0.4559   0.0193   0.0000   0.0161   0.0947    0.215
    31   0.0475  -0.1918   0.0000   0.2540   0.0071   0.1110   0.0973   0.4645   0.4381   0.0181   0.0000   0.0183   0.0883    0.208
    32   0.0543  -0.2193   0.0000   0.2540   0.0069   0.1050   0.1008   0.4397   0.4147   0.0169   0.0000   0.0205   0.0804    0.201
    33   0.0609  -0.2458   0.0000   0.2540   0.0065   0.0976   0.1040   0.4085   0.3852   0.0155   0.0000   0.0227   0.0711    0.191
    34   0.0671  -0.2707   0.0000   0.2540   0.0060   0.0885   0.1066   0.3704   0.3493   0.0139   0.0000   0.0247   0.0606    0.179
    35   0.0727  -0.2933   0.0000   0.2540   0.0054   0.0778   0.1082   0.3256   0.3071   0.0120   0.0000   0.0259   0.0492    0.166
    36   0.0775  -0.3130   0.0000   0.2540   0.0046   0.0656   0.1083   0.2746   0.2590   0.0100   0.0000   0.0259   0.0375    0.150
    37   0.0816  -0.3294   0.0000   0.2540   0.0037   0.0521   0.1067   0.2183   0.2059   0.0077   0.0000   0.0240   0.0265    0.133
    38   0.0847  -0.3421   0.0000   0.2540   0.0027   0.0377   0.1034   0.1581   0.1491   0.0051   0.0000   0.0198   0.0168    0.117
    39   0.0869  -0.3507   0.0000   0.2540   0.0017   0.0228   0.0992   0.0956   0.0902   0.0024   0.0000   0.0132   0.0090    0.104
    40   0.0880  -0.3551   0.0000   0.2540   0.0006   0.0076   0.0965   0.0321   0.0302  -0.0001   0.0000   0.0046   0.0028    0.097
 ---------------------------------------------------------------
