 ---------------------------------------------------------------
 Surface and Strip Forces by surface

  Sref = 0.13010       Cref = 0.21000       Bref = 0.71120    
  Xref = 0.10920       Yref =  0.0000       Zref =  0.0000    

  Surface # 1     Wing                                    
     # Chordwise = 10   # Spanwise = 20     First strip =  1
     Surface area Ssurf =    0.108387     Ave. chord Cave =    0.304800

 Forces referred to Sref, Cref, Bref about Xref, Yref, Zref
 Standard axis orientation,  X fwd, Z down         
     CLsurf  =   0.27920     Clsurf  =  -0.06038
     CYsurf  =   0.00810     Cmsurf  =  -0.02835
     CDsurf  =   0.01398     Cnsurf  =  -0.00935
     CDisurf =   0.01398     CDvsurf =   0.00000

 Forces referred to Ssurf, Cave 
     CLsurf  =   0.33514     CDsurf  =   0.01678

 Strip Forces referred to Strip Area, Chord
    j     Xle      Yle      Zle      Chord    Area     c_cl     ai     cl_norm    cl       cd       cdv    cm_c/4     cm_LE   C.P.x/c
     1   0.0002   0.0005   0.0000   0.3048   0.0007   0.1240   0.0764   0.4520   0.3799   0.2548   0.0000  -0.0112  -0.1033    0.279
     2   0.0022   0.0049   0.0000   0.3048   0.0020   0.1240   0.0749   0.4812   0.4044   0.0433   0.0000  -0.0104  -0.1026    0.276
     3   0.0059   0.0135   0.0000   0.3048   0.0033   0.1240   0.0751   0.4829   0.4058   0.0310   0.0000  -0.0078  -0.1003    0.269
     4   0.0115   0.0262   0.0000   0.3048   0.0044   0.1240   0.0767   0.4833   0.4062   0.0279   0.0000  -0.0042  -0.0969    0.260
     5   0.0187   0.0426   0.0000   0.3048   0.0055   0.1239   0.0791   0.4833   0.4062   0.0255   0.0000  -0.0002  -0.0932    0.250
     6   0.0274   0.0623   0.0000   0.3048   0.0065   0.1236   0.0820   0.4824   0.4055   0.0231   0.0000   0.0037  -0.0894    0.241
     7   0.0373   0.0849   0.0000   0.3048   0.0073   0.1229   0.0851   0.4799   0.4034   0.0210   0.0000   0.0072  -0.0857    0.232
     8   0.0482   0.1098   0.0000   0.3048   0.0079   0.1215   0.0884   0.4749   0.3991   0.0192   0.0000   0.0103  -0.0818    0.224
     9   0.0599   0.1363   0.0000   0.3048   0.0083   0.1193   0.0918   0.4665   0.3920   0.0175   0.0000   0.0133  -0.0774    0.216
    10   0.0720   0.1638   0.0000   0.3048   0.0085   0.1160   0.0953   0.4537   0.3813   0.0158   0.0000   0.0161  -0.0724    0.208
    11   0.0842   0.1918   0.0000   0.3048   0.0085   0.1114   0.0987   0.4358   0.3663   0.0142   0.0000   0.0189  -0.0663    0.198
    12   0.0963   0.2193   0.0000   0.3048   0.0083   0.1053   0.1018   0.4121   0.3463   0.0126   0.0000   0.0217  -0.0592    0.187
    13   0.1080   0.2458   0.0000   0.3048   0.0079   0.0976   0.1042   0.3821   0.3211   0.0108   0.0000   0.0242  -0.0511    0.175
    14   0.1189   0.2707   0.0000   0.3048   0.0073   0.0883   0.1057   0.3456   0.2905   0.0090   0.0000   0.0263  -0.0422    0.160
    15   0.1288   0.2933   0.0000   0.3048   0.0065   0.0773   0.1059   0.3029   0.2546   0.0070   0.0000   0.0274  -0.0330    0.142
    16   0.1375   0.3130   0.0000   0.3048   0.0055   0.0650   0.1046   0.2546   0.2140   0.0051   0.0000   0.0271  -0.0240    0.124
    17   0.1447   0.3294   0.0000   0.3048   0.0044   0.0515   0.1017   0.2019   0.1696   0.0032   0.0000   0.0247  -0.0160    0.104
    18   0.1503   0.3421   0.0000   0.3048   0.0033   0.0372   0.0976   0.1459   0.1226   0.0014   0.0000   0.0201  -0.0095    0.086
    19   0.1540   0.3507   0.0000   0.3048   0.0020   0.0224   0.0931   0.0882   0.0741  -0.0004   0.0000   0.0132  -0.0048    0.072
    20   0.1560   0.3551   0.0000   0.3048   0.0007   0.0075   0.0908   0.0296   0.0249  -0.0015   0.0000   0.0046  -0.0014    0.066

  Surface # 2     Wing (YDUP)                             
     # Chordwise = 10   # Spanwise = 20     First strip = 21
     Surface area Ssurf =    0.108387     Ave. chord Cave =    0.304800

 Forces referred to Sref, Cref, Bref about Xref, Yref, Zref
 Standard axis orientation,  X fwd, Z down         
     CLsurf  =   0.27920     Clsurf  =   0.06038
     CYsurf  =  -0.00810     Cmsurf  =  -0.02835
     CDsurf  =   0.01398     Cnsurf  =   0.00935
     CDisurf =   0.01398     CDvsurf =   0.00000

 Forces referred to Ssurf, Cave 
     CLsurf  =   0.33514     CDsurf  =   0.01678

 Strip Forces referred to Strip Area, Chord
    j     Xle      Yle      Zle      Chord    Area     c_cl     ai     cl_norm    cl       cd       cdv    cm_c/4     cm_LE   C.P.x/c
    21   0.0002  -0.0005   0.0000   0.3048   0.0007   0.1240   0.0764   0.4520   0.3799   0.2548   0.0000  -0.0112   0.1033    0.279
    22   0.0022  -0.0049   0.0000   0.3048   0.0020   0.1240   0.0749   0.4812   0.4044   0.0433   0.0000  -0.0104   0.1026    0.276
    23   0.0059  -0.0135   0.0000   0.3048   0.0033   0.1240   0.0751   0.4829   0.4058   0.0310   0.0000  -0.0078   0.1003    0.269
    24   0.0115  -0.0262   0.0000   0.3048   0.0044   0.1240   0.0767   0.4833   0.4062   0.0279   0.0000  -0.0042   0.0969    0.260
    25   0.0187  -0.0426   0.0000   0.3048   0.0055   0.1239   0.0791   0.4833   0.4062   0.0255   0.0000  -0.0002   0.0932    0.250
    26   0.0274  -0.0623   0.0000   0.3048   0.0065   0.1236   0.0820   0.4824   0.4055   0.0231   0.0000   0.0037   0.0894    0.241
    27   0.0373  -0.0849   0.0000   0.3048   0.0073   0.1229   0.0851   0.4799   0.4034   0.0210   0.0000   0.0072   0.0857    0.232
    28   0.0482  -0.1098   0.0000   0.3048   0.0079   0.1215   0.0884   0.4749   0.3991   0.0192   0.0000   0.0103   0.0818    0.224
    29   0.0599  -0.1363   0.0000   0.3048   0.0083   0.1193   0.0918   0.4665   0.3920   0.0175   0.0000   0.0133   0.0774    0.216
    30   0.0720  -0.1638   0.0000   0.3048   0.0085   0.1160   0.0953   0.4537   0.3813   0.0158   0.0000   0.0161   0.0724    0.208
    31   0.0842  -0.1918   0.0000   0.3048   0.0085   0.1114   0.0987   0.4358   0.3663   0.0142   0.0000   0.0189   0.0663    0.198
    32   0.0963  -0.2193   0.0000   0.3048   0.0083   0.1053   0.1018   0.4121   0.3463   0.0126   0.0000   0.0217   0.0592    0.187
    33   0.1080  -0.2458   0.0000   0.3048   0.0079   0.0976   0.1042   0.3821   0.3211   0.0108   0.0000   0.0242   0.0511    0.175
    34   0.1189  -0.2707   0.0000   0.3048   0.0073   0.0883   0.1057   0.3456   0.2905   0.0090   0.0000   0.0263   0.0422    0.160
    35   0.1288  -0.2933   0.0000   0.3048   0.0065   0.0773   0.1059   0.3029   0.2546   0.0070   0.0000   0.0274   0.0330    0.142
    36   0.1375  -0.3130   0.0000   0.3048   0.0055   0.0650   0.1046   0.2546   0.2140   0.0051   0.0000   0.0271   0.0240    0.124
    37   0.1447  -0.3294   0.0000   0.3048   0.0044   0.0515   0.1017   0.2019   0.1696   0.0032   0.0000   0.0247   0.0160    0.104
    38   0.1503  -0.3421   0.0000   0.3048   0.0033   0.0372   0.0976   0.1459   0.1226   0.0014   0.0000   0.0201   0.0095    0.086
    39   0.1540  -0.3507   0.0000   0.3048   0.0020   0.0224   0.0931   0.0882   0.0741  -0.0004   0.0000   0.0132   0.0048    0.072
    40   0.1560  -0.3551   0.0000   0.3048   0.0007   0.0075   0.0908   0.0296   0.0249  -0.0015   0.0000   0.0046   0.0014    0.066
 ---------------------------------------------------------------
