 ---------------------------------------------------------------
 Surface and Strip Forces by surface

  Sref = 0.11150       Cref = 0.14000       Bref = 0.91440    
  Xref = 0.10920       Yref =  0.0000       Zref =  0.0000    

  Surface # 1     Wing                                    
     # Chordwise = 10   # Spanwise = 20     First strip =  1
     Surface area Ssurf =    0.092903     Ave. chord Cave =    0.203200

 Forces referred to Sref, Cref, Bref about Xref, Yref, Zref
 Standard axis orientation,  X fwd, Z down         
     CLsurf  =   0.32578     Clsurf  =  -0.07132
     CYsurf  =   0.00186     Cmsurf  =   0.10735
     CDsurf  =   0.00927     Cnsurf  =  -0.00485
     CDisurf =   0.00927     CDvsurf =   0.00000

 Forces referred to Ssurf, Cave 
     CLsurf  =   0.39099     CDsurf  =   0.01112

 Strip Forces referred to Strip Area, Chord
    j     Xle      Yle      Zle      Chord    Area     c_cl     ai     cl_norm    cl       cd       cdv    cm_c/4     cm_LE   C.P.x/c
     1   0.0001   0.0007   0.0000   0.2032   0.0006   0.0948   0.0442   0.4679   0.4643   0.0460   0.0000   0.0016  -0.1146    0.246
     2   0.0006   0.0063   0.0000   0.2032   0.0017   0.0948   0.0439   0.4707   0.4670   0.0162   0.0000   0.0021  -0.1141    0.245
     3   0.0015   0.0174   0.0000   0.2032   0.0028   0.0948   0.0441   0.4708   0.4672   0.0143   0.0000   0.0032  -0.1129    0.243
     4   0.0030   0.0337   0.0000   0.2032   0.0038   0.0948   0.0449   0.4708   0.4672   0.0133   0.0000   0.0046  -0.1116    0.240
     5   0.0049   0.0548   0.0000   0.2032   0.0047   0.0947   0.0459   0.4704   0.4667   0.0126   0.0000   0.0057  -0.1103    0.238
     6   0.0071   0.0801   0.0000   0.2032   0.0055   0.0944   0.0471   0.4691   0.4654   0.0121   0.0000   0.0067  -0.1090    0.236
     7   0.0097   0.1092   0.0000   0.2032   0.0062   0.0938   0.0485   0.4663   0.4627   0.0117   0.0000   0.0075  -0.1075    0.234
     8   0.0125   0.1411   0.0000   0.2032   0.0067   0.0929   0.0502   0.4615   0.4580   0.0115   0.0000   0.0082  -0.1056    0.232
     9   0.0156   0.1752   0.0000   0.2032   0.0071   0.0914   0.0523   0.4541   0.4505   0.0114   0.0000   0.0089  -0.1031    0.230
    10   0.0187   0.2107   0.0000   0.2032   0.0073   0.0892   0.0548   0.4432   0.4398   0.0114   0.0000   0.0098  -0.0996    0.228
    11   0.0219   0.2465   0.0000   0.2032   0.0073   0.0862   0.0578   0.4283   0.4249   0.0113   0.0000   0.0108  -0.0948    0.225
    12   0.0250   0.2820   0.0000   0.2032   0.0071   0.0822   0.0613   0.4084   0.4052   0.0112   0.0000   0.0121  -0.0887    0.220
    13   0.0281   0.3161   0.0000   0.2032   0.0067   0.0771   0.0651   0.3828   0.3798   0.0110   0.0000   0.0137  -0.0808    0.214
    14   0.0309   0.3480   0.0000   0.2032   0.0062   0.0706   0.0689   0.3507   0.3480   0.0106   0.0000   0.0154  -0.0712    0.206
    15   0.0335   0.3771   0.0000   0.2032   0.0055   0.0627   0.0723   0.3115   0.3091   0.0099   0.0000   0.0171  -0.0598    0.195
    16   0.0357   0.4024   0.0000   0.2032   0.0047   0.0534   0.0746   0.2652   0.2631   0.0089   0.0000   0.0183  -0.0472    0.180
    17   0.0376   0.4235   0.0000   0.2032   0.0038   0.0428   0.0749   0.2123   0.2107   0.0074   0.0000   0.0183  -0.0342    0.163
    18   0.0391   0.4398   0.0000   0.2032   0.0028   0.0311   0.0729   0.1543   0.1531   0.0055   0.0000   0.0162  -0.0219    0.144
    19   0.0400   0.4509   0.0000   0.2032   0.0017   0.0188   0.0684   0.0932   0.0925   0.0032   0.0000   0.0115  -0.0116    0.126
    20   0.0405   0.4565   0.0000   0.2032   0.0006   0.0063   0.0643   0.0311   0.0309   0.0008   0.0000   0.0042  -0.0035    0.115

  Surface # 2     Wing (YDUP)                             
     # Chordwise = 10   # Spanwise = 20     First strip = 21
     Surface area Ssurf =    0.092903     Ave. chord Cave =    0.203200

 Forces referred to Sref, Cref, Bref about Xref, Yref, Zref
 Standard axis orientation,  X fwd, Z down         
     CLsurf  =   0.32578     Clsurf  =   0.07132
     CYsurf  =  -0.00186     Cmsurf  =   0.10735
     CDsurf  =   0.00927     Cnsurf  =   0.00485
     CDisurf =   0.00927     CDvsurf =   0.00000

 Forces referred to Ssurf, Cave 
     CLsurf  =   0.39099     CDsurf  =   0.01112

 Strip Forces referred to Strip Area, Chord
    j     Xle      Yle      Zle      Chord    Area     c_cl     ai     cl_norm    cl       cd       cdv    cm_c/4     cm_LE   C.P.x/c
    21   0.0001  -0.0007   0.0000   0.2032   0.0006   0.0948   0.0442   0.4679   0.4643   0.0460   0.0000   0.0016   0.1146    0.246
    22   0.0006  -0.0063   0.0000   0.2032   0.0017   0.0948   0.0439   0.4707   0.4670   0.0162   0.0000   0.0021   0.1141    0.245
    23   0.0015  -0.0174   0.0000   0.2032   0.0028   0.0948   0.0441   0.4708   0.4672   0.0143   0.0000   0.0032   0.1129    0.243
    24   0.0030  -0.0337   0.0000   0.2032   0.0038   0.0948   0.0449   0.4708   0.4672   0.0133   0.0000   0.0046   0.1116    0.240
    25   0.0049  -0.0548   0.0000   0.2032   0.0047   0.0947   0.0459   0.4704   0.4667   0.0126   0.0000   0.0057   0.1103    0.238
    26   0.0071  -0.0801   0.0000   0.2032   0.0055   0.0944   0.0471   0.4691   0.4654   0.0121   0.0000   0.0067   0.1090    0.236
    27   0.0097  -0.1092   0.0000   0.2032   0.0062   0.0938   0.0485   0.4663   0.4627   0.0117   0.0000   0.0075   0.1075    0.234
    28   0.0125  -0.1411   0.0000   0.2032   0.0067   0.0929   0.0502   0.4615   0.4580   0.0115   0.0000   0.0082   0.1056    0.232
    29   0.0156  -0.1752   0.0000   0.2032   0.0071   0.0914   0.0523   0.4541   0.4505   0.0114   0.0000   0.0089   0.1031    0.230
    30   0.0187  -0.2107   0.0000   0.2032   0.0073   0.0892   0.0548   0.4432   0.4398   0.0114   0.0000   0.0098   0.0996    0.228
    31   0.0219  -0.2465   0.0000   0.2032   0.0073   0.0862   0.0578   0.4283   0.4249   0.0113   0.0000   0.0108   0.0948    0.225
    32   0.0250  -0.2820   0.0000   0.2032   0.0071   0.0822   0.0613   0.4084   0.4052   0.0112   0.0000   0.0121   0.0887    0.220
    33   0.0281  -0.3161   0.0000   0.2032   0.0067   0.0771   0.0651   0.3828   0.3798   0.0110   0.0000   0.0137   0.0808    0.214
    34   0.0309  -0.3480   0.0000   0.2032   0.0062   0.0706   0.0689   0.3507   0.3480   0.0106   0.0000   0.0154   0.0712    0.206
    35   0.0335  -0.3771   0.0000   0.2032   0.0055   0.0627   0.0723   0.3115   0.3091   0.0099   0.0000   0.0171   0.0598    0.195
    36   0.0357  -0.4024   0.0000   0.2032   0.0047   0.0534   0.0746   0.2652   0.2631   0.0089   0.0000   0.0183   0.0472    0.180
    37   0.0376  -0.4235   0.0000   0.2032   0.0038   0.0428   0.0749   0.2123   0.2107   0.0074   0.0000   0.0183   0.0342    0.163
    38   0.0391  -0.4398   0.0000   0.2032   0.0028   0.0311   0.0729   0.1543   0.1531   0.0055   0.0000   0.0162   0.0219    0.144
    39   0.0400  -0.4509   0.0000   0.2032   0.0017   0.0188   0.0684   0.0932   0.0925   0.0032   0.0000   0.0115   0.0116    0.126
    40   0.0405  -0.4565   0.0000   0.2032   0.0006   0.0063   0.0643   0.0311   0.0309   0.0008   0.0000   0.0042   0.0035    0.115
 ---------------------------------------------------------------
