 ---------------------------------------------------------------
 Surface and Strip Forces by surface

  Sref = 0.18580       Cref = 0.30480       Bref = 0.60960    
  Xref = 0.10920       Yref =  0.0000       Zref =  0.0000    

  Surface # 1     Wing                                    
     # Chordwise = 10   # Spanwise = 20     First strip =  1
     Surface area Ssurf =    0.092903     Ave. chord Cave =    0.304800

 Forces referred to Sref, Cref, Bref about Xref, Yref, Zref
 Standard axis orientation,  X fwd, Z down         
     CLsurf  =   0.19550     Clsurf  =  -0.04185
     CYsurf  =   0.00445     Cmsurf  =   0.00876
     CDsurf  =   0.01300     Cnsurf  =  -0.00671
     CDisurf =   0.01300     CDvsurf =   0.00000

 Forces referred to Ssurf, Cave 
     CLsurf  =   0.39099     CDsurf  =   0.02600

 Strip Forces referred to Strip Area, Chord
    j     Xle      Yle      Zle      Chord    Area     c_cl     ai     cl_norm    cl       cd       cdv    cm_c/4     cm_LE   C.P.x/c
     1   0.0001   0.0005   0.0000   0.3048   0.0006   0.1480   0.1160   0.4797   0.4483   0.2820   0.0000   0.0022  -0.1151    0.245
     2   0.0011   0.0042   0.0000   0.3048   0.0017   0.1480   0.1148   0.5164   0.4826   0.0563   0.0000   0.0027  -0.1147    0.244
     3   0.0031   0.0116   0.0000   0.3048   0.0028   0.1479   0.1146   0.5185   0.4845   0.0421   0.0000   0.0042  -0.1131    0.241
     4   0.0060   0.0225   0.0000   0.3048   0.0038   0.1478   0.1152   0.5185   0.4845   0.0384   0.0000   0.0066  -0.1107    0.236
     5   0.0098   0.0365   0.0000   0.3048   0.0047   0.1473   0.1165   0.5174   0.4835   0.0358   0.0000   0.0093  -0.1077    0.231
     6   0.0143   0.0534   0.0000   0.3048   0.0055   0.1465   0.1183   0.5149   0.4811   0.0335   0.0000   0.0121  -0.1044    0.225
     7   0.0195   0.0728   0.0000   0.3048   0.0062   0.1451   0.1204   0.5101   0.4767   0.0314   0.0000   0.0148  -0.1007    0.219
     8   0.0252   0.0941   0.0000   0.3048   0.0067   0.1428   0.1227   0.5024   0.4694   0.0295   0.0000   0.0173  -0.0964    0.213
     9   0.0313   0.1168   0.0000   0.3048   0.0071   0.1395   0.1253   0.4908   0.4587   0.0277   0.0000   0.0198  -0.0914    0.207
    10   0.0376   0.1404   0.0000   0.3048   0.0073   0.1349   0.1279   0.4748   0.4437   0.0258   0.0000   0.0222  -0.0854    0.200
    11   0.0441   0.1644   0.0000   0.3048   0.0073   0.1288   0.1305   0.4536   0.4239   0.0239   0.0000   0.0244  -0.0785    0.192
    12   0.0504   0.1880   0.0000   0.3048   0.0071   0.1212   0.1328   0.4267   0.3988   0.0219   0.0000   0.0265  -0.0704    0.184
    13   0.0565   0.2107   0.0000   0.3048   0.0067   0.1118   0.1347   0.3939   0.3681   0.0197   0.0000   0.0282  -0.0613    0.173
    14   0.0622   0.2320   0.0000   0.3048   0.0062   0.1008   0.1358   0.3550   0.3318   0.0173   0.0000   0.0293  -0.0516    0.162
    15   0.0674   0.2514   0.0000   0.3048   0.0055   0.0881   0.1359   0.3105   0.2901   0.0147   0.0000   0.0293  -0.0415    0.149
    16   0.0719   0.2683   0.0000   0.3048   0.0047   0.0740   0.1349   0.2608   0.2437   0.0120   0.0000   0.0279  -0.0316    0.135
    17   0.0757   0.2823   0.0000   0.3048   0.0038   0.0586   0.1326   0.2068   0.1933   0.0090   0.0000   0.0248  -0.0225    0.122
    18   0.0786   0.2932   0.0000   0.3048   0.0028   0.0424   0.1294   0.1497   0.1399   0.0059   0.0000   0.0197  -0.0146    0.109
    19   0.0806   0.3006   0.0000   0.3048   0.0017   0.0256   0.1259   0.0906   0.0847   0.0026   0.0000   0.0127  -0.0080    0.100
    20   0.0816   0.3043   0.0000   0.3048   0.0006   0.0086   0.1240   0.0305   0.0285  -0.0003   0.0000   0.0044  -0.0025    0.095

  Surface # 2     Wing (YDUP)                             
     # Chordwise = 10   # Spanwise = 20     First strip = 21
     Surface area Ssurf =    0.092903     Ave. chord Cave =    0.304800

 Forces referred to Sref, Cref, Bref about Xref, Yref, Zref
 Standard axis orientation,  X fwd, Z down         
     CLsurf  =   0.19550     Clsurf  =   0.04185
     CYsurf  =  -0.00445     Cmsurf  =   0.00876
     CDsurf  =   0.01300     Cnsurf  =   0.00671
     CDisurf =   0.01300     CDvsurf =   0.00000

 Forces referred to Ssurf, Cave 
     CLsurf  =   0.39099     CDsurf  =   0.02600

 Strip Forces referred to Strip Area, Chord
    j     Xle      Yle      Zle      Chord    Area     c_cl     ai     cl_norm    cl       cd       cdv    cm_c/4     cm_LE   C.P.x/c
    21   0.0001  -0.0005   0.0000   0.3048   0.0006   0.1480   0.1160   0.4797   0.4483   0.2820   0.0000   0.0022   0.1151    0.245
    22   0.0011  -0.0042   0.0000   0.3048   0.0017   0.1480   0.1148   0.5164   0.4826   0.0563   0.0000   0.0027   0.1147    0.244
    23   0.0031  -0.0116   0.0000   0.3048   0.0028   0.1479   0.1146   0.5185   0.4845   0.0421   0.0000   0.0042   0.1131    0.241
    24   0.0060  -0.0225   0.0000   0.3048   0.0038   0.1478   0.1152   0.5185   0.4845   0.0384   0.0000   0.0066   0.1107    0.236
    25   0.0098  -0.0365   0.0000   0.3048   0.0047   0.1473   0.1165   0.5174   0.4835   0.0358   0.0000   0.0093   0.1077    0.231
    26   0.0143  -0.0534   0.0000   0.3048   0.0055   0.1465   0.1183   0.5149   0.4811   0.0335   0.0000   0.0121   0.1044    0.225
    27   0.0195  -0.0728   0.0000   0.3048   0.0062   0.1451   0.1204   0.5101   0.4767   0.0314   0.0000   0.0148   0.1007    0.219
    28   0.0252  -0.0941   0.0000   0.3048   0.0067   0.1428   0.1227   0.5024   0.4694   0.0295   0.0000   0.0173   0.0964    0.213
    29   0.0313  -0.1168   0.0000   0.3048   0.0071   0.1395   0.1253   0.4908   0.4587   0.0277   0.0000   0.0198   0.0914    0.207
    30   0.0376  -0.1404   0.0000   0.3048   0.0073   0.1349   0.1279   0.4748   0.4437   0.0258   0.0000   0.0222   0.0854    0.200
    31   0.0441  -0.1644   0.0000   0.3048   0.0073   0.1288   0.1305   0.4536   0.4239   0.0239   0.0000   0.0244   0.0785    0.192
    32   0.0504  -0.1880   0.0000   0.3048   0.0071   0.1212   0.1328   0.4267   0.3988   0.0219   0.0000   0.0265   0.0704    0.184
    33   0.0565  -0.2107   0.0000   0.3048   0.0067   0.1118   0.1347   0.3939   0.3681   0.0197   0.0000   0.0282   0.0613    0.173
    34   0.0622  -0.2320   0.0000   0.3048   0.0062   0.1008   0.1358   0.3550   0.3318   0.0173   0.0000   0.0293   0.0516    0.162
    35   0.0674  -0.2514   0.0000   0.3048   0.0055   0.0881   0.1359   0.3105   0.2901   0.0147   0.0000   0.0293   0.0415    0.149
    36   0.0719  -0.2683   0.0000   0.3048   0.0047   0.0740   0.1349   0.2608   0.2437   0.0120   0.0000   0.0279   0.0316    0.135
    37   0.0757  -0.2823   0.0000   0.3048   0.0038   0.0586   0.1326   0.2068   0.1933   0.0090   0.0000   0.0248   0.0225    0.122
    38   0.0786  -0.2932   0.0000   0.3048   0.0028   0.0424   0.1294   0.1497   0.1399   0.0059   0.0000   0.0197   0.0146    0.109
    39   0.0806  -0.3006   0.0000   0.3048   0.0017   0.0256   0.1259   0.0906   0.0847   0.0026   0.0000   0.0127   0.0080    0.100
    40   0.0816  -0.3043   0.0000   0.3048   0.0006   0.0086   0.1240   0.0305   0.0285  -0.0003   0.0000   0.0044   0.0025    0.095
 ---------------------------------------------------------------
