 ---------------------------------------------------------------
 Surface and Strip Forces by surface

  Sref = 0.13630       Cref = 0.19250       Bref = 0.81280    
  Xref = 0.10920       Yref =  0.0000       Zref =  0.0000    

  Surface # 1     Wing                                    
     # Chordwise = 10   # Spanwise = 20     First strip =  1
     Surface area Ssurf =    0.113548     Ave. chord Cave =    0.279400

 Forces referred to Sref, Cref, Bref about Xref, Yref, Zref
 Standard axis orientation,  X fwd, Z down         
     CLsurf  =   0.26650     Clsurf  =  -0.05790
     CYsurf  =   0.00479     Cmsurf  =  -0.00711
     CDsurf  =   0.01000     Cnsurf  =  -0.00563
     CDisurf =   0.01000     CDvsurf =   0.00000

 Forces referred to Ssurf, Cave 
     CLsurf  =   0.31990     CDsurf  =   0.01201

 Strip Forces referred to Strip Area, Chord
    j     Xle      Yle      Zle      Chord    Area     c_cl     ai     cl_norm    cl       cd       cdv    cm_c/4     cm_LE   C.P.x/c
     1   0.0002   0.0006   0.0000   0.2794   0.0007   0.1077   0.0573   0.4100   0.3736   0.1419   0.0000  -0.0071  -0.0987    0.269
     2   0.0018   0.0056   0.0000   0.2794   0.0021   0.1076   0.0558   0.4219   0.3844   0.0273   0.0000  -0.0064  -0.0980    0.267
     3   0.0049   0.0155   0.0000   0.2794   0.0034   0.1076   0.0559   0.4225   0.3850   0.0209   0.0000  -0.0041  -0.0958    0.261
     4   0.0094   0.0299   0.0000   0.2794   0.0047   0.1076   0.0572   0.4227   0.3852   0.0189   0.0000  -0.0011  -0.0930    0.253
     5   0.0153   0.0487   0.0000   0.2794   0.0058   0.1076   0.0590   0.4227   0.3852   0.0171   0.0000   0.0019  -0.0900    0.245
     6   0.0223   0.0712   0.0000   0.2794   0.0068   0.1074   0.0613   0.4220   0.3845   0.0156   0.0000   0.0047  -0.0872    0.238
     7   0.0304   0.0970   0.0000   0.2794   0.0076   0.1068   0.0637   0.4200   0.3827   0.0144   0.0000   0.0071  -0.0845    0.232
     8   0.0394   0.1254   0.0000   0.2794   0.0082   0.1058   0.0664   0.4159   0.3790   0.0133   0.0000   0.0092  -0.0815    0.226
     9   0.0489   0.1558   0.0000   0.2794   0.0087   0.1040   0.0692   0.4090   0.3727   0.0124   0.0000   0.0111  -0.0781    0.220
    10   0.0587   0.1873   0.0000   0.2794   0.0089   0.1013   0.0722   0.3985   0.3631   0.0116   0.0000   0.0131  -0.0740    0.214
    11   0.0688   0.2191   0.0000   0.2794   0.0089   0.0975   0.0754   0.3837   0.3496   0.0108   0.0000   0.0151  -0.0689    0.207
    12   0.0786   0.2506   0.0000   0.2794   0.0087   0.0925   0.0785   0.3639   0.3316   0.0099   0.0000   0.0172  -0.0626    0.198
    13   0.0881   0.2810   0.0000   0.2794   0.0082   0.0860   0.0813   0.3385   0.3084   0.0089   0.0000   0.0193  -0.0550    0.187
    14   0.0971   0.3094   0.0000   0.2794   0.0076   0.0781   0.0834   0.3072   0.2800   0.0078   0.0000   0.0212  -0.0464    0.174
    15   0.1052   0.3352   0.0000   0.2794   0.0068   0.0686   0.0844   0.2701   0.2461   0.0065   0.0000   0.0226  -0.0370    0.158
    16   0.1122   0.3577   0.0000   0.2794   0.0058   0.0578   0.0839   0.2276   0.2073   0.0052   0.0000   0.0229  -0.0275    0.139
    17   0.1181   0.3765   0.0000   0.2794   0.0047   0.0459   0.0817   0.1806   0.1645   0.0037   0.0000   0.0215  -0.0186    0.119
    18   0.1226   0.3909   0.0000   0.2794   0.0034   0.0331   0.0778   0.1304   0.1189   0.0022   0.0000   0.0179  -0.0112    0.099
    19   0.1257   0.4008   0.0000   0.2794   0.0021   0.0199   0.0730   0.0787   0.0717   0.0005   0.0000   0.0120  -0.0056    0.083
    20   0.1273   0.4058   0.0000   0.2794   0.0007   0.0067   0.0700   0.0263   0.0240  -0.0007   0.0000   0.0042  -0.0017    0.074

  Surface # 2     Wing (YDUP)                             
     # Chordwise = 10   # Spanwise = 20     First strip = 21
     Surface area Ssurf =    0.113548     Ave. chord Cave =    0.279400

 Forces referred to Sref, Cref, Bref about Xref, Yref, Zref
 Standard axis orientation,  X fwd, Z down         
     CLsurf  =   0.26650     Clsurf  =   0.05790
     CYsurf  =  -0.00479     Cmsurf  =  -0.00711
     CDsurf  =   0.01000     Cnsurf  =   0.00563
     CDisurf =   0.01000     CDvsurf =   0.00000

 Forces referred to Ssurf, Cave 
     CLsurf  =   0.31990     CDsurf  =   0.01201

 Strip Forces referred to Strip Area, Chord
    j     Xle      Yle      Zle      Chord    Area     c_cl     ai     cl_norm    cl       cd       cdv    cm_c/4     cm_LE   C.P.x/c
    21   0.0002  -0.0006   0.0000   0.2794   0.0007   0.1077   0.0573   0.4100   0.3736   0.1419   0.0000  -0.0071   0.0987    0.269
    22   0.0018  -0.0056   0.0000   0.2794   0.0021   0.1076   0.0558   0.4219   0.3844   0.0273   0.0000  -0.0064   0.0980    0.267
    23   0.0049  -0.0155   0.0000   0.2794   0.0034   0.1076   0.0559   0.4225   0.3850   0.0209   0.0000  -0.0041   0.0958    0.261
    24   0.0094  -0.0299   0.0000   0.2794   0.0047   0.1076   0.0572   0.4227   0.3852   0.0189   0.0000  -0.0011   0.0930    0.253
    25   0.0153  -0.0487   0.0000   0.2794   0.0058   0.1076   0.0590   0.4227   0.3852   0.0171   0.0000   0.0019   0.0900    0.245
    26   0.0223  -0.0712   0.0000   0.2794   0.0068   0.1074   0.0613   0.4220   0.3845   0.0156   0.0000   0.0047   0.0872    0.238
    27   0.0304  -0.0970   0.0000   0.2794   0.0076   0.1068   0.0637   0.4200   0.3827   0.0144   0.0000   0.0071   0.0845    0.232
    28   0.0394  -0.1254   0.0000   0.2794   0.0082   0.1058   0.0664   0.4159   0.3790   0.0133   0.0000   0.0092   0.0815    0.226
    29   0.0489  -0.1558   0.0000   0.2794   0.0087   0.1040   0.0692   0.4090   0.3727   0.0124   0.0000   0.0111   0.0781    0.220
    30   0.0587  -0.1873   0.0000   0.2794   0.0089   0.1013   0.0722   0.3985   0.3631   0.0116   0.0000   0.0131   0.0740    0.214
    31   0.0688  -0.2191   0.0000   0.2794   0.0089   0.0975   0.0754   0.3837   0.3496   0.0108   0.0000   0.0151   0.0689    0.207
    32   0.0786  -0.2506   0.0000   0.2794   0.0087   0.0925   0.0785   0.3639   0.3316   0.0099   0.0000   0.0172   0.0626    0.198
    33   0.0881  -0.2810   0.0000   0.2794   0.0082   0.0860   0.0813   0.3385   0.3084   0.0089   0.0000   0.0193   0.0550    0.187
    34   0.0971  -0.3094   0.0000   0.2794   0.0076   0.0781   0.0834   0.3072   0.2800   0.0078   0.0000   0.0212   0.0464    0.174
    35   0.1052  -0.3352   0.0000   0.2794   0.0068   0.0686   0.0844   0.2701   0.2461   0.0065   0.0000   0.0226   0.0370    0.158
    36   0.1122  -0.3577   0.0000   0.2794   0.0058   0.0578   0.0839   0.2276   0.2073   0.0052   0.0000   0.0229   0.0275    0.139
    37   0.1181  -0.3765   0.0000   0.2794   0.0047   0.0459   0.0817   0.1806   0.1645   0.0037   0.0000   0.0215   0.0186    0.119
    38   0.1226  -0.3909   0.0000   0.2794   0.0034   0.0331   0.0778   0.1304   0.1189   0.0022   0.0000   0.0179   0.0112    0.099
    39   0.1257  -0.4008   0.0000   0.2794   0.0021   0.0199   0.0730   0.0787   0.0717   0.0005   0.0000   0.0120   0.0056    0.083
    40   0.1273  -0.4058   0.0000   0.2794   0.0007   0.0067   0.0700   0.0263   0.0240  -0.0007   0.0000   0.0042   0.0017    0.074
 ---------------------------------------------------------------
