 ---------------------------------------------------------------
 Surface and Strip Forces by surface

  Sref = 0.14860       Cref = 0.24890       Bref = 0.60960    
  Xref = 0.10920       Yref =  0.0000       Zref =  0.0000    

  Surface # 1     Wing                                    
     # Chordwise = 10   # Spanwise = 20     First strip =  1
     Surface area Ssurf =    0.092903     Ave. chord Cave =    0.304800

 Forces referred to Sref, Cref, Bref about Xref, Yref, Zref
 Standard axis orientation,  X fwd, Z down         
     CLsurf  =   0.24444     Clsurf  =  -0.05223
     CYsurf  =   0.00392     Cmsurf  =   0.02410
     CDsurf  =   0.01600     Cnsurf  =  -0.00711
     CDisurf =   0.01600     CDvsurf =   0.00000

 Forces referred to Ssurf, Cave 
     CLsurf  =   0.39099     CDsurf  =   0.02560

 Strip Forces referred to Strip Area, Chord
    j     Xle      Yle      Zle      Chord    Area     c_cl     ai     cl_norm    cl       cd       cdv    cm_c/4     cm_LE   C.P.x/c
     1   0.0001   0.0005   0.0000   0.3048   0.0006   0.1487   0.1181   0.4769   0.4611   0.2125   0.0000   0.0075  -0.1124    0.234
     2   0.0008   0.0042   0.0000   0.3048   0.0017   0.1487   0.1173   0.5025   0.4859   0.0489   0.0000   0.0079  -0.1121    0.234
     3   0.0022   0.0116   0.0000   0.3048   0.0028   0.1486   0.1170   0.5039   0.4872   0.0385   0.0000   0.0089  -0.1110    0.232
     4   0.0042   0.0225   0.0000   0.3048   0.0038   0.1484   0.1173   0.5036   0.4869   0.0357   0.0000   0.0106  -0.1092    0.228
     5   0.0068   0.0365   0.0000   0.3048   0.0047   0.1479   0.1182   0.5022   0.4856   0.0338   0.0000   0.0126  -0.1069    0.224
     6   0.0100   0.0534   0.0000   0.3048   0.0055   0.1470   0.1195   0.4993   0.4828   0.0321   0.0000   0.0146  -0.1041    0.220
     7   0.0136   0.0728   0.0000   0.3048   0.0062   0.1454   0.1211   0.4942   0.4778   0.0305   0.0000   0.0166  -0.1009    0.215
     8   0.0176   0.0941   0.0000   0.3048   0.0067   0.1430   0.1229   0.4862   0.4701   0.0291   0.0000   0.0185  -0.0971    0.211
     9   0.0219   0.1168   0.0000   0.3048   0.0071   0.1395   0.1250   0.4744   0.4587   0.0276   0.0000   0.0204  -0.0924    0.206
    10   0.0263   0.1404   0.0000   0.3048   0.0073   0.1348   0.1273   0.4584   0.4432   0.0262   0.0000   0.0223  -0.0868    0.200
    11   0.0308   0.1644   0.0000   0.3048   0.0073   0.1286   0.1295   0.4374   0.4229   0.0246   0.0000   0.0240  -0.0800    0.193
    12   0.0352   0.1880   0.0000   0.3048   0.0071   0.1208   0.1316   0.4111   0.3975   0.0229   0.0000   0.0257  -0.0722    0.185
    13   0.0395   0.2107   0.0000   0.3048   0.0067   0.1114   0.1333   0.3792   0.3666   0.0209   0.0000   0.0270  -0.0633    0.176
    14   0.0435   0.2320   0.0000   0.3048   0.0062   0.1004   0.1343   0.3416   0.3302   0.0188   0.0000   0.0277  -0.0537    0.166
    15   0.0471   0.2514   0.0000   0.3048   0.0055   0.0877   0.1345   0.2986   0.2887   0.0163   0.0000   0.0275  -0.0437    0.155
    16   0.0503   0.2683   0.0000   0.3048   0.0047   0.0737   0.1336   0.2507   0.2424   0.0136   0.0000   0.0261  -0.0337    0.142
    17   0.0529   0.2823   0.0000   0.3048   0.0038   0.0584   0.1316   0.1988   0.1922   0.0106   0.0000   0.0231  -0.0244    0.130
    18   0.0549   0.2932   0.0000   0.3048   0.0028   0.0423   0.1286   0.1439   0.1391   0.0074   0.0000   0.0183  -0.0160    0.118
    19   0.0563   0.3006   0.0000   0.3048   0.0017   0.0255   0.1252   0.0871   0.0842   0.0038   0.0000   0.0119  -0.0089    0.109
    20   0.0570   0.3043   0.0000   0.3048   0.0006   0.0085   0.1233   0.0292   0.0283   0.0004   0.0000   0.0041  -0.0029    0.105

  Surface # 2     Wing (YDUP)                             
     # Chordwise = 10   # Spanwise = 20     First strip = 21
     Surface area Ssurf =    0.092903     Ave. chord Cave =    0.304800

 Forces referred to Sref, Cref, Bref about Xref, Yref, Zref
 Standard axis orientation,  X fwd, Z down         
     CLsurf  =   0.24444     Clsurf  =   0.05223
     CYsurf  =  -0.00392     Cmsurf  =   0.02410
     CDsurf  =   0.01600     Cnsurf  =   0.00711
     CDisurf =   0.01600     CDvsurf =   0.00000

 Forces referred to Ssurf, Cave 
     CLsurf  =   0.39099     CDsurf  =   0.02560

 Strip Forces referred to Strip Area, Chord
    j     Xle      Yle      Zle      Chord    Area     c_cl     ai     cl_norm    cl       cd       cdv    cm_c/4     cm_LE   C.P.x/c
    21   0.0001  -0.0005   0.0000   0.3048   0.0006   0.1487   0.1181   0.4769   0.4611   0.2125   0.0000   0.0075   0.1124    0.234
    22   0.0008  -0.0042   0.0000   0.3048   0.0017   0.1487   0.1173   0.5025   0.4859   0.0489   0.0000   0.0079   0.1121    0.234
    23   0.0022  -0.0116   0.0000   0.3048   0.0028   0.1486   0.1170   0.5039   0.4872   0.0385   0.0000   0.0089   0.1110    0.232
    24   0.0042  -0.0225   0.0000   0.3048   0.0038   0.1484   0.1173   0.5036   0.4869   0.0357   0.0000   0.0106   0.1092    0.228
    25   0.0068  -0.0365   0.0000   0.3048   0.0047   0.1479   0.1182   0.5022   0.4856   0.0338   0.0000   0.0126   0.1069    0.224
    26   0.0100  -0.0534   0.0000   0.3048   0.0055   0.1470   0.1195   0.4993   0.4828   0.0321   0.0000   0.0146   0.1041    0.220
    27   0.0136  -0.0728   0.0000   0.3048   0.0062   0.1454   0.1211   0.4942   0.4778   0.0305   0.0000   0.0166   0.1009    0.215
    28   0.0176  -0.0941   0.0000   0.3048   0.0067   0.1430   0.1229   0.4862   0.4701   0.0291   0.0000   0.0185   0.0971    0.211
    29   0.0219  -0.1168   0.0000   0.3048   0.0071   0.1395   0.1250   0.4744   0.4587   0.0276   0.0000   0.0204   0.0924    0.206
    30   0.0263  -0.1404   0.0000   0.3048   0.0073   0.1348   0.1273   0.4584   0.4432   0.0262   0.0000   0.0223   0.0868    0.200
    31   0.0308  -0.1644   0.0000   0.3048   0.0073   0.1286   0.1295   0.4374   0.4229   0.0246   0.0000   0.0240   0.0800    0.193
    32   0.0352  -0.1880   0.0000   0.3048   0.0071   0.1208   0.1316   0.4111   0.3975   0.0229   0.0000   0.0257   0.0722    0.185
    33   0.0395  -0.2107   0.0000   0.3048   0.0067   0.1114   0.1333   0.3792   0.3666   0.0209   0.0000   0.0270   0.0633    0.176
    34   0.0435  -0.2320   0.0000   0.3048   0.0062   0.1004   0.1343   0.3416   0.3302   0.0188   0.0000   0.0277   0.0537    0.166
    35   0.0471  -0.2514   0.0000   0.3048   0.0055   0.0877   0.1345   0.2986   0.2887   0.0163   0.0000   0.0275   0.0437    0.155
    36   0.0503  -0.2683   0.0000   0.3048   0.0047   0.0737   0.1336   0.2507   0.2424   0.0136   0.0000   0.0261   0.0337    0.142
    37   0.0529  -0.2823   0.0000   0.3048   0.0038   0.0584   0.1316   0.1988   0.1922   0.0106   0.0000   0.0231   0.0244    0.130
    38   0.0549  -0.2932   0.0000   0.3048   0.0028   0.0423   0.1286   0.1439   0.1391   0.0074   0.0000   0.0183   0.0160    0.118
    39   0.0563  -0.3006   0.0000   0.3048   0.0017   0.0255   0.1252   0.0871   0.0842   0.0038   0.0000   0.0119   0.0089    0.109
    40   0.0570  -0.3043   0.0000   0.3048   0.0006   0.0085   0.1233   0.0292   0.0283   0.0004   0.0000   0.0041   0.0029    0.105
 ---------------------------------------------------------------
