 ---------------------------------------------------------------
 Surface and Strip Forces by surface

  Sref = 0.97500E-01   Cref = 0.15750       Bref = 0.71120    
  Xref = 0.10920       Yref =  0.0000       Zref =  0.0000    

  Surface # 1     Wing                                    
     # Chordwise = 10   # Spanwise = 20     First strip =  1
     Surface area Ssurf =    0.081290     Ave. chord Cave =    0.228600

 Forces referred to Sref, Cref, Bref about Xref, Yref, Zref
 Standard axis orientation,  X fwd, Z down         
     CLsurf  =   0.37256     Clsurf  =  -0.08053
     CYsurf  =   0.00399     Cmsurf  =   0.09495
     CDsurf  =   0.01762     Cnsurf  =  -0.00798
     CDisurf =   0.01762     CDvsurf =   0.00000

 Forces referred to Ssurf, Cave 
     CLsurf  =   0.44685     CDsurf  =   0.02114

 Strip Forces referred to Strip Area, Chord
    j     Xle      Yle      Zle      Chord    Area     c_cl     ai     cl_norm    cl       cd       cdv    cm_c/4     cm_LE   C.P.x/c
     1   0.0001   0.0005   0.0000   0.2286   0.0005   0.1244   0.0789   0.5419   0.5332   0.1197   0.0000   0.0026  -0.1324    0.245
     2   0.0006   0.0049   0.0000   0.2286   0.0015   0.1244   0.0785   0.5532   0.5443   0.0348   0.0000   0.0030  -0.1319    0.244
     3   0.0017   0.0135   0.0000   0.2286   0.0024   0.1244   0.0788   0.5537   0.5449   0.0296   0.0000   0.0044  -0.1306    0.242
     4   0.0034   0.0262   0.0000   0.2286   0.0033   0.1243   0.0797   0.5536   0.5447   0.0276   0.0000   0.0061  -0.1288    0.239
     5   0.0055   0.0426   0.0000   0.2286   0.0041   0.1240   0.0810   0.5527   0.5439   0.0261   0.0000   0.0079  -0.1267    0.235
     6   0.0080   0.0623   0.0000   0.2286   0.0048   0.1235   0.0826   0.5505   0.5417   0.0248   0.0000   0.0096  -0.1245    0.232
     7   0.0109   0.0849   0.0000   0.2286   0.0054   0.1225   0.0845   0.5462   0.5375   0.0239   0.0000   0.0111  -0.1219    0.229
     8   0.0141   0.1098   0.0000   0.2286   0.0059   0.1209   0.0868   0.5391   0.5305   0.0231   0.0000   0.0126  -0.1187    0.226
     9   0.0175   0.1363   0.0000   0.2286   0.0062   0.1185   0.0895   0.5284   0.5200   0.0224   0.0000   0.0140  -0.1147    0.223
    10   0.0211   0.1638   0.0000   0.2286   0.0064   0.1151   0.0925   0.5133   0.5051   0.0218   0.0000   0.0155  -0.1095    0.219
    11   0.0246   0.1918   0.0000   0.2286   0.0064   0.1106   0.0959   0.4929   0.4850   0.0211   0.0000   0.0172  -0.1029    0.215
    12   0.0282   0.2193   0.0000   0.2286   0.0062   0.1047   0.0995   0.4666   0.4591   0.0202   0.0000   0.0190  -0.0947    0.209
    13   0.0316   0.2458   0.0000   0.2286   0.0059   0.0973   0.1031   0.4336   0.4267   0.0192   0.0000   0.0209  -0.0848    0.201
    14   0.0348   0.2707   0.0000   0.2286   0.0054   0.0883   0.1063   0.3937   0.3874   0.0178   0.0000   0.0226  -0.0734    0.192
    15   0.0377   0.2933   0.0000   0.2286   0.0048   0.0778   0.1087   0.3466   0.3411   0.0161   0.0000   0.0238  -0.0607    0.180
    16   0.0402   0.3130   0.0000   0.2286   0.0041   0.0657   0.1097   0.2928   0.2881   0.0139   0.0000   0.0240  -0.0475    0.167
    17   0.0423   0.3294   0.0000   0.2286   0.0033   0.0523   0.1091   0.2332   0.2295   0.0113   0.0000   0.0225  -0.0345    0.152
    18   0.0440   0.3421   0.0000   0.2286   0.0024   0.0380   0.1066   0.1691   0.1664   0.0083   0.0000   0.0188  -0.0226    0.137
    19   0.0451   0.3507   0.0000   0.2286   0.0015   0.0230   0.1027   0.1023   0.1007   0.0047   0.0000   0.0126  -0.0124    0.125
    20   0.0456   0.3551   0.0000   0.2286   0.0005   0.0077   0.0999   0.0343   0.0337   0.0011   0.0000   0.0045  -0.0039    0.118

  Surface # 2     Wing (YDUP)                             
     # Chordwise = 10   # Spanwise = 20     First strip = 21
     Surface area Ssurf =    0.081290     Ave. chord Cave =    0.228600

 Forces referred to Sref, Cref, Bref about Xref, Yref, Zref
 Standard axis orientation,  X fwd, Z down         
     CLsurf  =   0.37256     Clsurf  =   0.08053
     CYsurf  =  -0.00399     Cmsurf  =   0.09495
     CDsurf  =   0.01762     Cnsurf  =   0.00798
     CDisurf =   0.01762     CDvsurf =   0.00000

 Forces referred to Ssurf, Cave 
     CLsurf  =   0.44685     CDsurf  =   0.02114

 Strip Forces referred to Strip Area, Chord
    j     Xle      Yle      Zle      Chord    Area     c_cl     ai     cl_norm    cl       cd       cdv    cm_c/4     cm_LE   C.P.x/c
    21   0.0001  -0.0005   0.0000   0.2286   0.0005   0.1244   0.0789   0.5419   0.5332   0.1197   0.0000   0.0026   0.1324    0.245
    22   0.0006  -0.0049   0.0000   0.2286   0.0015   0.1244   0.0785   0.5532   0.5443   0.0348   0.0000   0.0030   0.1319    0.244
    23   0.0017  -0.0135   0.0000   0.2286   0.0024   0.1244   0.0788   0.5537   0.5449   0.0296   0.0000   0.0044   0.1306    0.242
    24   0.0034  -0.0262   0.0000   0.2286   0.0033   0.1243   0.0797   0.5536   0.5447   0.0276   0.0000   0.0061   0.1288    0.239
    25   0.0055  -0.0426   0.0000   0.2286   0.0041   0.1240   0.0810   0.5527   0.5439   0.0261   0.0000   0.0079   0.1267    0.235
    26   0.0080  -0.0623   0.0000   0.2286   0.0048   0.1235   0.0826   0.5505   0.5417   0.0248   0.0000   0.0096   0.1245    0.232
    27   0.0109  -0.0849   0.0000   0.2286   0.0054   0.1225   0.0845   0.5462   0.5375   0.0239   0.0000   0.0111   0.1219    0.229
    28   0.0141  -0.1098   0.0000   0.2286   0.0059   0.1209   0.0868   0.5391   0.5305   0.0231   0.0000   0.0126   0.1187    0.226
    29   0.0175  -0.1363   0.0000   0.2286   0.0062   0.1185   0.0895   0.5284   0.5200   0.0224   0.0000   0.0140   0.1147    0.223
    30   0.0211  -0.1638   0.0000   0.2286   0.0064   0.1151   0.0925   0.5133   0.5051   0.0218   0.0000   0.0155   0.1095    0.219
    31   0.0246  -0.1918   0.0000   0.2286   0.0064   0.1106   0.0959   0.4929   0.4850   0.0211   0.0000   0.0172   0.1029    0.215
    32   0.0282  -0.2193   0.0000   0.2286   0.0062   0.1047   0.0995   0.4666   0.4591   0.0202   0.0000   0.0190   0.0947    0.209
    33   0.0316  -0.2458   0.0000   0.2286   0.0059   0.0973   0.1031   0.4336   0.4267   0.0192   0.0000   0.0209   0.0848    0.201
    34   0.0348  -0.2707   0.0000   0.2286   0.0054   0.0883   0.1063   0.3937   0.3874   0.0178   0.0000   0.0226   0.0734    0.192
    35   0.0377  -0.2933   0.0000   0.2286   0.0048   0.0778   0.1087   0.3466   0.3411   0.0161   0.0000   0.0238   0.0607    0.180
    36   0.0402  -0.3130   0.0000   0.2286   0.0041   0.0657   0.1097   0.2928   0.2881   0.0139   0.0000   0.0240   0.0475    0.167
    37   0.0423  -0.3294   0.0000   0.2286   0.0033   0.0523   0.1091   0.2332   0.2295   0.0113   0.0000   0.0225   0.0345    0.152
    38   0.0440  -0.3421   0.0000   0.2286   0.0024   0.0380   0.1066   0.1691   0.1664   0.0083   0.0000   0.0188   0.0226    0.137
    39   0.0451  -0.3507   0.0000   0.2286   0.0015   0.0230   0.1027   0.1023   0.1007   0.0047   0.0000   0.0126   0.0124    0.125
    40   0.0456  -0.3551   0.0000   0.2286   0.0005   0.0077   0.0999   0.0343   0.0337   0.0011   0.0000   0.0045   0.0039    0.118
 ---------------------------------------------------------------
