 ---------------------------------------------------------------
 Surface and Strip Forces by surface

  Sref = 0.22710       Cref = 0.27940       Bref = 0.81280    
  Xref = 0.10920       Yref =  0.0000       Zref =  0.0000    

  Surface # 1     Wing                                    
     # Chordwise = 10   # Spanwise = 20     First strip =  1
     Surface area Ssurf =    0.113548     Ave. chord Cave =    0.279400

 Forces referred to Sref, Cref, Bref about Xref, Yref, Zref
 Standard axis orientation,  X fwd, Z down         
     CLsurf  =   0.15995     Clsurf  =  -0.03468
     CYsurf  =   0.00245     Cmsurf  =   0.00185
     CDsurf  =   0.00596     Cnsurf  =  -0.00313
     CDisurf =   0.00596     CDvsurf =   0.00000

 Forces referred to Ssurf, Cave 
     CLsurf  =   0.31990     CDsurf  =   0.01191

 Strip Forces referred to Strip Area, Chord
    j     Xle      Yle      Zle      Chord    Area     c_cl     ai     cl_norm    cl       cd       cdv    cm_c/4     cm_LE   C.P.x/c
     1   0.0002   0.0006   0.0000   0.2794   0.0007   0.1082   0.0588   0.4039   0.3771   0.1260   0.0000  -0.0045  -0.0979    0.262
     2   0.0015   0.0056   0.0000   0.2794   0.0021   0.1082   0.0575   0.4141   0.3866   0.0256   0.0000  -0.0039  -0.0973    0.260
     3   0.0041   0.0155   0.0000   0.2794   0.0034   0.1082   0.0575   0.4146   0.3870   0.0199   0.0000  -0.0020  -0.0954    0.255
     4   0.0080   0.0299   0.0000   0.2794   0.0047   0.1081   0.0584   0.4146   0.3871   0.0180   0.0000   0.0006  -0.0929    0.248
     5   0.0130   0.0487   0.0000   0.2794   0.0058   0.1080   0.0600   0.4144   0.3869   0.0165   0.0000   0.0033  -0.0902    0.242
     6   0.0191   0.0712   0.0000   0.2794   0.0068   0.1077   0.0619   0.4133   0.3859   0.0152   0.0000   0.0057  -0.0876    0.235
     7   0.0260   0.0970   0.0000   0.2794   0.0076   0.1071   0.0641   0.4110   0.3837   0.0141   0.0000   0.0078  -0.0850    0.230
     8   0.0336   0.1254   0.0000   0.2794   0.0082   0.1059   0.0665   0.4065   0.3795   0.0132   0.0000   0.0097  -0.0822    0.224
     9   0.0417   0.1558   0.0000   0.2794   0.0087   0.1040   0.0691   0.3993   0.3728   0.0124   0.0000   0.0115  -0.0788    0.219
    10   0.0502   0.1873   0.0000   0.2794   0.0089   0.1012   0.0719   0.3886   0.3628   0.0117   0.0000   0.0132  -0.0747    0.214
    11   0.0587   0.2191   0.0000   0.2794   0.0089   0.0974   0.0748   0.3738   0.3490   0.0109   0.0000   0.0150  -0.0696    0.207
    12   0.0672   0.2506   0.0000   0.2794   0.0087   0.0922   0.0777   0.3541   0.3306   0.0101   0.0000   0.0170  -0.0633    0.199
    13   0.0753   0.2810   0.0000   0.2794   0.0082   0.0857   0.0804   0.3292   0.3073   0.0092   0.0000   0.0189  -0.0558    0.188
    14   0.0829   0.3094   0.0000   0.2794   0.0076   0.0777   0.0824   0.2986   0.2787   0.0082   0.0000   0.0207  -0.0472    0.176
    15   0.0898   0.3352   0.0000   0.2794   0.0068   0.0683   0.0835   0.2624   0.2449   0.0070   0.0000   0.0219  -0.0379    0.161
    16   0.0959   0.3577   0.0000   0.2794   0.0058   0.0575   0.0830   0.2210   0.2063   0.0057   0.0000   0.0221  -0.0284    0.143
    17   0.1009   0.3765   0.0000   0.2794   0.0047   0.0456   0.0809   0.1753   0.1637   0.0042   0.0000   0.0207  -0.0195    0.124
    18   0.1048   0.3909   0.0000   0.2794   0.0034   0.0330   0.0772   0.1267   0.1183   0.0026   0.0000   0.0172  -0.0119    0.105
    19   0.1074   0.4008   0.0000   0.2794   0.0021   0.0199   0.0725   0.0764   0.0713   0.0009   0.0000   0.0115  -0.0061    0.089
    20   0.1087   0.4058   0.0000   0.2794   0.0007   0.0066   0.0695   0.0256   0.0239  -0.0005   0.0000   0.0040  -0.0018    0.081

  Surface # 2     Wing (YDUP)                             
     # Chordwise = 10   # Spanwise = 20     First strip = 21
     Surface area Ssurf =    0.113548     Ave. chord Cave =    0.279400

 Forces referred to Sref, Cref, Bref about Xref, Yref, Zref
 Standard axis orientation,  X fwd, Z down         
     CLsurf  =   0.15995     Clsurf  =   0.03468
     CYsurf  =  -0.00245     Cmsurf  =   0.00185
     CDsurf  =   0.00596     Cnsurf  =   0.00313
     CDisurf =   0.00596     CDvsurf =   0.00000

 Forces referred to Ssurf, Cave 
     CLsurf  =   0.31990     CDsurf  =   0.01191

 Strip Forces referred to Strip Area, Chord
    j     Xle      Yle      Zle      Chord    Area     c_cl     ai     cl_norm    cl       cd       cdv    cm_c/4     cm_LE   C.P.x/c
    21   0.0002  -0.0006   0.0000   0.2794   0.0007   0.1082   0.0588   0.4039   0.3771   0.1260   0.0000  -0.0045   0.0979    0.262
    22   0.0015  -0.0056   0.0000   0.2794   0.0021   0.1082   0.0575   0.4141   0.3866   0.0256   0.0000  -0.0039   0.0973    0.260
    23   0.0041  -0.0155   0.0000   0.2794   0.0034   0.1082   0.0575   0.4146   0.3870   0.0199   0.0000  -0.0020   0.0954    0.255
    24   0.0080  -0.0299   0.0000   0.2794   0.0047   0.1081   0.0584   0.4146   0.3871   0.0180   0.0000   0.0006   0.0929    0.248
    25   0.0130  -0.0487   0.0000   0.2794   0.0058   0.1080   0.0600   0.4144   0.3869   0.0165   0.0000   0.0033   0.0902    0.242
    26   0.0191  -0.0712   0.0000   0.2794   0.0068   0.1077   0.0619   0.4133   0.3859   0.0152   0.0000   0.0057   0.0876    0.235
    27   0.0260  -0.0970   0.0000   0.2794   0.0076   0.1071   0.0641   0.4110   0.3837   0.0141   0.0000   0.0078   0.0850    0.230
    28   0.0336  -0.1254   0.0000   0.2794   0.0082   0.1059   0.0665   0.4065   0.3795   0.0132   0.0000   0.0097   0.0822    0.224
    29   0.0417  -0.1558   0.0000   0.2794   0.0087   0.1040   0.0691   0.3993   0.3728   0.0124   0.0000   0.0115   0.0788    0.219
    30   0.0502  -0.1873   0.0000   0.2794   0.0089   0.1012   0.0719   0.3886   0.3628   0.0117   0.0000   0.0132   0.0747    0.214
    31   0.0587  -0.2191   0.0000   0.2794   0.0089   0.0974   0.0748   0.3738   0.3490   0.0109   0.0000   0.0150   0.0696    0.207
    32   0.0672  -0.2506   0.0000   0.2794   0.0087   0.0922   0.0777   0.3541   0.3306   0.0101   0.0000   0.0170   0.0633    0.199
    33   0.0753  -0.2810   0.0000   0.2794   0.0082   0.0857   0.0804   0.3292   0.3073   0.0092   0.0000   0.0189   0.0558    0.188
    34   0.0829  -0.3094   0.0000   0.2794   0.0076   0.0777   0.0824   0.2986   0.2787   0.0082   0.0000   0.0207   0.0472    0.176
    35   0.0898  -0.3352   0.0000   0.2794   0.0068   0.0683   0.0835   0.2624   0.2449   0.0070   0.0000   0.0219   0.0379    0.161
    36   0.0959  -0.3577   0.0000   0.2794   0.0058   0.0575   0.0830   0.2210   0.2063   0.0057   0.0000   0.0221   0.0284    0.143
    37   0.1009  -0.3765   0.0000   0.2794   0.0047   0.0456   0.0809   0.1753   0.1637   0.0042   0.0000   0.0207   0.0195    0.124
    38   0.1048  -0.3909   0.0000   0.2794   0.0034   0.0330   0.0772   0.1267   0.1183   0.0026   0.0000   0.0172   0.0119    0.105
    39   0.1074  -0.4008   0.0000   0.2794   0.0021   0.0199   0.0725   0.0764   0.0713   0.0009   0.0000   0.0115   0.0061    0.089
    40   0.1087  -0.4058   0.0000   0.2794   0.0007   0.0066   0.0695   0.0256   0.0239  -0.0005   0.0000   0.0040   0.0018    0.081
 ---------------------------------------------------------------
