 ---------------------------------------------------------------
 Surface and Strip Forces by surface

  Sref = 0.20900       Cref = 0.22860       Bref = 0.91440    
  Xref = 0.10920       Yref =  0.0000       Zref =  0.0000    

  Surface # 1     Wing                                    
     # Chordwise = 10   # Spanwise = 20     First strip =  1
     Surface area Ssurf =    0.104516     Ave. chord Cave =    0.228600

 Forces referred to Sref, Cref, Bref about Xref, Yref, Zref
 Standard axis orientation,  X fwd, Z down         
     CLsurf  =   0.17380     Clsurf  =  -0.03767
     CYsurf  =  -0.00000     Cmsurf  =   0.04496
     CDsurf  =   0.00483     Cnsurf  =  -0.00210
     CDisurf =   0.00483     CDvsurf =   0.00000

 Forces referred to Ssurf, Cave 
     CLsurf  =   0.34755     CDsurf  =   0.00966

 Strip Forces referred to Strip Area, Chord
    j     Xle      Yle      Zle      Chord    Area     c_cl     ai     cl_norm    cl       cd       cdv    cm_c/4     cm_LE   C.P.x/c
     1   0.0000   0.0007   0.0000   0.2286   0.0006   0.0970   0.0488   0.4251   0.4251   0.0102   0.0000   0.0082  -0.0979    0.231
     2   0.0000   0.0063   0.0000   0.2286   0.0019   0.0970   0.0488   0.4250   0.4250   0.0102   0.0000   0.0082  -0.0979    0.231
     3   0.0000   0.0174   0.0000   0.2286   0.0031   0.0970   0.0488   0.4249   0.4249   0.0102   0.0000   0.0082  -0.0978    0.231
     4   0.0000   0.0337   0.0000   0.2286   0.0043   0.0968   0.0489   0.4243   0.4243   0.0102   0.0000   0.0082  -0.0977    0.231
     5   0.0000   0.0548   0.0000   0.2286   0.0053   0.0966   0.0491   0.4230   0.4230   0.0102   0.0000   0.0083  -0.0973    0.230
     6   0.0000   0.0801   0.0000   0.2286   0.0062   0.0960   0.0496   0.4207   0.4207   0.0102   0.0000   0.0084  -0.0966    0.230
     7   0.0000   0.1092   0.0000   0.2286   0.0070   0.0951   0.0503   0.4168   0.4168   0.0103   0.0000   0.0086  -0.0954    0.229
     8   0.0000   0.1411   0.0000   0.2286   0.0076   0.0938   0.0513   0.4109   0.4109   0.0103   0.0000   0.0089  -0.0937    0.228
     9   0.0000   0.1752   0.0000   0.2286   0.0080   0.0919   0.0527   0.4024   0.4024   0.0104   0.0000   0.0093  -0.0911    0.227
    10   0.0000   0.2107   0.0000   0.2286   0.0082   0.0893   0.0545   0.3910   0.3910   0.0104   0.0000   0.0099  -0.0877    0.225
    11   0.0000   0.2465   0.0000   0.2286   0.0082   0.0858   0.0568   0.3758   0.3758   0.0105   0.0000   0.0107  -0.0832    0.222
    12   0.0000   0.2820   0.0000   0.2286   0.0080   0.0814   0.0595   0.3565   0.3565   0.0104   0.0000   0.0116  -0.0774    0.217
    13   0.0000   0.3161   0.0000   0.2286   0.0076   0.0759   0.0623   0.3323   0.3323   0.0103   0.0000   0.0127  -0.0703    0.212
    14   0.0000   0.3480   0.0000   0.2286   0.0070   0.0691   0.0652   0.3027   0.3027   0.0099   0.0000   0.0139  -0.0617    0.204
    15   0.0000   0.3771   0.0000   0.2286   0.0062   0.0611   0.0676   0.2675   0.2675   0.0093   0.0000   0.0150  -0.0518    0.194
    16   0.0000   0.4024   0.0000   0.2286   0.0053   0.0518   0.0690   0.2266   0.2266   0.0084   0.0000   0.0156  -0.0411    0.181
    17   0.0000   0.4235   0.0000   0.2286   0.0043   0.0413   0.0688   0.1808   0.1808   0.0070   0.0000   0.0151  -0.0300    0.166
    18   0.0000   0.4398   0.0000   0.2286   0.0031   0.0300   0.0666   0.1311   0.1311   0.0053   0.0000   0.0131  -0.0196    0.150
    19   0.0000   0.4509   0.0000   0.2286   0.0019   0.0181   0.0624   0.0791   0.0791   0.0032   0.0000   0.0092  -0.0106    0.134
    20   0.0000   0.4565   0.0000   0.2286   0.0006   0.0060   0.0586   0.0264   0.0264   0.0011   0.0000   0.0033  -0.0033    0.124

  Surface # 2     Wing (YDUP)                             
     # Chordwise = 10   # Spanwise = 20     First strip = 21
     Surface area Ssurf =    0.104516     Ave. chord Cave =    0.228600

 Forces referred to Sref, Cref, Bref about Xref, Yref, Zref
 Standard axis orientation,  X fwd, Z down         
     CLsurf  =   0.17380     Clsurf  =   0.03767
     CYsurf  =  -0.00000     Cmsurf  =   0.04496
     CDsurf  =   0.00483     Cnsurf  =   0.00210
     CDisurf =   0.00483     CDvsurf =   0.00000

 Forces referred to Ssurf, Cave 
     CLsurf  =   0.34755     CDsurf  =   0.00966

 Strip Forces referred to Strip Area, Chord
    j     Xle      Yle      Zle      Chord    Area     c_cl     ai     cl_norm    cl       cd       cdv    cm_c/4     cm_LE   C.P.x/c
    21   0.0000  -0.0007   0.0000   0.2286   0.0006   0.0970   0.0488   0.4251   0.4251   0.0102   0.0000   0.0082   0.0979    0.231
    22   0.0000  -0.0063   0.0000   0.2286   0.0019   0.0970   0.0488   0.4250   0.4250   0.0102   0.0000   0.0082   0.0979    0.231
    23   0.0000  -0.0174   0.0000   0.2286   0.0031   0.0970   0.0488   0.4249   0.4249   0.0102   0.0000   0.0082   0.0978    0.231
    24   0.0000  -0.0337   0.0000   0.2286   0.0043   0.0968   0.0489   0.4243   0.4243   0.0102   0.0000   0.0082   0.0977    0.231
    25   0.0000  -0.0548   0.0000   0.2286   0.0053   0.0966   0.0491   0.4230   0.4230   0.0102   0.0000   0.0083   0.0973    0.230
    26   0.0000  -0.0801   0.0000   0.2286   0.0062   0.0960   0.0496   0.4207   0.4207   0.0102   0.0000   0.0084   0.0966    0.230
    27   0.0000  -0.1092   0.0000   0.2286   0.0070   0.0951   0.0503   0.4168   0.4168   0.0103   0.0000   0.0086   0.0954    0.229
    28   0.0000  -0.1411   0.0000   0.2286   0.0076   0.0938   0.0513   0.4109   0.4109   0.0103   0.0000   0.0089   0.0937    0.228
    29   0.0000  -0.1752   0.0000   0.2286   0.0080   0.0919   0.0527   0.4024   0.4024   0.0104   0.0000   0.0093   0.0911    0.227
    30   0.0000  -0.2107   0.0000   0.2286   0.0082   0.0893   0.0545   0.3910   0.3910   0.0104   0.0000   0.0099   0.0877    0.225
    31   0.0000  -0.2465   0.0000   0.2286   0.0082   0.0858   0.0568   0.3758   0.3758   0.0105   0.0000   0.0107   0.0832    0.222
    32   0.0000  -0.2820   0.0000   0.2286   0.0080   0.0814   0.0595   0.3565   0.3565   0.0104   0.0000   0.0116   0.0774    0.217
    33   0.0000  -0.3161   0.0000   0.2286   0.0076   0.0759   0.0623   0.3323   0.3323   0.0103   0.0000   0.0127   0.0703    0.212
    34   0.0000  -0.3480   0.0000   0.2286   0.0070   0.0691   0.0652   0.3027   0.3027   0.0099   0.0000   0.0139   0.0617    0.204
    35   0.0000  -0.3771   0.0000   0.2286   0.0062   0.0611   0.0676   0.2675   0.2675   0.0093   0.0000   0.0150   0.0518    0.194
    36   0.0000  -0.4024   0.0000   0.2286   0.0053   0.0518   0.0690   0.2266   0.2266   0.0084   0.0000   0.0156   0.0411    0.181
    37   0.0000  -0.4235   0.0000   0.2286   0.0043   0.0413   0.0688   0.1808   0.1808   0.0070   0.0000   0.0151   0.0300    0.166
    38   0.0000  -0.4398   0.0000   0.2286   0.0031   0.0300   0.0666   0.1311   0.1311   0.0053   0.0000   0.0131   0.0196    0.150
    39   0.0000  -0.4509   0.0000   0.2286   0.0019   0.0181   0.0624   0.0791   0.0791   0.0032   0.0000   0.0092   0.0106    0.134
    40   0.0000  -0.4565   0.0000   0.2286   0.0006   0.0060   0.0586   0.0264   0.0264   0.0011   0.0000   0.0033   0.0033    0.124
 ---------------------------------------------------------------
