 ---------------------------------------------------------------
 Surface and Strip Forces by surface

  Sref = 0.17340       Cref = 0.24890       Bref = 0.71120    
  Xref = 0.10920       Yref =  0.0000       Zref =  0.0000    

  Surface # 1     Wing                                    
     # Chordwise = 10   # Spanwise = 20     First strip =  1
     Surface area Ssurf =    0.108387     Ave. chord Cave =    0.304800

 Forces referred to Sref, Cref, Bref about Xref, Yref, Zref
 Standard axis orientation,  X fwd, Z down         
     CLsurf  =   0.20948     Clsurf  =  -0.04481
     CYsurf  =   0.00120     Cmsurf  =   0.02919
     CDsurf  =   0.00982     Cnsurf  =  -0.00361
     CDisurf =   0.00982     CDvsurf =   0.00000

 Forces referred to Ssurf, Cave 
     CLsurf  =   0.33514     CDsurf  =   0.01571

 Strip Forces referred to Strip Area, Chord
    j     Xle      Yle      Zle      Chord    Area     c_cl     ai     cl_norm    cl       cd       cdv    cm_c/4     cm_LE   C.P.x/c
     1   0.0000   0.0005   0.0000   0.3048   0.0007   0.1274   0.0865   0.4154   0.4124   0.0732   0.0000   0.0095  -0.0946    0.227
     2   0.0004   0.0049   0.0000   0.3048   0.0020   0.1274   0.0860   0.4210   0.4180   0.0240   0.0000   0.0097  -0.0945    0.227
     3   0.0012   0.0135   0.0000   0.3048   0.0033   0.1273   0.0858   0.4211   0.4181   0.0210   0.0000   0.0102  -0.0939    0.226
     4   0.0022   0.0262   0.0000   0.3048   0.0044   0.1271   0.0859   0.4206   0.4175   0.0201   0.0000   0.0110  -0.0929    0.224
     5   0.0037   0.0426   0.0000   0.3048   0.0055   0.1267   0.0864   0.4192   0.4162   0.0194   0.0000   0.0119  -0.0917    0.221
     6   0.0053   0.0623   0.0000   0.3048   0.0065   0.1259   0.0871   0.4166   0.4136   0.0188   0.0000   0.0129  -0.0901    0.219
     7   0.0073   0.0849   0.0000   0.3048   0.0073   0.1245   0.0881   0.4121   0.4091   0.0183   0.0000   0.0138  -0.0880    0.216
     8   0.0094   0.1098   0.0000   0.3048   0.0079   0.1224   0.0894   0.4052   0.4023   0.0178   0.0000   0.0148  -0.0853    0.213
     9   0.0117   0.1363   0.0000   0.3048   0.0083   0.1195   0.0909   0.3954   0.3926   0.0173   0.0000   0.0158  -0.0819    0.210
    10   0.0141   0.1638   0.0000   0.3048   0.0085   0.1154   0.0926   0.3821   0.3793   0.0167   0.0000   0.0169  -0.0776    0.206
    11   0.0164   0.1918   0.0000   0.3048   0.0085   0.1102   0.0945   0.3647   0.3621   0.0161   0.0000   0.0180  -0.0722    0.200
    12   0.0188   0.2193   0.0000   0.3048   0.0083   0.1037   0.0963   0.3430   0.3405   0.0153   0.0000   0.0191  -0.0657    0.194
    13   0.0211   0.2458   0.0000   0.3048   0.0079   0.0957   0.0979   0.3166   0.3143   0.0143   0.0000   0.0201  -0.0582    0.186
    14   0.0232   0.2707   0.0000   0.3048   0.0073   0.0863   0.0991   0.2854   0.2834   0.0131   0.0000   0.0208  -0.0498    0.177
    15   0.0252   0.2933   0.0000   0.3048   0.0065   0.0755   0.0995   0.2496   0.2478   0.0117   0.0000   0.0209  -0.0408    0.166
    16   0.0268   0.3130   0.0000   0.3048   0.0055   0.0634   0.0989   0.2096   0.2081   0.0100   0.0000   0.0201  -0.0317    0.153
    17   0.0283   0.3294   0.0000   0.3048   0.0044   0.0502   0.0970   0.1661   0.1649   0.0080   0.0000   0.0181  -0.0230    0.140
    18   0.0293   0.3421   0.0000   0.3048   0.0033   0.0363   0.0940   0.1201   0.1192   0.0058   0.0000   0.0146  -0.0151    0.128
    19   0.0301   0.3507   0.0000   0.3048   0.0020   0.0219   0.0904   0.0725   0.0720   0.0033   0.0000   0.0096  -0.0084    0.117
    20   0.0305   0.3551   0.0000   0.3048   0.0007   0.0073   0.0881   0.0243   0.0241   0.0008   0.0000   0.0033  -0.0027    0.111

  Surface # 2     Wing (YDUP)                             
     # Chordwise = 10   # Spanwise = 20     First strip = 21
     Surface area Ssurf =    0.108387     Ave. chord Cave =    0.304800

 Forces referred to Sref, Cref, Bref about Xref, Yref, Zref
 Standard axis orientation,  X fwd, Z down         
     CLsurf  =   0.20948     Clsurf  =   0.04481
     CYsurf  =  -0.00120     Cmsurf  =   0.02919
     CDsurf  =   0.00982     Cnsurf  =   0.00361
     CDisurf =   0.00982     CDvsurf =   0.00000

 Forces referred to Ssurf, Cave 
     CLsurf  =   0.33514     CDsurf  =   0.01571

 Strip Forces referred to Strip Area, Chord
    j     Xle      Yle      Zle      Chord    Area     c_cl     ai     cl_norm    cl       cd       cdv    cm_c/4     cm_LE   C.P.x/c
    21   0.0000  -0.0005   0.0000   0.3048   0.0007   0.1274   0.0865   0.4154   0.4124   0.0732   0.0000   0.0095   0.0946    0.227
    22   0.0004  -0.0049   0.0000   0.3048   0.0020   0.1274   0.0860   0.4210   0.4180   0.0240   0.0000   0.0097   0.0945    0.227
    23   0.0012  -0.0135   0.0000   0.3048   0.0033   0.1273   0.0858   0.4211   0.4181   0.0210   0.0000   0.0102   0.0939    0.226
    24   0.0022  -0.0262   0.0000   0.3048   0.0044   0.1271   0.0859   0.4206   0.4175   0.0201   0.0000   0.0110   0.0929    0.224
    25   0.0037  -0.0426   0.0000   0.3048   0.0055   0.1267   0.0864   0.4192   0.4162   0.0194   0.0000   0.0119   0.0917    0.221
    26   0.0053  -0.0623   0.0000   0.3048   0.0065   0.1259   0.0871   0.4166   0.4136   0.0188   0.0000   0.0129   0.0901    0.219
    27   0.0073  -0.0849   0.0000   0.3048   0.0073   0.1245   0.0881   0.4121   0.4091   0.0183   0.0000   0.0138   0.0880    0.216
    28   0.0094  -0.1098   0.0000   0.3048   0.0079   0.1224   0.0894   0.4052   0.4023   0.0178   0.0000   0.0148   0.0853    0.213
    29   0.0117  -0.1363   0.0000   0.3048   0.0083   0.1195   0.0909   0.3954   0.3926   0.0173   0.0000   0.0158   0.0819    0.210
    30   0.0141  -0.1638   0.0000   0.3048   0.0085   0.1154   0.0926   0.3821   0.3793   0.0167   0.0000   0.0169   0.0776    0.206
    31   0.0164  -0.1918   0.0000   0.3048   0.0085   0.1102   0.0945   0.3647   0.3621   0.0161   0.0000   0.0180   0.0722    0.200
    32   0.0188  -0.2193   0.0000   0.3048   0.0083   0.1037   0.0963   0.3430   0.3405   0.0153   0.0000   0.0191   0.0657    0.194
    33   0.0211  -0.2458   0.0000   0.3048   0.0079   0.0957   0.0979   0.3166   0.3143   0.0143   0.0000   0.0201   0.0582    0.186
    34   0.0232  -0.2707   0.0000   0.3048   0.0073   0.0863   0.0991   0.2854   0.2834   0.0131   0.0000   0.0208   0.0498    0.177
    35   0.0252  -0.2933   0.0000   0.3048   0.0065   0.0755   0.0995   0.2496   0.2478   0.0117   0.0000   0.0209   0.0408    0.166
    36   0.0268  -0.3130   0.0000   0.3048   0.0055   0.0634   0.0989   0.2096   0.2081   0.0100   0.0000   0.0201   0.0317    0.153
    37   0.0283  -0.3294   0.0000   0.3048   0.0044   0.0502   0.0970   0.1661   0.1649   0.0080   0.0000   0.0181   0.0230    0.140
    38   0.0293  -0.3421   0.0000   0.3048   0.0033   0.0363   0.0940   0.1201   0.1192   0.0058   0.0000   0.0146   0.0151    0.128
    39   0.0301  -0.3507   0.0000   0.3048   0.0020   0.0219   0.0904   0.0725   0.0720   0.0033   0.0000   0.0096   0.0084    0.117
    40   0.0305  -0.3551   0.0000   0.3048   0.0007   0.0073   0.0881   0.0243   0.0241   0.0008   0.0000   0.0033   0.0027    0.111
 ---------------------------------------------------------------
