 ---------------------------------------------------------------
 Surface and Strip Forces by surface

  Sref = 0.16720       Cref = 0.18360       Bref = 0.91440    
  Xref = 0.10920       Yref =  0.0000       Zref =  0.0000    

  Surface # 1     Wing                                    
     # Chordwise = 10   # Spanwise = 20     First strip =  1
     Surface area Ssurf =    0.092903     Ave. chord Cave =    0.203200

 Forces referred to Sref, Cref, Bref about Xref, Yref, Zref
 Standard axis orientation,  X fwd, Z down         
     CLsurf  =   0.21725     Clsurf  =  -0.04820
     CYsurf  =   0.00410     Cmsurf  =   0.00570
     CDsurf  =   0.00643     Cnsurf  =  -0.00418
     CDisurf =   0.00643     CDvsurf =   0.00000

 Forces referred to Ssurf, Cave 
     CLsurf  =   0.39099     CDsurf  =   0.01158

 Strip Forces referred to Strip Area, Chord
    j     Xle      Yle      Zle      Chord    Area     c_cl     ai     cl_norm    cl       cd       cdv    cm_c/4     cm_LE   C.P.x/c
     1   0.0002   0.0007   0.0000   0.2032   0.0006   0.0914   0.0347   0.4782   0.4414   0.1114   0.0000  -0.0116  -0.1192    0.276
     2   0.0018   0.0063   0.0000   0.2032   0.0017   0.0914   0.0343   0.4871   0.4495   0.0254   0.0000  -0.0102  -0.1178    0.273
     3   0.0051   0.0174   0.0000   0.2032   0.0028   0.0915   0.0358   0.4881   0.4505   0.0205   0.0000  -0.0066  -0.1145    0.265
     4   0.0098   0.0337   0.0000   0.2032   0.0038   0.0917   0.0384   0.4895   0.4518   0.0179   0.0000  -0.0027  -0.1110    0.256
     5   0.0159   0.0548   0.0000   0.2032   0.0047   0.0920   0.0412   0.4913   0.4535   0.0157   0.0000   0.0007  -0.1080    0.248
     6   0.0233   0.0801   0.0000   0.2032   0.0055   0.0923   0.0440   0.4927   0.4548   0.0141   0.0000   0.0034  -0.1058    0.243
     7   0.0317   0.1092   0.0000   0.2032   0.0062   0.0923   0.0468   0.4930   0.4550   0.0129   0.0000   0.0054  -0.1039    0.238
     8   0.0410   0.1411   0.0000   0.2032   0.0067   0.0919   0.0496   0.4912   0.4533   0.0120   0.0000   0.0069  -0.1020    0.235
     9   0.0509   0.1752   0.0000   0.2032   0.0071   0.0911   0.0526   0.4865   0.4491   0.0114   0.0000   0.0082  -0.0997    0.232
    10   0.0611   0.2107   0.0000   0.2032   0.0073   0.0895   0.0560   0.4782   0.4414   0.0110   0.0000   0.0096  -0.0965    0.228
    11   0.0716   0.2465   0.0000   0.2032   0.0073   0.0871   0.0600   0.4652   0.4294   0.0105   0.0000   0.0112  -0.0921    0.224
    12   0.0818   0.2820   0.0000   0.2032   0.0071   0.0836   0.0645   0.4465   0.4121   0.0101   0.0000   0.0131  -0.0861    0.218
    13   0.0917   0.3161   0.0000   0.2032   0.0067   0.0788   0.0692   0.4210   0.3886   0.0095   0.0000   0.0154  -0.0783    0.210
    14   0.1010   0.3480   0.0000   0.2032   0.0062   0.0725   0.0739   0.3876   0.3578   0.0087   0.0000   0.0181  -0.0683    0.199
    15   0.1094   0.3771   0.0000   0.2032   0.0055   0.0647   0.0779   0.3456   0.3190   0.0077   0.0000   0.0208  -0.0565    0.185
    16   0.1168   0.4024   0.0000   0.2032   0.0047   0.0552   0.0802   0.2949   0.2722   0.0064   0.0000   0.0228  -0.0433    0.166
    17   0.1229   0.4235   0.0000   0.2032   0.0038   0.0442   0.0800   0.2363   0.2181   0.0049   0.0000   0.0231  -0.0300    0.144
    18   0.1276   0.4398   0.0000   0.2032   0.0028   0.0321   0.0771   0.1717   0.1585   0.0032   0.0000   0.0207  -0.0181    0.120
    19   0.1309   0.4509   0.0000   0.2032   0.0017   0.0194   0.0718   0.1037   0.0957   0.0013   0.0000   0.0146  -0.0089    0.098
    20   0.1325   0.4565   0.0000   0.2032   0.0006   0.0065   0.0673   0.0347   0.0320  -0.0005   0.0000   0.0053  -0.0026    0.085

  Surface # 2     Wing (YDUP)                             
     # Chordwise = 10   # Spanwise = 20     First strip = 21
     Surface area Ssurf =    0.092903     Ave. chord Cave =    0.203200

 Forces referred to Sref, Cref, Bref about Xref, Yref, Zref
 Standard axis orientation,  X fwd, Z down         
     CLsurf  =   0.21725     Clsurf  =   0.04820
     CYsurf  =  -0.00410     Cmsurf  =   0.00570
     CDsurf  =   0.00643     Cnsurf  =   0.00418
     CDisurf =   0.00643     CDvsurf =   0.00000

 Forces referred to Ssurf, Cave 
     CLsurf  =   0.39099     CDsurf  =   0.01158

 Strip Forces referred to Strip Area, Chord
    j     Xle      Yle      Zle      Chord    Area     c_cl     ai     cl_norm    cl       cd       cdv    cm_c/4     cm_LE   C.P.x/c
    21   0.0002  -0.0007   0.0000   0.2032   0.0006   0.0914   0.0347   0.4782   0.4414   0.1114   0.0000  -0.0116   0.1192    0.276
    22   0.0018  -0.0063   0.0000   0.2032   0.0017   0.0914   0.0343   0.4871   0.4495   0.0254   0.0000  -0.0102   0.1178    0.273
    23   0.0051  -0.0174   0.0000   0.2032   0.0028   0.0915   0.0358   0.4881   0.4505   0.0205   0.0000  -0.0066   0.1145    0.265
    24   0.0098  -0.0337   0.0000   0.2032   0.0038   0.0917   0.0384   0.4895   0.4518   0.0179   0.0000  -0.0027   0.1110    0.256
    25   0.0159  -0.0548   0.0000   0.2032   0.0047   0.0920   0.0412   0.4913   0.4535   0.0157   0.0000   0.0007   0.1080    0.248
    26   0.0233  -0.0801   0.0000   0.2032   0.0055   0.0923   0.0440   0.4927   0.4548   0.0141   0.0000   0.0034   0.1058    0.243
    27   0.0317  -0.1092   0.0000   0.2032   0.0062   0.0923   0.0468   0.4930   0.4550   0.0129   0.0000   0.0054   0.1039    0.238
    28   0.0410  -0.1411   0.0000   0.2032   0.0067   0.0919   0.0496   0.4912   0.4533   0.0120   0.0000   0.0069   0.1020    0.235
    29   0.0509  -0.1752   0.0000   0.2032   0.0071   0.0911   0.0526   0.4865   0.4491   0.0114   0.0000   0.0082   0.0997    0.232
    30   0.0611  -0.2107   0.0000   0.2032   0.0073   0.0895   0.0560   0.4782   0.4414   0.0110   0.0000   0.0096   0.0965    0.228
    31   0.0716  -0.2465   0.0000   0.2032   0.0073   0.0871   0.0600   0.4652   0.4294   0.0105   0.0000   0.0112   0.0921    0.224
    32   0.0818  -0.2820   0.0000   0.2032   0.0071   0.0836   0.0645   0.4465   0.4121   0.0101   0.0000   0.0131   0.0861    0.218
    33   0.0917  -0.3161   0.0000   0.2032   0.0067   0.0788   0.0692   0.4210   0.3886   0.0095   0.0000   0.0154   0.0783    0.210
    34   0.1010  -0.3480   0.0000   0.2032   0.0062   0.0725   0.0739   0.3876   0.3578   0.0087   0.0000   0.0181   0.0683    0.199
    35   0.1094  -0.3771   0.0000   0.2032   0.0055   0.0647   0.0779   0.3456   0.3190   0.0077   0.0000   0.0208   0.0565    0.185
    36   0.1168  -0.4024   0.0000   0.2032   0.0047   0.0552   0.0802   0.2949   0.2722   0.0064   0.0000   0.0228   0.0433    0.166
    37   0.1229  -0.4235   0.0000   0.2032   0.0038   0.0442   0.0800   0.2363   0.2181   0.0049   0.0000   0.0231   0.0300    0.144
    38   0.1276  -0.4398   0.0000   0.2032   0.0028   0.0321   0.0771   0.1717   0.1585   0.0032   0.0000   0.0207   0.0181    0.120
    39   0.1309  -0.4509   0.0000   0.2032   0.0017   0.0194   0.0718   0.1037   0.0957   0.0013   0.0000   0.0146   0.0089    0.098
    40   0.1325  -0.4565   0.0000   0.2032   0.0006   0.0065   0.0673   0.0347   0.0320  -0.0005   0.0000   0.0053   0.0026    0.085
 ---------------------------------------------------------------
