 ---------------------------------------------------------------
 Surface and Strip Forces by surface

  Sref = 0.16520       Cref = 0.20320       Bref = 0.81280    
  Xref = 0.10920       Yref =  0.0000       Zref =  0.0000    

  Surface # 1     Wing                                    
     # Chordwise = 10   # Spanwise = 20     First strip =  1
     Surface area Ssurf =    0.082580     Ave. chord Cave =    0.203200

 Forces referred to Sref, Cref, Bref about Xref, Yref, Zref
 Standard axis orientation,  X fwd, Z down         
     CLsurf  =   0.21988     Clsurf  =  -0.04789
     CYsurf  =   0.00146     Cmsurf  =   0.05258
     CDsurf  =   0.00790     Cnsurf  =  -0.00389
     CDisurf =   0.00790     CDvsurf =   0.00000

 Forces referred to Ssurf, Cave 
     CLsurf  =   0.43987     CDsurf  =   0.01581

 Strip Forces referred to Strip Area, Chord
    j     Xle      Yle      Zle      Chord    Area     c_cl     ai     cl_norm    cl       cd       cdv    cm_c/4     cm_LE   C.P.x/c
     1   0.0001   0.0006   0.0000   0.2032   0.0005   0.1075   0.0577   0.5291   0.5251   0.0650   0.0000   0.0025  -0.1292    0.245
     2   0.0005   0.0056   0.0000   0.2032   0.0015   0.1075   0.0575   0.5338   0.5298   0.0230   0.0000   0.0030  -0.1288    0.244
     3   0.0014   0.0155   0.0000   0.2032   0.0025   0.1075   0.0578   0.5341   0.5300   0.0204   0.0000   0.0041  -0.1277    0.242
     4   0.0026   0.0299   0.0000   0.2032   0.0034   0.1074   0.0586   0.5339   0.5299   0.0191   0.0000   0.0055  -0.1262    0.240
     5   0.0043   0.0487   0.0000   0.2032   0.0042   0.1073   0.0597   0.5332   0.5292   0.0182   0.0000   0.0067  -0.1248    0.237
     6   0.0062   0.0712   0.0000   0.2032   0.0049   0.1069   0.0610   0.5314   0.5274   0.0175   0.0000   0.0079  -0.1232    0.235
     7   0.0085   0.0970   0.0000   0.2032   0.0055   0.1062   0.0626   0.5278   0.5238   0.0170   0.0000   0.0088  -0.1213    0.233
     8   0.0110   0.1254   0.0000   0.2032   0.0060   0.1049   0.0646   0.5217   0.5178   0.0167   0.0000   0.0097  -0.1189    0.231
     9   0.0136   0.1558   0.0000   0.2032   0.0063   0.1031   0.0669   0.5125   0.5086   0.0165   0.0000   0.0107  -0.1157    0.229
    10   0.0164   0.1873   0.0000   0.2032   0.0065   0.1004   0.0698   0.4992   0.4955   0.0163   0.0000   0.0117  -0.1114    0.226
    11   0.0192   0.2191   0.0000   0.2032   0.0065   0.0968   0.0731   0.4812   0.4776   0.0161   0.0000   0.0130  -0.1057    0.223
    12   0.0220   0.2506   0.0000   0.2032   0.0063   0.0921   0.0769   0.4576   0.4542   0.0159   0.0000   0.0145  -0.0984    0.218
    13   0.0246   0.2810   0.0000   0.2032   0.0060   0.0860   0.0810   0.4276   0.4244   0.0154   0.0000   0.0163  -0.0892    0.212
    14   0.0271   0.3094   0.0000   0.2032   0.0055   0.0786   0.0850   0.3904   0.3875   0.0147   0.0000   0.0181  -0.0782    0.203
    15   0.0294   0.3352   0.0000   0.2032   0.0049   0.0696   0.0884   0.3457   0.3431   0.0136   0.0000   0.0198  -0.0656    0.192
    16   0.0313   0.3577   0.0000   0.2032   0.0042   0.0591   0.0905   0.2936   0.2914   0.0121   0.0000   0.0207  -0.0518    0.179
    17   0.0330   0.3765   0.0000   0.2032   0.0034   0.0473   0.0909   0.2347   0.2329   0.0101   0.0000   0.0202  -0.0378    0.163
    18   0.0342   0.3909   0.0000   0.2032   0.0025   0.0344   0.0889   0.1706   0.1693   0.0076   0.0000   0.0176  -0.0246    0.146
    19   0.0351   0.4008   0.0000   0.2032   0.0015   0.0208   0.0848   0.1032   0.1024   0.0045   0.0000   0.0122  -0.0133    0.131
    20   0.0355   0.4058   0.0000   0.2032   0.0005   0.0069   0.0812   0.0345   0.0342   0.0012   0.0000   0.0044  -0.0041    0.122

  Surface # 2     Wing (YDUP)                             
     # Chordwise = 10   # Spanwise = 20     First strip = 21
     Surface area Ssurf =    0.082580     Ave. chord Cave =    0.203200

 Forces referred to Sref, Cref, Bref about Xref, Yref, Zref
 Standard axis orientation,  X fwd, Z down         
     CLsurf  =   0.21988     Clsurf  =   0.04789
     CYsurf  =  -0.00146     Cmsurf  =   0.05258
     CDsurf  =   0.00790     Cnsurf  =   0.00389
     CDisurf =   0.00790     CDvsurf =   0.00000

 Forces referred to Ssurf, Cave 
     CLsurf  =   0.43987     CDsurf  =   0.01581

 Strip Forces referred to Strip Area, Chord
    j     Xle      Yle      Zle      Chord    Area     c_cl     ai     cl_norm    cl       cd       cdv    cm_c/4     cm_LE   C.P.x/c
    21   0.0001  -0.0006   0.0000   0.2032   0.0005   0.1075   0.0577   0.5291   0.5251   0.0650   0.0000   0.0025   0.1292    0.245
    22   0.0005  -0.0056   0.0000   0.2032   0.0015   0.1075   0.0575   0.5338   0.5298   0.0230   0.0000   0.0030   0.1288    0.244
    23   0.0014  -0.0155   0.0000   0.2032   0.0025   0.1075   0.0578   0.5341   0.5300   0.0204   0.0000   0.0041   0.1277    0.242
    24   0.0026  -0.0299   0.0000   0.2032   0.0034   0.1074   0.0586   0.5339   0.5299   0.0191   0.0000   0.0055   0.1262    0.240
    25   0.0043  -0.0487   0.0000   0.2032   0.0042   0.1073   0.0597   0.5332   0.5292   0.0182   0.0000   0.0067   0.1248    0.237
    26   0.0062  -0.0712   0.0000   0.2032   0.0049   0.1069   0.0610   0.5314   0.5274   0.0175   0.0000   0.0079   0.1232    0.235
    27   0.0085  -0.0970   0.0000   0.2032   0.0055   0.1062   0.0626   0.5278   0.5238   0.0170   0.0000   0.0088   0.1213    0.233
    28   0.0110  -0.1254   0.0000   0.2032   0.0060   0.1049   0.0646   0.5217   0.5178   0.0167   0.0000   0.0097   0.1189    0.231
    29   0.0136  -0.1558   0.0000   0.2032   0.0063   0.1031   0.0669   0.5125   0.5086   0.0165   0.0000   0.0107   0.1157    0.229
    30   0.0164  -0.1873   0.0000   0.2032   0.0065   0.1004   0.0698   0.4992   0.4955   0.0163   0.0000   0.0117   0.1114    0.226
    31   0.0192  -0.2191   0.0000   0.2032   0.0065   0.0968   0.0731   0.4812   0.4776   0.0161   0.0000   0.0130   0.1057    0.223
    32   0.0220  -0.2506   0.0000   0.2032   0.0063   0.0921   0.0769   0.4576   0.4542   0.0159   0.0000   0.0145   0.0984    0.218
    33   0.0246  -0.2810   0.0000   0.2032   0.0060   0.0860   0.0810   0.4276   0.4244   0.0154   0.0000   0.0163   0.0892    0.212
    34   0.0271  -0.3094   0.0000   0.2032   0.0055   0.0786   0.0850   0.3904   0.3875   0.0147   0.0000   0.0181   0.0782    0.203
    35   0.0294  -0.3352   0.0000   0.2032   0.0049   0.0696   0.0884   0.3457   0.3431   0.0136   0.0000   0.0198   0.0656    0.192
    36   0.0313  -0.3577   0.0000   0.2032   0.0042   0.0591   0.0905   0.2936   0.2914   0.0121   0.0000   0.0207   0.0518    0.179
    37   0.0330  -0.3765   0.0000   0.2032   0.0034   0.0473   0.0909   0.2347   0.2329   0.0101   0.0000   0.0202   0.0378    0.163
    38   0.0342  -0.3909   0.0000   0.2032   0.0025   0.0344   0.0889   0.1706   0.1693   0.0076   0.0000   0.0176   0.0246    0.146
    39   0.0351  -0.4008   0.0000   0.2032   0.0015   0.0208   0.0848   0.1032   0.1024   0.0045   0.0000   0.0122   0.0133    0.131
    40   0.0355  -0.4058   0.0000   0.2032   0.0005   0.0069   0.0812   0.0345   0.0342   0.0012   0.0000   0.0044   0.0041    0.122
 ---------------------------------------------------------------
