 ---------------------------------------------------------------
 Surface and Strip Forces by surface

  Sref = 0.14450       Cref = 0.18870       Bref = 0.81280    
  Xref = 0.10920       Yref =  0.0000       Zref =  0.0000    

  Surface # 1     Wing                                    
     # Chordwise = 10   # Spanwise = 20     First strip =  1
     Surface area Ssurf =    0.103226     Ave. chord Cave =    0.254000

 Forces referred to Sref, Cref, Bref about Xref, Yref, Zref
 Standard axis orientation,  X fwd, Z down         
     CLsurf  =   0.25138     Clsurf  =  -0.05476
     CYsurf  =   0.00423     Cmsurf  =   0.00919
     CDsurf  =   0.00936     Cnsurf  =  -0.00511
     CDisurf =   0.00936     CDvsurf =   0.00000

 Forces referred to Ssurf, Cave 
     CLsurf  =   0.35189     CDsurf  =   0.01310

 Strip Forces referred to Strip Area, Chord
    j     Xle      Yle      Zle      Chord    Area     c_cl     ai     cl_norm    cl       cd       cdv    cm_c/4     cm_LE   C.P.x/c
     1   0.0002   0.0006   0.0000   0.2540   0.0006   0.1071   0.0557   0.4401   0.4104   0.1332   0.0000  -0.0065  -0.1080    0.266
     2   0.0015   0.0056   0.0000   0.2540   0.0019   0.1071   0.0546   0.4513   0.4209   0.0279   0.0000  -0.0056  -0.1072    0.263
     3   0.0042   0.0155   0.0000   0.2540   0.0031   0.1071   0.0550   0.4520   0.4215   0.0220   0.0000  -0.0034  -0.1050    0.258
     4   0.0081   0.0299   0.0000   0.2540   0.0042   0.1071   0.0564   0.4523   0.4218   0.0199   0.0000  -0.0004  -0.1022    0.251
     5   0.0132   0.0487   0.0000   0.2540   0.0053   0.1071   0.0584   0.4524   0.4219   0.0180   0.0000   0.0025  -0.0993    0.244
     6   0.0192   0.0712   0.0000   0.2540   0.0062   0.1069   0.0606   0.4518   0.4213   0.0165   0.0000   0.0051  -0.0967    0.238
     7   0.0262   0.0970   0.0000   0.2540   0.0069   0.1064   0.0631   0.4498   0.4195   0.0153   0.0000   0.0073  -0.0941    0.233
     8   0.0339   0.1254   0.0000   0.2540   0.0075   0.1054   0.0658   0.4456   0.4156   0.0143   0.0000   0.0092  -0.0912    0.228
     9   0.0421   0.1558   0.0000   0.2540   0.0079   0.1037   0.0687   0.4385   0.4089   0.0135   0.0000   0.0110  -0.0879    0.223
    10   0.0506   0.1873   0.0000   0.2540   0.0081   0.1011   0.0718   0.4276   0.3988   0.0128   0.0000   0.0128  -0.0837    0.218
    11   0.0592   0.2191   0.0000   0.2540   0.0081   0.0975   0.0752   0.4123   0.3845   0.0120   0.0000   0.0147  -0.0785    0.212
    12   0.0677   0.2506   0.0000   0.2540   0.0079   0.0926   0.0786   0.3916   0.3652   0.0112   0.0000   0.0167  -0.0718    0.204
    13   0.0759   0.2810   0.0000   0.2540   0.0075   0.0863   0.0819   0.3651   0.3405   0.0103   0.0000   0.0189  -0.0638    0.195
    14   0.0836   0.3094   0.0000   0.2540   0.0069   0.0785   0.0847   0.3321   0.3097   0.0092   0.0000   0.0210  -0.0544    0.182
    15   0.0906   0.3352   0.0000   0.2540   0.0062   0.0692   0.0864   0.2927   0.2730   0.0080   0.0000   0.0225  -0.0440    0.167
    16   0.0966   0.3577   0.0000   0.2540   0.0053   0.0584   0.0866   0.2472   0.2305   0.0065   0.0000   0.0231  -0.0332    0.150
    17   0.1017   0.3765   0.0000   0.2540   0.0042   0.0465   0.0850   0.1965   0.1833   0.0049   0.0000   0.0220  -0.0229    0.130
    18   0.1056   0.3909   0.0000   0.2540   0.0031   0.0336   0.0814   0.1422   0.1326   0.0031   0.0000   0.0185  -0.0141    0.111
    19   0.1083   0.4008   0.0000   0.2540   0.0019   0.0203   0.0766   0.0858   0.0800   0.0012   0.0000   0.0125  -0.0072    0.094
    20   0.1096   0.4058   0.0000   0.2540   0.0006   0.0068   0.0734   0.0287   0.0268  -0.0004   0.0000   0.0044  -0.0022    0.085

  Surface # 2     Wing (YDUP)                             
     # Chordwise = 10   # Spanwise = 20     First strip = 21
     Surface area Ssurf =    0.103226     Ave. chord Cave =    0.254000

 Forces referred to Sref, Cref, Bref about Xref, Yref, Zref
 Standard axis orientation,  X fwd, Z down         
     CLsurf  =   0.25138     Clsurf  =   0.05476
     CYsurf  =  -0.00423     Cmsurf  =   0.00919
     CDsurf  =   0.00936     Cnsurf  =   0.00511
     CDisurf =   0.00936     CDvsurf =   0.00000

 Forces referred to Ssurf, Cave 
     CLsurf  =   0.35189     CDsurf  =   0.01310

 Strip Forces referred to Strip Area, Chord
    j     Xle      Yle      Zle      Chord    Area     c_cl     ai     cl_norm    cl       cd       cdv    cm_c/4     cm_LE   C.P.x/c
    21   0.0002  -0.0006   0.0000   0.2540   0.0006   0.1071   0.0557   0.4401   0.4104   0.1332   0.0000  -0.0065   0.1080    0.266
    22   0.0015  -0.0056   0.0000   0.2540   0.0019   0.1071   0.0546   0.4513   0.4209   0.0279   0.0000  -0.0056   0.1072    0.263
    23   0.0042  -0.0155   0.0000   0.2540   0.0031   0.1071   0.0550   0.4520   0.4215   0.0220   0.0000  -0.0034   0.1050    0.258
    24   0.0081  -0.0299   0.0000   0.2540   0.0042   0.1071   0.0564   0.4523   0.4218   0.0199   0.0000  -0.0004   0.1022    0.251
    25   0.0132  -0.0487   0.0000   0.2540   0.0053   0.1071   0.0584   0.4524   0.4219   0.0180   0.0000   0.0025   0.0993    0.244
    26   0.0192  -0.0712   0.0000   0.2540   0.0062   0.1069   0.0606   0.4518   0.4213   0.0165   0.0000   0.0051   0.0967    0.238
    27   0.0262  -0.0970   0.0000   0.2540   0.0069   0.1064   0.0631   0.4498   0.4195   0.0153   0.0000   0.0073   0.0941    0.233
    28   0.0339  -0.1254   0.0000   0.2540   0.0075   0.1054   0.0658   0.4456   0.4156   0.0143   0.0000   0.0092   0.0912    0.228
    29   0.0421  -0.1558   0.0000   0.2540   0.0079   0.1037   0.0687   0.4385   0.4089   0.0135   0.0000   0.0110   0.0879    0.223
    30   0.0506  -0.1873   0.0000   0.2540   0.0081   0.1011   0.0718   0.4276   0.3988   0.0128   0.0000   0.0128   0.0837    0.218
    31   0.0592  -0.2191   0.0000   0.2540   0.0081   0.0975   0.0752   0.4123   0.3845   0.0120   0.0000   0.0147   0.0785    0.212
    32   0.0677  -0.2506   0.0000   0.2540   0.0079   0.0926   0.0786   0.3916   0.3652   0.0112   0.0000   0.0167   0.0718    0.204
    33   0.0759  -0.2810   0.0000   0.2540   0.0075   0.0863   0.0819   0.3651   0.3405   0.0103   0.0000   0.0189   0.0638    0.195
    34   0.0836  -0.3094   0.0000   0.2540   0.0069   0.0785   0.0847   0.3321   0.3097   0.0092   0.0000   0.0210   0.0544    0.182
    35   0.0906  -0.3352   0.0000   0.2540   0.0062   0.0692   0.0864   0.2927   0.2730   0.0080   0.0000   0.0225   0.0440    0.167
    36   0.0966  -0.3577   0.0000   0.2540   0.0053   0.0584   0.0866   0.2472   0.2305   0.0065   0.0000   0.0231   0.0332    0.150
    37   0.1017  -0.3765   0.0000   0.2540   0.0042   0.0465   0.0850   0.1965   0.1833   0.0049   0.0000   0.0220   0.0229    0.130
    38   0.1056  -0.3909   0.0000   0.2540   0.0031   0.0336   0.0814   0.1422   0.1326   0.0031   0.0000   0.0185   0.0141    0.111
    39   0.1083  -0.4008   0.0000   0.2540   0.0019   0.0203   0.0766   0.0858   0.0800   0.0012   0.0000   0.0125   0.0072    0.094
    40   0.1096  -0.4058   0.0000   0.2540   0.0006   0.0068   0.0734   0.0287   0.0268  -0.0004   0.0000   0.0044   0.0022    0.085
 ---------------------------------------------------------------
