 ---------------------------------------------------------------
 Surface and Strip Forces by surface

  Sref = 0.20900       Cref = 0.22860       Bref = 0.91440    
  Xref = 0.10920       Yref =  0.0000       Zref =  0.0000    

  Surface # 1     Wing                                    
     # Chordwise = 10   # Spanwise = 20     First strip =  1
     Surface area Ssurf =    0.104516     Ave. chord Cave =    0.228600

 Forces referred to Sref, Cref, Bref about Xref, Yref, Zref
 Standard axis orientation,  X fwd, Z down         
     CLsurf  =   0.17380     Clsurf  =  -0.03786
     CYsurf  =   0.00088     Cmsurf  =   0.03175
     CDsurf  =   0.00493     Cnsurf  =  -0.00235
     CDisurf =   0.00493     CDvsurf =   0.00000

 Forces referred to Ssurf, Cave 
     CLsurf  =   0.34755     CDsurf  =   0.00987

 Strip Forces referred to Strip Area, Chord
    j     Xle      Yle      Zle      Chord    Area     c_cl     ai     cl_norm    cl       cd       cdv    cm_c/4     cm_LE   C.P.x/c
     1   0.0001   0.0007   0.0000   0.2286   0.0006   0.0958   0.0462   0.4201   0.4170   0.0423   0.0000   0.0027  -0.1017    0.243
     2   0.0006   0.0063   0.0000   0.2286   0.0019   0.0958   0.0457   0.4225   0.4193   0.0145   0.0000   0.0031  -0.1013    0.243
     3   0.0015   0.0174   0.0000   0.2286   0.0031   0.0958   0.0458   0.4226   0.4194   0.0128   0.0000   0.0040  -0.1003    0.240
     4   0.0029   0.0337   0.0000   0.2286   0.0043   0.0957   0.0463   0.4224   0.4192   0.0120   0.0000   0.0051  -0.0992    0.238
     5   0.0048   0.0548   0.0000   0.2286   0.0053   0.0956   0.0472   0.4217   0.4186   0.0114   0.0000   0.0062  -0.0979    0.235
     6   0.0070   0.0801   0.0000   0.2286   0.0062   0.0952   0.0482   0.4202   0.4171   0.0110   0.0000   0.0071  -0.0966    0.233
     7   0.0096   0.1092   0.0000   0.2286   0.0070   0.0945   0.0495   0.4173   0.4142   0.0107   0.0000   0.0079  -0.0951    0.231
     8   0.0123   0.1411   0.0000   0.2286   0.0076   0.0934   0.0511   0.4125   0.4094   0.0105   0.0000   0.0086  -0.0932    0.229
     9   0.0153   0.1752   0.0000   0.2286   0.0080   0.0918   0.0529   0.4052   0.4021   0.0103   0.0000   0.0094  -0.0907    0.227
    10   0.0184   0.2107   0.0000   0.2286   0.0082   0.0894   0.0552   0.3947   0.3917   0.0102   0.0000   0.0102  -0.0872    0.224
    11   0.0216   0.2465   0.0000   0.2286   0.0082   0.0862   0.0578   0.3804   0.3775   0.0101   0.0000   0.0113  -0.0827    0.220
    12   0.0247   0.2820   0.0000   0.2286   0.0080   0.0819   0.0608   0.3616   0.3589   0.0099   0.0000   0.0125  -0.0768    0.215
    13   0.0277   0.3161   0.0000   0.2286   0.0076   0.0765   0.0640   0.3378   0.3352   0.0096   0.0000   0.0139  -0.0695    0.209
    14   0.0304   0.3480   0.0000   0.2286   0.0070   0.0698   0.0670   0.3082   0.3059   0.0091   0.0000   0.0154  -0.0607    0.200
    15   0.0330   0.3771   0.0000   0.2286   0.0062   0.0618   0.0695   0.2726   0.2706   0.0084   0.0000   0.0168  -0.0506    0.188
    16   0.0352   0.4024   0.0000   0.2286   0.0053   0.0524   0.0708   0.2311   0.2294   0.0075   0.0000   0.0176  -0.0396    0.173
    17   0.0371   0.4235   0.0000   0.2286   0.0043   0.0418   0.0703   0.1844   0.1830   0.0061   0.0000   0.0172  -0.0284    0.156
    18   0.0385   0.4398   0.0000   0.2286   0.0031   0.0303   0.0677   0.1336   0.1326   0.0045   0.0000   0.0149  -0.0181    0.137
    19   0.0394   0.4509   0.0000   0.2286   0.0019   0.0183   0.0632   0.0806   0.0800   0.0025   0.0000   0.0104  -0.0096    0.120
    20   0.0399   0.4565   0.0000   0.2286   0.0006   0.0061   0.0593   0.0269   0.0267   0.0006   0.0000   0.0037  -0.0029    0.110

  Surface # 2     Wing (YDUP)                             
     # Chordwise = 10   # Spanwise = 20     First strip = 21
     Surface area Ssurf =    0.104516     Ave. chord Cave =    0.228600

 Forces referred to Sref, Cref, Bref about Xref, Yref, Zref
 Standard axis orientation,  X fwd, Z down         
     CLsurf  =   0.17380     Clsurf  =   0.03786
     CYsurf  =  -0.00088     Cmsurf  =   0.03175
     CDsurf  =   0.00493     Cnsurf  =   0.00235
     CDisurf =   0.00493     CDvsurf =   0.00000

 Forces referred to Ssurf, Cave 
     CLsurf  =   0.34755     CDsurf  =   0.00987

 Strip Forces referred to Strip Area, Chord
    j     Xle      Yle      Zle      Chord    Area     c_cl     ai     cl_norm    cl       cd       cdv    cm_c/4     cm_LE   C.P.x/c
    21   0.0001  -0.0007   0.0000   0.2286   0.0006   0.0958   0.0462   0.4201   0.4170   0.0423   0.0000   0.0027   0.1017    0.243
    22   0.0006  -0.0063   0.0000   0.2286   0.0019   0.0958   0.0457   0.4225   0.4193   0.0145   0.0000   0.0031   0.1013    0.243
    23   0.0015  -0.0174   0.0000   0.2286   0.0031   0.0958   0.0458   0.4226   0.4194   0.0128   0.0000   0.0040   0.1003    0.240
    24   0.0029  -0.0337   0.0000   0.2286   0.0043   0.0957   0.0463   0.4224   0.4192   0.0120   0.0000   0.0051   0.0992    0.238
    25   0.0048  -0.0548   0.0000   0.2286   0.0053   0.0956   0.0472   0.4217   0.4186   0.0114   0.0000   0.0062   0.0979    0.235
    26   0.0070  -0.0801   0.0000   0.2286   0.0062   0.0952   0.0482   0.4202   0.4171   0.0110   0.0000   0.0071   0.0966    0.233
    27   0.0096  -0.1092   0.0000   0.2286   0.0070   0.0945   0.0495   0.4173   0.4142   0.0107   0.0000   0.0079   0.0951    0.231
    28   0.0123  -0.1411   0.0000   0.2286   0.0076   0.0934   0.0511   0.4125   0.4094   0.0105   0.0000   0.0086   0.0932    0.229
    29   0.0153  -0.1752   0.0000   0.2286   0.0080   0.0918   0.0529   0.4052   0.4021   0.0103   0.0000   0.0094   0.0907    0.227
    30   0.0184  -0.2107   0.0000   0.2286   0.0082   0.0894   0.0552   0.3947   0.3917   0.0102   0.0000   0.0102   0.0872    0.224
    31   0.0216  -0.2465   0.0000   0.2286   0.0082   0.0862   0.0578   0.3804   0.3775   0.0101   0.0000   0.0113   0.0827    0.220
    32   0.0247  -0.2820   0.0000   0.2286   0.0080   0.0819   0.0608   0.3616   0.3589   0.0099   0.0000   0.0125   0.0768    0.215
    33   0.0277  -0.3161   0.0000   0.2286   0.0076   0.0765   0.0640   0.3378   0.3352   0.0096   0.0000   0.0139   0.0695    0.209
    34   0.0304  -0.3480   0.0000   0.2286   0.0070   0.0698   0.0670   0.3082   0.3059   0.0091   0.0000   0.0154   0.0607    0.200
    35   0.0330  -0.3771   0.0000   0.2286   0.0062   0.0618   0.0695   0.2726   0.2706   0.0084   0.0000   0.0168   0.0506    0.188
    36   0.0352  -0.4024   0.0000   0.2286   0.0053   0.0524   0.0708   0.2311   0.2294   0.0075   0.0000   0.0176   0.0396    0.173
    37   0.0371  -0.4235   0.0000   0.2286   0.0043   0.0418   0.0703   0.1844   0.1830   0.0061   0.0000   0.0172   0.0284    0.156
    38   0.0385  -0.4398   0.0000   0.2286   0.0031   0.0303   0.0677   0.1336   0.1326   0.0045   0.0000   0.0149   0.0181    0.137
    39   0.0394  -0.4509   0.0000   0.2286   0.0019   0.0183   0.0632   0.0806   0.0800   0.0025   0.0000   0.0104   0.0096    0.120
    40   0.0399  -0.4565   0.0000   0.2286   0.0006   0.0061   0.0593   0.0269   0.0267   0.0006   0.0000   0.0037   0.0029    0.110
 ---------------------------------------------------------------
