 ---------------------------------------------------------------
 Surface and Strip Forces by surface

  Sref = 0.86700E-01   Cref = 0.14000       Bref = 0.71120    
  Xref = 0.10920       Yref =  0.0000       Zref =  0.0000    

  Surface # 1     Wing                                    
     # Chordwise = 10   # Spanwise = 20     First strip =  1
     Surface area Ssurf =    0.072258     Ave. chord Cave =    0.203200

 Forces referred to Sref, Cref, Bref about Xref, Yref, Zref
 Standard axis orientation,  X fwd, Z down         
     CLsurf  =   0.41897     Clsurf  =  -0.09219
     CYsurf  =   0.01496     Cmsurf  =   0.01239
     CDsurf  =   0.02070     Cnsurf  =  -0.01387
     CDisurf =   0.02070     CDvsurf =   0.00000

 Forces referred to Ssurf, Cave 
     CLsurf  =   0.50270     CDsurf  =   0.02484

 Strip Forces referred to Strip Area, Chord
    j     Xle      Yle      Zle      Chord    Area     c_cl     ai     cl_norm    cl       cd       cdv    cm_c/4     cm_LE   C.P.x/c
     1   0.0002   0.0005   0.0000   0.2032   0.0004   0.1186   0.0580   0.6265   0.5483   0.2884   0.0000  -0.0198  -0.1549    0.286
     2   0.0019   0.0049   0.0000   0.2032   0.0013   0.1186   0.0590   0.6644   0.5814   0.0590   0.0000  -0.0181  -0.1533    0.281
     3   0.0052   0.0135   0.0000   0.2032   0.0022   0.1188   0.0621   0.6673   0.5839   0.0463   0.0000  -0.0136  -0.1492    0.273
     4   0.0100   0.0262   0.0000   0.2032   0.0030   0.1191   0.0662   0.6697   0.5861   0.0408   0.0000  -0.0080  -0.1443    0.264
     5   0.0163   0.0426   0.0000   0.2032   0.0037   0.1194   0.0707   0.6724   0.5885   0.0362   0.0000  -0.0026  -0.1397    0.254
     6   0.0238   0.0623   0.0000   0.2032   0.0043   0.1196   0.0753   0.6744   0.5902   0.0324   0.0000   0.0019  -0.1357    0.247
     7   0.0324   0.0849   0.0000   0.2032   0.0048   0.1196   0.0798   0.6745   0.5903   0.0294   0.0000   0.0056  -0.1322    0.241
     8   0.0419   0.1098   0.0000   0.2032   0.0052   0.1190   0.0845   0.6716   0.5877   0.0271   0.0000   0.0086  -0.1287    0.235
     9   0.0521   0.1363   0.0000   0.2032   0.0055   0.1177   0.0894   0.6644   0.5814   0.0251   0.0000   0.0114  -0.1246    0.230
    10   0.0626   0.1638   0.0000   0.2032   0.0057   0.1154   0.0947   0.6515   0.5702   0.0235   0.0000   0.0141  -0.1194    0.225
    11   0.0733   0.1918   0.0000   0.2032   0.0057   0.1118   0.1005   0.6318   0.5529   0.0219   0.0000   0.0171  -0.1126    0.219
    12   0.0838   0.2193   0.0000   0.2032   0.0055   0.1069   0.1065   0.6039   0.5285   0.0202   0.0000   0.0204  -0.1038    0.211
    13   0.0940   0.2458   0.0000   0.2032   0.0052   0.1002   0.1125   0.5664   0.4957   0.0183   0.0000   0.0240  -0.0928    0.202
    14   0.1035   0.2707   0.0000   0.2032   0.0048   0.0917   0.1178   0.5185   0.4537   0.0160   0.0000   0.0276  -0.0796    0.189
    15   0.1121   0.2933   0.0000   0.2032   0.0043   0.0813   0.1218   0.4597   0.4023   0.0134   0.0000   0.0307  -0.0648    0.174
    16   0.1196   0.3130   0.0000   0.2032   0.0037   0.0690   0.1237   0.3904   0.3417   0.0106   0.0000   0.0323  -0.0492    0.155
    17   0.1259   0.3294   0.0000   0.2032   0.0030   0.0552   0.1231   0.3121   0.2732   0.0076   0.0000   0.0313  -0.0341    0.135
    18   0.1307   0.3421   0.0000   0.2032   0.0022   0.0401   0.1200   0.2270   0.1986   0.0046   0.0000   0.0268  -0.0211    0.115
    19   0.1340   0.3507   0.0000   0.2032   0.0013   0.0243   0.1152   0.1376   0.1204   0.0015   0.0000   0.0182  -0.0108    0.099
    20   0.1357   0.3551   0.0000   0.2032   0.0004   0.0081   0.1119   0.0463   0.0405  -0.0013   0.0000   0.0065  -0.0033    0.090

  Surface # 2     Wing (YDUP)                             
     # Chordwise = 10   # Spanwise = 20     First strip = 21
     Surface area Ssurf =    0.072258     Ave. chord Cave =    0.203200

 Forces referred to Sref, Cref, Bref about Xref, Yref, Zref
 Standard axis orientation,  X fwd, Z down         
     CLsurf  =   0.41897     Clsurf  =   0.09219
     CYsurf  =  -0.01496     Cmsurf  =   0.01239
     CDsurf  =   0.02070     Cnsurf  =   0.01387
     CDisurf =   0.02070     CDvsurf =   0.00000

 Forces referred to Ssurf, Cave 
     CLsurf  =   0.50270     CDsurf  =   0.02484

 Strip Forces referred to Strip Area, Chord
    j     Xle      Yle      Zle      Chord    Area     c_cl     ai     cl_norm    cl       cd       cdv    cm_c/4     cm_LE   C.P.x/c
    21   0.0002  -0.0005   0.0000   0.2032   0.0004   0.1186   0.0580   0.6265   0.5483   0.2884   0.0000  -0.0198   0.1549    0.286
    22   0.0019  -0.0049   0.0000   0.2032   0.0013   0.1186   0.0590   0.6644   0.5814   0.0590   0.0000  -0.0181   0.1533    0.281
    23   0.0052  -0.0135   0.0000   0.2032   0.0022   0.1188   0.0621   0.6673   0.5839   0.0463   0.0000  -0.0136   0.1492    0.273
    24   0.0100  -0.0262   0.0000   0.2032   0.0030   0.1191   0.0662   0.6697   0.5861   0.0408   0.0000  -0.0080   0.1443    0.264
    25   0.0163  -0.0426   0.0000   0.2032   0.0037   0.1194   0.0707   0.6724   0.5885   0.0362   0.0000  -0.0026   0.1397    0.254
    26   0.0238  -0.0623   0.0000   0.2032   0.0043   0.1196   0.0753   0.6744   0.5902   0.0324   0.0000   0.0019   0.1357    0.247
    27   0.0324  -0.0849   0.0000   0.2032   0.0048   0.1196   0.0798   0.6745   0.5903   0.0294   0.0000   0.0056   0.1322    0.241
    28   0.0419  -0.1098   0.0000   0.2032   0.0052   0.1190   0.0845   0.6716   0.5877   0.0271   0.0000   0.0086   0.1287    0.235
    29   0.0521  -0.1363   0.0000   0.2032   0.0055   0.1177   0.0894   0.6644   0.5814   0.0251   0.0000   0.0114   0.1246    0.230
    30   0.0626  -0.1638   0.0000   0.2032   0.0057   0.1154   0.0947   0.6515   0.5702   0.0235   0.0000   0.0141   0.1194    0.225
    31   0.0733  -0.1918   0.0000   0.2032   0.0057   0.1118   0.1005   0.6318   0.5529   0.0219   0.0000   0.0171   0.1126    0.219
    32   0.0838  -0.2193   0.0000   0.2032   0.0055   0.1069   0.1065   0.6039   0.5285   0.0202   0.0000   0.0204   0.1038    0.211
    33   0.0940  -0.2458   0.0000   0.2032   0.0052   0.1002   0.1125   0.5664   0.4957   0.0183   0.0000   0.0240   0.0928    0.202
    34   0.1035  -0.2707   0.0000   0.2032   0.0048   0.0917   0.1178   0.5185   0.4537   0.0160   0.0000   0.0276   0.0796    0.189
    35   0.1121  -0.2933   0.0000   0.2032   0.0043   0.0813   0.1218   0.4597   0.4023   0.0134   0.0000   0.0307   0.0648    0.174
    36   0.1196  -0.3130   0.0000   0.2032   0.0037   0.0690   0.1237   0.3904   0.3417   0.0106   0.0000   0.0323   0.0492    0.155
    37   0.1259  -0.3294   0.0000   0.2032   0.0030   0.0552   0.1231   0.3121   0.2732   0.0076   0.0000   0.0313   0.0341    0.135
    38   0.1307  -0.3421   0.0000   0.2032   0.0022   0.0401   0.1200   0.2270   0.1986   0.0046   0.0000   0.0268   0.0211    0.115
    39   0.1340  -0.3507   0.0000   0.2032   0.0013   0.0243   0.1152   0.1376   0.1204   0.0015   0.0000   0.0182   0.0108    0.099
    40   0.1357  -0.3551   0.0000   0.2032   0.0004   0.0081   0.1119   0.0463   0.0405  -0.0013   0.0000   0.0065   0.0033    0.090
 ---------------------------------------------------------------
