 ---------------------------------------------------------------
 Surface and Strip Forces by surface

  Sref = 0.14450       Cref = 0.18870       Bref = 0.81280    
  Xref = 0.10920       Yref =  0.0000       Zref =  0.0000    

  Surface # 1     Wing                                    
     # Chordwise = 10   # Spanwise = 20     First strip =  1
     Surface area Ssurf =    0.103226     Ave. chord Cave =    0.254000

 Forces referred to Sref, Cref, Bref about Xref, Yref, Zref
 Standard axis orientation,  X fwd, Z down         
     CLsurf  =   0.25138     Clsurf  =  -0.05453
     CYsurf  =   0.00284     Cmsurf  =   0.03061
     CDsurf  =   0.00920     Cnsurf  =  -0.00443
     CDisurf =   0.00920     CDvsurf =   0.00000

 Forces referred to Ssurf, Cave 
     CLsurf  =   0.35189     CDsurf  =   0.01288

 Strip Forces referred to Strip Area, Chord
    j     Xle      Yle      Zle      Chord    Area     c_cl     ai     cl_norm    cl       cd       cdv    cm_c/4     cm_LE   C.P.x/c
     1   0.0001   0.0006   0.0000   0.2540   0.0006   0.1083   0.0590   0.4323   0.4187   0.0980   0.0000  -0.0010  -0.1058    0.252
     2   0.0010   0.0056   0.0000   0.2540   0.0019   0.1083   0.0581   0.4399   0.4260   0.0238   0.0000  -0.0004  -0.1053    0.251
     3   0.0028   0.0155   0.0000   0.2540   0.0031   0.1082   0.0582   0.4402   0.4263   0.0195   0.0000   0.0011  -0.1037    0.247
     4   0.0054   0.0299   0.0000   0.2540   0.0042   0.1082   0.0591   0.4402   0.4263   0.0179   0.0000   0.0032  -0.1017    0.243
     5   0.0088   0.0487   0.0000   0.2540   0.0053   0.1081   0.0604   0.4397   0.4258   0.0166   0.0000   0.0052  -0.0995    0.238
     6   0.0129   0.0712   0.0000   0.2540   0.0062   0.1077   0.0620   0.4383   0.4245   0.0156   0.0000   0.0070  -0.0974    0.233
     7   0.0176   0.0970   0.0000   0.2540   0.0069   0.1070   0.0639   0.4355   0.4217   0.0147   0.0000   0.0087  -0.0951    0.229
     8   0.0227   0.1254   0.0000   0.2540   0.0075   0.1057   0.0661   0.4305   0.4169   0.0141   0.0000   0.0101  -0.0925    0.226
     9   0.0282   0.1558   0.0000   0.2540   0.0079   0.1038   0.0685   0.4226   0.4093   0.0135   0.0000   0.0115  -0.0892    0.222
    10   0.0340   0.1873   0.0000   0.2540   0.0081   0.1010   0.0712   0.4112   0.3982   0.0130   0.0000   0.0129  -0.0851    0.218
    11   0.0397   0.2191   0.0000   0.2540   0.0081   0.0971   0.0741   0.3955   0.3830   0.0124   0.0000   0.0145  -0.0798    0.212
    12   0.0455   0.2506   0.0000   0.2540   0.0079   0.0921   0.0772   0.3749   0.3631   0.0118   0.0000   0.0161  -0.0733    0.206
    13   0.0510   0.2810   0.0000   0.2540   0.0075   0.0857   0.0801   0.3488   0.3378   0.0111   0.0000   0.0179  -0.0653    0.197
    14   0.0561   0.3094   0.0000   0.2540   0.0069   0.0778   0.0827   0.3169   0.3069   0.0102   0.0000   0.0196  -0.0561    0.186
    15   0.0608   0.3352   0.0000   0.2540   0.0062   0.0685   0.0844   0.2790   0.2702   0.0090   0.0000   0.0209  -0.0458    0.173
    16   0.0649   0.3577   0.0000   0.2540   0.0053   0.0578   0.0847   0.2355   0.2281   0.0076   0.0000   0.0212  -0.0351    0.157
    17   0.0683   0.3765   0.0000   0.2540   0.0042   0.0460   0.0833   0.1873   0.1814   0.0060   0.0000   0.0201  -0.0248    0.139
    18   0.0709   0.3909   0.0000   0.2540   0.0031   0.0333   0.0801   0.1355   0.1312   0.0042   0.0000   0.0169  -0.0156    0.122
    19   0.0727   0.4008   0.0000   0.2540   0.0019   0.0201   0.0756   0.0818   0.0792   0.0021   0.0000   0.0114  -0.0082    0.106
    20   0.0736   0.4058   0.0000   0.2540   0.0006   0.0067   0.0724   0.0273   0.0265   0.0001   0.0000   0.0040  -0.0025    0.098

  Surface # 2     Wing (YDUP)                             
     # Chordwise = 10   # Spanwise = 20     First strip = 21
     Surface area Ssurf =    0.103226     Ave. chord Cave =    0.254000

 Forces referred to Sref, Cref, Bref about Xref, Yref, Zref
 Standard axis orientation,  X fwd, Z down         
     CLsurf  =   0.25138     Clsurf  =   0.05453
     CYsurf  =  -0.00284     Cmsurf  =   0.03061
     CDsurf  =   0.00920     Cnsurf  =   0.00443
     CDisurf =   0.00920     CDvsurf =   0.00000

 Forces referred to Ssurf, Cave 
     CLsurf  =   0.35189     CDsurf  =   0.01288

 Strip Forces referred to Strip Area, Chord
    j     Xle      Yle      Zle      Chord    Area     c_cl     ai     cl_norm    cl       cd       cdv    cm_c/4     cm_LE   C.P.x/c
    21   0.0001  -0.0006   0.0000   0.2540   0.0006   0.1083   0.0590   0.4323   0.4187   0.0980   0.0000  -0.0010   0.1058    0.252
    22   0.0010  -0.0056   0.0000   0.2540   0.0019   0.1083   0.0581   0.4399   0.4260   0.0238   0.0000  -0.0004   0.1053    0.251
    23   0.0028  -0.0155   0.0000   0.2540   0.0031   0.1082   0.0582   0.4402   0.4263   0.0195   0.0000   0.0011   0.1037    0.247
    24   0.0054  -0.0299   0.0000   0.2540   0.0042   0.1082   0.0591   0.4402   0.4263   0.0179   0.0000   0.0032   0.1017    0.243
    25   0.0088  -0.0487   0.0000   0.2540   0.0053   0.1081   0.0604   0.4397   0.4258   0.0166   0.0000   0.0052   0.0995    0.238
    26   0.0129  -0.0712   0.0000   0.2540   0.0062   0.1077   0.0620   0.4383   0.4245   0.0156   0.0000   0.0070   0.0974    0.233
    27   0.0176  -0.0970   0.0000   0.2540   0.0069   0.1070   0.0639   0.4355   0.4217   0.0147   0.0000   0.0087   0.0951    0.229
    28   0.0227  -0.1254   0.0000   0.2540   0.0075   0.1057   0.0661   0.4305   0.4169   0.0141   0.0000   0.0101   0.0925    0.226
    29   0.0282  -0.1558   0.0000   0.2540   0.0079   0.1038   0.0685   0.4226   0.4093   0.0135   0.0000   0.0115   0.0892    0.222
    30   0.0340  -0.1873   0.0000   0.2540   0.0081   0.1010   0.0712   0.4112   0.3982   0.0130   0.0000   0.0129   0.0851    0.218
    31   0.0397  -0.2191   0.0000   0.2540   0.0081   0.0971   0.0741   0.3955   0.3830   0.0124   0.0000   0.0145   0.0798    0.212
    32   0.0455  -0.2506   0.0000   0.2540   0.0079   0.0921   0.0772   0.3749   0.3631   0.0118   0.0000   0.0161   0.0733    0.206
    33   0.0510  -0.2810   0.0000   0.2540   0.0075   0.0857   0.0801   0.3488   0.3378   0.0111   0.0000   0.0179   0.0653    0.197
    34   0.0561  -0.3094   0.0000   0.2540   0.0069   0.0778   0.0827   0.3169   0.3069   0.0102   0.0000   0.0196   0.0561    0.186
    35   0.0608  -0.3352   0.0000   0.2540   0.0062   0.0685   0.0844   0.2790   0.2702   0.0090   0.0000   0.0209   0.0458    0.173
    36   0.0649  -0.3577   0.0000   0.2540   0.0053   0.0578   0.0847   0.2355   0.2281   0.0076   0.0000   0.0212   0.0351    0.157
    37   0.0683  -0.3765   0.0000   0.2540   0.0042   0.0460   0.0833   0.1873   0.1814   0.0060   0.0000   0.0201   0.0248    0.139
    38   0.0709  -0.3909   0.0000   0.2540   0.0031   0.0333   0.0801   0.1355   0.1312   0.0042   0.0000   0.0169   0.0156    0.122
    39   0.0727  -0.4008   0.0000   0.2540   0.0019   0.0201   0.0756   0.0818   0.0792   0.0021   0.0000   0.0114   0.0082    0.106
    40   0.0736  -0.4058   0.0000   0.2540   0.0006   0.0067   0.0724   0.0273   0.0265   0.0001   0.0000   0.0040   0.0025    0.098
 ---------------------------------------------------------------
