 ---------------------------------------------------------------
 Surface and Strip Forces by surface

  Sref = 0.20650       Cref = 0.25400       Bref = 0.81280    
  Xref = 0.10920       Yref =  0.0000       Zref =  0.0000    

  Surface # 1     Wing                                    
     # Chordwise = 10   # Spanwise = 20     First strip =  1
     Surface area Ssurf =    0.103226     Ave. chord Cave =    0.254000

 Forces referred to Sref, Cref, Bref about Xref, Yref, Zref
 Standard axis orientation,  X fwd, Z down         
     CLsurf  =   0.17591     Clsurf  =  -0.03785
     CYsurf  =   0.00000     Cmsurf  =   0.03807
     CDsurf  =   0.00618     Cnsurf  =  -0.00230
     CDisurf =   0.00618     CDvsurf =   0.00000

 Forces referred to Ssurf, Cave 
     CLsurf  =   0.35189     CDsurf  =   0.01237

 Strip Forces referred to Strip Area, Chord
    j     Xle      Yle      Zle      Chord    Area     c_cl     ai     cl_norm    cl       cd       cdv    cm_c/4     cm_LE   C.P.x/c
     1   0.0000   0.0006   0.0000   0.2540   0.0006   0.1105   0.0642   0.4357   0.4357   0.0137   0.0000   0.0104  -0.0984    0.226
     2   0.0000   0.0056   0.0000   0.2540   0.0019   0.1105   0.0642   0.4357   0.4357   0.0137   0.0000   0.0104  -0.0984    0.226
     3   0.0000   0.0155   0.0000   0.2540   0.0031   0.1104   0.0642   0.4355   0.4355   0.0137   0.0000   0.0104  -0.0983    0.226
     4   0.0000   0.0299   0.0000   0.2540   0.0042   0.1103   0.0643   0.4348   0.4348   0.0137   0.0000   0.0104  -0.0981    0.226
     5   0.0000   0.0487   0.0000   0.2540   0.0053   0.1099   0.0645   0.4334   0.4334   0.0137   0.0000   0.0105  -0.0977    0.226
     6   0.0000   0.0712   0.0000   0.2540   0.0062   0.1092   0.0650   0.4306   0.4306   0.0137   0.0000   0.0106  -0.0969    0.225
     7   0.0000   0.0970   0.0000   0.2540   0.0069   0.1081   0.0657   0.4262   0.4262   0.0137   0.0000   0.0108  -0.0955    0.225
     8   0.0000   0.1254   0.0000   0.2540   0.0075   0.1064   0.0667   0.4194   0.4194   0.0137   0.0000   0.0112  -0.0935    0.223
     9   0.0000   0.1558   0.0000   0.2540   0.0079   0.1039   0.0680   0.4098   0.4098   0.0136   0.0000   0.0117  -0.0906    0.221
    10   0.0000   0.1873   0.0000   0.2540   0.0081   0.1007   0.0698   0.3969   0.3969   0.0136   0.0000   0.0123  -0.0867    0.219
    11   0.0000   0.2191   0.0000   0.2540   0.0081   0.0964   0.0719   0.3801   0.3801   0.0134   0.0000   0.0132  -0.0817    0.215
    12   0.0000   0.2506   0.0000   0.2540   0.0079   0.0910   0.0743   0.3589   0.3589   0.0132   0.0000   0.0141  -0.0755    0.211
    13   0.0000   0.2810   0.0000   0.2540   0.0075   0.0844   0.0767   0.3328   0.3328   0.0127   0.0000   0.0152  -0.0679    0.204
    14   0.0000   0.3094   0.0000   0.2540   0.0069   0.0765   0.0789   0.3015   0.3015   0.0121   0.0000   0.0161  -0.0592    0.196
    15   0.0000   0.3352   0.0000   0.2540   0.0062   0.0673   0.0805   0.2650   0.2650   0.0111   0.0000   0.0168  -0.0494    0.186
    16   0.0000   0.3577   0.0000   0.2540   0.0053   0.0568   0.0812   0.2236   0.2236   0.0099   0.0000   0.0169  -0.0390    0.175
    17   0.0000   0.3765   0.0000   0.2540   0.0042   0.0451   0.0803   0.1777   0.1777   0.0082   0.0000   0.0158  -0.0286    0.161
    18   0.0000   0.3909   0.0000   0.2540   0.0031   0.0327   0.0778   0.1287   0.1287   0.0061   0.0000   0.0133  -0.0189    0.147
    19   0.0000   0.4008   0.0000   0.2540   0.0019   0.0197   0.0740   0.0777   0.0777   0.0037   0.0000   0.0090  -0.0104    0.134
    20   0.0000   0.4058   0.0000   0.2540   0.0006   0.0066   0.0709   0.0259   0.0259   0.0012   0.0000   0.0032  -0.0033    0.126

  Surface # 2     Wing (YDUP)                             
     # Chordwise = 10   # Spanwise = 20     First strip = 21
     Surface area Ssurf =    0.103226     Ave. chord Cave =    0.254000

 Forces referred to Sref, Cref, Bref about Xref, Yref, Zref
 Standard axis orientation,  X fwd, Z down         
     CLsurf  =   0.17591     Clsurf  =   0.03785
     CYsurf  =   0.00000     Cmsurf  =   0.03807
     CDsurf  =   0.00618     Cnsurf  =   0.00230
     CDisurf =   0.00618     CDvsurf =   0.00000

 Forces referred to Ssurf, Cave 
     CLsurf  =   0.35189     CDsurf  =   0.01237

 Strip Forces referred to Strip Area, Chord
    j     Xle      Yle      Zle      Chord    Area     c_cl     ai     cl_norm    cl       cd       cdv    cm_c/4     cm_LE   C.P.x/c
    21   0.0000  -0.0006   0.0000   0.2540   0.0006   0.1105   0.0642   0.4357   0.4357   0.0137   0.0000   0.0104   0.0984    0.226
    22   0.0000  -0.0056   0.0000   0.2540   0.0019   0.1105   0.0642   0.4357   0.4357   0.0137   0.0000   0.0104   0.0984    0.226
    23   0.0000  -0.0155   0.0000   0.2540   0.0031   0.1104   0.0642   0.4355   0.4355   0.0137   0.0000   0.0104   0.0983    0.226
    24   0.0000  -0.0299   0.0000   0.2540   0.0042   0.1103   0.0643   0.4348   0.4348   0.0137   0.0000   0.0104   0.0981    0.226
    25   0.0000  -0.0487   0.0000   0.2540   0.0053   0.1099   0.0645   0.4334   0.4334   0.0137   0.0000   0.0105   0.0977    0.226
    26   0.0000  -0.0712   0.0000   0.2540   0.0062   0.1092   0.0650   0.4306   0.4306   0.0137   0.0000   0.0106   0.0969    0.225
    27   0.0000  -0.0970   0.0000   0.2540   0.0069   0.1081   0.0657   0.4262   0.4262   0.0137   0.0000   0.0108   0.0955    0.225
    28   0.0000  -0.1254   0.0000   0.2540   0.0075   0.1064   0.0667   0.4194   0.4194   0.0137   0.0000   0.0112   0.0935    0.223
    29   0.0000  -0.1558   0.0000   0.2540   0.0079   0.1039   0.0680   0.4098   0.4098   0.0136   0.0000   0.0117   0.0906    0.221
    30   0.0000  -0.1873   0.0000   0.2540   0.0081   0.1007   0.0698   0.3969   0.3969   0.0136   0.0000   0.0123   0.0867    0.219
    31   0.0000  -0.2191   0.0000   0.2540   0.0081   0.0964   0.0719   0.3801   0.3801   0.0134   0.0000   0.0132   0.0817    0.215
    32   0.0000  -0.2506   0.0000   0.2540   0.0079   0.0910   0.0743   0.3589   0.3589   0.0132   0.0000   0.0141   0.0755    0.211
    33   0.0000  -0.2810   0.0000   0.2540   0.0075   0.0844   0.0767   0.3328   0.3328   0.0127   0.0000   0.0152   0.0679    0.204
    34   0.0000  -0.3094   0.0000   0.2540   0.0069   0.0765   0.0789   0.3015   0.3015   0.0121   0.0000   0.0161   0.0592    0.196
    35   0.0000  -0.3352   0.0000   0.2540   0.0062   0.0673   0.0805   0.2650   0.2650   0.0111   0.0000   0.0168   0.0494    0.186
    36   0.0000  -0.3577   0.0000   0.2540   0.0053   0.0568   0.0812   0.2236   0.2236   0.0099   0.0000   0.0169   0.0390    0.175
    37   0.0000  -0.3765   0.0000   0.2540   0.0042   0.0451   0.0803   0.1777   0.1777   0.0082   0.0000   0.0158   0.0286    0.161
    38   0.0000  -0.3909   0.0000   0.2540   0.0031   0.0327   0.0778   0.1287   0.1287   0.0061   0.0000   0.0133   0.0189    0.147
    39   0.0000  -0.4008   0.0000   0.2540   0.0019   0.0197   0.0740   0.0777   0.0777   0.0037   0.0000   0.0090   0.0104    0.134
    40   0.0000  -0.4058   0.0000   0.2540   0.0006   0.0066   0.0709   0.0259   0.0259   0.0012   0.0000   0.0032   0.0033    0.126
 ---------------------------------------------------------------
