 ---------------------------------------------------------------
 Surface and Strip Forces by surface

  Sref = 0.18170       Cref = 0.22820       Bref = 0.81280    
  Xref = 0.10920       Yref =  0.0000       Zref =  0.0000    

  Surface # 1     Wing                                    
     # Chordwise = 10   # Spanwise = 20     First strip =  1
     Surface area Ssurf =    0.113548     Ave. chord Cave =    0.279400

 Forces referred to Sref, Cref, Bref about Xref, Yref, Zref
 Standard axis orientation,  X fwd, Z down         
     CLsurf  =   0.19991     Clsurf  =  -0.04348
     CYsurf  =   0.00386     Cmsurf  =  -0.00818
     CDsurf  =   0.00753     Cnsurf  =  -0.00438
     CDisurf =   0.00753     CDvsurf =   0.00000

 Forces referred to Ssurf, Cave 
     CLsurf  =   0.31990     CDsurf  =   0.01205

 Strip Forces referred to Strip Area, Chord
    j     Xle      Yle      Zle      Chord    Area     c_cl     ai     cl_norm    cl       cd       cdv    cm_c/4     cm_LE   C.P.x/c
     1   0.0002   0.0006   0.0000   0.2794   0.0007   0.1074   0.0564   0.4135   0.3718   0.1493   0.0000  -0.0084  -0.0990    0.273
     2   0.0019   0.0056   0.0000   0.2794   0.0021   0.1074   0.0549   0.4263   0.3833   0.0281   0.0000  -0.0076  -0.0982    0.270
     3   0.0052   0.0155   0.0000   0.2794   0.0034   0.1073   0.0551   0.4270   0.3839   0.0214   0.0000  -0.0052  -0.0960    0.264
     4   0.0101   0.0299   0.0000   0.2794   0.0047   0.1074   0.0565   0.4273   0.3842   0.0193   0.0000  -0.0020  -0.0930    0.255
     5   0.0164   0.0487   0.0000   0.2794   0.0058   0.1074   0.0585   0.4274   0.3843   0.0175   0.0000   0.0012  -0.0899    0.247
     6   0.0240   0.0712   0.0000   0.2794   0.0068   0.1072   0.0609   0.4269   0.3838   0.0159   0.0000   0.0042  -0.0870    0.239
     7   0.0327   0.0970   0.0000   0.2794   0.0076   0.1067   0.0635   0.4250   0.3822   0.0145   0.0000   0.0067  -0.0841    0.232
     8   0.0422   0.1254   0.0000   0.2794   0.0082   0.1057   0.0663   0.4211   0.3787   0.0134   0.0000   0.0089  -0.0812    0.226
     9   0.0524   0.1558   0.0000   0.2794   0.0087   0.1040   0.0693   0.4144   0.3726   0.0125   0.0000   0.0110  -0.0778    0.221
    10   0.0630   0.1873   0.0000   0.2794   0.0089   0.1013   0.0724   0.4040   0.3632   0.0116   0.0000   0.0130  -0.0736    0.214
    11   0.0738   0.2191   0.0000   0.2794   0.0089   0.0976   0.0756   0.3892   0.3499   0.0107   0.0000   0.0151  -0.0685    0.207
    12   0.0844   0.2506   0.0000   0.2794   0.0087   0.0926   0.0788   0.3693   0.3320   0.0098   0.0000   0.0172  -0.0622    0.198
    13   0.0946   0.2810   0.0000   0.2794   0.0082   0.0862   0.0817   0.3437   0.3090   0.0087   0.0000   0.0195  -0.0546    0.187
    14   0.1041   0.3094   0.0000   0.2794   0.0076   0.0782   0.0839   0.3120   0.2806   0.0076   0.0000   0.0215  -0.0460    0.173
    15   0.1128   0.3352   0.0000   0.2794   0.0068   0.0688   0.0849   0.2744   0.2467   0.0063   0.0000   0.0230  -0.0366    0.157
    16   0.1204   0.3577   0.0000   0.2794   0.0058   0.0579   0.0844   0.2312   0.2079   0.0049   0.0000   0.0233  -0.0270    0.138
    17   0.1267   0.3765   0.0000   0.2794   0.0047   0.0460   0.0821   0.1834   0.1649   0.0035   0.0000   0.0219  -0.0182    0.117
    18   0.1316   0.3909   0.0000   0.2794   0.0034   0.0332   0.0781   0.1325   0.1192   0.0019   0.0000   0.0183  -0.0108    0.097
    19   0.1349   0.4008   0.0000   0.2794   0.0021   0.0200   0.0732   0.0799   0.0719   0.0003   0.0000   0.0122  -0.0054    0.080
    20   0.1366   0.4058   0.0000   0.2794   0.0007   0.0067   0.0702   0.0268   0.0241  -0.0008   0.0000   0.0043  -0.0016    0.071

  Surface # 2     Wing (YDUP)                             
     # Chordwise = 10   # Spanwise = 20     First strip = 21
     Surface area Ssurf =    0.113548     Ave. chord Cave =    0.279400

 Forces referred to Sref, Cref, Bref about Xref, Yref, Zref
 Standard axis orientation,  X fwd, Z down         
     CLsurf  =   0.19991     Clsurf  =   0.04348
     CYsurf  =  -0.00386     Cmsurf  =  -0.00818
     CDsurf  =   0.00753     Cnsurf  =   0.00438
     CDisurf =   0.00753     CDvsurf =   0.00000

 Forces referred to Ssurf, Cave 
     CLsurf  =   0.31990     CDsurf  =   0.01205

 Strip Forces referred to Strip Area, Chord
    j     Xle      Yle      Zle      Chord    Area     c_cl     ai     cl_norm    cl       cd       cdv    cm_c/4     cm_LE   C.P.x/c
    21   0.0002  -0.0006   0.0000   0.2794   0.0007   0.1074   0.0564   0.4135   0.3718   0.1493   0.0000  -0.0084   0.0990    0.273
    22   0.0019  -0.0056   0.0000   0.2794   0.0021   0.1074   0.0549   0.4263   0.3833   0.0281   0.0000  -0.0076   0.0982    0.270
    23   0.0052  -0.0155   0.0000   0.2794   0.0034   0.1073   0.0551   0.4270   0.3839   0.0214   0.0000  -0.0052   0.0960    0.264
    24   0.0101  -0.0299   0.0000   0.2794   0.0047   0.1074   0.0565   0.4273   0.3842   0.0193   0.0000  -0.0020   0.0930    0.255
    25   0.0164  -0.0487   0.0000   0.2794   0.0058   0.1074   0.0585   0.4274   0.3843   0.0175   0.0000   0.0012   0.0899    0.247
    26   0.0240  -0.0712   0.0000   0.2794   0.0068   0.1072   0.0609   0.4269   0.3838   0.0159   0.0000   0.0042   0.0870    0.239
    27   0.0327  -0.0970   0.0000   0.2794   0.0076   0.1067   0.0635   0.4250   0.3822   0.0145   0.0000   0.0067   0.0841    0.232
    28   0.0422  -0.1254   0.0000   0.2794   0.0082   0.1057   0.0663   0.4211   0.3787   0.0134   0.0000   0.0089   0.0812    0.226
    29   0.0524  -0.1558   0.0000   0.2794   0.0087   0.1040   0.0693   0.4144   0.3726   0.0125   0.0000   0.0110   0.0778    0.221
    30   0.0630  -0.1873   0.0000   0.2794   0.0089   0.1013   0.0724   0.4040   0.3632   0.0116   0.0000   0.0130   0.0736    0.214
    31   0.0738  -0.2191   0.0000   0.2794   0.0089   0.0976   0.0756   0.3892   0.3499   0.0107   0.0000   0.0151   0.0685    0.207
    32   0.0844  -0.2506   0.0000   0.2794   0.0087   0.0926   0.0788   0.3693   0.3320   0.0098   0.0000   0.0172   0.0622    0.198
    33   0.0946  -0.2810   0.0000   0.2794   0.0082   0.0862   0.0817   0.3437   0.3090   0.0087   0.0000   0.0195   0.0546    0.187
    34   0.1041  -0.3094   0.0000   0.2794   0.0076   0.0782   0.0839   0.3120   0.2806   0.0076   0.0000   0.0215   0.0460    0.173
    35   0.1128  -0.3352   0.0000   0.2794   0.0068   0.0688   0.0849   0.2744   0.2467   0.0063   0.0000   0.0230   0.0366    0.157
    36   0.1204  -0.3577   0.0000   0.2794   0.0058   0.0579   0.0844   0.2312   0.2079   0.0049   0.0000   0.0233   0.0270    0.138
    37   0.1267  -0.3765   0.0000   0.2794   0.0047   0.0460   0.0821   0.1834   0.1649   0.0035   0.0000   0.0219   0.0182    0.117
    38   0.1316  -0.3909   0.0000   0.2794   0.0034   0.0332   0.0781   0.1325   0.1192   0.0019   0.0000   0.0183   0.0108    0.097
    39   0.1349  -0.4008   0.0000   0.2794   0.0021   0.0200   0.0732   0.0799   0.0719   0.0003   0.0000   0.0122   0.0054    0.080
    40   0.1366  -0.4058   0.0000   0.2794   0.0007   0.0067   0.0702   0.0268   0.0241  -0.0008   0.0000   0.0043   0.0016    0.071
 ---------------------------------------------------------------
