 ---------------------------------------------------------------
 Surface and Strip Forces by surface

  Sref = 0.25080       Cref = 0.27540       Bref = 0.91440    
  Xref = 0.10920       Yref =  0.0000       Zref =  0.0000    

  Surface # 1     Wing                                    
     # Chordwise = 10   # Spanwise = 20     First strip =  1
     Surface area Ssurf =    0.139355     Ave. chord Cave =    0.304800

 Forces referred to Sref, Cref, Bref about Xref, Yref, Zref
 Standard axis orientation,  X fwd, Z down         
     CLsurf  =   0.14483     Clsurf  =  -0.03161
     CYsurf  =   0.00255     Cmsurf  =  -0.01795
     CDsurf  =   0.00437     Cnsurf  =  -0.00273
     CDisurf =   0.00437     CDvsurf =   0.00000

 Forces referred to Ssurf, Cave 
     CLsurf  =   0.26066     CDsurf  =   0.00787

 Strip Forces referred to Strip Area, Chord
    j     Xle      Yle      Zle      Chord    Area     c_cl     ai     cl_norm    cl       cd       cdv    cm_c/4     cm_LE   C.P.x/c
     1   0.0003   0.0007   0.0000   0.3048   0.0009   0.0947   0.0440   0.3506   0.3031   0.1153   0.0000  -0.0098  -0.0814    0.282
     2   0.0025   0.0063   0.0000   0.3048   0.0026   0.0947   0.0418   0.3587   0.3101   0.0199   0.0000  -0.0090  -0.0806    0.279
     3   0.0069   0.0174   0.0000   0.3048   0.0042   0.0947   0.0416   0.3591   0.3105   0.0149   0.0000  -0.0066  -0.0783    0.271
     4   0.0134   0.0337   0.0000   0.3048   0.0057   0.0947   0.0429   0.3594   0.3107   0.0133   0.0000  -0.0034  -0.0753    0.261
     5   0.0218   0.0548   0.0000   0.3048   0.0071   0.0948   0.0448   0.3598   0.3110   0.0119   0.0000  -0.0001  -0.0724    0.250
     6   0.0318   0.0801   0.0000   0.3048   0.0083   0.0948   0.0471   0.3597   0.3110   0.0107   0.0000   0.0027  -0.0697    0.241
     7   0.0434   0.1092   0.0000   0.3048   0.0093   0.0945   0.0495   0.3587   0.3101   0.0097   0.0000   0.0051  -0.0673    0.234
     8   0.0561   0.1411   0.0000   0.3048   0.0101   0.0937   0.0520   0.3560   0.3078   0.0088   0.0000   0.0071  -0.0648    0.227
     9   0.0696   0.1752   0.0000   0.3048   0.0106   0.0924   0.0547   0.3509   0.3034   0.0081   0.0000   0.0090  -0.0621    0.220
    10   0.0837   0.2107   0.0000   0.3048   0.0109   0.0902   0.0576   0.3428   0.2964   0.0074   0.0000   0.0108  -0.0588    0.214
    11   0.0979   0.2465   0.0000   0.3048   0.0109   0.0871   0.0605   0.3309   0.2861   0.0067   0.0000   0.0127  -0.0546    0.206
    12   0.1120   0.2820   0.0000   0.3048   0.0106   0.0828   0.0634   0.3146   0.2719   0.0061   0.0000   0.0147  -0.0495    0.196
    13   0.1255   0.3161   0.0000   0.3048   0.0101   0.0771   0.0659   0.2931   0.2534   0.0053   0.0000   0.0168  -0.0432    0.184
    14   0.1382   0.3480   0.0000   0.3048   0.0093   0.0701   0.0677   0.2663   0.2303   0.0045   0.0000   0.0188  -0.0360    0.168
    15   0.1498   0.3771   0.0000   0.3048   0.0083   0.0616   0.0684   0.2341   0.2024   0.0035   0.0000   0.0204  -0.0280    0.149
    16   0.1598   0.4024   0.0000   0.3048   0.0071   0.0518   0.0674   0.1970   0.1703   0.0025   0.0000   0.0209  -0.0201    0.127
    17   0.1682   0.4235   0.0000   0.3048   0.0057   0.0410   0.0646   0.1559   0.1348   0.0015   0.0000   0.0199  -0.0128    0.102
    18   0.1747   0.4398   0.0000   0.3048   0.0042   0.0295   0.0601   0.1123   0.0971   0.0005   0.0000   0.0167  -0.0070    0.078
    19   0.1791   0.4509   0.0000   0.3048   0.0026   0.0177   0.0548   0.0675   0.0583  -0.0005   0.0000   0.0112  -0.0031    0.057
    20   0.1813   0.4565   0.0000   0.3048   0.0009   0.0059   0.0515   0.0225   0.0195  -0.0011   0.0000   0.0040  -0.0008    0.047

  Surface # 2     Wing (YDUP)                             
     # Chordwise = 10   # Spanwise = 20     First strip = 21
     Surface area Ssurf =    0.139355     Ave. chord Cave =    0.304800

 Forces referred to Sref, Cref, Bref about Xref, Yref, Zref
 Standard axis orientation,  X fwd, Z down         
     CLsurf  =   0.14483     Clsurf  =   0.03161
     CYsurf  =  -0.00255     Cmsurf  =  -0.01795
     CDsurf  =   0.00437     Cnsurf  =   0.00273
     CDisurf =   0.00437     CDvsurf =   0.00000

 Forces referred to Ssurf, Cave 
     CLsurf  =   0.26066     CDsurf  =   0.00787

 Strip Forces referred to Strip Area, Chord
    j     Xle      Yle      Zle      Chord    Area     c_cl     ai     cl_norm    cl       cd       cdv    cm_c/4     cm_LE   C.P.x/c
    21   0.0003  -0.0007   0.0000   0.3048   0.0009   0.0947   0.0440   0.3506   0.3031   0.1153   0.0000  -0.0098   0.0814    0.282
    22   0.0025  -0.0063   0.0000   0.3048   0.0026   0.0947   0.0418   0.3587   0.3101   0.0199   0.0000  -0.0090   0.0806    0.279
    23   0.0069  -0.0174   0.0000   0.3048   0.0042   0.0947   0.0416   0.3591   0.3105   0.0149   0.0000  -0.0066   0.0783    0.271
    24   0.0134  -0.0337   0.0000   0.3048   0.0057   0.0947   0.0429   0.3594   0.3107   0.0133   0.0000  -0.0034   0.0753    0.261
    25   0.0218  -0.0548   0.0000   0.3048   0.0071   0.0948   0.0448   0.3598   0.3110   0.0119   0.0000  -0.0001   0.0724    0.250
    26   0.0318  -0.0801   0.0000   0.3048   0.0083   0.0948   0.0471   0.3597   0.3110   0.0107   0.0000   0.0027   0.0697    0.241
    27   0.0434  -0.1092   0.0000   0.3048   0.0093   0.0945   0.0495   0.3587   0.3101   0.0097   0.0000   0.0051   0.0673    0.234
    28   0.0561  -0.1411   0.0000   0.3048   0.0101   0.0937   0.0520   0.3560   0.3078   0.0088   0.0000   0.0071   0.0648    0.227
    29   0.0696  -0.1752   0.0000   0.3048   0.0106   0.0924   0.0547   0.3509   0.3034   0.0081   0.0000   0.0090   0.0621    0.220
    30   0.0837  -0.2107   0.0000   0.3048   0.0109   0.0902   0.0576   0.3428   0.2964   0.0074   0.0000   0.0108   0.0588    0.214
    31   0.0979  -0.2465   0.0000   0.3048   0.0109   0.0871   0.0605   0.3309   0.2861   0.0067   0.0000   0.0127   0.0546    0.206
    32   0.1120  -0.2820   0.0000   0.3048   0.0106   0.0828   0.0634   0.3146   0.2719   0.0061   0.0000   0.0147   0.0495    0.196
    33   0.1255  -0.3161   0.0000   0.3048   0.0101   0.0771   0.0659   0.2931   0.2534   0.0053   0.0000   0.0168   0.0432    0.184
    34   0.1382  -0.3480   0.0000   0.3048   0.0093   0.0701   0.0677   0.2663   0.2303   0.0045   0.0000   0.0188   0.0360    0.168
    35   0.1498  -0.3771   0.0000   0.3048   0.0083   0.0616   0.0684   0.2341   0.2024   0.0035   0.0000   0.0204   0.0280    0.149
    36   0.1598  -0.4024   0.0000   0.3048   0.0071   0.0518   0.0674   0.1970   0.1703   0.0025   0.0000   0.0209   0.0201    0.127
    37   0.1682  -0.4235   0.0000   0.3048   0.0057   0.0410   0.0646   0.1559   0.1348   0.0015   0.0000   0.0199   0.0128    0.102
    38   0.1747  -0.4398   0.0000   0.3048   0.0042   0.0295   0.0601   0.1123   0.0971   0.0005   0.0000   0.0167   0.0070    0.078
    39   0.1791  -0.4509   0.0000   0.3048   0.0026   0.0177   0.0548   0.0675   0.0583  -0.0005   0.0000   0.0112   0.0031    0.057
    40   0.1813  -0.4565   0.0000   0.3048   0.0009   0.0059   0.0515   0.0225   0.0195  -0.0011   0.0000   0.0040   0.0008    0.047
 ---------------------------------------------------------------
