 ---------------------------------------------------------------
 Surface and Strip Forces by surface

  Sref = 0.13010       Cref = 0.16980       Bref = 0.81280    
  Xref = 0.10920       Yref =  0.0000       Zref =  0.0000    

  Surface # 1     Wing                                    
     # Chordwise = 10   # Spanwise = 20     First strip =  1
     Surface area Ssurf =    0.092903     Ave. chord Cave =    0.228600

 Forces referred to Sref, Cref, Bref about Xref, Yref, Zref
 Standard axis orientation,  X fwd, Z down         
     CLsurf  =   0.27920     Clsurf  =  -0.06053
     CYsurf  =   0.00161     Cmsurf  =   0.07332
     CDsurf  =   0.01001     Cnsurf  =  -0.00451
     CDisurf =   0.01001     CDvsurf =   0.00000

 Forces referred to Ssurf, Cave 
     CLsurf  =   0.39099     CDsurf  =   0.01402

 Strip Forces referred to Strip Area, Chord
    j     Xle      Yle      Zle      Chord    Area     c_cl     ai     cl_norm    cl       cd       cdv    cm_c/4     cm_LE   C.P.x/c
     1   0.0001   0.0006   0.0000   0.2286   0.0006   0.1086   0.0601   0.4749   0.4716   0.0585   0.0000   0.0040  -0.1144    0.242
     2   0.0005   0.0056   0.0000   0.2286   0.0017   0.1086   0.0597   0.4788   0.4755   0.0205   0.0000   0.0043  -0.1140    0.241
     3   0.0013   0.0155   0.0000   0.2286   0.0028   0.1086   0.0599   0.4790   0.4756   0.0182   0.0000   0.0052  -0.1131    0.239
     4   0.0025   0.0299   0.0000   0.2286   0.0038   0.1085   0.0604   0.4787   0.4753   0.0172   0.0000   0.0064  -0.1119    0.237
     5   0.0041   0.0487   0.0000   0.2286   0.0047   0.1083   0.0613   0.4778   0.4744   0.0164   0.0000   0.0075  -0.1105    0.234
     6   0.0060   0.0712   0.0000   0.2286   0.0055   0.1078   0.0624   0.4757   0.4724   0.0159   0.0000   0.0085  -0.1090    0.232
     7   0.0082   0.0970   0.0000   0.2286   0.0062   0.1069   0.0638   0.4720   0.4687   0.0154   0.0000   0.0094  -0.1071    0.230
     8   0.0106   0.1254   0.0000   0.2286   0.0067   0.1056   0.0656   0.4660   0.4627   0.0151   0.0000   0.0103  -0.1048    0.228
     9   0.0131   0.1558   0.0000   0.2286   0.0071   0.1035   0.0677   0.4569   0.4537   0.0149   0.0000   0.0112  -0.1016    0.225
    10   0.0158   0.1873   0.0000   0.2286   0.0073   0.1006   0.0702   0.4442   0.4411   0.0146   0.0000   0.0123  -0.0974    0.222
    11   0.0185   0.2191   0.0000   0.2286   0.0073   0.0968   0.0730   0.4272   0.4242   0.0144   0.0000   0.0135  -0.0920    0.218
    12   0.0212   0.2506   0.0000   0.2286   0.0071   0.0918   0.0762   0.4050   0.4022   0.0140   0.0000   0.0149  -0.0852    0.213
    13   0.0237   0.2810   0.0000   0.2286   0.0067   0.0855   0.0795   0.3772   0.3745   0.0135   0.0000   0.0164  -0.0768    0.206
    14   0.0261   0.3094   0.0000   0.2286   0.0062   0.0778   0.0826   0.3432   0.3408   0.0127   0.0000   0.0180  -0.0668    0.197
    15   0.0283   0.3352   0.0000   0.2286   0.0055   0.0686   0.0850   0.3028   0.3006   0.0117   0.0000   0.0192  -0.0556    0.186
    16   0.0302   0.3577   0.0000   0.2286   0.0047   0.0581   0.0862   0.2562   0.2544   0.0103   0.0000   0.0197  -0.0436    0.172
    17   0.0318   0.3765   0.0000   0.2286   0.0038   0.0463   0.0857   0.2042   0.2027   0.0085   0.0000   0.0189  -0.0316    0.157
    18   0.0330   0.3909   0.0000   0.2286   0.0028   0.0336   0.0832   0.1480   0.1470   0.0062   0.0000   0.0161  -0.0205    0.141
    19   0.0338   0.4008   0.0000   0.2286   0.0017   0.0203   0.0791   0.0894   0.0888   0.0036   0.0000   0.0110  -0.0111    0.126
    20   0.0342   0.4058   0.0000   0.2286   0.0006   0.0068   0.0758   0.0299   0.0297   0.0009   0.0000   0.0039  -0.0035    0.117

  Surface # 2     Wing (YDUP)                             
     # Chordwise = 10   # Spanwise = 20     First strip = 21
     Surface area Ssurf =    0.092903     Ave. chord Cave =    0.228600

 Forces referred to Sref, Cref, Bref about Xref, Yref, Zref
 Standard axis orientation,  X fwd, Z down         
     CLsurf  =   0.27920     Clsurf  =   0.06053
     CYsurf  =  -0.00161     Cmsurf  =   0.07332
     CDsurf  =   0.01001     Cnsurf  =   0.00451
     CDisurf =   0.01001     CDvsurf =   0.00000

 Forces referred to Ssurf, Cave 
     CLsurf  =   0.39099     CDsurf  =   0.01402

 Strip Forces referred to Strip Area, Chord
    j     Xle      Yle      Zle      Chord    Area     c_cl     ai     cl_norm    cl       cd       cdv    cm_c/4     cm_LE   C.P.x/c
    21   0.0001  -0.0006   0.0000   0.2286   0.0006   0.1086   0.0601   0.4749   0.4716   0.0585   0.0000   0.0040   0.1144    0.242
    22   0.0005  -0.0056   0.0000   0.2286   0.0017   0.1086   0.0597   0.4788   0.4755   0.0205   0.0000   0.0043   0.1140    0.241
    23   0.0013  -0.0155   0.0000   0.2286   0.0028   0.1086   0.0599   0.4790   0.4756   0.0182   0.0000   0.0052   0.1131    0.239
    24   0.0025  -0.0299   0.0000   0.2286   0.0038   0.1085   0.0604   0.4787   0.4753   0.0172   0.0000   0.0064   0.1119    0.237
    25   0.0041  -0.0487   0.0000   0.2286   0.0047   0.1083   0.0613   0.4778   0.4744   0.0164   0.0000   0.0075   0.1105    0.234
    26   0.0060  -0.0712   0.0000   0.2286   0.0055   0.1078   0.0624   0.4757   0.4724   0.0159   0.0000   0.0085   0.1090    0.232
    27   0.0082  -0.0970   0.0000   0.2286   0.0062   0.1069   0.0638   0.4720   0.4687   0.0154   0.0000   0.0094   0.1071    0.230
    28   0.0106  -0.1254   0.0000   0.2286   0.0067   0.1056   0.0656   0.4660   0.4627   0.0151   0.0000   0.0103   0.1048    0.228
    29   0.0131  -0.1558   0.0000   0.2286   0.0071   0.1035   0.0677   0.4569   0.4537   0.0149   0.0000   0.0112   0.1016    0.225
    30   0.0158  -0.1873   0.0000   0.2286   0.0073   0.1006   0.0702   0.4442   0.4411   0.0146   0.0000   0.0123   0.0974    0.222
    31   0.0185  -0.2191   0.0000   0.2286   0.0073   0.0968   0.0730   0.4272   0.4242   0.0144   0.0000   0.0135   0.0920    0.218
    32   0.0212  -0.2506   0.0000   0.2286   0.0071   0.0918   0.0762   0.4050   0.4022   0.0140   0.0000   0.0149   0.0852    0.213
    33   0.0237  -0.2810   0.0000   0.2286   0.0067   0.0855   0.0795   0.3772   0.3745   0.0135   0.0000   0.0164   0.0768    0.206
    34   0.0261  -0.3094   0.0000   0.2286   0.0062   0.0778   0.0826   0.3432   0.3408   0.0127   0.0000   0.0180   0.0668    0.197
    35   0.0283  -0.3352   0.0000   0.2286   0.0055   0.0686   0.0850   0.3028   0.3006   0.0117   0.0000   0.0192   0.0556    0.186
    36   0.0302  -0.3577   0.0000   0.2286   0.0047   0.0581   0.0862   0.2562   0.2544   0.0103   0.0000   0.0197   0.0436    0.172
    37   0.0318  -0.3765   0.0000   0.2286   0.0038   0.0463   0.0857   0.2042   0.2027   0.0085   0.0000   0.0189   0.0316    0.157
    38   0.0330  -0.3909   0.0000   0.2286   0.0028   0.0336   0.0832   0.1480   0.1470   0.0062   0.0000   0.0161   0.0205    0.141
    39   0.0338  -0.4008   0.0000   0.2286   0.0017   0.0203   0.0791   0.0894   0.0888   0.0036   0.0000   0.0110   0.0111    0.126
    40   0.0342  -0.4058   0.0000   0.2286   0.0006   0.0068   0.0758   0.0299   0.0297   0.0009   0.0000   0.0039   0.0035    0.117
 ---------------------------------------------------------------
