 ---------------------------------------------------------------
 Surface and Strip Forces by surface

  Sref = 0.22300       Cref = 0.27540       Bref = 0.81280    
  Xref = 0.10920       Yref =  0.0000       Zref =  0.0000    

  Surface # 1     Wing                                    
     # Chordwise = 10   # Spanwise = 20     First strip =  1
     Surface area Ssurf =    0.123871     Ave. chord Cave =    0.304800

 Forces referred to Sref, Cref, Bref about Xref, Yref, Zref
 Standard axis orientation,  X fwd, Z down         
     CLsurf  =   0.16289     Clsurf  =  -0.03500
     CYsurf  =   0.00109     Cmsurf  =   0.01477
     CDsurf  =   0.00590     Cnsurf  =  -0.00238
     CDisurf =   0.00590     CDvsurf =   0.00000

 Forces referred to Ssurf, Cave 
     CLsurf  =   0.29324     CDsurf  =   0.01061

 Strip Forces referred to Strip Area, Chord
    j     Xle      Yle      Zle      Chord    Area     c_cl     ai     cl_norm    cl       cd       cdv    cm_c/4     cm_LE   C.P.x/c
     1   0.0001   0.0006   0.0000   0.3048   0.0008   0.1105   0.0644   0.3638   0.3582   0.0661   0.0000   0.0047  -0.0853    0.237
     2   0.0007   0.0056   0.0000   0.3048   0.0023   0.1105   0.0635   0.3681   0.3625   0.0179   0.0000   0.0050  -0.0850    0.236
     3   0.0019   0.0155   0.0000   0.3048   0.0037   0.1105   0.0633   0.3682   0.3626   0.0150   0.0000   0.0058  -0.0842    0.234
     4   0.0037   0.0299   0.0000   0.3048   0.0051   0.1103   0.0635   0.3678   0.3622   0.0141   0.0000   0.0069  -0.0830    0.231
     5   0.0061   0.0487   0.0000   0.3048   0.0063   0.1100   0.0641   0.3668   0.3612   0.0134   0.0000   0.0081  -0.0815    0.228
     6   0.0089   0.0712   0.0000   0.3048   0.0074   0.1094   0.0650   0.3648   0.3593   0.0128   0.0000   0.0093  -0.0798    0.224
     7   0.0121   0.0970   0.0000   0.3048   0.0083   0.1084   0.0662   0.3614   0.3559   0.0123   0.0000   0.0104  -0.0779    0.221
     8   0.0157   0.1254   0.0000   0.3048   0.0090   0.1068   0.0676   0.3560   0.3506   0.0119   0.0000   0.0114  -0.0755    0.217
     9   0.0195   0.1558   0.0000   0.3048   0.0095   0.1044   0.0692   0.3481   0.3428   0.0115   0.0000   0.0125  -0.0725    0.213
    10   0.0234   0.1873   0.0000   0.3048   0.0097   0.1011   0.0710   0.3372   0.3320   0.0110   0.0000   0.0136  -0.0688    0.209
    11   0.0274   0.2191   0.0000   0.3048   0.0097   0.0968   0.0730   0.3227   0.3178   0.0106   0.0000   0.0148  -0.0640    0.203
    12   0.0313   0.2506   0.0000   0.3048   0.0095   0.0912   0.0750   0.3043   0.2996   0.0101   0.0000   0.0161  -0.0583    0.196
    13   0.0351   0.2810   0.0000   0.3048   0.0090   0.0844   0.0768   0.2815   0.2772   0.0094   0.0000   0.0172  -0.0516    0.188
    14   0.0387   0.3094   0.0000   0.3048   0.0083   0.0763   0.0781   0.2543   0.2504   0.0086   0.0000   0.0182  -0.0440    0.177
    15   0.0419   0.3352   0.0000   0.3048   0.0074   0.0668   0.0786   0.2227   0.2193   0.0076   0.0000   0.0188  -0.0357    0.164
    16   0.0447   0.3577   0.0000   0.3048   0.0063   0.0561   0.0780   0.1872   0.1843   0.0064   0.0000   0.0185  -0.0273    0.150
    17   0.0471   0.3765   0.0000   0.3048   0.0051   0.0445   0.0760   0.1483   0.1460   0.0051   0.0000   0.0170  -0.0193    0.134
    18   0.0489   0.3909   0.0000   0.3048   0.0037   0.0321   0.0726   0.1070   0.1054   0.0035   0.0000   0.0139  -0.0123    0.118
    19   0.0501   0.4008   0.0000   0.3048   0.0023   0.0193   0.0685   0.0645   0.0635   0.0018   0.0000   0.0092  -0.0066    0.105
    20   0.0507   0.4058   0.0000   0.3048   0.0008   0.0064   0.0657   0.0215   0.0212   0.0002   0.0000   0.0032  -0.0020    0.097

  Surface # 2     Wing (YDUP)                             
     # Chordwise = 10   # Spanwise = 20     First strip = 21
     Surface area Ssurf =    0.123871     Ave. chord Cave =    0.304800

 Forces referred to Sref, Cref, Bref about Xref, Yref, Zref
 Standard axis orientation,  X fwd, Z down         
     CLsurf  =   0.16289     Clsurf  =   0.03500
     CYsurf  =  -0.00109     Cmsurf  =   0.01477
     CDsurf  =   0.00590     Cnsurf  =   0.00238
     CDisurf =   0.00590     CDvsurf =   0.00000

 Forces referred to Ssurf, Cave 
     CLsurf  =   0.29324     CDsurf  =   0.01061

 Strip Forces referred to Strip Area, Chord
    j     Xle      Yle      Zle      Chord    Area     c_cl     ai     cl_norm    cl       cd       cdv    cm_c/4     cm_LE   C.P.x/c
    21   0.0001  -0.0006   0.0000   0.3048   0.0008   0.1105   0.0644   0.3638   0.3582   0.0661   0.0000   0.0047   0.0853    0.237
    22   0.0007  -0.0056   0.0000   0.3048   0.0023   0.1105   0.0635   0.3681   0.3625   0.0179   0.0000   0.0050   0.0850    0.236
    23   0.0019  -0.0155   0.0000   0.3048   0.0037   0.1105   0.0633   0.3682   0.3626   0.0150   0.0000   0.0058   0.0842    0.234
    24   0.0037  -0.0299   0.0000   0.3048   0.0051   0.1103   0.0635   0.3678   0.3622   0.0141   0.0000   0.0069   0.0830    0.231
    25   0.0061  -0.0487   0.0000   0.3048   0.0063   0.1100   0.0641   0.3668   0.3612   0.0134   0.0000   0.0081   0.0815    0.228
    26   0.0089  -0.0712   0.0000   0.3048   0.0074   0.1094   0.0650   0.3648   0.3593   0.0128   0.0000   0.0093   0.0798    0.224
    27   0.0121  -0.0970   0.0000   0.3048   0.0083   0.1084   0.0662   0.3614   0.3559   0.0123   0.0000   0.0104   0.0779    0.221
    28   0.0157  -0.1254   0.0000   0.3048   0.0090   0.1068   0.0676   0.3560   0.3506   0.0119   0.0000   0.0114   0.0755    0.217
    29   0.0195  -0.1558   0.0000   0.3048   0.0095   0.1044   0.0692   0.3481   0.3428   0.0115   0.0000   0.0125   0.0725    0.213
    30   0.0234  -0.1873   0.0000   0.3048   0.0097   0.1011   0.0710   0.3372   0.3320   0.0110   0.0000   0.0136   0.0688    0.209
    31   0.0274  -0.2191   0.0000   0.3048   0.0097   0.0968   0.0730   0.3227   0.3178   0.0106   0.0000   0.0148   0.0640    0.203
    32   0.0313  -0.2506   0.0000   0.3048   0.0095   0.0912   0.0750   0.3043   0.2996   0.0101   0.0000   0.0161   0.0583    0.196
    33   0.0351  -0.2810   0.0000   0.3048   0.0090   0.0844   0.0768   0.2815   0.2772   0.0094   0.0000   0.0172   0.0516    0.188
    34   0.0387  -0.3094   0.0000   0.3048   0.0083   0.0763   0.0781   0.2543   0.2504   0.0086   0.0000   0.0182   0.0440    0.177
    35   0.0419  -0.3352   0.0000   0.3048   0.0074   0.0668   0.0786   0.2227   0.2193   0.0076   0.0000   0.0188   0.0357    0.164
    36   0.0447  -0.3577   0.0000   0.3048   0.0063   0.0561   0.0780   0.1872   0.1843   0.0064   0.0000   0.0185   0.0273    0.150
    37   0.0471  -0.3765   0.0000   0.3048   0.0051   0.0445   0.0760   0.1483   0.1460   0.0051   0.0000   0.0170   0.0193    0.134
    38   0.0489  -0.3909   0.0000   0.3048   0.0037   0.0321   0.0726   0.1070   0.1054   0.0035   0.0000   0.0139   0.0123    0.118
    39   0.0501  -0.4008   0.0000   0.3048   0.0023   0.0193   0.0685   0.0645   0.0635   0.0018   0.0000   0.0092   0.0066    0.105
    40   0.0507  -0.4058   0.0000   0.3048   0.0008   0.0064   0.0657   0.0215   0.0212   0.0002   0.0000   0.0032   0.0020    0.097
 ---------------------------------------------------------------
