 ---------------------------------------------------------------
 Surface and Strip Forces by surface

  Sref = 0.12650       Cref = 0.18870       Bref = 0.71120    
  Xref = 0.10920       Yref =  0.0000       Zref =  0.0000    

  Surface # 1     Wing                                    
     # Chordwise = 10   # Spanwise = 20     First strip =  1
     Surface area Ssurf =    0.090322     Ave. chord Cave =    0.254000

 Forces referred to Sref, Cref, Bref about Xref, Yref, Zref
 Standard axis orientation,  X fwd, Z down         
     CLsurf  =   0.28715     Clsurf  =  -0.06248
     CYsurf  =   0.00826     Cmsurf  =  -0.00480
     CDsurf  =   0.01419     Cnsurf  =  -0.00883
     CDisurf =   0.01419     CDvsurf =   0.00000

 Forces referred to Ssurf, Cave 
     CLsurf  =   0.40216     CDsurf  =   0.01987

 Strip Forces referred to Strip Area, Chord
    j     Xle      Yle      Zle      Chord    Area     c_cl     ai     cl_norm    cl       cd       cdv    cm_c/4     cm_LE   C.P.x/c
     1   0.0002   0.0005   0.0000   0.2540   0.0006   0.1222   0.0705   0.5156   0.4530   0.2516   0.0000  -0.0126  -0.1244    0.278
     2   0.0018   0.0049   0.0000   0.2540   0.0017   0.1222   0.0698   0.5450   0.4788   0.0475   0.0000  -0.0116  -0.1234    0.274
     3   0.0051   0.0135   0.0000   0.2540   0.0027   0.1222   0.0710   0.5468   0.4804   0.0359   0.0000  -0.0085  -0.1206    0.268
     4   0.0098   0.0262   0.0000   0.2540   0.0037   0.1223   0.0733   0.5477   0.4812   0.0322   0.0000  -0.0044  -0.1168    0.259
     5   0.0160   0.0426   0.0000   0.2540   0.0046   0.1223   0.0763   0.5484   0.4818   0.0292   0.0000  -0.0002  -0.1129    0.250
     6   0.0234   0.0623   0.0000   0.2540   0.0054   0.1222   0.0796   0.5482   0.4816   0.0265   0.0000   0.0037  -0.1091    0.242
     7   0.0318   0.0849   0.0000   0.2540   0.0060   0.1217   0.0831   0.5462   0.4799   0.0242   0.0000   0.0071  -0.1055    0.235
     8   0.0412   0.1098   0.0000   0.2540   0.0065   0.1206   0.0869   0.5415   0.4758   0.0222   0.0000   0.0101  -0.1017    0.229
     9   0.0511   0.1363   0.0000   0.2540   0.0069   0.1187   0.0908   0.5331   0.4684   0.0205   0.0000   0.0129  -0.0973    0.223
    10   0.0615   0.1638   0.0000   0.2540   0.0071   0.1157   0.0949   0.5200   0.4569   0.0190   0.0000   0.0156  -0.0921    0.216
    11   0.0719   0.1918   0.0000   0.2540   0.0071   0.1115   0.0992   0.5012   0.4403   0.0174   0.0000   0.0183  -0.0856    0.208
    12   0.0823   0.2193   0.0000   0.2540   0.0069   0.1058   0.1033   0.4757   0.4180   0.0158   0.0000   0.0212  -0.0777    0.199
    13   0.0922   0.2458   0.0000   0.2540   0.0065   0.0985   0.1071   0.4429   0.3892   0.0141   0.0000   0.0241  -0.0682    0.188
    14   0.1016   0.2707   0.0000   0.2540   0.0060   0.0895   0.1100   0.4024   0.3536   0.0121   0.0000   0.0266  -0.0575    0.175
    15   0.1100   0.2933   0.0000   0.2540   0.0054   0.0787   0.1116   0.3542   0.3112   0.0100   0.0000   0.0284  -0.0460    0.159
    16   0.1174   0.3130   0.0000   0.2540   0.0046   0.0664   0.1115   0.2989   0.2626   0.0077   0.0000   0.0287  -0.0344    0.141
    17   0.1236   0.3294   0.0000   0.2540   0.0037   0.0528   0.1095   0.2377   0.2089   0.0054   0.0000   0.0268  -0.0236    0.122
    18   0.1283   0.3421   0.0000   0.2540   0.0027   0.0382   0.1058   0.1722   0.1513   0.0031   0.0000   0.0222  -0.0145    0.103
    19   0.1316   0.3507   0.0000   0.2540   0.0017   0.0231   0.1012   0.1042   0.0915   0.0008   0.0000   0.0148  -0.0075    0.089
    20   0.1332   0.3551   0.0000   0.2540   0.0006   0.0077   0.0984   0.0350   0.0308  -0.0012   0.0000   0.0052  -0.0023    0.082

  Surface # 2     Wing (YDUP)                             
     # Chordwise = 10   # Spanwise = 20     First strip = 21
     Surface area Ssurf =    0.090322     Ave. chord Cave =    0.254000

 Forces referred to Sref, Cref, Bref about Xref, Yref, Zref
 Standard axis orientation,  X fwd, Z down         
     CLsurf  =   0.28715     Clsurf  =   0.06248
     CYsurf  =  -0.00826     Cmsurf  =  -0.00480
     CDsurf  =   0.01419     Cnsurf  =   0.00883
     CDisurf =   0.01419     CDvsurf =   0.00000

 Forces referred to Ssurf, Cave 
     CLsurf  =   0.40216     CDsurf  =   0.01987

 Strip Forces referred to Strip Area, Chord
    j     Xle      Yle      Zle      Chord    Area     c_cl     ai     cl_norm    cl       cd       cdv    cm_c/4     cm_LE   C.P.x/c
    21   0.0002  -0.0005   0.0000   0.2540   0.0006   0.1222   0.0705   0.5156   0.4530   0.2516   0.0000  -0.0126   0.1244    0.278
    22   0.0018  -0.0049   0.0000   0.2540   0.0017   0.1222   0.0698   0.5450   0.4788   0.0475   0.0000  -0.0116   0.1234    0.274
    23   0.0051  -0.0135   0.0000   0.2540   0.0027   0.1222   0.0710   0.5468   0.4804   0.0359   0.0000  -0.0085   0.1206    0.268
    24   0.0098  -0.0262   0.0000   0.2540   0.0037   0.1223   0.0733   0.5477   0.4812   0.0322   0.0000  -0.0044   0.1168    0.259
    25   0.0160  -0.0426   0.0000   0.2540   0.0046   0.1223   0.0763   0.5484   0.4818   0.0292   0.0000  -0.0002   0.1129    0.250
    26   0.0234  -0.0623   0.0000   0.2540   0.0054   0.1222   0.0796   0.5482   0.4816   0.0265   0.0000   0.0037   0.1091    0.242
    27   0.0318  -0.0849   0.0000   0.2540   0.0060   0.1217   0.0831   0.5462   0.4799   0.0242   0.0000   0.0071   0.1055    0.235
    28   0.0412  -0.1098   0.0000   0.2540   0.0065   0.1206   0.0869   0.5415   0.4758   0.0222   0.0000   0.0101   0.1017    0.229
    29   0.0511  -0.1363   0.0000   0.2540   0.0069   0.1187   0.0908   0.5331   0.4684   0.0205   0.0000   0.0129   0.0973    0.223
    30   0.0615  -0.1638   0.0000   0.2540   0.0071   0.1157   0.0949   0.5200   0.4569   0.0190   0.0000   0.0156   0.0921    0.216
    31   0.0719  -0.1918   0.0000   0.2540   0.0071   0.1115   0.0992   0.5012   0.4403   0.0174   0.0000   0.0183   0.0856    0.208
    32   0.0823  -0.2193   0.0000   0.2540   0.0069   0.1058   0.1033   0.4757   0.4180   0.0158   0.0000   0.0212   0.0777    0.199
    33   0.0922  -0.2458   0.0000   0.2540   0.0065   0.0985   0.1071   0.4429   0.3892   0.0141   0.0000   0.0241   0.0682    0.188
    34   0.1016  -0.2707   0.0000   0.2540   0.0060   0.0895   0.1100   0.4024   0.3536   0.0121   0.0000   0.0266   0.0575    0.175
    35   0.1100  -0.2933   0.0000   0.2540   0.0054   0.0787   0.1116   0.3542   0.3112   0.0100   0.0000   0.0284   0.0460    0.159
    36   0.1174  -0.3130   0.0000   0.2540   0.0046   0.0664   0.1115   0.2989   0.2626   0.0077   0.0000   0.0287   0.0344    0.141
    37   0.1236  -0.3294   0.0000   0.2540   0.0037   0.0528   0.1095   0.2377   0.2089   0.0054   0.0000   0.0268   0.0236    0.122
    38   0.1283  -0.3421   0.0000   0.2540   0.0027   0.0382   0.1058   0.1722   0.1513   0.0031   0.0000   0.0222   0.0145    0.103
    39   0.1316  -0.3507   0.0000   0.2540   0.0017   0.0231   0.1012   0.1042   0.0915   0.0008   0.0000   0.0148   0.0075    0.089
    40   0.1332  -0.3551   0.0000   0.2540   0.0006   0.0077   0.0984   0.0350   0.0308  -0.0012   0.0000   0.0052   0.0023    0.082
 ---------------------------------------------------------------
