 ---------------------------------------------------------------
 Surface and Strip Forces by surface

  Sref = 0.92900E-01   Cref = 0.17500       Bref = 0.60960    
  Xref = 0.10920       Yref =  0.0000       Zref =  0.0000    

  Surface # 1     Wing                                    
     # Chordwise = 10   # Spanwise = 20     First strip =  1
     Surface area Ssurf =    0.077419     Ave. chord Cave =    0.254000

 Forces referred to Sref, Cref, Bref about Xref, Yref, Zref
 Standard axis orientation,  X fwd, Z down         
     CLsurf  =   0.39101     Clsurf  =  -0.08414
     CYsurf  =   0.00962     Cmsurf  =   0.05118
     CDsurf  =   0.02586     Cnsurf  =  -0.01323
     CDisurf =   0.02586     CDvsurf =   0.00000

 Forces referred to Ssurf, Cave 
     CLsurf  =   0.46919     CDsurf  =   0.03104

 Strip Forces referred to Strip Area, Chord
    j     Xle      Yle      Zle      Chord    Area     c_cl     ai     cl_norm    cl       cd       cdv    cm_c/4     cm_LE   C.P.x/c
     1   0.0001   0.0005   0.0000   0.2540   0.0005   0.1460   0.1090   0.5661   0.5326   0.3031   0.0000  -0.0020  -0.1411    0.254
     2   0.0011   0.0042   0.0000   0.2540   0.0014   0.1460   0.1085   0.6077   0.5717   0.0645   0.0000  -0.0013  -0.1405    0.252
     3   0.0029   0.0116   0.0000   0.2540   0.0023   0.1459   0.1090   0.6101   0.5740   0.0500   0.0000   0.0008  -0.1385    0.249
     4   0.0057   0.0225   0.0000   0.2540   0.0032   0.1458   0.1104   0.6105   0.5744   0.0456   0.0000   0.0037  -0.1355    0.244
     5   0.0093   0.0365   0.0000   0.2540   0.0039   0.1456   0.1125   0.6099   0.5738   0.0423   0.0000   0.0070  -0.1321    0.238
     6   0.0136   0.0534   0.0000   0.2540   0.0046   0.1449   0.1150   0.6077   0.5718   0.0394   0.0000   0.0102  -0.1284    0.232
     7   0.0185   0.0728   0.0000   0.2540   0.0052   0.1438   0.1178   0.6032   0.5675   0.0370   0.0000   0.0131  -0.1244    0.227
     8   0.0239   0.0941   0.0000   0.2540   0.0056   0.1418   0.1210   0.5953   0.5601   0.0348   0.0000   0.0159  -0.1198    0.222
     9   0.0297   0.1168   0.0000   0.2540   0.0059   0.1389   0.1244   0.5831   0.5486   0.0328   0.0000   0.0186  -0.1144    0.216
    10   0.0357   0.1404   0.0000   0.2540   0.0061   0.1347   0.1281   0.5656   0.5322   0.0308   0.0000   0.0212  -0.1079    0.210
    11   0.0418   0.1644   0.0000   0.2540   0.0061   0.1290   0.1318   0.5421   0.5101   0.0288   0.0000   0.0238  -0.1000    0.203
    12   0.0478   0.1880   0.0000   0.2540   0.0059   0.1218   0.1354   0.5117   0.4815   0.0267   0.0000   0.0264  -0.0906    0.195
    13   0.0536   0.2107   0.0000   0.2540   0.0056   0.1128   0.1387   0.4741   0.4460   0.0243   0.0000   0.0287  -0.0798    0.186
    14   0.0590   0.2320   0.0000   0.2540   0.0052   0.1020   0.1412   0.4288   0.4035   0.0216   0.0000   0.0304  -0.0678    0.175
    15   0.0639   0.2514   0.0000   0.2540   0.0046   0.0895   0.1425   0.3762   0.3540   0.0187   0.0000   0.0312  -0.0551    0.162
    16   0.0682   0.2683   0.0000   0.2540   0.0039   0.0754   0.1425   0.3169   0.2982   0.0154   0.0000   0.0305  -0.0424    0.148
    17   0.0718   0.2823   0.0000   0.2540   0.0032   0.0599   0.1410   0.2519   0.2370   0.0119   0.0000   0.0276  -0.0304    0.133
    18   0.0746   0.2932   0.0000   0.2540   0.0023   0.0434   0.1380   0.1826   0.1718   0.0081   0.0000   0.0223  -0.0197    0.120
    19   0.0764   0.3006   0.0000   0.2540   0.0014   0.0263   0.1344   0.1106   0.1041   0.0040   0.0000   0.0146  -0.0109    0.109
    20   0.0774   0.3043   0.0000   0.2540   0.0005   0.0088   0.1322   0.0372   0.0350  -0.0000   0.0000   0.0051  -0.0034    0.105

  Surface # 2     Wing (YDUP)                             
     # Chordwise = 10   # Spanwise = 20     First strip = 21
     Surface area Ssurf =    0.077419     Ave. chord Cave =    0.254000

 Forces referred to Sref, Cref, Bref about Xref, Yref, Zref
 Standard axis orientation,  X fwd, Z down         
     CLsurf  =   0.39101     Clsurf  =   0.08414
     CYsurf  =  -0.00962     Cmsurf  =   0.05118
     CDsurf  =   0.02586     Cnsurf  =   0.01323
     CDisurf =   0.02586     CDvsurf =   0.00000

 Forces referred to Ssurf, Cave 
     CLsurf  =   0.46919     CDsurf  =   0.03104

 Strip Forces referred to Strip Area, Chord
    j     Xle      Yle      Zle      Chord    Area     c_cl     ai     cl_norm    cl       cd       cdv    cm_c/4     cm_LE   C.P.x/c
    21   0.0001  -0.0005   0.0000   0.2540   0.0005   0.1460   0.1090   0.5661   0.5326   0.3031   0.0000  -0.0020   0.1411    0.254
    22   0.0011  -0.0042   0.0000   0.2540   0.0014   0.1460   0.1085   0.6077   0.5717   0.0645   0.0000  -0.0013   0.1405    0.252
    23   0.0029  -0.0116   0.0000   0.2540   0.0023   0.1459   0.1090   0.6101   0.5740   0.0500   0.0000   0.0008   0.1385    0.249
    24   0.0057  -0.0225   0.0000   0.2540   0.0032   0.1458   0.1104   0.6105   0.5744   0.0456   0.0000   0.0037   0.1355    0.244
    25   0.0093  -0.0365   0.0000   0.2540   0.0039   0.1456   0.1125   0.6099   0.5738   0.0423   0.0000   0.0070   0.1321    0.238
    26   0.0136  -0.0534   0.0000   0.2540   0.0046   0.1449   0.1150   0.6077   0.5718   0.0394   0.0000   0.0102   0.1284    0.232
    27   0.0185  -0.0728   0.0000   0.2540   0.0052   0.1438   0.1178   0.6032   0.5675   0.0370   0.0000   0.0131   0.1244    0.227
    28   0.0239  -0.0941   0.0000   0.2540   0.0056   0.1418   0.1210   0.5953   0.5601   0.0348   0.0000   0.0159   0.1198    0.222
    29   0.0297  -0.1168   0.0000   0.2540   0.0059   0.1389   0.1244   0.5831   0.5486   0.0328   0.0000   0.0186   0.1144    0.216
    30   0.0357  -0.1404   0.0000   0.2540   0.0061   0.1347   0.1281   0.5656   0.5322   0.0308   0.0000   0.0212   0.1079    0.210
    31   0.0418  -0.1644   0.0000   0.2540   0.0061   0.1290   0.1318   0.5421   0.5101   0.0288   0.0000   0.0238   0.1000    0.203
    32   0.0478  -0.1880   0.0000   0.2540   0.0059   0.1218   0.1354   0.5117   0.4815   0.0267   0.0000   0.0264   0.0906    0.195
    33   0.0536  -0.2107   0.0000   0.2540   0.0056   0.1128   0.1387   0.4741   0.4460   0.0243   0.0000   0.0287   0.0798    0.186
    34   0.0590  -0.2320   0.0000   0.2540   0.0052   0.1020   0.1412   0.4288   0.4035   0.0216   0.0000   0.0304   0.0678    0.175
    35   0.0639  -0.2514   0.0000   0.2540   0.0046   0.0895   0.1425   0.3762   0.3540   0.0187   0.0000   0.0312   0.0551    0.162
    36   0.0682  -0.2683   0.0000   0.2540   0.0039   0.0754   0.1425   0.3169   0.2982   0.0154   0.0000   0.0305   0.0424    0.148
    37   0.0718  -0.2823   0.0000   0.2540   0.0032   0.0599   0.1410   0.2519   0.2370   0.0119   0.0000   0.0276   0.0304    0.133
    38   0.0746  -0.2932   0.0000   0.2540   0.0023   0.0434   0.1380   0.1826   0.1718   0.0081   0.0000   0.0223   0.0197    0.120
    39   0.0764  -0.3006   0.0000   0.2540   0.0014   0.0263   0.1344   0.1106   0.1041   0.0040   0.0000   0.0146   0.0109    0.109
    40   0.0774  -0.3043   0.0000   0.2540   0.0005   0.0088   0.1322   0.0372   0.0350  -0.0000   0.0000   0.0051   0.0034    0.105
 ---------------------------------------------------------------
