 ---------------------------------------------------------------
 Surface and Strip Forces by surface

  Sref = 0.18580       Cref = 0.30480       Bref = 0.60960    
  Xref = 0.10920       Yref =  0.0000       Zref =  0.0000    

  Surface # 1     Wing                                    
     # Chordwise = 10   # Spanwise = 20     First strip =  1
     Surface area Ssurf =    0.092903     Ave. chord Cave =    0.304800

 Forces referred to Sref, Cref, Bref about Xref, Yref, Zref
 Standard axis orientation,  X fwd, Z down         
     CLsurf  =   0.19550     Clsurf  =  -0.04168
     CYsurf  =   0.00148     Cmsurf  =   0.02420
     CDsurf  =   0.01252     Cnsurf  =  -0.00451
     CDisurf =   0.01252     CDvsurf =   0.00000

 Forces referred to Ssurf, Cave 
     CLsurf  =   0.39099     CDsurf  =   0.02504

 Strip Forces referred to Strip Area, Chord
    j     Xle      Yle      Zle      Chord    Area     c_cl     ai     cl_norm    cl       cd       cdv    cm_c/4     cm_LE   C.P.x/c
     1   0.0000   0.0005   0.0000   0.3048   0.0006   0.1494   0.1202   0.4814   0.4778   0.1180   0.0000   0.0140  -0.1081    0.221
     2   0.0004   0.0042   0.0000   0.3048   0.0017   0.1494   0.1197   0.4934   0.4898   0.0387   0.0000   0.0141  -0.1080    0.221
     3   0.0010   0.0116   0.0000   0.3048   0.0028   0.1493   0.1195   0.4939   0.4903   0.0336   0.0000   0.0146  -0.1074    0.220
     4   0.0020   0.0225   0.0000   0.3048   0.0038   0.1490   0.1197   0.4933   0.4897   0.0322   0.0000   0.0155  -0.1064    0.218
     5   0.0032   0.0365   0.0000   0.3048   0.0047   0.1485   0.1202   0.4917   0.4880   0.0312   0.0000   0.0164  -0.1050    0.216
     6   0.0047   0.0534   0.0000   0.3048   0.0055   0.1475   0.1209   0.4884   0.4847   0.0303   0.0000   0.0175  -0.1031    0.214
     7   0.0064   0.0728   0.0000   0.3048   0.0062   0.1458   0.1219   0.4828   0.4792   0.0294   0.0000   0.0186  -0.1006    0.211
     8   0.0082   0.0941   0.0000   0.3048   0.0067   0.1432   0.1232   0.4743   0.4708   0.0286   0.0000   0.0197  -0.0974    0.208
     9   0.0102   0.1168   0.0000   0.3048   0.0071   0.1395   0.1248   0.4622   0.4588   0.0277   0.0000   0.0208  -0.0933    0.205
    10   0.0123   0.1404   0.0000   0.3048   0.0073   0.1346   0.1265   0.4459   0.4426   0.0267   0.0000   0.0220  -0.0881    0.200
    11   0.0144   0.1644   0.0000   0.3048   0.0073   0.1283   0.1283   0.4250   0.4218   0.0256   0.0000   0.0232  -0.0817    0.195
    12   0.0165   0.1880   0.0000   0.3048   0.0071   0.1204   0.1301   0.3990   0.3960   0.0242   0.0000   0.0243  -0.0742    0.189
    13   0.0185   0.2107   0.0000   0.3048   0.0067   0.1110   0.1316   0.3676   0.3649   0.0226   0.0000   0.0251  -0.0657    0.181
    14   0.0203   0.2320   0.0000   0.3048   0.0062   0.0999   0.1326   0.3309   0.3284   0.0206   0.0000   0.0255  -0.0563    0.172
    15   0.0220   0.2514   0.0000   0.3048   0.0055   0.0873   0.1329   0.2891   0.2870   0.0183   0.0000   0.0251  -0.0463    0.163
    16   0.0235   0.2683   0.0000   0.3048   0.0047   0.0733   0.1322   0.2427   0.2409   0.0156   0.0000   0.0237  -0.0363    0.152
    17   0.0247   0.2823   0.0000   0.3048   0.0038   0.0581   0.1304   0.1924   0.1910   0.0126   0.0000   0.0209  -0.0267    0.141
    18   0.0257   0.2932   0.0000   0.3048   0.0028   0.0421   0.1277   0.1392   0.1382   0.0091   0.0000   0.0165  -0.0179    0.130
    19   0.0263   0.3006   0.0000   0.3048   0.0017   0.0254   0.1245   0.0842   0.0836   0.0053   0.0000   0.0107  -0.0101    0.122
    20   0.0267   0.3043   0.0000   0.3048   0.0006   0.0085   0.1226   0.0282   0.0280   0.0014   0.0000   0.0037  -0.0033    0.118

  Surface # 2     Wing (YDUP)                             
     # Chordwise = 10   # Spanwise = 20     First strip = 21
     Surface area Ssurf =    0.092903     Ave. chord Cave =    0.304800

 Forces referred to Sref, Cref, Bref about Xref, Yref, Zref
 Standard axis orientation,  X fwd, Z down         
     CLsurf  =   0.19550     Clsurf  =   0.04168
     CYsurf  =  -0.00148     Cmsurf  =   0.02420
     CDsurf  =   0.01252     Cnsurf  =   0.00451
     CDisurf =   0.01252     CDvsurf =   0.00000

 Forces referred to Ssurf, Cave 
     CLsurf  =   0.39099     CDsurf  =   0.02504

 Strip Forces referred to Strip Area, Chord
    j     Xle      Yle      Zle      Chord    Area     c_cl     ai     cl_norm    cl       cd       cdv    cm_c/4     cm_LE   C.P.x/c
    21   0.0000  -0.0005   0.0000   0.3048   0.0006   0.1494   0.1202   0.4814   0.4778   0.1180   0.0000   0.0140   0.1081    0.221
    22   0.0004  -0.0042   0.0000   0.3048   0.0017   0.1494   0.1197   0.4934   0.4898   0.0387   0.0000   0.0141   0.1080    0.221
    23   0.0010  -0.0116   0.0000   0.3048   0.0028   0.1493   0.1195   0.4939   0.4903   0.0336   0.0000   0.0146   0.1074    0.220
    24   0.0020  -0.0225   0.0000   0.3048   0.0038   0.1490   0.1197   0.4933   0.4897   0.0322   0.0000   0.0155   0.1064    0.218
    25   0.0032  -0.0365   0.0000   0.3048   0.0047   0.1485   0.1202   0.4917   0.4880   0.0312   0.0000   0.0164   0.1050    0.216
    26   0.0047  -0.0534   0.0000   0.3048   0.0055   0.1475   0.1209   0.4884   0.4847   0.0303   0.0000   0.0175   0.1031    0.214
    27   0.0064  -0.0728   0.0000   0.3048   0.0062   0.1458   0.1219   0.4828   0.4792   0.0294   0.0000   0.0186   0.1006    0.211
    28   0.0082  -0.0941   0.0000   0.3048   0.0067   0.1432   0.1232   0.4743   0.4708   0.0286   0.0000   0.0197   0.0974    0.208
    29   0.0102  -0.1168   0.0000   0.3048   0.0071   0.1395   0.1248   0.4622   0.4588   0.0277   0.0000   0.0208   0.0933    0.205
    30   0.0123  -0.1404   0.0000   0.3048   0.0073   0.1346   0.1265   0.4459   0.4426   0.0267   0.0000   0.0220   0.0881    0.200
    31   0.0144  -0.1644   0.0000   0.3048   0.0073   0.1283   0.1283   0.4250   0.4218   0.0256   0.0000   0.0232   0.0817    0.195
    32   0.0165  -0.1880   0.0000   0.3048   0.0071   0.1204   0.1301   0.3990   0.3960   0.0242   0.0000   0.0243   0.0742    0.189
    33   0.0185  -0.2107   0.0000   0.3048   0.0067   0.1110   0.1316   0.3676   0.3649   0.0226   0.0000   0.0251   0.0657    0.181
    34   0.0203  -0.2320   0.0000   0.3048   0.0062   0.0999   0.1326   0.3309   0.3284   0.0206   0.0000   0.0255   0.0563    0.172
    35   0.0220  -0.2514   0.0000   0.3048   0.0055   0.0873   0.1329   0.2891   0.2870   0.0183   0.0000   0.0251   0.0463    0.163
    36   0.0235  -0.2683   0.0000   0.3048   0.0047   0.0733   0.1322   0.2427   0.2409   0.0156   0.0000   0.0237   0.0363    0.152
    37   0.0247  -0.2823   0.0000   0.3048   0.0038   0.0581   0.1304   0.1924   0.1910   0.0126   0.0000   0.0209   0.0267    0.141
    38   0.0257  -0.2932   0.0000   0.3048   0.0028   0.0421   0.1277   0.1392   0.1382   0.0091   0.0000   0.0165   0.0179    0.130
    39   0.0263  -0.3006   0.0000   0.3048   0.0017   0.0254   0.1245   0.0842   0.0836   0.0053   0.0000   0.0107   0.0101    0.122
    40   0.0267  -0.3043   0.0000   0.3048   0.0006   0.0085   0.1226   0.0282   0.0280   0.0014   0.0000   0.0037   0.0033    0.118
 ---------------------------------------------------------------
