 ---------------------------------------------------------------
 Surface and Strip Forces by surface

  Sref = 0.19510       Cref = 0.27540       Bref = 0.71120    
  Xref = 0.10920       Yref =  0.0000       Zref =  0.0000    

  Surface # 1     Wing                                    
     # Chordwise = 10   # Spanwise = 20     First strip =  1
     Surface area Ssurf =    0.108387     Ave. chord Cave =    0.304800

 Forces referred to Sref, Cref, Bref about Xref, Yref, Zref
 Standard axis orientation,  X fwd, Z down         
     CLsurf  =   0.18618     Clsurf  =  -0.03998
     CYsurf  =   0.00270     Cmsurf  =   0.00948
     CDsurf  =   0.00898     Cnsurf  =  -0.00423
     CDisurf =   0.00898     CDvsurf =   0.00000

 Forces referred to Ssurf, Cave 
     CLsurf  =   0.33514     CDsurf  =   0.01617

 Strip Forces referred to Strip Area, Chord
    j     Xle      Yle      Zle      Chord    Area     c_cl     ai     cl_norm    cl       cd       cdv    cm_c/4     cm_LE   C.P.x/c
     1   0.0001   0.0005   0.0000   0.3048   0.0007   0.1263   0.0838   0.4186   0.3996   0.1520   0.0000   0.0017  -0.0996    0.246
     2   0.0011   0.0049   0.0000   0.3048   0.0020   0.1263   0.0826   0.4328   0.4133   0.0326   0.0000   0.0021  -0.0991    0.245
     3   0.0030   0.0135   0.0000   0.3048   0.0033   0.1262   0.0823   0.4335   0.4139   0.0253   0.0000   0.0034  -0.0978    0.242
     4   0.0057   0.0262   0.0000   0.3048   0.0044   0.1261   0.0828   0.4332   0.4137   0.0233   0.0000   0.0053  -0.0958    0.237
     5   0.0093   0.0426   0.0000   0.3048   0.0055   0.1257   0.0838   0.4323   0.4128   0.0218   0.0000   0.0075  -0.0935    0.232
     6   0.0137   0.0623   0.0000   0.3048   0.0065   0.1251   0.0853   0.4302   0.4108   0.0205   0.0000   0.0096  -0.0909    0.227
     7   0.0186   0.0849   0.0000   0.3048   0.0073   0.1240   0.0870   0.4264   0.4071   0.0193   0.0000   0.0116  -0.0880    0.222
     8   0.0240   0.1098   0.0000   0.3048   0.0079   0.1221   0.0890   0.4202   0.4012   0.0182   0.0000   0.0134  -0.0847    0.216
     9   0.0299   0.1363   0.0000   0.3048   0.0083   0.1194   0.0912   0.4110   0.3924   0.0172   0.0000   0.0153  -0.0808    0.211
    10   0.0359   0.1638   0.0000   0.3048   0.0085   0.1156   0.0936   0.3980   0.3800   0.0163   0.0000   0.0170  -0.0760    0.205
    11   0.0420   0.1918   0.0000   0.3048   0.0085   0.1106   0.0960   0.3808   0.3636   0.0152   0.0000   0.0188  -0.0702    0.198
    12   0.0480   0.2193   0.0000   0.3048   0.0083   0.1042   0.0982   0.3588   0.3426   0.0141   0.0000   0.0206  -0.0634    0.190
    13   0.0539   0.2458   0.0000   0.3048   0.0079   0.0963   0.1001   0.3317   0.3167   0.0129   0.0000   0.0221  -0.0556    0.180
    14   0.0593   0.2707   0.0000   0.3048   0.0073   0.0870   0.1014   0.2994   0.2858   0.0115   0.0000   0.0233  -0.0469    0.169
    15   0.0642   0.2933   0.0000   0.3048   0.0065   0.0761   0.1017   0.2620   0.2502   0.0099   0.0000   0.0237  -0.0378    0.155
    16   0.0686   0.3130   0.0000   0.3048   0.0055   0.0639   0.1008   0.2201   0.2101   0.0082   0.0000   0.0231  -0.0287    0.140
    17   0.0722   0.3294   0.0000   0.3048   0.0044   0.0506   0.0985   0.1744   0.1665   0.0062   0.0000   0.0209  -0.0202    0.125
    18   0.0749   0.3421   0.0000   0.3048   0.0033   0.0366   0.0951   0.1261   0.1204   0.0041   0.0000   0.0168  -0.0129    0.110
    19   0.0768   0.3507   0.0000   0.3048   0.0020   0.0221   0.0912   0.0761   0.0727   0.0019   0.0000   0.0110  -0.0069    0.098
    20   0.0778   0.3551   0.0000   0.3048   0.0007   0.0074   0.0888   0.0255   0.0244  -0.0001   0.0000   0.0038  -0.0022    0.093

  Surface # 2     Wing (YDUP)                             
     # Chordwise = 10   # Spanwise = 20     First strip = 21
     Surface area Ssurf =    0.108387     Ave. chord Cave =    0.304800

 Forces referred to Sref, Cref, Bref about Xref, Yref, Zref
 Standard axis orientation,  X fwd, Z down         
     CLsurf  =   0.18618     Clsurf  =   0.03998
     CYsurf  =  -0.00270     Cmsurf  =   0.00948
     CDsurf  =   0.00898     Cnsurf  =   0.00423
     CDisurf =   0.00898     CDvsurf =   0.00000

 Forces referred to Ssurf, Cave 
     CLsurf  =   0.33514     CDsurf  =   0.01617

 Strip Forces referred to Strip Area, Chord
    j     Xle      Yle      Zle      Chord    Area     c_cl     ai     cl_norm    cl       cd       cdv    cm_c/4     cm_LE   C.P.x/c
    21   0.0001  -0.0005   0.0000   0.3048   0.0007   0.1263   0.0838   0.4186   0.3996   0.1520   0.0000   0.0017   0.0996    0.246
    22   0.0011  -0.0049   0.0000   0.3048   0.0020   0.1263   0.0826   0.4328   0.4133   0.0326   0.0000   0.0021   0.0991    0.245
    23   0.0030  -0.0135   0.0000   0.3048   0.0033   0.1262   0.0823   0.4335   0.4139   0.0253   0.0000   0.0034   0.0978    0.242
    24   0.0057  -0.0262   0.0000   0.3048   0.0044   0.1261   0.0828   0.4332   0.4137   0.0233   0.0000   0.0053   0.0958    0.237
    25   0.0093  -0.0426   0.0000   0.3048   0.0055   0.1257   0.0838   0.4323   0.4128   0.0218   0.0000   0.0075   0.0935    0.232
    26   0.0137  -0.0623   0.0000   0.3048   0.0065   0.1251   0.0853   0.4302   0.4108   0.0205   0.0000   0.0096   0.0909    0.227
    27   0.0186  -0.0849   0.0000   0.3048   0.0073   0.1240   0.0870   0.4264   0.4071   0.0193   0.0000   0.0116   0.0880    0.222
    28   0.0240  -0.1098   0.0000   0.3048   0.0079   0.1221   0.0890   0.4202   0.4012   0.0182   0.0000   0.0134   0.0847    0.216
    29   0.0299  -0.1363   0.0000   0.3048   0.0083   0.1194   0.0912   0.4110   0.3924   0.0172   0.0000   0.0153   0.0808    0.211
    30   0.0359  -0.1638   0.0000   0.3048   0.0085   0.1156   0.0936   0.3980   0.3800   0.0163   0.0000   0.0170   0.0760    0.205
    31   0.0420  -0.1918   0.0000   0.3048   0.0085   0.1106   0.0960   0.3808   0.3636   0.0152   0.0000   0.0188   0.0702    0.198
    32   0.0480  -0.2193   0.0000   0.3048   0.0083   0.1042   0.0982   0.3588   0.3426   0.0141   0.0000   0.0206   0.0634    0.190
    33   0.0539  -0.2458   0.0000   0.3048   0.0079   0.0963   0.1001   0.3317   0.3167   0.0129   0.0000   0.0221   0.0556    0.180
    34   0.0593  -0.2707   0.0000   0.3048   0.0073   0.0870   0.1014   0.2994   0.2858   0.0115   0.0000   0.0233   0.0469    0.169
    35   0.0642  -0.2933   0.0000   0.3048   0.0065   0.0761   0.1017   0.2620   0.2502   0.0099   0.0000   0.0237   0.0378    0.155
    36   0.0686  -0.3130   0.0000   0.3048   0.0055   0.0639   0.1008   0.2201   0.2101   0.0082   0.0000   0.0231   0.0287    0.140
    37   0.0722  -0.3294   0.0000   0.3048   0.0044   0.0506   0.0985   0.1744   0.1665   0.0062   0.0000   0.0209   0.0202    0.125
    38   0.0749  -0.3421   0.0000   0.3048   0.0033   0.0366   0.0951   0.1261   0.1204   0.0041   0.0000   0.0168   0.0129    0.110
    39   0.0768  -0.3507   0.0000   0.3048   0.0020   0.0221   0.0912   0.0761   0.0727   0.0019   0.0000   0.0110   0.0069    0.098
    40   0.0778  -0.3551   0.0000   0.3048   0.0007   0.0074   0.0888   0.0255   0.0244  -0.0001   0.0000   0.0038   0.0022    0.093
 ---------------------------------------------------------------
