 ---------------------------------------------------------------
 Surface and Strip Forces by surface

  Sref = 0.20440       Cref = 0.22820       Bref = 0.91440    
  Xref = 0.10920       Yref =  0.0000       Zref =  0.0000    

  Surface # 1     Wing                                    
     # Chordwise = 10   # Spanwise = 20     First strip =  1
     Surface area Ssurf =    0.127742     Ave. chord Cave =    0.279400

 Forces referred to Sref, Cref, Bref about Xref, Yref, Zref
 Standard axis orientation,  X fwd, Z down         
     CLsurf  =   0.17771     Clsurf  =  -0.03835
     CYsurf  =   0.00052     Cmsurf  =   0.02985
     CDsurf  =   0.00501     Cnsurf  =  -0.00198
     CDisurf =   0.00501     CDvsurf =   0.00000

 Forces referred to Ssurf, Cave 
     CLsurf  =   0.28436     CDsurf  =   0.00801

 Strip Forces referred to Strip Area, Chord
    j     Xle      Yle      Zle      Chord    Area     c_cl     ai     cl_norm    cl       cd       cdv    cm_c/4     cm_LE   C.P.x/c
     1   0.0000   0.0007   0.0000   0.2794   0.0008   0.0976   0.0497   0.3496   0.3483   0.0291   0.0000   0.0058  -0.0814    0.233
     2   0.0004   0.0063   0.0000   0.2794   0.0023   0.0976   0.0492   0.3509   0.3496   0.0111   0.0000   0.0060  -0.0812    0.233
     3   0.0011   0.0174   0.0000   0.2794   0.0038   0.0976   0.0491   0.3508   0.3495   0.0101   0.0000   0.0064  -0.0807    0.232
     4   0.0021   0.0337   0.0000   0.2794   0.0052   0.0975   0.0493   0.3504   0.3491   0.0097   0.0000   0.0071  -0.0800    0.230
     5   0.0033   0.0548   0.0000   0.2794   0.0065   0.0972   0.0498   0.3495   0.3482   0.0094   0.0000   0.0077  -0.0791    0.228
     6   0.0049   0.0801   0.0000   0.2794   0.0076   0.0967   0.0504   0.3476   0.3463   0.0091   0.0000   0.0083  -0.0780    0.226
     7   0.0067   0.1092   0.0000   0.2794   0.0085   0.0958   0.0513   0.3445   0.3432   0.0089   0.0000   0.0089  -0.0767    0.224
     8   0.0086   0.1411   0.0000   0.2794   0.0093   0.0944   0.0525   0.3395   0.3383   0.0088   0.0000   0.0095  -0.0748    0.222
     9   0.0107   0.1752   0.0000   0.2794   0.0097   0.0924   0.0539   0.3323   0.3311   0.0087   0.0000   0.0102  -0.0724    0.219
    10   0.0129   0.2107   0.0000   0.2794   0.0100   0.0897   0.0555   0.3224   0.3212   0.0085   0.0000   0.0109  -0.0692    0.216
    11   0.0150   0.2465   0.0000   0.2794   0.0100   0.0860   0.0575   0.3092   0.3081   0.0083   0.0000   0.0118  -0.0651    0.212
    12   0.0172   0.2820   0.0000   0.2794   0.0097   0.0813   0.0596   0.2924   0.2913   0.0081   0.0000   0.0128  -0.0599    0.206
    13   0.0193   0.3161   0.0000   0.2794   0.0093   0.0755   0.0616   0.2714   0.2704   0.0078   0.0000   0.0139  -0.0536    0.199
    14   0.0212   0.3480   0.0000   0.2794   0.0085   0.0685   0.0634   0.2461   0.2452   0.0073   0.0000   0.0149  -0.0463    0.189
    15   0.0230   0.3771   0.0000   0.2794   0.0076   0.0602   0.0646   0.2162   0.2155   0.0066   0.0000   0.0157  -0.0381    0.177
    16   0.0246   0.4024   0.0000   0.2794   0.0065   0.0507   0.0646   0.1822   0.1815   0.0058   0.0000   0.0158  -0.0295    0.163
    17   0.0258   0.4235   0.0000   0.2794   0.0052   0.0402   0.0632   0.1446   0.1440   0.0047   0.0000   0.0150  -0.0210    0.146
    18   0.0268   0.4398   0.0000   0.2794   0.0038   0.0290   0.0601   0.1044   0.1040   0.0033   0.0000   0.0126  -0.0133    0.129
    19   0.0275   0.4509   0.0000   0.2794   0.0023   0.0175   0.0557   0.0628   0.0626   0.0019   0.0000   0.0086  -0.0071    0.113
    20   0.0279   0.4565   0.0000   0.2794   0.0008   0.0058   0.0523   0.0209   0.0209   0.0005   0.0000   0.0031  -0.0022    0.104

  Surface # 2     Wing (YDUP)                             
     # Chordwise = 10   # Spanwise = 20     First strip = 21
     Surface area Ssurf =    0.127742     Ave. chord Cave =    0.279400

 Forces referred to Sref, Cref, Bref about Xref, Yref, Zref
 Standard axis orientation,  X fwd, Z down         
     CLsurf  =   0.17771     Clsurf  =   0.03835
     CYsurf  =  -0.00052     Cmsurf  =   0.02985
     CDsurf  =   0.00501     Cnsurf  =   0.00198
     CDisurf =   0.00501     CDvsurf =   0.00000

 Forces referred to Ssurf, Cave 
     CLsurf  =   0.28436     CDsurf  =   0.00801

 Strip Forces referred to Strip Area, Chord
    j     Xle      Yle      Zle      Chord    Area     c_cl     ai     cl_norm    cl       cd       cdv    cm_c/4     cm_LE   C.P.x/c
    21   0.0000  -0.0007   0.0000   0.2794   0.0008   0.0976   0.0497   0.3496   0.3483   0.0291   0.0000   0.0058   0.0814    0.233
    22   0.0004  -0.0063   0.0000   0.2794   0.0023   0.0976   0.0492   0.3509   0.3496   0.0111   0.0000   0.0060   0.0812    0.233
    23   0.0011  -0.0174   0.0000   0.2794   0.0038   0.0976   0.0491   0.3508   0.3495   0.0101   0.0000   0.0064   0.0807    0.232
    24   0.0021  -0.0337   0.0000   0.2794   0.0052   0.0975   0.0493   0.3504   0.3491   0.0097   0.0000   0.0071   0.0800    0.230
    25   0.0033  -0.0548   0.0000   0.2794   0.0065   0.0972   0.0498   0.3495   0.3482   0.0094   0.0000   0.0077   0.0791    0.228
    26   0.0049  -0.0801   0.0000   0.2794   0.0076   0.0967   0.0504   0.3476   0.3463   0.0091   0.0000   0.0083   0.0780    0.226
    27   0.0067  -0.1092   0.0000   0.2794   0.0085   0.0958   0.0513   0.3445   0.3432   0.0089   0.0000   0.0089   0.0767    0.224
    28   0.0086  -0.1411   0.0000   0.2794   0.0093   0.0944   0.0525   0.3395   0.3383   0.0088   0.0000   0.0095   0.0748    0.222
    29   0.0107  -0.1752   0.0000   0.2794   0.0097   0.0924   0.0539   0.3323   0.3311   0.0087   0.0000   0.0102   0.0724    0.219
    30   0.0129  -0.2107   0.0000   0.2794   0.0100   0.0897   0.0555   0.3224   0.3212   0.0085   0.0000   0.0109   0.0692    0.216
    31   0.0150  -0.2465   0.0000   0.2794   0.0100   0.0860   0.0575   0.3092   0.3081   0.0083   0.0000   0.0118   0.0651    0.212
    32   0.0172  -0.2820   0.0000   0.2794   0.0097   0.0813   0.0596   0.2924   0.2913   0.0081   0.0000   0.0128   0.0599    0.206
    33   0.0193  -0.3161   0.0000   0.2794   0.0093   0.0755   0.0616   0.2714   0.2704   0.0078   0.0000   0.0139   0.0536    0.199
    34   0.0212  -0.3480   0.0000   0.2794   0.0085   0.0685   0.0634   0.2461   0.2452   0.0073   0.0000   0.0149   0.0463    0.189
    35   0.0230  -0.3771   0.0000   0.2794   0.0076   0.0602   0.0646   0.2162   0.2155   0.0066   0.0000   0.0157   0.0381    0.177
    36   0.0246  -0.4024   0.0000   0.2794   0.0065   0.0507   0.0646   0.1822   0.1815   0.0058   0.0000   0.0158   0.0295    0.163
    37   0.0258  -0.4235   0.0000   0.2794   0.0052   0.0402   0.0632   0.1446   0.1440   0.0047   0.0000   0.0150   0.0210    0.146
    38   0.0268  -0.4398   0.0000   0.2794   0.0038   0.0290   0.0601   0.1044   0.1040   0.0033   0.0000   0.0126   0.0133    0.129
    39   0.0275  -0.4509   0.0000   0.2794   0.0023   0.0175   0.0557   0.0628   0.0626   0.0019   0.0000   0.0086   0.0071    0.113
    40   0.0279  -0.4565   0.0000   0.2794   0.0008   0.0058   0.0523   0.0209   0.0209   0.0005   0.0000   0.0031   0.0022    0.104
 ---------------------------------------------------------------
