 ---------------------------------------------------------------
 Surface and Strip Forces by surface

  Sref = 0.18580       Cref = 0.20320       Bref = 0.91440    
  Xref = 0.10920       Yref =  0.0000       Zref =  0.0000    

  Surface # 1     Wing                                    
     # Chordwise = 10   # Spanwise = 20     First strip =  1
     Surface area Ssurf =    0.092903     Ave. chord Cave =    0.203200

 Forces referred to Sref, Cref, Bref about Xref, Yref, Zref
 Standard axis orientation,  X fwd, Z down         
     CLsurf  =   0.19550     Clsurf  =  -0.04331
     CYsurf  =   0.00339     Cmsurf  =   0.00911
     CDsurf  =   0.00577     Cnsurf  =  -0.00365
     CDisurf =   0.00577     CDvsurf =   0.00000

 Forces referred to Ssurf, Cave 
     CLsurf  =   0.39099     CDsurf  =   0.01153

 Strip Forces referred to Strip Area, Chord
    j     Xle      Yle      Zle      Chord    Area     c_cl     ai     cl_norm    cl       cd       cdv    cm_c/4     cm_LE   C.P.x/c
     1   0.0002   0.0007   0.0000   0.2032   0.0006   0.0918   0.0359   0.4755   0.4439   0.1052   0.0000  -0.0102  -0.1190    0.273
     2   0.0017   0.0063   0.0000   0.2032   0.0017   0.0918   0.0354   0.4836   0.4515   0.0245   0.0000  -0.0089  -0.1177    0.270
     3   0.0047   0.0174   0.0000   0.2032   0.0028   0.0919   0.0368   0.4845   0.4524   0.0199   0.0000  -0.0056  -0.1146    0.262
     4   0.0090   0.0337   0.0000   0.2032   0.0038   0.0921   0.0391   0.4858   0.4536   0.0174   0.0000  -0.0019  -0.1113    0.254
     5   0.0147   0.0548   0.0000   0.2032   0.0047   0.0923   0.0417   0.4873   0.4550   0.0154   0.0000   0.0013  -0.1085    0.247
     6   0.0215   0.0801   0.0000   0.2032   0.0055   0.0925   0.0443   0.4884   0.4560   0.0138   0.0000   0.0038  -0.1063    0.242
     7   0.0292   0.1092   0.0000   0.2032   0.0062   0.0925   0.0470   0.4883   0.4559   0.0127   0.0000   0.0056  -0.1045    0.238
     8   0.0378   0.1411   0.0000   0.2032   0.0067   0.0920   0.0497   0.4862   0.4539   0.0120   0.0000   0.0071  -0.1026    0.234
     9   0.0470   0.1752   0.0000   0.2032   0.0071   0.0911   0.0526   0.4812   0.4493   0.0114   0.0000   0.0084  -0.1002    0.231
    10   0.0564   0.2107   0.0000   0.2032   0.0073   0.0895   0.0559   0.4726   0.4412   0.0110   0.0000   0.0097  -0.0970    0.228
    11   0.0661   0.2465   0.0000   0.2032   0.0073   0.0870   0.0598   0.4594   0.4289   0.0106   0.0000   0.0112  -0.0925    0.224
    12   0.0755   0.2820   0.0000   0.2032   0.0071   0.0834   0.0641   0.4406   0.4113   0.0102   0.0000   0.0131  -0.0865    0.218
    13   0.0847   0.3161   0.0000   0.2032   0.0067   0.0786   0.0688   0.4151   0.3876   0.0097   0.0000   0.0153  -0.0786    0.211
    14   0.0933   0.3480   0.0000   0.2032   0.0062   0.0723   0.0734   0.3820   0.3566   0.0089   0.0000   0.0179  -0.0687    0.200
    15   0.1010   0.3771   0.0000   0.2032   0.0055   0.0645   0.0772   0.3404   0.3178   0.0080   0.0000   0.0204  -0.0569    0.186
    16   0.1078   0.4024   0.0000   0.2032   0.0047   0.0550   0.0795   0.2904   0.2711   0.0067   0.0000   0.0223  -0.0438    0.168
    17   0.1135   0.4235   0.0000   0.2032   0.0038   0.0440   0.0794   0.2326   0.2172   0.0052   0.0000   0.0226  -0.0305    0.146
    18   0.1178   0.4398   0.0000   0.2032   0.0028   0.0320   0.0765   0.1691   0.1578   0.0035   0.0000   0.0202  -0.0185    0.122
    19   0.1208   0.4509   0.0000   0.2032   0.0017   0.0193   0.0713   0.1021   0.0953   0.0015   0.0000   0.0142  -0.0092    0.101
    20   0.1223   0.4565   0.0000   0.2032   0.0006   0.0064   0.0669   0.0341   0.0319  -0.0003   0.0000   0.0052  -0.0027    0.088

  Surface # 2     Wing (YDUP)                             
     # Chordwise = 10   # Spanwise = 20     First strip = 21
     Surface area Ssurf =    0.092903     Ave. chord Cave =    0.203200

 Forces referred to Sref, Cref, Bref about Xref, Yref, Zref
 Standard axis orientation,  X fwd, Z down         
     CLsurf  =   0.19550     Clsurf  =   0.04331
     CYsurf  =  -0.00339     Cmsurf  =   0.00911
     CDsurf  =   0.00577     Cnsurf  =   0.00365
     CDisurf =   0.00577     CDvsurf =   0.00000

 Forces referred to Ssurf, Cave 
     CLsurf  =   0.39099     CDsurf  =   0.01153

 Strip Forces referred to Strip Area, Chord
    j     Xle      Yle      Zle      Chord    Area     c_cl     ai     cl_norm    cl       cd       cdv    cm_c/4     cm_LE   C.P.x/c
    21   0.0002  -0.0007   0.0000   0.2032   0.0006   0.0918   0.0359   0.4755   0.4439   0.1052   0.0000  -0.0102   0.1190    0.273
    22   0.0017  -0.0063   0.0000   0.2032   0.0017   0.0918   0.0354   0.4836   0.4515   0.0245   0.0000  -0.0089   0.1177    0.270
    23   0.0047  -0.0174   0.0000   0.2032   0.0028   0.0919   0.0368   0.4845   0.4524   0.0199   0.0000  -0.0056   0.1146    0.262
    24   0.0090  -0.0337   0.0000   0.2032   0.0038   0.0921   0.0391   0.4858   0.4536   0.0174   0.0000  -0.0019   0.1113    0.254
    25   0.0147  -0.0548   0.0000   0.2032   0.0047   0.0923   0.0417   0.4873   0.4550   0.0154   0.0000   0.0013   0.1085    0.247
    26   0.0215  -0.0801   0.0000   0.2032   0.0055   0.0925   0.0443   0.4884   0.4560   0.0138   0.0000   0.0038   0.1063    0.242
    27   0.0292  -0.1092   0.0000   0.2032   0.0062   0.0925   0.0470   0.4883   0.4559   0.0127   0.0000   0.0056   0.1045    0.238
    28   0.0378  -0.1411   0.0000   0.2032   0.0067   0.0920   0.0497   0.4862   0.4539   0.0120   0.0000   0.0071   0.1026    0.234
    29   0.0470  -0.1752   0.0000   0.2032   0.0071   0.0911   0.0526   0.4812   0.4493   0.0114   0.0000   0.0084   0.1002    0.231
    30   0.0564  -0.2107   0.0000   0.2032   0.0073   0.0895   0.0559   0.4726   0.4412   0.0110   0.0000   0.0097   0.0970    0.228
    31   0.0661  -0.2465   0.0000   0.2032   0.0073   0.0870   0.0598   0.4594   0.4289   0.0106   0.0000   0.0112   0.0925    0.224
    32   0.0755  -0.2820   0.0000   0.2032   0.0071   0.0834   0.0641   0.4406   0.4113   0.0102   0.0000   0.0131   0.0865    0.218
    33   0.0847  -0.3161   0.0000   0.2032   0.0067   0.0786   0.0688   0.4151   0.3876   0.0097   0.0000   0.0153   0.0786    0.211
    34   0.0933  -0.3480   0.0000   0.2032   0.0062   0.0723   0.0734   0.3820   0.3566   0.0089   0.0000   0.0179   0.0687    0.200
    35   0.1010  -0.3771   0.0000   0.2032   0.0055   0.0645   0.0772   0.3404   0.3178   0.0080   0.0000   0.0204   0.0569    0.186
    36   0.1078  -0.4024   0.0000   0.2032   0.0047   0.0550   0.0795   0.2904   0.2711   0.0067   0.0000   0.0223   0.0438    0.168
    37   0.1135  -0.4235   0.0000   0.2032   0.0038   0.0440   0.0794   0.2326   0.2172   0.0052   0.0000   0.0226   0.0305    0.146
    38   0.1178  -0.4398   0.0000   0.2032   0.0028   0.0320   0.0765   0.1691   0.1578   0.0035   0.0000   0.0202   0.0185    0.122
    39   0.1208  -0.4509   0.0000   0.2032   0.0017   0.0193   0.0713   0.1021   0.0953   0.0015   0.0000   0.0142   0.0092    0.101
    40   0.1223  -0.4565   0.0000   0.2032   0.0006   0.0064   0.0669   0.0341   0.0319  -0.0003   0.0000   0.0052   0.0027    0.088
 ---------------------------------------------------------------
