 ---------------------------------------------------------------
 Surface and Strip Forces by surface

  Sref = 0.16720       Cref = 0.20660       Bref = 0.81280    
  Xref = 0.10920       Yref =  0.0000       Zref =  0.0000    

  Surface # 1     Wing                                    
     # Chordwise = 10   # Spanwise = 20     First strip =  1
     Surface area Ssurf =    0.092903     Ave. chord Cave =    0.228600

 Forces referred to Sref, Cref, Bref about Xref, Yref, Zref
 Standard axis orientation,  X fwd, Z down         
     CLsurf  =   0.21725     Clsurf  =  -0.04739
     CYsurf  =   0.00303     Cmsurf  =   0.02430
     CDsurf  =   0.00799     Cnsurf  =  -0.00419
     CDisurf =   0.00799     CDvsurf =   0.00000

 Forces referred to Ssurf, Cave 
     CLsurf  =   0.39099     CDsurf  =   0.01438

 Strip Forces referred to Strip Area, Chord
    j     Xle      Yle      Zle      Chord    Area     c_cl     ai     cl_norm    cl       cd       cdv    cm_c/4     cm_LE   C.P.x/c
     1   0.0001   0.0006   0.0000   0.2286   0.0006   0.1069   0.0552   0.4769   0.4580   0.1143   0.0000  -0.0042  -0.1186    0.259
     2   0.0011   0.0056   0.0000   0.2286   0.0017   0.1068   0.0546   0.4864   0.4671   0.0275   0.0000  -0.0034  -0.1178    0.257
     3   0.0032   0.0155   0.0000   0.2286   0.0028   0.1069   0.0551   0.4870   0.4677   0.0225   0.0000  -0.0013  -0.1158    0.253
     4   0.0061   0.0299   0.0000   0.2286   0.0038   0.1069   0.0564   0.4873   0.4680   0.0204   0.0000   0.0013  -0.1132    0.247
     5   0.0100   0.0487   0.0000   0.2286   0.0047   0.1068   0.0583   0.4873   0.4680   0.0187   0.0000   0.0038  -0.1107    0.242
     6   0.0146   0.0712   0.0000   0.2286   0.0055   0.1066   0.0603   0.4865   0.4672   0.0173   0.0000   0.0060  -0.1084    0.237
     7   0.0198   0.0970   0.0000   0.2286   0.0062   0.1061   0.0626   0.4842   0.4650   0.0163   0.0000   0.0078  -0.1060    0.233
     8   0.0256   0.1254   0.0000   0.2286   0.0067   0.1051   0.0652   0.4796   0.4606   0.0155   0.0000   0.0094  -0.1034    0.230
     9   0.0319   0.1558   0.0000   0.2286   0.0071   0.1034   0.0680   0.4719   0.4532   0.0148   0.0000   0.0109  -0.1001    0.226
    10   0.0383   0.1873   0.0000   0.2286   0.0073   0.1009   0.0711   0.4604   0.4421   0.0143   0.0000   0.0124  -0.0959    0.222
    11   0.0448   0.2191   0.0000   0.2286   0.0073   0.0973   0.0746   0.4442   0.4266   0.0137   0.0000   0.0141  -0.0904    0.217
    12   0.0512   0.2506   0.0000   0.2286   0.0071   0.0925   0.0783   0.4225   0.4057   0.0131   0.0000   0.0160  -0.0835    0.211
    13   0.0575   0.2810   0.0000   0.2286   0.0067   0.0864   0.0821   0.3945   0.3788   0.0123   0.0000   0.0181  -0.0749    0.202
    14   0.0633   0.3094   0.0000   0.2286   0.0062   0.0788   0.0855   0.3597   0.3454   0.0113   0.0000   0.0202  -0.0647    0.192
    15   0.0685   0.3352   0.0000   0.2286   0.0055   0.0696   0.0881   0.3178   0.3052   0.0101   0.0000   0.0219  -0.0531    0.178
    16   0.0731   0.3577   0.0000   0.2286   0.0047   0.0590   0.0891   0.2691   0.2584   0.0086   0.0000   0.0227  -0.0409    0.162
    17   0.0770   0.3765   0.0000   0.2286   0.0038   0.0470   0.0883   0.2145   0.2060   0.0068   0.0000   0.0219  -0.0289    0.144
    18   0.0799   0.3909   0.0000   0.2286   0.0028   0.0341   0.0853   0.1555   0.1493   0.0047   0.0000   0.0187  -0.0182    0.125
    19   0.0820   0.4008   0.0000   0.2286   0.0017   0.0206   0.0807   0.0939   0.0902   0.0024   0.0000   0.0128  -0.0095    0.109
    20   0.0830   0.4058   0.0000   0.2286   0.0006   0.0069   0.0772   0.0314   0.0302   0.0001   0.0000   0.0045  -0.0029    0.099

  Surface # 2     Wing (YDUP)                             
     # Chordwise = 10   # Spanwise = 20     First strip = 21
     Surface area Ssurf =    0.092903     Ave. chord Cave =    0.228600

 Forces referred to Sref, Cref, Bref about Xref, Yref, Zref
 Standard axis orientation,  X fwd, Z down         
     CLsurf  =   0.21725     Clsurf  =   0.04739
     CYsurf  =  -0.00303     Cmsurf  =   0.02430
     CDsurf  =   0.00799     Cnsurf  =   0.00419
     CDisurf =   0.00799     CDvsurf =   0.00000

 Forces referred to Ssurf, Cave 
     CLsurf  =   0.39099     CDsurf  =   0.01438

 Strip Forces referred to Strip Area, Chord
    j     Xle      Yle      Zle      Chord    Area     c_cl     ai     cl_norm    cl       cd       cdv    cm_c/4     cm_LE   C.P.x/c
    21   0.0001  -0.0006   0.0000   0.2286   0.0006   0.1069   0.0552   0.4769   0.4580   0.1143   0.0000  -0.0042   0.1186    0.259
    22   0.0011  -0.0056   0.0000   0.2286   0.0017   0.1068   0.0546   0.4864   0.4671   0.0275   0.0000  -0.0034   0.1178    0.257
    23   0.0032  -0.0155   0.0000   0.2286   0.0028   0.1069   0.0551   0.4870   0.4677   0.0225   0.0000  -0.0013   0.1158    0.253
    24   0.0061  -0.0299   0.0000   0.2286   0.0038   0.1069   0.0564   0.4873   0.4680   0.0204   0.0000   0.0013   0.1132    0.247
    25   0.0100  -0.0487   0.0000   0.2286   0.0047   0.1068   0.0583   0.4873   0.4680   0.0187   0.0000   0.0038   0.1107    0.242
    26   0.0146  -0.0712   0.0000   0.2286   0.0055   0.1066   0.0603   0.4865   0.4672   0.0173   0.0000   0.0060   0.1084    0.237
    27   0.0198  -0.0970   0.0000   0.2286   0.0062   0.1061   0.0626   0.4842   0.4650   0.0163   0.0000   0.0078   0.1060    0.233
    28   0.0256  -0.1254   0.0000   0.2286   0.0067   0.1051   0.0652   0.4796   0.4606   0.0155   0.0000   0.0094   0.1034    0.230
    29   0.0319  -0.1558   0.0000   0.2286   0.0071   0.1034   0.0680   0.4719   0.4532   0.0148   0.0000   0.0109   0.1001    0.226
    30   0.0383  -0.1873   0.0000   0.2286   0.0073   0.1009   0.0711   0.4604   0.4421   0.0143   0.0000   0.0124   0.0959    0.222
    31   0.0448  -0.2191   0.0000   0.2286   0.0073   0.0973   0.0746   0.4442   0.4266   0.0137   0.0000   0.0141   0.0904    0.217
    32   0.0512  -0.2506   0.0000   0.2286   0.0071   0.0925   0.0783   0.4225   0.4057   0.0131   0.0000   0.0160   0.0835    0.211
    33   0.0575  -0.2810   0.0000   0.2286   0.0067   0.0864   0.0821   0.3945   0.3788   0.0123   0.0000   0.0181   0.0749    0.202
    34   0.0633  -0.3094   0.0000   0.2286   0.0062   0.0788   0.0855   0.3597   0.3454   0.0113   0.0000   0.0202   0.0647    0.192
    35   0.0685  -0.3352   0.0000   0.2286   0.0055   0.0696   0.0881   0.3178   0.3052   0.0101   0.0000   0.0219   0.0531    0.178
    36   0.0731  -0.3577   0.0000   0.2286   0.0047   0.0590   0.0891   0.2691   0.2584   0.0086   0.0000   0.0227   0.0409    0.162
    37   0.0770  -0.3765   0.0000   0.2286   0.0038   0.0470   0.0883   0.2145   0.2060   0.0068   0.0000   0.0219   0.0289    0.144
    38   0.0799  -0.3909   0.0000   0.2286   0.0028   0.0341   0.0853   0.1555   0.1493   0.0047   0.0000   0.0187   0.0182    0.125
    39   0.0820  -0.4008   0.0000   0.2286   0.0017   0.0206   0.0807   0.0939   0.0902   0.0024   0.0000   0.0128   0.0095    0.109
    40   0.0830  -0.4058   0.0000   0.2286   0.0006   0.0069   0.0772   0.0314   0.0302   0.0001   0.0000   0.0045   0.0029    0.099
 ---------------------------------------------------------------
