 ---------------------------------------------------------------
 Surface and Strip Forces by surface

  Sref = 0.11380       Cref = 0.16980       Bref = 0.71120    
  Xref = 0.10920       Yref =  0.0000       Zref =  0.0000    

  Surface # 1     Wing                                    
     # Chordwise = 10   # Spanwise = 20     First strip =  1
     Surface area Ssurf =    0.081290     Ave. chord Cave =    0.228600

 Forces referred to Sref, Cref, Bref about Xref, Yref, Zref
 Standard axis orientation,  X fwd, Z down         
     CLsurf  =   0.31919     Clsurf  =  -0.07011
     CYsurf  =   0.01250     Cmsurf  =  -0.02430
     CDsurf  =   0.01594     Cnsurf  =  -0.01148
     CDisurf =   0.01594     CDvsurf =   0.00000

 Forces referred to Ssurf, Cave 
     CLsurf  =   0.44685     CDsurf  =   0.02231

 Strip Forces referred to Strip Area, Chord
    j     Xle      Yle      Zle      Chord    Area     c_cl     ai     cl_norm    cl       cd       cdv    cm_c/4     cm_LE   C.P.x/c
     1   0.0003   0.0005   0.0000   0.2286   0.0005   0.1191   0.0589   0.5851   0.4846   0.3034   0.0000  -0.0215  -0.1379    0.294
     2   0.0023   0.0049   0.0000   0.2286   0.0015   0.1191   0.0596   0.6257   0.5182   0.0565   0.0000  -0.0200  -0.1365    0.289
     3   0.0062   0.0135   0.0000   0.2286   0.0024   0.1193   0.0625   0.6285   0.5206   0.0433   0.0000  -0.0156  -0.1326    0.280
     4   0.0121   0.0262   0.0000   0.2286   0.0033   0.1195   0.0666   0.6308   0.5225   0.0385   0.0000  -0.0099  -0.1277    0.269
     5   0.0196   0.0426   0.0000   0.2286   0.0041   0.1199   0.0711   0.6333   0.5246   0.0342   0.0000  -0.0043  -0.1230    0.258
     6   0.0287   0.0623   0.0000   0.2286   0.0048   0.1201   0.0759   0.6352   0.5262   0.0305   0.0000   0.0006  -0.1188    0.249
     7   0.0391   0.0849   0.0000   0.2286   0.0054   0.1201   0.0806   0.6354   0.5263   0.0274   0.0000   0.0046  -0.1151    0.241
     8   0.0505   0.1098   0.0000   0.2286   0.0059   0.1195   0.0854   0.6327   0.5240   0.0249   0.0000   0.0081  -0.1113    0.235
     9   0.0627   0.1363   0.0000   0.2286   0.0062   0.1181   0.0904   0.6257   0.5183   0.0228   0.0000   0.0112  -0.1072    0.228
    10   0.0754   0.1638   0.0000   0.2286   0.0064   0.1157   0.0957   0.6133   0.5080   0.0209   0.0000   0.0143  -0.1020    0.222
    11   0.0883   0.1918   0.0000   0.2286   0.0064   0.1121   0.1012   0.5942   0.4922   0.0191   0.0000   0.0175  -0.0955    0.215
    12   0.1010   0.2193   0.0000   0.2286   0.0062   0.1069   0.1068   0.5670   0.4697   0.0171   0.0000   0.0209  -0.0872    0.205
    13   0.1132   0.2458   0.0000   0.2286   0.0059   0.1000   0.1120   0.5307   0.4396   0.0150   0.0000   0.0246  -0.0770    0.194
    14   0.1246   0.2707   0.0000   0.2286   0.0054   0.0913   0.1163   0.4846   0.4014   0.0126   0.0000   0.0281  -0.0652    0.180
    15   0.1350   0.2933   0.0000   0.2286   0.0048   0.0807   0.1190   0.4284   0.3549   0.0101   0.0000   0.0309  -0.0521    0.163
    16   0.1441   0.3130   0.0000   0.2286   0.0041   0.0683   0.1197   0.3629   0.3006   0.0074   0.0000   0.0321  -0.0387    0.143
    17   0.1516   0.3294   0.0000   0.2286   0.0033   0.0544   0.1180   0.2894   0.2397   0.0047   0.0000   0.0306  -0.0262    0.122
    18   0.1575   0.3421   0.0000   0.2286   0.0024   0.0395   0.1143   0.2100   0.1740   0.0022   0.0000   0.0258  -0.0158    0.102
    19   0.1614   0.3507   0.0000   0.2286   0.0015   0.0239   0.1093   0.1272   0.1054  -0.0001   0.0000   0.0174  -0.0079    0.085
    20   0.1634   0.3551   0.0000   0.2286   0.0005   0.0080   0.1062   0.0428   0.0355  -0.0020   0.0000   0.0061  -0.0024    0.077

  Surface # 2     Wing (YDUP)                             
     # Chordwise = 10   # Spanwise = 20     First strip = 21
     Surface area Ssurf =    0.081290     Ave. chord Cave =    0.228600

 Forces referred to Sref, Cref, Bref about Xref, Yref, Zref
 Standard axis orientation,  X fwd, Z down         
     CLsurf  =   0.31919     Clsurf  =   0.07011
     CYsurf  =  -0.01250     Cmsurf  =  -0.02430
     CDsurf  =   0.01594     Cnsurf  =   0.01148
     CDisurf =   0.01594     CDvsurf =   0.00000

 Forces referred to Ssurf, Cave 
     CLsurf  =   0.44685     CDsurf  =   0.02231

 Strip Forces referred to Strip Area, Chord
    j     Xle      Yle      Zle      Chord    Area     c_cl     ai     cl_norm    cl       cd       cdv    cm_c/4     cm_LE   C.P.x/c
    21   0.0003  -0.0005   0.0000   0.2286   0.0005   0.1191   0.0589   0.5851   0.4846   0.3034   0.0000  -0.0215   0.1379    0.294
    22   0.0023  -0.0049   0.0000   0.2286   0.0015   0.1191   0.0596   0.6257   0.5182   0.0565   0.0000  -0.0200   0.1365    0.289
    23   0.0062  -0.0135   0.0000   0.2286   0.0024   0.1193   0.0625   0.6285   0.5206   0.0433   0.0000  -0.0156   0.1326    0.280
    24   0.0121  -0.0262   0.0000   0.2286   0.0033   0.1195   0.0666   0.6308   0.5225   0.0385   0.0000  -0.0099   0.1277    0.269
    25   0.0196  -0.0426   0.0000   0.2286   0.0041   0.1199   0.0711   0.6333   0.5246   0.0342   0.0000  -0.0043   0.1230    0.258
    26   0.0287  -0.0623   0.0000   0.2286   0.0048   0.1201   0.0759   0.6352   0.5262   0.0305   0.0000   0.0006   0.1188    0.249
    27   0.0391  -0.0849   0.0000   0.2286   0.0054   0.1201   0.0806   0.6354   0.5263   0.0274   0.0000   0.0046   0.1151    0.241
    28   0.0505  -0.1098   0.0000   0.2286   0.0059   0.1195   0.0854   0.6327   0.5240   0.0249   0.0000   0.0081   0.1113    0.235
    29   0.0627  -0.1363   0.0000   0.2286   0.0062   0.1181   0.0904   0.6257   0.5183   0.0228   0.0000   0.0112   0.1072    0.228
    30   0.0754  -0.1638   0.0000   0.2286   0.0064   0.1157   0.0957   0.6133   0.5080   0.0209   0.0000   0.0143   0.1020    0.222
    31   0.0883  -0.1918   0.0000   0.2286   0.0064   0.1121   0.1012   0.5942   0.4922   0.0191   0.0000   0.0175   0.0955    0.215
    32   0.1010  -0.2193   0.0000   0.2286   0.0062   0.1069   0.1068   0.5670   0.4697   0.0171   0.0000   0.0209   0.0872    0.205
    33   0.1132  -0.2458   0.0000   0.2286   0.0059   0.1000   0.1120   0.5307   0.4396   0.0150   0.0000   0.0246   0.0770    0.194
    34   0.1246  -0.2707   0.0000   0.2286   0.0054   0.0913   0.1163   0.4846   0.4014   0.0126   0.0000   0.0281   0.0652    0.180
    35   0.1350  -0.2933   0.0000   0.2286   0.0048   0.0807   0.1190   0.4284   0.3549   0.0101   0.0000   0.0309   0.0521    0.163
    36   0.1441  -0.3130   0.0000   0.2286   0.0041   0.0683   0.1197   0.3629   0.3006   0.0074   0.0000   0.0321   0.0387    0.143
    37   0.1516  -0.3294   0.0000   0.2286   0.0033   0.0544   0.1180   0.2894   0.2397   0.0047   0.0000   0.0306   0.0262    0.122
    38   0.1575  -0.3421   0.0000   0.2286   0.0024   0.0395   0.1143   0.2100   0.1740   0.0022   0.0000   0.0258   0.0158    0.102
    39   0.1614  -0.3507   0.0000   0.2286   0.0015   0.0239   0.1093   0.1272   0.1054  -0.0001   0.0000   0.0174   0.0079    0.085
    40   0.1634  -0.3551   0.0000   0.2286   0.0005   0.0080   0.1062   0.0428   0.0355  -0.0020   0.0000   0.0061   0.0024    0.077
 ---------------------------------------------------------------
