 ---------------------------------------------------------------
 Surface and Strip Forces by surface

  Sref = 0.11380       Cref = 0.16980       Bref = 0.71120    
  Xref = 0.10920       Yref =  0.0000       Zref =  0.0000    

  Surface # 1     Wing                                    
     # Chordwise = 10   # Spanwise = 20     First strip =  1
     Surface area Ssurf =    0.081290     Ave. chord Cave =    0.228600

 Forces referred to Sref, Cref, Bref about Xref, Yref, Zref
 Standard axis orientation,  X fwd, Z down         
     CLsurf  =   0.31919     Clsurf  =  -0.06917
     CYsurf  =   0.00488     Cmsurf  =   0.05921
     CDsurf  =   0.01526     Cnsurf  =  -0.00746
     CDisurf =   0.01526     CDvsurf =   0.00000

 Forces referred to Ssurf, Cave 
     CLsurf  =   0.44685     CDsurf  =   0.02137

 Strip Forces referred to Strip Area, Chord
    j     Xle      Yle      Zle      Chord    Area     c_cl     ai     cl_norm    cl       cd       cdv    cm_c/4     cm_LE   C.P.x/c
     1   0.0001   0.0005   0.0000   0.2286   0.0005   0.1236   0.0762   0.5421   0.5247   0.1576   0.0000  -0.0016  -0.1346    0.253
     2   0.0009   0.0049   0.0000   0.2286   0.0015   0.1236   0.0758   0.5582   0.5402   0.0394   0.0000  -0.0010  -0.1339    0.252
     3   0.0025   0.0135   0.0000   0.2286   0.0024   0.1236   0.0763   0.5591   0.5411   0.0323   0.0000   0.0009  -0.1321    0.248
     4   0.0048   0.0262   0.0000   0.2286   0.0033   0.1236   0.0776   0.5593   0.5413   0.0296   0.0000   0.0034  -0.1296    0.244
     5   0.0078   0.0426   0.0000   0.2286   0.0041   0.1234   0.0794   0.5588   0.5409   0.0275   0.0000   0.0059  -0.1270    0.239
     6   0.0115   0.0623   0.0000   0.2286   0.0048   0.1230   0.0815   0.5572   0.5393   0.0258   0.0000   0.0081  -0.1243    0.235
     7   0.0156   0.0849   0.0000   0.2286   0.0054   0.1222   0.0839   0.5535   0.5357   0.0244   0.0000   0.0102  -0.1214    0.231
     8   0.0202   0.1098   0.0000   0.2286   0.0059   0.1207   0.0866   0.5471   0.5295   0.0233   0.0000   0.0120  -0.1180    0.227
     9   0.0251   0.1363   0.0000   0.2286   0.0062   0.1185   0.0897   0.5370   0.5198   0.0224   0.0000   0.0138  -0.1139    0.224
    10   0.0301   0.1638   0.0000   0.2286   0.0064   0.1152   0.0931   0.5224   0.5056   0.0215   0.0000   0.0156  -0.1086    0.219
    11   0.0353   0.1918   0.0000   0.2286   0.0064   0.1108   0.0968   0.5024   0.4862   0.0206   0.0000   0.0175  -0.1019    0.214
    12   0.0403   0.2193   0.0000   0.2286   0.0062   0.1050   0.1007   0.4761   0.4608   0.0196   0.0000   0.0197  -0.0936    0.207
    13   0.0452   0.2458   0.0000   0.2286   0.0059   0.0977   0.1045   0.4430   0.4287   0.0184   0.0000   0.0218  -0.0836    0.199
    14   0.0498   0.2707   0.0000   0.2286   0.0054   0.0888   0.1078   0.4025   0.3895   0.0169   0.0000   0.0238  -0.0721    0.189
    15   0.0539   0.2933   0.0000   0.2286   0.0048   0.0782   0.1102   0.3546   0.3432   0.0150   0.0000   0.0253  -0.0593    0.176
    16   0.0576   0.3130   0.0000   0.2286   0.0041   0.0661   0.1112   0.2996   0.2900   0.0128   0.0000   0.0255  -0.0460    0.162
    17   0.0606   0.3294   0.0000   0.2286   0.0033   0.0527   0.1104   0.2387   0.2310   0.0103   0.0000   0.0240  -0.0330    0.146
    18   0.0629   0.3421   0.0000   0.2286   0.0024   0.0382   0.1076   0.1731   0.1675   0.0073   0.0000   0.0200  -0.0214    0.130
    19   0.0645   0.3507   0.0000   0.2286   0.0015   0.0231   0.1036   0.1047   0.1014   0.0039   0.0000   0.0135  -0.0116    0.117
    20   0.0653   0.3551   0.0000   0.2286   0.0005   0.0077   0.1007   0.0351   0.0340   0.0006   0.0000   0.0048  -0.0036    0.110

  Surface # 2     Wing (YDUP)                             
     # Chordwise = 10   # Spanwise = 20     First strip = 21
     Surface area Ssurf =    0.081290     Ave. chord Cave =    0.228600

 Forces referred to Sref, Cref, Bref about Xref, Yref, Zref
 Standard axis orientation,  X fwd, Z down         
     CLsurf  =   0.31919     Clsurf  =   0.06917
     CYsurf  =  -0.00488     Cmsurf  =   0.05921
     CDsurf  =   0.01526     Cnsurf  =   0.00746
     CDisurf =   0.01526     CDvsurf =   0.00000

 Forces referred to Ssurf, Cave 
     CLsurf  =   0.44685     CDsurf  =   0.02137

 Strip Forces referred to Strip Area, Chord
    j     Xle      Yle      Zle      Chord    Area     c_cl     ai     cl_norm    cl       cd       cdv    cm_c/4     cm_LE   C.P.x/c
    21   0.0001  -0.0005   0.0000   0.2286   0.0005   0.1236   0.0762   0.5421   0.5247   0.1576   0.0000  -0.0016   0.1346    0.253
    22   0.0009  -0.0049   0.0000   0.2286   0.0015   0.1236   0.0758   0.5582   0.5402   0.0394   0.0000  -0.0010   0.1339    0.252
    23   0.0025  -0.0135   0.0000   0.2286   0.0024   0.1236   0.0763   0.5591   0.5411   0.0323   0.0000   0.0009   0.1321    0.248
    24   0.0048  -0.0262   0.0000   0.2286   0.0033   0.1236   0.0776   0.5593   0.5413   0.0296   0.0000   0.0034   0.1296    0.244
    25   0.0078  -0.0426   0.0000   0.2286   0.0041   0.1234   0.0794   0.5588   0.5409   0.0275   0.0000   0.0059   0.1270    0.239
    26   0.0115  -0.0623   0.0000   0.2286   0.0048   0.1230   0.0815   0.5572   0.5393   0.0258   0.0000   0.0081   0.1243    0.235
    27   0.0156  -0.0849   0.0000   0.2286   0.0054   0.1222   0.0839   0.5535   0.5357   0.0244   0.0000   0.0102   0.1214    0.231
    28   0.0202  -0.1098   0.0000   0.2286   0.0059   0.1207   0.0866   0.5471   0.5295   0.0233   0.0000   0.0120   0.1180    0.227
    29   0.0251  -0.1363   0.0000   0.2286   0.0062   0.1185   0.0897   0.5370   0.5198   0.0224   0.0000   0.0138   0.1139    0.224
    30   0.0301  -0.1638   0.0000   0.2286   0.0064   0.1152   0.0931   0.5224   0.5056   0.0215   0.0000   0.0156   0.1086    0.219
    31   0.0353  -0.1918   0.0000   0.2286   0.0064   0.1108   0.0968   0.5024   0.4862   0.0206   0.0000   0.0175   0.1019    0.214
    32   0.0403  -0.2193   0.0000   0.2286   0.0062   0.1050   0.1007   0.4761   0.4608   0.0196   0.0000   0.0197   0.0936    0.207
    33   0.0452  -0.2458   0.0000   0.2286   0.0059   0.0977   0.1045   0.4430   0.4287   0.0184   0.0000   0.0218   0.0836    0.199
    34   0.0498  -0.2707   0.0000   0.2286   0.0054   0.0888   0.1078   0.4025   0.3895   0.0169   0.0000   0.0238   0.0721    0.189
    35   0.0539  -0.2933   0.0000   0.2286   0.0048   0.0782   0.1102   0.3546   0.3432   0.0150   0.0000   0.0253   0.0593    0.176
    36   0.0576  -0.3130   0.0000   0.2286   0.0041   0.0661   0.1112   0.2996   0.2900   0.0128   0.0000   0.0255   0.0460    0.162
    37   0.0606  -0.3294   0.0000   0.2286   0.0033   0.0527   0.1104   0.2387   0.2310   0.0103   0.0000   0.0240   0.0330    0.146
    38   0.0629  -0.3421   0.0000   0.2286   0.0024   0.0382   0.1076   0.1731   0.1675   0.0073   0.0000   0.0200   0.0214    0.130
    39   0.0645  -0.3507   0.0000   0.2286   0.0015   0.0231   0.1036   0.1047   0.1014   0.0039   0.0000   0.0135   0.0116    0.117
    40   0.0653  -0.3551   0.0000   0.2286   0.0005   0.0077   0.1007   0.0351   0.0340   0.0006   0.0000   0.0048   0.0036    0.110
 ---------------------------------------------------------------
