 ---------------------------------------------------------------
 Surface and Strip Forces by surface

  Sref = 0.12650       Cref = 0.18870       Bref = 0.71120    
  Xref = 0.10920       Yref =  0.0000       Zref =  0.0000    

  Surface # 1     Wing                                    
     # Chordwise = 10   # Spanwise = 20     First strip =  1
     Surface area Ssurf =    0.090322     Ave. chord Cave =    0.254000

 Forces referred to Sref, Cref, Bref about Xref, Yref, Zref
 Standard axis orientation,  X fwd, Z down         
     CLsurf  =   0.28715     Clsurf  =  -0.06223
     CYsurf  =   0.00621     Cmsurf  =   0.01761
     CDsurf  =   0.01399     Cnsurf  =  -0.00761
     CDisurf =   0.01399     CDvsurf =   0.00000

 Forces referred to Ssurf, Cave 
     CLsurf  =   0.40216     CDsurf  =   0.01959

 Strip Forces referred to Strip Area, Chord
    j     Xle      Yle      Zle      Chord    Area     c_cl     ai     cl_norm    cl       cd       cdv    cm_c/4     cm_LE   C.P.x/c
     1   0.0002   0.0005   0.0000   0.2540   0.0006   0.1235   0.0752   0.5008   0.4642   0.2057   0.0000  -0.0065  -0.1231    0.264
     2   0.0014   0.0049   0.0000   0.2540   0.0017   0.1235   0.0744   0.5229   0.4846   0.0423   0.0000  -0.0057  -0.1224    0.262
     3   0.0038   0.0135   0.0000   0.2540   0.0027   0.1235   0.0750   0.5242   0.4858   0.0329   0.0000  -0.0033  -0.1201    0.257
     4   0.0074   0.0262   0.0000   0.2540   0.0037   0.1235   0.0765   0.5246   0.4862   0.0297   0.0000  -0.0001  -0.1170    0.250
     5   0.0121   0.0426   0.0000   0.2540   0.0046   0.1234   0.0787   0.5245   0.4861   0.0272   0.0000   0.0032  -0.1138    0.243
     6   0.0177   0.0623   0.0000   0.2540   0.0054   0.1230   0.0813   0.5234   0.4851   0.0251   0.0000   0.0063  -0.1105    0.237
     7   0.0241   0.0849   0.0000   0.2540   0.0060   0.1223   0.0841   0.5205   0.4824   0.0233   0.0000   0.0090  -0.1072    0.231
     8   0.0311   0.1098   0.0000   0.2540   0.0065   0.1209   0.0872   0.5149   0.4772   0.0217   0.0000   0.0114  -0.1035    0.226
     9   0.0386   0.1363   0.0000   0.2540   0.0069   0.1188   0.0905   0.5058   0.4687   0.0204   0.0000   0.0137  -0.0993    0.221
    10   0.0464   0.1638   0.0000   0.2540   0.0071   0.1156   0.0941   0.4922   0.4562   0.0192   0.0000   0.0160  -0.0940    0.215
    11   0.0544   0.1918   0.0000   0.2540   0.0071   0.1111   0.0978   0.4733   0.4387   0.0179   0.0000   0.0184  -0.0876    0.208
    12   0.0622   0.2193   0.0000   0.2540   0.0069   0.1053   0.1015   0.4484   0.4156   0.0166   0.0000   0.0208  -0.0797    0.200
    13   0.0697   0.2458   0.0000   0.2540   0.0065   0.0978   0.1049   0.4168   0.3863   0.0151   0.0000   0.0232  -0.0703    0.190
    14   0.0767   0.2707   0.0000   0.2540   0.0060   0.0888   0.1075   0.3782   0.3505   0.0134   0.0000   0.0253  -0.0597    0.178
    15   0.0831   0.2933   0.0000   0.2540   0.0054   0.0780   0.1091   0.3326   0.3082   0.0115   0.0000   0.0266  -0.0483    0.164
    16   0.0887   0.3130   0.0000   0.2540   0.0046   0.0658   0.1091   0.2805   0.2600   0.0093   0.0000   0.0267  -0.0366    0.147
    17   0.0934   0.3294   0.0000   0.2540   0.0037   0.0523   0.1074   0.2230   0.2067   0.0070   0.0000   0.0248  -0.0257    0.130
    18   0.0970   0.3421   0.0000   0.2540   0.0027   0.0379   0.1040   0.1615   0.1497   0.0046   0.0000   0.0205  -0.0161    0.113
    19   0.0994   0.3507   0.0000   0.2540   0.0017   0.0229   0.0997   0.0977   0.0905   0.0019   0.0000   0.0136  -0.0085    0.099
    20   0.1006   0.3551   0.0000   0.2540   0.0006   0.0076   0.0970   0.0328   0.0304  -0.0004   0.0000   0.0048  -0.0026    0.093

  Surface # 2     Wing (YDUP)                             
     # Chordwise = 10   # Spanwise = 20     First strip = 21
     Surface area Ssurf =    0.090322     Ave. chord Cave =    0.254000

 Forces referred to Sref, Cref, Bref about Xref, Yref, Zref
 Standard axis orientation,  X fwd, Z down         
     CLsurf  =   0.28715     Clsurf  =   0.06223
     CYsurf  =  -0.00621     Cmsurf  =   0.01761
     CDsurf  =   0.01399     Cnsurf  =   0.00761
     CDisurf =   0.01399     CDvsurf =   0.00000

 Forces referred to Ssurf, Cave 
     CLsurf  =   0.40216     CDsurf  =   0.01959

 Strip Forces referred to Strip Area, Chord
    j     Xle      Yle      Zle      Chord    Area     c_cl     ai     cl_norm    cl       cd       cdv    cm_c/4     cm_LE   C.P.x/c
    21   0.0002  -0.0005   0.0000   0.2540   0.0006   0.1235   0.0752   0.5008   0.4642   0.2057   0.0000  -0.0065   0.1231    0.264
    22   0.0014  -0.0049   0.0000   0.2540   0.0017   0.1235   0.0744   0.5229   0.4846   0.0423   0.0000  -0.0057   0.1224    0.262
    23   0.0038  -0.0135   0.0000   0.2540   0.0027   0.1235   0.0750   0.5242   0.4858   0.0329   0.0000  -0.0033   0.1201    0.257
    24   0.0074  -0.0262   0.0000   0.2540   0.0037   0.1235   0.0765   0.5246   0.4862   0.0297   0.0000  -0.0001   0.1170    0.250
    25   0.0121  -0.0426   0.0000   0.2540   0.0046   0.1234   0.0787   0.5245   0.4861   0.0272   0.0000   0.0032   0.1138    0.243
    26   0.0177  -0.0623   0.0000   0.2540   0.0054   0.1230   0.0813   0.5234   0.4851   0.0251   0.0000   0.0063   0.1105    0.237
    27   0.0241  -0.0849   0.0000   0.2540   0.0060   0.1223   0.0841   0.5205   0.4824   0.0233   0.0000   0.0090   0.1072    0.231
    28   0.0311  -0.1098   0.0000   0.2540   0.0065   0.1209   0.0872   0.5149   0.4772   0.0217   0.0000   0.0114   0.1035    0.226
    29   0.0386  -0.1363   0.0000   0.2540   0.0069   0.1188   0.0905   0.5058   0.4687   0.0204   0.0000   0.0137   0.0993    0.221
    30   0.0464  -0.1638   0.0000   0.2540   0.0071   0.1156   0.0941   0.4922   0.4562   0.0192   0.0000   0.0160   0.0940    0.215
    31   0.0544  -0.1918   0.0000   0.2540   0.0071   0.1111   0.0978   0.4733   0.4387   0.0179   0.0000   0.0184   0.0876    0.208
    32   0.0622  -0.2193   0.0000   0.2540   0.0069   0.1053   0.1015   0.4484   0.4156   0.0166   0.0000   0.0208   0.0797    0.200
    33   0.0697  -0.2458   0.0000   0.2540   0.0065   0.0978   0.1049   0.4168   0.3863   0.0151   0.0000   0.0232   0.0703    0.190
    34   0.0767  -0.2707   0.0000   0.2540   0.0060   0.0888   0.1075   0.3782   0.3505   0.0134   0.0000   0.0253   0.0597    0.178
    35   0.0831  -0.2933   0.0000   0.2540   0.0054   0.0780   0.1091   0.3326   0.3082   0.0115   0.0000   0.0266   0.0483    0.164
    36   0.0887  -0.3130   0.0000   0.2540   0.0046   0.0658   0.1091   0.2805   0.2600   0.0093   0.0000   0.0267   0.0366    0.147
    37   0.0934  -0.3294   0.0000   0.2540   0.0037   0.0523   0.1074   0.2230   0.2067   0.0070   0.0000   0.0248   0.0257    0.130
    38   0.0970  -0.3421   0.0000   0.2540   0.0027   0.0379   0.1040   0.1615   0.1497   0.0046   0.0000   0.0205   0.0161    0.113
    39   0.0994  -0.3507   0.0000   0.2540   0.0017   0.0229   0.0997   0.0977   0.0905   0.0019   0.0000   0.0136   0.0085    0.099
    40   0.1006  -0.3551   0.0000   0.2540   0.0006   0.0076   0.0970   0.0328   0.0304  -0.0004   0.0000   0.0048   0.0026    0.093
 ---------------------------------------------------------------
