 ---------------------------------------------------------------
 Surface and Strip Forces by surface

  Sref = 0.12390       Cref = 0.20740       Bref = 0.60960    
  Xref = 0.10920       Yref =  0.0000       Zref =  0.0000    

  Surface # 1     Wing                                    
     # Chordwise = 10   # Spanwise = 20     First strip =  1
     Surface area Ssurf =    0.077419     Ave. chord Cave =    0.254000

 Forces referred to Sref, Cref, Bref about Xref, Yref, Zref
 Standard axis orientation,  X fwd, Z down         
     CLsurf  =   0.29318     Clsurf  =  -0.06353
     CYsurf  =   0.01278     Cmsurf  =  -0.00517
     CDsurf  =   0.01996     Cnsurf  =  -0.01371
     CDisurf =   0.01996     CDvsurf =   0.00000

 Forces referred to Ssurf, Cave 
     CLsurf  =   0.46919     CDsurf  =   0.03194

 Strip Forces referred to Strip Area, Chord
    j     Xle      Yle      Zle      Chord    Area     c_cl     ai     cl_norm    cl       cd       cdv    cm_c/4     cm_LE   C.P.x/c
     1   0.0002   0.0005   0.0000   0.2540   0.0005   0.1433   0.0972   0.5924   0.4964   0.4534   0.0000  -0.0167  -0.1440    0.284
     2   0.0019   0.0042   0.0000   0.2540   0.0014   0.1433   0.0974   0.6667   0.5586   0.0809   0.0000  -0.0156  -0.1430    0.278
     3   0.0052   0.0116   0.0000   0.2540   0.0023   0.1434   0.0994   0.6712   0.5624   0.0592   0.0000  -0.0121  -0.1399    0.272
     4   0.0100   0.0225   0.0000   0.2540   0.0032   0.1435   0.1026   0.6728   0.5637   0.0531   0.0000  -0.0071  -0.1354    0.263
     5   0.0163   0.0365   0.0000   0.2540   0.0039   0.1435   0.1066   0.6739   0.5646   0.0482   0.0000  -0.0017  -0.1305    0.253
     6   0.0239   0.0534   0.0000   0.2540   0.0046   0.1433   0.1109   0.6737   0.5645   0.0438   0.0000   0.0034  -0.1256    0.244
     7   0.0325   0.0728   0.0000   0.2540   0.0052   0.1426   0.1155   0.6712   0.5624   0.0398   0.0000   0.0081  -0.1207    0.236
     8   0.0421   0.0941   0.0000   0.2540   0.0056   0.1411   0.1203   0.6651   0.5573   0.0364   0.0000   0.0123  -0.1156    0.228
     9   0.0522   0.1168   0.0000   0.2540   0.0059   0.1387   0.1253   0.6542   0.5481   0.0332   0.0000   0.0162  -0.1098    0.220
    10   0.0628   0.1404   0.0000   0.2540   0.0061   0.1350   0.1303   0.6373   0.5339   0.0302   0.0000   0.0201  -0.1030    0.212
    11   0.0735   0.1644   0.0000   0.2540   0.0061   0.1298   0.1353   0.6131   0.5137   0.0273   0.0000   0.0238  -0.0949    0.204
    12   0.0841   0.1880   0.0000   0.2540   0.0059   0.1229   0.1399   0.5809   0.4867   0.0242   0.0000   0.0276  -0.0853    0.193
    13   0.0942   0.2107   0.0000   0.2540   0.0056   0.1142   0.1439   0.5397   0.4522   0.0210   0.0000   0.0310  -0.0743    0.181
    14   0.1038   0.2320   0.0000   0.2540   0.0052   0.1035   0.1468   0.4894   0.4101   0.0176   0.0000   0.0338  -0.0621    0.167
    15   0.1124   0.2514   0.0000   0.2540   0.0046   0.0909   0.1482   0.4302   0.3604   0.0140   0.0000   0.0354  -0.0493    0.152
    16   0.1200   0.2683   0.0000   0.2540   0.0039   0.0766   0.1478   0.3628   0.3040   0.0105   0.0000   0.0351  -0.0368    0.135
    17   0.1263   0.2823   0.0000   0.2540   0.0032   0.0609   0.1457   0.2886   0.2418   0.0070   0.0000   0.0321  -0.0254    0.117
    18   0.1311   0.2932   0.0000   0.2540   0.0023   0.0441   0.1421   0.2094   0.1754   0.0036   0.0000   0.0261  -0.0158    0.101
    19   0.1344   0.3006   0.0000   0.2540   0.0014   0.0267   0.1379   0.1270   0.1064   0.0003   0.0000   0.0171  -0.0083    0.089
    20   0.1361   0.3043   0.0000   0.2540   0.0005   0.0089   0.1357   0.0430   0.0360  -0.0024   0.0000   0.0060  -0.0026    0.085

  Surface # 2     Wing (YDUP)                             
     # Chordwise = 10   # Spanwise = 20     First strip = 21
     Surface area Ssurf =    0.077419     Ave. chord Cave =    0.254000

 Forces referred to Sref, Cref, Bref about Xref, Yref, Zref
 Standard axis orientation,  X fwd, Z down         
     CLsurf  =   0.29318     Clsurf  =   0.06353
     CYsurf  =  -0.01278     Cmsurf  =  -0.00517
     CDsurf  =   0.01996     Cnsurf  =   0.01371
     CDisurf =   0.01996     CDvsurf =   0.00000

 Forces referred to Ssurf, Cave 
     CLsurf  =   0.46919     CDsurf  =   0.03194

 Strip Forces referred to Strip Area, Chord
    j     Xle      Yle      Zle      Chord    Area     c_cl     ai     cl_norm    cl       cd       cdv    cm_c/4     cm_LE   C.P.x/c
    21   0.0002  -0.0005   0.0000   0.2540   0.0005   0.1433   0.0972   0.5924   0.4964   0.4534   0.0000  -0.0167   0.1440    0.284
    22   0.0019  -0.0042   0.0000   0.2540   0.0014   0.1433   0.0974   0.6667   0.5586   0.0809   0.0000  -0.0156   0.1430    0.278
    23   0.0052  -0.0116   0.0000   0.2540   0.0023   0.1434   0.0994   0.6712   0.5624   0.0592   0.0000  -0.0121   0.1399    0.272
    24   0.0100  -0.0225   0.0000   0.2540   0.0032   0.1435   0.1026   0.6728   0.5637   0.0531   0.0000  -0.0071   0.1354    0.263
    25   0.0163  -0.0365   0.0000   0.2540   0.0039   0.1435   0.1066   0.6739   0.5646   0.0482   0.0000  -0.0017   0.1305    0.253
    26   0.0239  -0.0534   0.0000   0.2540   0.0046   0.1433   0.1109   0.6737   0.5645   0.0438   0.0000   0.0034   0.1256    0.244
    27   0.0325  -0.0728   0.0000   0.2540   0.0052   0.1426   0.1155   0.6712   0.5624   0.0398   0.0000   0.0081   0.1207    0.236
    28   0.0421  -0.0941   0.0000   0.2540   0.0056   0.1411   0.1203   0.6651   0.5573   0.0364   0.0000   0.0123   0.1156    0.228
    29   0.0522  -0.1168   0.0000   0.2540   0.0059   0.1387   0.1253   0.6542   0.5481   0.0332   0.0000   0.0162   0.1098    0.220
    30   0.0628  -0.1404   0.0000   0.2540   0.0061   0.1350   0.1303   0.6373   0.5339   0.0302   0.0000   0.0201   0.1030    0.212
    31   0.0735  -0.1644   0.0000   0.2540   0.0061   0.1298   0.1353   0.6131   0.5137   0.0273   0.0000   0.0238   0.0949    0.204
    32   0.0841  -0.1880   0.0000   0.2540   0.0059   0.1229   0.1399   0.5809   0.4867   0.0242   0.0000   0.0276   0.0853    0.193
    33   0.0942  -0.2107   0.0000   0.2540   0.0056   0.1142   0.1439   0.5397   0.4522   0.0210   0.0000   0.0310   0.0743    0.181
    34   0.1038  -0.2320   0.0000   0.2540   0.0052   0.1035   0.1468   0.4894   0.4101   0.0176   0.0000   0.0338   0.0621    0.167
    35   0.1124  -0.2514   0.0000   0.2540   0.0046   0.0909   0.1482   0.4302   0.3604   0.0140   0.0000   0.0354   0.0493    0.152
    36   0.1200  -0.2683   0.0000   0.2540   0.0039   0.0766   0.1478   0.3628   0.3040   0.0105   0.0000   0.0351   0.0368    0.135
    37   0.1263  -0.2823   0.0000   0.2540   0.0032   0.0609   0.1457   0.2886   0.2418   0.0070   0.0000   0.0321   0.0254    0.117
    38   0.1311  -0.2932   0.0000   0.2540   0.0023   0.0441   0.1421   0.2094   0.1754   0.0036   0.0000   0.0261   0.0158    0.101
    39   0.1344  -0.3006   0.0000   0.2540   0.0014   0.0267   0.1379   0.1270   0.1064   0.0003   0.0000   0.0171   0.0083    0.089
    40   0.1361  -0.3043   0.0000   0.2540   0.0005   0.0089   0.1357   0.0430   0.0360  -0.0024   0.0000   0.0060   0.0026    0.085
 ---------------------------------------------------------------
