 ---------------------------------------------------------------
 Surface and Strip Forces by surface

  Sref = 0.15330       Cref = 0.19250       Bref = 0.91440    
  Xref = 0.10920       Yref =  0.0000       Zref =  0.0000    

  Surface # 1     Wing                                    
     # Chordwise = 10   # Spanwise = 20     First strip =  1
     Surface area Ssurf =    0.127742     Ave. chord Cave =    0.279400

 Forces referred to Sref, Cref, Bref about Xref, Yref, Zref
 Standard axis orientation,  X fwd, Z down         
     CLsurf  =   0.23695     Clsurf  =  -0.05127
     CYsurf  =   0.00138     Cmsurf  =   0.03219
     CDsurf  =   0.00677     Cnsurf  =  -0.00293
     CDisurf =   0.00677     CDvsurf =   0.00000

 Forces referred to Ssurf, Cave 
     CLsurf  =   0.28436     CDsurf  =   0.00813

 Strip Forces referred to Strip Area, Chord
    j     Xle      Yle      Zle      Chord    Area     c_cl     ai     cl_norm    cl       cd       cdv    cm_c/4     cm_LE   C.P.x/c
     1   0.0001   0.0007   0.0000   0.2794   0.0008   0.0970   0.0486   0.3496   0.3444   0.0485   0.0000   0.0026  -0.0836    0.243
     2   0.0008   0.0063   0.0000   0.2794   0.0023   0.0970   0.0477   0.3522   0.3471   0.0134   0.0000   0.0029  -0.0833    0.242
     3   0.0021   0.0174   0.0000   0.2794   0.0038   0.0969   0.0475   0.3522   0.3471   0.0114   0.0000   0.0038  -0.0823    0.239
     4   0.0041   0.0337   0.0000   0.2794   0.0052   0.0968   0.0479   0.3520   0.3468   0.0107   0.0000   0.0050  -0.0810    0.236
     5   0.0067   0.0548   0.0000   0.2794   0.0065   0.0966   0.0486   0.3513   0.3461   0.0101   0.0000   0.0062  -0.0797    0.232
     6   0.0098   0.0801   0.0000   0.2794   0.0076   0.0962   0.0496   0.3498   0.3447   0.0096   0.0000   0.0073  -0.0782    0.229
     7   0.0133   0.1092   0.0000   0.2794   0.0085   0.0955   0.0508   0.3471   0.3420   0.0092   0.0000   0.0083  -0.0766    0.226
     8   0.0173   0.1411   0.0000   0.2794   0.0093   0.0942   0.0523   0.3426   0.3376   0.0089   0.0000   0.0092  -0.0746    0.223
     9   0.0214   0.1752   0.0000   0.2794   0.0097   0.0924   0.0540   0.3359   0.3310   0.0086   0.0000   0.0101  -0.0720    0.220
    10   0.0258   0.2107   0.0000   0.2794   0.0100   0.0898   0.0559   0.3263   0.3216   0.0084   0.0000   0.0111  -0.0688    0.216
    11   0.0301   0.2465   0.0000   0.2794   0.0100   0.0862   0.0581   0.3135   0.3089   0.0081   0.0000   0.0121  -0.0645    0.211
    12   0.0345   0.2820   0.0000   0.2794   0.0097   0.0816   0.0604   0.2968   0.2925   0.0078   0.0000   0.0133  -0.0593    0.204
    13   0.0386   0.3161   0.0000   0.2794   0.0093   0.0759   0.0626   0.2758   0.2718   0.0074   0.0000   0.0146  -0.0529    0.196
    14   0.0426   0.3480   0.0000   0.2794   0.0085   0.0689   0.0645   0.2503   0.2466   0.0069   0.0000   0.0159  -0.0454    0.186
    15   0.0461   0.3771   0.0000   0.2794   0.0076   0.0605   0.0656   0.2201   0.2168   0.0061   0.0000   0.0168  -0.0371    0.172
    16   0.0492   0.4024   0.0000   0.2794   0.0065   0.0510   0.0656   0.1855   0.1827   0.0053   0.0000   0.0171  -0.0284    0.157
    17   0.0518   0.4235   0.0000   0.2794   0.0052   0.0405   0.0639   0.1471   0.1450   0.0042   0.0000   0.0162  -0.0199    0.138
    18   0.0538   0.4398   0.0000   0.2794   0.0038   0.0292   0.0606   0.1062   0.1046   0.0029   0.0000   0.0137  -0.0124    0.119
    19   0.0551   0.4509   0.0000   0.2794   0.0023   0.0176   0.0560   0.0639   0.0630   0.0014   0.0000   0.0093  -0.0064    0.103
    20   0.0558   0.4565   0.0000   0.2794   0.0008   0.0059   0.0526   0.0213   0.0210   0.0002   0.0000   0.0033  -0.0019    0.093

  Surface # 2     Wing (YDUP)                             
     # Chordwise = 10   # Spanwise = 20     First strip = 21
     Surface area Ssurf =    0.127742     Ave. chord Cave =    0.279400

 Forces referred to Sref, Cref, Bref about Xref, Yref, Zref
 Standard axis orientation,  X fwd, Z down         
     CLsurf  =   0.23695     Clsurf  =   0.05127
     CYsurf  =  -0.00138     Cmsurf  =   0.03219
     CDsurf  =   0.00677     Cnsurf  =   0.00293
     CDisurf =   0.00677     CDvsurf =   0.00000

 Forces referred to Ssurf, Cave 
     CLsurf  =   0.28436     CDsurf  =   0.00813

 Strip Forces referred to Strip Area, Chord
    j     Xle      Yle      Zle      Chord    Area     c_cl     ai     cl_norm    cl       cd       cdv    cm_c/4     cm_LE   C.P.x/c
    21   0.0001  -0.0007   0.0000   0.2794   0.0008   0.0970   0.0486   0.3496   0.3444   0.0485   0.0000   0.0026   0.0836    0.243
    22   0.0008  -0.0063   0.0000   0.2794   0.0023   0.0970   0.0477   0.3522   0.3471   0.0134   0.0000   0.0029   0.0833    0.242
    23   0.0021  -0.0174   0.0000   0.2794   0.0038   0.0969   0.0475   0.3522   0.3471   0.0114   0.0000   0.0038   0.0823    0.239
    24   0.0041  -0.0337   0.0000   0.2794   0.0052   0.0968   0.0479   0.3520   0.3468   0.0107   0.0000   0.0050   0.0810    0.236
    25   0.0067  -0.0548   0.0000   0.2794   0.0065   0.0966   0.0486   0.3513   0.3461   0.0101   0.0000   0.0062   0.0797    0.232
    26   0.0098  -0.0801   0.0000   0.2794   0.0076   0.0962   0.0496   0.3498   0.3447   0.0096   0.0000   0.0073   0.0782    0.229
    27   0.0133  -0.1092   0.0000   0.2794   0.0085   0.0955   0.0508   0.3471   0.3420   0.0092   0.0000   0.0083   0.0766    0.226
    28   0.0173  -0.1411   0.0000   0.2794   0.0093   0.0942   0.0523   0.3426   0.3376   0.0089   0.0000   0.0092   0.0746    0.223
    29   0.0214  -0.1752   0.0000   0.2794   0.0097   0.0924   0.0540   0.3359   0.3310   0.0086   0.0000   0.0101   0.0720    0.220
    30   0.0258  -0.2107   0.0000   0.2794   0.0100   0.0898   0.0559   0.3263   0.3216   0.0084   0.0000   0.0111   0.0688    0.216
    31   0.0301  -0.2465   0.0000   0.2794   0.0100   0.0862   0.0581   0.3135   0.3089   0.0081   0.0000   0.0121   0.0645    0.211
    32   0.0345  -0.2820   0.0000   0.2794   0.0097   0.0816   0.0604   0.2968   0.2925   0.0078   0.0000   0.0133   0.0593    0.204
    33   0.0386  -0.3161   0.0000   0.2794   0.0093   0.0759   0.0626   0.2758   0.2718   0.0074   0.0000   0.0146   0.0529    0.196
    34   0.0426  -0.3480   0.0000   0.2794   0.0085   0.0689   0.0645   0.2503   0.2466   0.0069   0.0000   0.0159   0.0454    0.186
    35   0.0461  -0.3771   0.0000   0.2794   0.0076   0.0605   0.0656   0.2201   0.2168   0.0061   0.0000   0.0168   0.0371    0.172
    36   0.0492  -0.4024   0.0000   0.2794   0.0065   0.0510   0.0656   0.1855   0.1827   0.0053   0.0000   0.0171   0.0284    0.157
    37   0.0518  -0.4235   0.0000   0.2794   0.0052   0.0405   0.0639   0.1471   0.1450   0.0042   0.0000   0.0162   0.0199    0.138
    38   0.0538  -0.4398   0.0000   0.2794   0.0038   0.0292   0.0606   0.1062   0.1046   0.0029   0.0000   0.0137   0.0124    0.119
    39   0.0551  -0.4509   0.0000   0.2794   0.0023   0.0176   0.0560   0.0639   0.0630   0.0014   0.0000   0.0093   0.0064    0.103
    40   0.0558  -0.4565   0.0000   0.2794   0.0008   0.0059   0.0526   0.0213   0.0210   0.0002   0.0000   0.0033   0.0019    0.093
 ---------------------------------------------------------------
