 ---------------------------------------------------------------
 Surface and Strip Forces by surface

  Sref = 0.16260       Cref = 0.22950       Bref = 0.71120    
  Xref = 0.10920       Yref =  0.0000       Zref =  0.0000    

  Surface # 1     Wing                                    
     # Chordwise = 10   # Spanwise = 20     First strip =  1
     Surface area Ssurf =    0.090322     Ave. chord Cave =    0.254000

 Forces referred to Sref, Cref, Bref about Xref, Yref, Zref
 Standard axis orientation,  X fwd, Z down         
     CLsurf  =   0.22340     Clsurf  =  -0.04827
     CYsurf  =   0.00361     Cmsurf  =   0.02227
     CDsurf  =   0.01074     Cnsurf  =  -0.00525
     CDisurf =   0.01074     CDvsurf =   0.00000

 Forces referred to Ssurf, Cave 
     CLsurf  =   0.40216     CDsurf  =   0.01934

 Strip Forces referred to Strip Area, Chord
    j     Xle      Yle      Zle      Chord    Area     c_cl     ai     cl_norm    cl       cd       cdv    cm_c/4     cm_LE   C.P.x/c
     1   0.0001   0.0005   0.0000   0.2540   0.0006   0.1244   0.0784   0.4940   0.4731   0.1648   0.0000  -0.0015  -0.1213    0.253
     2   0.0010   0.0049   0.0000   0.2540   0.0017   0.1244   0.0776   0.5105   0.4889   0.0377   0.0000  -0.0009  -0.1207    0.252
     3   0.0029   0.0135   0.0000   0.2540   0.0027   0.1244   0.0779   0.5114   0.4898   0.0302   0.0000   0.0008  -0.1190    0.248
     4   0.0056   0.0262   0.0000   0.2540   0.0037   0.1243   0.0790   0.5115   0.4898   0.0276   0.0000   0.0033  -0.1165    0.243
     5   0.0090   0.0426   0.0000   0.2540   0.0046   0.1241   0.0806   0.5109   0.4893   0.0257   0.0000   0.0058  -0.1138    0.238
     6   0.0132   0.0623   0.0000   0.2540   0.0054   0.1237   0.0826   0.5092   0.4876   0.0240   0.0000   0.0082  -0.1110    0.233
     7   0.0180   0.0849   0.0000   0.2540   0.0060   0.1227   0.0849   0.5056   0.4842   0.0226   0.0000   0.0104  -0.1080    0.229
     8   0.0233   0.1098   0.0000   0.2540   0.0065   0.1212   0.0875   0.4994   0.4782   0.0214   0.0000   0.0123  -0.1046    0.224
     9   0.0289   0.1363   0.0000   0.2540   0.0069   0.1188   0.0903   0.4897   0.4690   0.0204   0.0000   0.0142  -0.1005    0.220
    10   0.0347   0.1638   0.0000   0.2540   0.0071   0.1154   0.0935   0.4758   0.4556   0.0194   0.0000   0.0162  -0.0953    0.215
    11   0.0407   0.1918   0.0000   0.2540   0.0071   0.1108   0.0968   0.4568   0.4374   0.0184   0.0000   0.0182  -0.0890    0.209
    12   0.0465   0.2193   0.0000   0.2540   0.0069   0.1048   0.1001   0.4321   0.4138   0.0172   0.0000   0.0202  -0.0812    0.201
    13   0.0521   0.2458   0.0000   0.2540   0.0065   0.0973   0.1032   0.4011   0.3841   0.0159   0.0000   0.0222  -0.0719    0.192
    14   0.0574   0.2707   0.0000   0.2540   0.0060   0.0882   0.1058   0.3636   0.3482   0.0144   0.0000   0.0240  -0.0614    0.181
    15   0.0622   0.2933   0.0000   0.2540   0.0054   0.0775   0.1073   0.3195   0.3060   0.0126   0.0000   0.0251  -0.0501    0.168
    16   0.0664   0.3130   0.0000   0.2540   0.0046   0.0654   0.1075   0.2694   0.2580   0.0106   0.0000   0.0250  -0.0385    0.153
    17   0.0698   0.3294   0.0000   0.2540   0.0037   0.0519   0.1060   0.2142   0.2051   0.0083   0.0000   0.0232  -0.0273    0.137
    18   0.0725   0.3421   0.0000   0.2540   0.0027   0.0376   0.1029   0.1551   0.1485   0.0057   0.0000   0.0191  -0.0175    0.121
    19   0.0744   0.3507   0.0000   0.2540   0.0017   0.0227   0.0987   0.0938   0.0898   0.0028   0.0000   0.0127  -0.0095    0.109
    20   0.0753   0.3551   0.0000   0.2540   0.0006   0.0076   0.0960   0.0314   0.0301   0.0001   0.0000   0.0045  -0.0029    0.102

  Surface # 2     Wing (YDUP)                             
     # Chordwise = 10   # Spanwise = 20     First strip = 21
     Surface area Ssurf =    0.090322     Ave. chord Cave =    0.254000

 Forces referred to Sref, Cref, Bref about Xref, Yref, Zref
 Standard axis orientation,  X fwd, Z down         
     CLsurf  =   0.22340     Clsurf  =   0.04827
     CYsurf  =  -0.00361     Cmsurf  =   0.02227
     CDsurf  =   0.01074     Cnsurf  =   0.00525
     CDisurf =   0.01074     CDvsurf =   0.00000

 Forces referred to Ssurf, Cave 
     CLsurf  =   0.40216     CDsurf  =   0.01934

 Strip Forces referred to Strip Area, Chord
    j     Xle      Yle      Zle      Chord    Area     c_cl     ai     cl_norm    cl       cd       cdv    cm_c/4     cm_LE   C.P.x/c
    21   0.0001  -0.0005   0.0000   0.2540   0.0006   0.1244   0.0784   0.4940   0.4731   0.1648   0.0000  -0.0015   0.1213    0.253
    22   0.0010  -0.0049   0.0000   0.2540   0.0017   0.1244   0.0776   0.5105   0.4889   0.0377   0.0000  -0.0009   0.1207    0.252
    23   0.0029  -0.0135   0.0000   0.2540   0.0027   0.1244   0.0779   0.5114   0.4898   0.0302   0.0000   0.0008   0.1190    0.248
    24   0.0056  -0.0262   0.0000   0.2540   0.0037   0.1243   0.0790   0.5115   0.4898   0.0276   0.0000   0.0033   0.1165    0.243
    25   0.0090  -0.0426   0.0000   0.2540   0.0046   0.1241   0.0806   0.5109   0.4893   0.0257   0.0000   0.0058   0.1138    0.238
    26   0.0132  -0.0623   0.0000   0.2540   0.0054   0.1237   0.0826   0.5092   0.4876   0.0240   0.0000   0.0082   0.1110    0.233
    27   0.0180  -0.0849   0.0000   0.2540   0.0060   0.1227   0.0849   0.5056   0.4842   0.0226   0.0000   0.0104   0.1080    0.229
    28   0.0233  -0.1098   0.0000   0.2540   0.0065   0.1212   0.0875   0.4994   0.4782   0.0214   0.0000   0.0123   0.1046    0.224
    29   0.0289  -0.1363   0.0000   0.2540   0.0069   0.1188   0.0903   0.4897   0.4690   0.0204   0.0000   0.0142   0.1005    0.220
    30   0.0347  -0.1638   0.0000   0.2540   0.0071   0.1154   0.0935   0.4758   0.4556   0.0194   0.0000   0.0162   0.0953    0.215
    31   0.0407  -0.1918   0.0000   0.2540   0.0071   0.1108   0.0968   0.4568   0.4374   0.0184   0.0000   0.0182   0.0890    0.209
    32   0.0465  -0.2193   0.0000   0.2540   0.0069   0.1048   0.1001   0.4321   0.4138   0.0172   0.0000   0.0202   0.0812    0.201
    33   0.0521  -0.2458   0.0000   0.2540   0.0065   0.0973   0.1032   0.4011   0.3841   0.0159   0.0000   0.0222   0.0719    0.192
    34   0.0574  -0.2707   0.0000   0.2540   0.0060   0.0882   0.1058   0.3636   0.3482   0.0144   0.0000   0.0240   0.0614    0.181
    35   0.0622  -0.2933   0.0000   0.2540   0.0054   0.0775   0.1073   0.3195   0.3060   0.0126   0.0000   0.0251   0.0501    0.168
    36   0.0664  -0.3130   0.0000   0.2540   0.0046   0.0654   0.1075   0.2694   0.2580   0.0106   0.0000   0.0250   0.0385    0.153
    37   0.0698  -0.3294   0.0000   0.2540   0.0037   0.0519   0.1060   0.2142   0.2051   0.0083   0.0000   0.0232   0.0273    0.137
    38   0.0725  -0.3421   0.0000   0.2540   0.0027   0.0376   0.1029   0.1551   0.1485   0.0057   0.0000   0.0191   0.0175    0.121
    39   0.0744  -0.3507   0.0000   0.2540   0.0017   0.0227   0.0987   0.0938   0.0898   0.0028   0.0000   0.0127   0.0095    0.109
    40   0.0753  -0.3551   0.0000   0.2540   0.0006   0.0076   0.0960   0.0314   0.0301   0.0001   0.0000   0.0045   0.0029    0.102
 ---------------------------------------------------------------
