 ---------------------------------------------------------------
 Surface and Strip Forces by surface

  Sref = 0.19820       Cref = 0.24890       Bref = 0.81280    
  Xref = 0.10920       Yref =  0.0000       Zref =  0.0000    

  Surface # 1     Wing                                    
     # Chordwise = 10   # Spanwise = 20     First strip =  1
     Surface area Ssurf =    0.123871     Ave. chord Cave =    0.304800

 Forces referred to Sref, Cref, Bref about Xref, Yref, Zref
 Standard axis orientation,  X fwd, Z down         
     CLsurf  =   0.18327     Clsurf  =  -0.03943
     CYsurf  =   0.00159     Cmsurf  =   0.01350
     CDsurf  =   0.00669     Cnsurf  =  -0.00288
     CDisurf =   0.00669     CDvsurf =   0.00000

 Forces referred to Ssurf, Cave 
     CLsurf  =   0.29324     CDsurf  =   0.01070

 Strip Forces referred to Strip Area, Chord
    j     Xle      Yle      Zle      Chord    Area     c_cl     ai     cl_norm    cl       cd       cdv    cm_c/4     cm_LE   C.P.x/c
     1   0.0001   0.0006   0.0000   0.3048   0.0008   0.1102   0.0637   0.3650   0.3557   0.0813   0.0000   0.0027  -0.0865    0.242
     2   0.0009   0.0056   0.0000   0.3048   0.0023   0.1102   0.0627   0.3707   0.3612   0.0195   0.0000   0.0031  -0.0862    0.242
     3   0.0025   0.0155   0.0000   0.3048   0.0037   0.1101   0.0624   0.3708   0.3614   0.0159   0.0000   0.0041  -0.0851    0.239
     4   0.0049   0.0299   0.0000   0.3048   0.0051   0.1100   0.0627   0.3705   0.3610   0.0148   0.0000   0.0055  -0.0836    0.235
     5   0.0079   0.0487   0.0000   0.3048   0.0063   0.1097   0.0634   0.3696   0.3602   0.0139   0.0000   0.0070  -0.0819    0.230
     6   0.0116   0.0712   0.0000   0.3048   0.0074   0.1092   0.0645   0.3678   0.3584   0.0131   0.0000   0.0085  -0.0800    0.226
     7   0.0158   0.0970   0.0000   0.3048   0.0083   0.1082   0.0659   0.3646   0.3553   0.0125   0.0000   0.0099  -0.0779    0.222
     8   0.0204   0.1254   0.0000   0.3048   0.0090   0.1067   0.0675   0.3594   0.3502   0.0120   0.0000   0.0111  -0.0753    0.218
     9   0.0253   0.1558   0.0000   0.3048   0.0095   0.1044   0.0693   0.3517   0.3427   0.0114   0.0000   0.0124  -0.0722    0.214
    10   0.0304   0.1873   0.0000   0.3048   0.0097   0.1012   0.0713   0.3409   0.3322   0.0110   0.0000   0.0137  -0.0684    0.209
    11   0.0356   0.2191   0.0000   0.3048   0.0097   0.0969   0.0734   0.3265   0.3182   0.0104   0.0000   0.0150  -0.0636    0.203
    12   0.0407   0.2506   0.0000   0.3048   0.0095   0.0914   0.0755   0.3081   0.3002   0.0098   0.0000   0.0164  -0.0578    0.195
    13   0.0456   0.2810   0.0000   0.3048   0.0090   0.0846   0.0773   0.2852   0.2779   0.0091   0.0000   0.0177  -0.0510    0.186
    14   0.0502   0.3094   0.0000   0.3048   0.0083   0.0765   0.0787   0.2577   0.2512   0.0083   0.0000   0.0189  -0.0433    0.175
    15   0.0544   0.3352   0.0000   0.3048   0.0074   0.0670   0.0792   0.2258   0.2200   0.0072   0.0000   0.0195  -0.0350    0.161
    16   0.0581   0.3577   0.0000   0.3048   0.0063   0.0563   0.0785   0.1897   0.1849   0.0061   0.0000   0.0192  -0.0266    0.146
    17   0.0611   0.3765   0.0000   0.3048   0.0051   0.0446   0.0764   0.1503   0.1464   0.0047   0.0000   0.0177  -0.0186    0.129
    18   0.0635   0.3909   0.0000   0.3048   0.0037   0.0322   0.0729   0.1085   0.1057   0.0032   0.0000   0.0145  -0.0117    0.113
    19   0.0651   0.4008   0.0000   0.3048   0.0023   0.0194   0.0686   0.0654   0.0637   0.0015   0.0000   0.0096  -0.0062    0.099
    20   0.0659   0.4058   0.0000   0.3048   0.0008   0.0065   0.0659   0.0218   0.0213   0.0000   0.0000   0.0034  -0.0019    0.091

  Surface # 2     Wing (YDUP)                             
     # Chordwise = 10   # Spanwise = 20     First strip = 21
     Surface area Ssurf =    0.123871     Ave. chord Cave =    0.304800

 Forces referred to Sref, Cref, Bref about Xref, Yref, Zref
 Standard axis orientation,  X fwd, Z down         
     CLsurf  =   0.18327     Clsurf  =   0.03943
     CYsurf  =  -0.00159     Cmsurf  =   0.01350
     CDsurf  =   0.00669     Cnsurf  =   0.00288
     CDisurf =   0.00669     CDvsurf =   0.00000

 Forces referred to Ssurf, Cave 
     CLsurf  =   0.29324     CDsurf  =   0.01070

 Strip Forces referred to Strip Area, Chord
    j     Xle      Yle      Zle      Chord    Area     c_cl     ai     cl_norm    cl       cd       cdv    cm_c/4     cm_LE   C.P.x/c
    21   0.0001  -0.0006   0.0000   0.3048   0.0008   0.1102   0.0637   0.3650   0.3557   0.0813   0.0000   0.0027   0.0865    0.242
    22   0.0009  -0.0056   0.0000   0.3048   0.0023   0.1102   0.0627   0.3707   0.3612   0.0195   0.0000   0.0031   0.0862    0.242
    23   0.0025  -0.0155   0.0000   0.3048   0.0037   0.1101   0.0624   0.3708   0.3614   0.0159   0.0000   0.0041   0.0851    0.239
    24   0.0049  -0.0299   0.0000   0.3048   0.0051   0.1100   0.0627   0.3705   0.3610   0.0148   0.0000   0.0055   0.0836    0.235
    25   0.0079  -0.0487   0.0000   0.3048   0.0063   0.1097   0.0634   0.3696   0.3602   0.0139   0.0000   0.0070   0.0819    0.230
    26   0.0116  -0.0712   0.0000   0.3048   0.0074   0.1092   0.0645   0.3678   0.3584   0.0131   0.0000   0.0085   0.0800    0.226
    27   0.0158  -0.0970   0.0000   0.3048   0.0083   0.1082   0.0659   0.3646   0.3553   0.0125   0.0000   0.0099   0.0779    0.222
    28   0.0204  -0.1254   0.0000   0.3048   0.0090   0.1067   0.0675   0.3594   0.3502   0.0120   0.0000   0.0111   0.0753    0.218
    29   0.0253  -0.1558   0.0000   0.3048   0.0095   0.1044   0.0693   0.3517   0.3427   0.0114   0.0000   0.0124   0.0722    0.214
    30   0.0304  -0.1873   0.0000   0.3048   0.0097   0.1012   0.0713   0.3409   0.3322   0.0110   0.0000   0.0137   0.0684    0.209
    31   0.0356  -0.2191   0.0000   0.3048   0.0097   0.0969   0.0734   0.3265   0.3182   0.0104   0.0000   0.0150   0.0636    0.203
    32   0.0407  -0.2506   0.0000   0.3048   0.0095   0.0914   0.0755   0.3081   0.3002   0.0098   0.0000   0.0164   0.0578    0.195
    33   0.0456  -0.2810   0.0000   0.3048   0.0090   0.0846   0.0773   0.2852   0.2779   0.0091   0.0000   0.0177   0.0510    0.186
    34   0.0502  -0.3094   0.0000   0.3048   0.0083   0.0765   0.0787   0.2577   0.2512   0.0083   0.0000   0.0189   0.0433    0.175
    35   0.0544  -0.3352   0.0000   0.3048   0.0074   0.0670   0.0792   0.2258   0.2200   0.0072   0.0000   0.0195   0.0350    0.161
    36   0.0581  -0.3577   0.0000   0.3048   0.0063   0.0563   0.0785   0.1897   0.1849   0.0061   0.0000   0.0192   0.0266    0.146
    37   0.0611  -0.3765   0.0000   0.3048   0.0051   0.0446   0.0764   0.1503   0.1464   0.0047   0.0000   0.0177   0.0186    0.129
    38   0.0635  -0.3909   0.0000   0.3048   0.0037   0.0322   0.0729   0.1085   0.1057   0.0032   0.0000   0.0145   0.0117    0.113
    39   0.0651  -0.4008   0.0000   0.3048   0.0023   0.0194   0.0686   0.0654   0.0637   0.0015   0.0000   0.0096   0.0062    0.099
    40   0.0659  -0.4058   0.0000   0.3048   0.0008   0.0065   0.0659   0.0218   0.0213   0.0000   0.0000   0.0034   0.0019    0.091
 ---------------------------------------------------------------
