 ---------------------------------------------------------------
 Surface and Strip Forces by surface

  Sref = 0.23230       Cref = 0.25400       Bref = 0.91440    
  Xref = 0.10920       Yref =  0.0000       Zref =  0.0000    

  Surface # 1     Wing                                    
     # Chordwise = 10   # Spanwise = 20     First strip =  1
     Surface area Ssurf =    0.116129     Ave. chord Cave =    0.254000

 Forces referred to Sref, Cref, Bref about Xref, Yref, Zref
 Standard axis orientation,  X fwd, Z down         
     CLsurf  =   0.15637     Clsurf  =  -0.03407
     CYsurf  =   0.00144     Cmsurf  =   0.01199
     CDsurf  =   0.00452     Cnsurf  =  -0.00223
     CDisurf =   0.00452     CDvsurf =   0.00000

 Forces referred to Ssurf, Cave 
     CLsurf  =   0.31279     CDsurf  =   0.00905

 Strip Forces referred to Strip Area, Chord
    j     Xle      Yle      Zle      Chord    Area     c_cl     ai     cl_norm    cl       cd       cdv    cm_c/4     cm_LE   C.P.x/c
     1   0.0001   0.0007   0.0000   0.2540   0.0007   0.0955   0.0455   0.3832   0.3718   0.0679   0.0000  -0.0015  -0.0940    0.254
     2   0.0011   0.0063   0.0000   0.2540   0.0021   0.0955   0.0444   0.3875   0.3759   0.0166   0.0000  -0.0009  -0.0934    0.252
     3   0.0031   0.0174   0.0000   0.2540   0.0035   0.0955   0.0445   0.3876   0.3760   0.0138   0.0000   0.0007  -0.0919    0.248
     4   0.0059   0.0337   0.0000   0.2540   0.0048   0.0955   0.0452   0.3877   0.3760   0.0125   0.0000   0.0026  -0.0900    0.243
     5   0.0097   0.0548   0.0000   0.2540   0.0059   0.0954   0.0465   0.3874   0.3758   0.0116   0.0000   0.0044  -0.0881    0.238
     6   0.0141   0.0801   0.0000   0.2540   0.0069   0.0951   0.0480   0.3865   0.3749   0.0108   0.0000   0.0060  -0.0863    0.234
     7   0.0192   0.1092   0.0000   0.2540   0.0078   0.0946   0.0496   0.3843   0.3728   0.0102   0.0000   0.0073  -0.0845    0.230
     8   0.0249   0.1411   0.0000   0.2540   0.0084   0.0936   0.0515   0.3804   0.3690   0.0097   0.0000   0.0085  -0.0824    0.227
     9   0.0309   0.1752   0.0000   0.2540   0.0089   0.0920   0.0536   0.3740   0.3628   0.0094   0.0000   0.0096  -0.0798    0.224
    10   0.0371   0.2107   0.0000   0.2540   0.0091   0.0897   0.0560   0.3646   0.3537   0.0091   0.0000   0.0107  -0.0764    0.220
    11   0.0435   0.2465   0.0000   0.2540   0.0091   0.0865   0.0587   0.3515   0.3409   0.0088   0.0000   0.0120  -0.0720    0.215
    12   0.0497   0.2820   0.0000   0.2540   0.0089   0.0822   0.0616   0.3340   0.3240   0.0084   0.0000   0.0135  -0.0664    0.208
    13   0.0557   0.3161   0.0000   0.2540   0.0084   0.0767   0.0645   0.3116   0.3023   0.0079   0.0000   0.0151  -0.0595    0.200
    14   0.0614   0.3480   0.0000   0.2540   0.0078   0.0699   0.0671   0.2839   0.2754   0.0073   0.0000   0.0167  -0.0512    0.189
    15   0.0665   0.3771   0.0000   0.2540   0.0069   0.0616   0.0689   0.2505   0.2430   0.0065   0.0000   0.0181  -0.0419    0.175
    16   0.0709   0.4024   0.0000   0.2540   0.0059   0.0521   0.0693   0.2117   0.2054   0.0055   0.0000   0.0188  -0.0320    0.159
    17   0.0747   0.4235   0.0000   0.2540   0.0048   0.0414   0.0680   0.1684   0.1634   0.0044   0.0000   0.0181  -0.0223    0.139
    18   0.0775   0.4398   0.0000   0.2540   0.0035   0.0300   0.0647   0.1217   0.1181   0.0030   0.0000   0.0155  -0.0137    0.118
    19   0.0795   0.4509   0.0000   0.2540   0.0021   0.0180   0.0598   0.0733   0.0711   0.0014   0.0000   0.0106  -0.0070    0.100
    20   0.0805   0.4565   0.0000   0.2540   0.0007   0.0060   0.0561   0.0245   0.0237  -0.0000   0.0000   0.0038  -0.0021    0.090

  Surface # 2     Wing (YDUP)                             
     # Chordwise = 10   # Spanwise = 20     First strip = 21
     Surface area Ssurf =    0.116129     Ave. chord Cave =    0.254000

 Forces referred to Sref, Cref, Bref about Xref, Yref, Zref
 Standard axis orientation,  X fwd, Z down         
     CLsurf  =   0.15637     Clsurf  =   0.03407
     CYsurf  =  -0.00144     Cmsurf  =   0.01199
     CDsurf  =   0.00452     Cnsurf  =   0.00223
     CDisurf =   0.00452     CDvsurf =   0.00000

 Forces referred to Ssurf, Cave 
     CLsurf  =   0.31279     CDsurf  =   0.00905

 Strip Forces referred to Strip Area, Chord
    j     Xle      Yle      Zle      Chord    Area     c_cl     ai     cl_norm    cl       cd       cdv    cm_c/4     cm_LE   C.P.x/c
    21   0.0001  -0.0007   0.0000   0.2540   0.0007   0.0955   0.0455   0.3832   0.3718   0.0679   0.0000  -0.0015   0.0940    0.254
    22   0.0011  -0.0063   0.0000   0.2540   0.0021   0.0955   0.0444   0.3875   0.3759   0.0166   0.0000  -0.0009   0.0934    0.252
    23   0.0031  -0.0174   0.0000   0.2540   0.0035   0.0955   0.0445   0.3876   0.3760   0.0138   0.0000   0.0007   0.0919    0.248
    24   0.0059  -0.0337   0.0000   0.2540   0.0048   0.0955   0.0452   0.3877   0.3760   0.0125   0.0000   0.0026   0.0900    0.243
    25   0.0097  -0.0548   0.0000   0.2540   0.0059   0.0954   0.0465   0.3874   0.3758   0.0116   0.0000   0.0044   0.0881    0.238
    26   0.0141  -0.0801   0.0000   0.2540   0.0069   0.0951   0.0480   0.3865   0.3749   0.0108   0.0000   0.0060   0.0863    0.234
    27   0.0192  -0.1092   0.0000   0.2540   0.0078   0.0946   0.0496   0.3843   0.3728   0.0102   0.0000   0.0073   0.0845    0.230
    28   0.0249  -0.1411   0.0000   0.2540   0.0084   0.0936   0.0515   0.3804   0.3690   0.0097   0.0000   0.0085   0.0824    0.227
    29   0.0309  -0.1752   0.0000   0.2540   0.0089   0.0920   0.0536   0.3740   0.3628   0.0094   0.0000   0.0096   0.0798    0.224
    30   0.0371  -0.2107   0.0000   0.2540   0.0091   0.0897   0.0560   0.3646   0.3537   0.0091   0.0000   0.0107   0.0764    0.220
    31   0.0435  -0.2465   0.0000   0.2540   0.0091   0.0865   0.0587   0.3515   0.3409   0.0088   0.0000   0.0120   0.0720    0.215
    32   0.0497  -0.2820   0.0000   0.2540   0.0089   0.0822   0.0616   0.3340   0.3240   0.0084   0.0000   0.0135   0.0664    0.208
    33   0.0557  -0.3161   0.0000   0.2540   0.0084   0.0767   0.0645   0.3116   0.3023   0.0079   0.0000   0.0151   0.0595    0.200
    34   0.0614  -0.3480   0.0000   0.2540   0.0078   0.0699   0.0671   0.2839   0.2754   0.0073   0.0000   0.0167   0.0512    0.189
    35   0.0665  -0.3771   0.0000   0.2540   0.0069   0.0616   0.0689   0.2505   0.2430   0.0065   0.0000   0.0181   0.0419    0.175
    36   0.0709  -0.4024   0.0000   0.2540   0.0059   0.0521   0.0693   0.2117   0.2054   0.0055   0.0000   0.0188   0.0320    0.159
    37   0.0747  -0.4235   0.0000   0.2540   0.0048   0.0414   0.0680   0.1684   0.1634   0.0044   0.0000   0.0181   0.0223    0.139
    38   0.0775  -0.4398   0.0000   0.2540   0.0035   0.0300   0.0647   0.1217   0.1181   0.0030   0.0000   0.0155   0.0137    0.118
    39   0.0795  -0.4509   0.0000   0.2540   0.0021   0.0180   0.0598   0.0733   0.0711   0.0014   0.0000   0.0106   0.0070    0.100
    40   0.0805  -0.4565   0.0000   0.2540   0.0007   0.0060   0.0561   0.0245   0.0237  -0.0000   0.0000   0.0038   0.0021    0.090
 ---------------------------------------------------------------
