 ---------------------------------------------------------------
 Surface and Strip Forces by surface

  Sref = 0.18580       Cref = 0.22860       Bref = 0.81280    
  Xref = 0.10920       Yref =  0.0000       Zref =  0.0000    

  Surface # 1     Wing                                    
     # Chordwise = 10   # Spanwise = 20     First strip =  1
     Surface area Ssurf =    0.092903     Ave. chord Cave =    0.228600

 Forces referred to Sref, Cref, Bref about Xref, Yref, Zref
 Standard axis orientation,  X fwd, Z down         
     CLsurf  =   0.19550     Clsurf  =  -0.04280
     CYsurf  =   0.00359     Cmsurf  =   0.00988
     CDsurf  =   0.00727     Cnsurf  =  -0.00414
     CDisurf =   0.00727     CDvsurf =   0.00000

 Forces referred to Ssurf, Cave 
     CLsurf  =   0.39099     CDsurf  =   0.01454

 Strip Forces referred to Strip Area, Chord
    j     Xle      Yle      Zle      Chord    Area     c_cl     ai     cl_norm    cl       cd       cdv    cm_c/4     cm_LE   C.P.x/c
     1   0.0002   0.0006   0.0000   0.2286   0.0006   0.1059   0.0522   0.4829   0.4509   0.1402   0.0000  -0.0084  -0.1199    0.269
     2   0.0015   0.0056   0.0000   0.2286   0.0017   0.1059   0.0516   0.4953   0.4625   0.0307   0.0000  -0.0074  -0.1190    0.266
     3   0.0041   0.0155   0.0000   0.2286   0.0028   0.1059   0.0524   0.4961   0.4633   0.0245   0.0000  -0.0047  -0.1164    0.260
     4   0.0080   0.0299   0.0000   0.2286   0.0038   0.1060   0.0543   0.4968   0.4639   0.0219   0.0000  -0.0013  -0.1132    0.253
     5   0.0130   0.0487   0.0000   0.2286   0.0047   0.1061   0.0566   0.4974   0.4645   0.0198   0.0000   0.0019  -0.1102    0.246
     6   0.0191   0.0712   0.0000   0.2286   0.0055   0.1060   0.0592   0.4973   0.4644   0.0181   0.0000   0.0046  -0.1075    0.240
     7   0.0260   0.0970   0.0000   0.2286   0.0062   0.1056   0.0620   0.4958   0.4629   0.0167   0.0000   0.0069  -0.1050    0.235
     8   0.0336   0.1254   0.0000   0.2286   0.0067   0.1048   0.0649   0.4920   0.4594   0.0157   0.0000   0.0088  -0.1022    0.231
     9   0.0417   0.1558   0.0000   0.2286   0.0071   0.1033   0.0681   0.4850   0.4529   0.0148   0.0000   0.0105  -0.0990    0.227
    10   0.0502   0.1873   0.0000   0.2286   0.0073   0.1010   0.0716   0.4740   0.4426   0.0141   0.0000   0.0123  -0.0948    0.222
    11   0.0587   0.2191   0.0000   0.2286   0.0073   0.0976   0.0754   0.4582   0.4278   0.0134   0.0000   0.0142  -0.0893    0.217
    12   0.0672   0.2506   0.0000   0.2286   0.0071   0.0930   0.0795   0.4365   0.4076   0.0126   0.0000   0.0164  -0.0824    0.210
    13   0.0753   0.2810   0.0000   0.2286   0.0067   0.0869   0.0836   0.4082   0.3812   0.0117   0.0000   0.0187  -0.0737    0.201
    14   0.0829   0.3094   0.0000   0.2286   0.0062   0.0794   0.0872   0.3726   0.3480   0.0106   0.0000   0.0211  -0.0634    0.189
    15   0.0898   0.3352   0.0000   0.2286   0.0055   0.0702   0.0898   0.3295   0.3077   0.0093   0.0000   0.0231  -0.0518    0.175
    16   0.0959   0.3577   0.0000   0.2286   0.0047   0.0594   0.0908   0.2792   0.2607   0.0077   0.0000   0.0242  -0.0395    0.157
    17   0.1009   0.3765   0.0000   0.2286   0.0038   0.0474   0.0898   0.2226   0.2078   0.0059   0.0000   0.0234  -0.0275    0.138
    18   0.1048   0.3909   0.0000   0.2286   0.0028   0.0343   0.0865   0.1614   0.1507   0.0039   0.0000   0.0200  -0.0170    0.117
    19   0.1074   0.4008   0.0000   0.2286   0.0017   0.0207   0.0817   0.0975   0.0910   0.0017   0.0000   0.0136  -0.0087    0.100
    20   0.1087   0.4058   0.0000   0.2286   0.0006   0.0069   0.0781   0.0326   0.0305  -0.0003   0.0000   0.0049  -0.0026    0.091

  Surface # 2     Wing (YDUP)                             
     # Chordwise = 10   # Spanwise = 20     First strip = 21
     Surface area Ssurf =    0.092903     Ave. chord Cave =    0.228600

 Forces referred to Sref, Cref, Bref about Xref, Yref, Zref
 Standard axis orientation,  X fwd, Z down         
     CLsurf  =   0.19550     Clsurf  =   0.04280
     CYsurf  =  -0.00359     Cmsurf  =   0.00988
     CDsurf  =   0.00727     Cnsurf  =   0.00414
     CDisurf =   0.00727     CDvsurf =   0.00000

 Forces referred to Ssurf, Cave 
     CLsurf  =   0.39099     CDsurf  =   0.01454

 Strip Forces referred to Strip Area, Chord
    j     Xle      Yle      Zle      Chord    Area     c_cl     ai     cl_norm    cl       cd       cdv    cm_c/4     cm_LE   C.P.x/c
    21   0.0002  -0.0006   0.0000   0.2286   0.0006   0.1059   0.0522   0.4829   0.4509   0.1402   0.0000  -0.0084   0.1199    0.269
    22   0.0015  -0.0056   0.0000   0.2286   0.0017   0.1059   0.0516   0.4953   0.4625   0.0307   0.0000  -0.0074   0.1190    0.266
    23   0.0041  -0.0155   0.0000   0.2286   0.0028   0.1059   0.0524   0.4961   0.4633   0.0245   0.0000  -0.0047   0.1164    0.260
    24   0.0080  -0.0299   0.0000   0.2286   0.0038   0.1060   0.0543   0.4968   0.4639   0.0219   0.0000  -0.0013   0.1132    0.253
    25   0.0130  -0.0487   0.0000   0.2286   0.0047   0.1061   0.0566   0.4974   0.4645   0.0198   0.0000   0.0019   0.1102    0.246
    26   0.0191  -0.0712   0.0000   0.2286   0.0055   0.1060   0.0592   0.4973   0.4644   0.0181   0.0000   0.0046   0.1075    0.240
    27   0.0260  -0.0970   0.0000   0.2286   0.0062   0.1056   0.0620   0.4958   0.4629   0.0167   0.0000   0.0069   0.1050    0.235
    28   0.0336  -0.1254   0.0000   0.2286   0.0067   0.1048   0.0649   0.4920   0.4594   0.0157   0.0000   0.0088   0.1022    0.231
    29   0.0417  -0.1558   0.0000   0.2286   0.0071   0.1033   0.0681   0.4850   0.4529   0.0148   0.0000   0.0105   0.0990    0.227
    30   0.0502  -0.1873   0.0000   0.2286   0.0073   0.1010   0.0716   0.4740   0.4426   0.0141   0.0000   0.0123   0.0948    0.222
    31   0.0587  -0.2191   0.0000   0.2286   0.0073   0.0976   0.0754   0.4582   0.4278   0.0134   0.0000   0.0142   0.0893    0.217
    32   0.0672  -0.2506   0.0000   0.2286   0.0071   0.0930   0.0795   0.4365   0.4076   0.0126   0.0000   0.0164   0.0824    0.210
    33   0.0753  -0.2810   0.0000   0.2286   0.0067   0.0869   0.0836   0.4082   0.3812   0.0117   0.0000   0.0187   0.0737    0.201
    34   0.0829  -0.3094   0.0000   0.2286   0.0062   0.0794   0.0872   0.3726   0.3480   0.0106   0.0000   0.0211   0.0634    0.189
    35   0.0898  -0.3352   0.0000   0.2286   0.0055   0.0702   0.0898   0.3295   0.3077   0.0093   0.0000   0.0231   0.0518    0.175
    36   0.0959  -0.3577   0.0000   0.2286   0.0047   0.0594   0.0908   0.2792   0.2607   0.0077   0.0000   0.0242   0.0395    0.157
    37   0.1009  -0.3765   0.0000   0.2286   0.0038   0.0474   0.0898   0.2226   0.2078   0.0059   0.0000   0.0234   0.0275    0.138
    38   0.1048  -0.3909   0.0000   0.2286   0.0028   0.0343   0.0865   0.1614   0.1507   0.0039   0.0000   0.0200   0.0170    0.117
    39   0.1074  -0.4008   0.0000   0.2286   0.0017   0.0207   0.0817   0.0975   0.0910   0.0017   0.0000   0.0136   0.0087    0.100
    40   0.1087  -0.4058   0.0000   0.2286   0.0006   0.0069   0.0781   0.0326   0.0305  -0.0003   0.0000   0.0049   0.0026    0.091
 ---------------------------------------------------------------
