 ---------------------------------------------------------------
 Surface and Strip Forces by surface

  Sref = 0.17340       Cref = 0.22640       Bref = 0.81280    
  Xref = 0.10920       Yref =  0.0000       Zref =  0.0000    

  Surface # 1     Wing                                    
     # Chordwise = 10   # Spanwise = 20     First strip =  1
     Surface area Ssurf =    0.123871     Ave. chord Cave =    0.304800

 Forces referred to Sref, Cref, Bref about Xref, Yref, Zref
 Standard axis orientation,  X fwd, Z down         
     CLsurf  =   0.20948     Clsurf  =  -0.04563
     CYsurf  =   0.00536     Cmsurf  =  -0.03630
     CDsurf  =   0.00807     Cnsurf  =  -0.00566
     CDisurf =   0.00807     CDvsurf =   0.00000

 Forces referred to Ssurf, Cave 
     CLsurf  =   0.29324     CDsurf  =   0.01130

 Strip Forces referred to Strip Area, Chord
    j     Xle      Yle      Zle      Chord    Area     c_cl     ai     cl_norm    cl       cd       cdv    cm_c/4     cm_LE   C.P.x/c
     1   0.0003   0.0006   0.0000   0.3048   0.0008   0.1067   0.0545   0.4101   0.3349   0.1813   0.0000  -0.0136  -0.0913    0.291
     2   0.0027   0.0056   0.0000   0.3048   0.0023   0.1067   0.0526   0.4272   0.3488   0.0301   0.0000  -0.0127  -0.0905    0.286
     3   0.0074   0.0155   0.0000   0.3048   0.0037   0.1067   0.0529   0.4282   0.3496   0.0219   0.0000  -0.0099  -0.0880    0.278
     4   0.0143   0.0299   0.0000   0.3048   0.0051   0.1068   0.0547   0.4287   0.3501   0.0197   0.0000  -0.0060  -0.0845    0.267
     5   0.0232   0.0487   0.0000   0.3048   0.0063   0.1069   0.0573   0.4293   0.3506   0.0177   0.0000  -0.0020  -0.0810    0.256
     6   0.0339   0.0712   0.0000   0.3048   0.0074   0.1069   0.0602   0.4293   0.3506   0.0159   0.0000   0.0016  -0.0777    0.245
     7   0.0462   0.0970   0.0000   0.3048   0.0083   0.1065   0.0633   0.4282   0.3496   0.0143   0.0000   0.0048  -0.0746    0.236
     8   0.0598   0.1254   0.0000   0.3048   0.0090   0.1057   0.0665   0.4249   0.3470   0.0129   0.0000   0.0076  -0.0714    0.228
     9   0.0742   0.1558   0.0000   0.3048   0.0095   0.1041   0.0699   0.4188   0.3420   0.0117   0.0000   0.0101  -0.0680    0.221
    10   0.0892   0.1873   0.0000   0.3048   0.0097   0.1016   0.0734   0.4089   0.3339   0.0105   0.0000   0.0125  -0.0639    0.212
    11   0.1044   0.2191   0.0000   0.3048   0.0097   0.0980   0.0768   0.3943   0.3220   0.0094   0.0000   0.0150  -0.0590    0.203
    12   0.1194   0.2506   0.0000   0.3048   0.0095   0.0930   0.0801   0.3743   0.3057   0.0083   0.0000   0.0176  -0.0530    0.192
    13   0.1338   0.2810   0.0000   0.3048   0.0090   0.0865   0.0828   0.3483   0.2844   0.0071   0.0000   0.0202  -0.0459    0.179
    14   0.1474   0.3094   0.0000   0.3048   0.0083   0.0785   0.0846   0.3160   0.2581   0.0057   0.0000   0.0225  -0.0378    0.163
    15   0.1597   0.3352   0.0000   0.3048   0.0074   0.0689   0.0850   0.2775   0.2266   0.0043   0.0000   0.0241  -0.0293    0.144
    16   0.1704   0.3577   0.0000   0.3048   0.0063   0.0579   0.0837   0.2334   0.1906   0.0029   0.0000   0.0244  -0.0209    0.122
    17   0.1793   0.3765   0.0000   0.3048   0.0051   0.0459   0.0807   0.1849   0.1510   0.0016   0.0000   0.0229  -0.0133    0.099
    18   0.1862   0.3909   0.0000   0.3048   0.0037   0.0331   0.0762   0.1334   0.1089   0.0004   0.0000   0.0189  -0.0074    0.076
    19   0.1909   0.4008   0.0000   0.3048   0.0023   0.0199   0.0711   0.0804   0.0656  -0.0009   0.0000   0.0126  -0.0034    0.059
    20   0.1933   0.4058   0.0000   0.3048   0.0008   0.0066   0.0683   0.0269   0.0220  -0.0015   0.0000   0.0044  -0.0009    0.050

  Surface # 2     Wing (YDUP)                             
     # Chordwise = 10   # Spanwise = 20     First strip = 21
     Surface area Ssurf =    0.123871     Ave. chord Cave =    0.304800

 Forces referred to Sref, Cref, Bref about Xref, Yref, Zref
 Standard axis orientation,  X fwd, Z down         
     CLsurf  =   0.20948     Clsurf  =   0.04563
     CYsurf  =  -0.00536     Cmsurf  =  -0.03630
     CDsurf  =   0.00807     Cnsurf  =   0.00566
     CDisurf =   0.00807     CDvsurf =   0.00000

 Forces referred to Ssurf, Cave 
     CLsurf  =   0.29324     CDsurf  =   0.01130

 Strip Forces referred to Strip Area, Chord
    j     Xle      Yle      Zle      Chord    Area     c_cl     ai     cl_norm    cl       cd       cdv    cm_c/4     cm_LE   C.P.x/c
    21   0.0003  -0.0006   0.0000   0.3048   0.0008   0.1067   0.0545   0.4101   0.3349   0.1813   0.0000  -0.0136   0.0913    0.291
    22   0.0027  -0.0056   0.0000   0.3048   0.0023   0.1067   0.0526   0.4272   0.3488   0.0301   0.0000  -0.0127   0.0905    0.286
    23   0.0074  -0.0155   0.0000   0.3048   0.0037   0.1067   0.0529   0.4282   0.3496   0.0219   0.0000  -0.0099   0.0880    0.278
    24   0.0143  -0.0299   0.0000   0.3048   0.0051   0.1068   0.0547   0.4287   0.3501   0.0197   0.0000  -0.0060   0.0845    0.267
    25   0.0232  -0.0487   0.0000   0.3048   0.0063   0.1069   0.0573   0.4293   0.3506   0.0177   0.0000  -0.0020   0.0810    0.256
    26   0.0339  -0.0712   0.0000   0.3048   0.0074   0.1069   0.0602   0.4293   0.3506   0.0159   0.0000   0.0016   0.0777    0.245
    27   0.0462  -0.0970   0.0000   0.3048   0.0083   0.1065   0.0633   0.4282   0.3496   0.0143   0.0000   0.0048   0.0746    0.236
    28   0.0598  -0.1254   0.0000   0.3048   0.0090   0.1057   0.0665   0.4249   0.3470   0.0129   0.0000   0.0076   0.0714    0.228
    29   0.0742  -0.1558   0.0000   0.3048   0.0095   0.1041   0.0699   0.4188   0.3420   0.0117   0.0000   0.0101   0.0680    0.221
    30   0.0892  -0.1873   0.0000   0.3048   0.0097   0.1016   0.0734   0.4089   0.3339   0.0105   0.0000   0.0125   0.0639    0.212
    31   0.1044  -0.2191   0.0000   0.3048   0.0097   0.0980   0.0768   0.3943   0.3220   0.0094   0.0000   0.0150   0.0590    0.203
    32   0.1194  -0.2506   0.0000   0.3048   0.0095   0.0930   0.0801   0.3743   0.3057   0.0083   0.0000   0.0176   0.0530    0.192
    33   0.1338  -0.2810   0.0000   0.3048   0.0090   0.0865   0.0828   0.3483   0.2844   0.0071   0.0000   0.0202   0.0459    0.179
    34   0.1474  -0.3094   0.0000   0.3048   0.0083   0.0785   0.0846   0.3160   0.2581   0.0057   0.0000   0.0225   0.0378    0.163
    35   0.1597  -0.3352   0.0000   0.3048   0.0074   0.0689   0.0850   0.2775   0.2266   0.0043   0.0000   0.0241   0.0293    0.144
    36   0.1704  -0.3577   0.0000   0.3048   0.0063   0.0579   0.0837   0.2334   0.1906   0.0029   0.0000   0.0244   0.0209    0.122
    37   0.1793  -0.3765   0.0000   0.3048   0.0051   0.0459   0.0807   0.1849   0.1510   0.0016   0.0000   0.0229   0.0133    0.099
    38   0.1862  -0.3909   0.0000   0.3048   0.0037   0.0331   0.0762   0.1334   0.1089   0.0004   0.0000   0.0189   0.0074    0.076
    39   0.1909  -0.4008   0.0000   0.3048   0.0023   0.0199   0.0711   0.0804   0.0656  -0.0009   0.0000   0.0126   0.0034    0.059
    40   0.1933  -0.4058   0.0000   0.3048   0.0008   0.0066   0.0683   0.0269   0.0220  -0.0015   0.0000   0.0044   0.0009    0.050
 ---------------------------------------------------------------
