 ---------------------------------------------------------------
 Surface and Strip Forces by surface

  Sref = 0.97500E-01   Cref = 0.16980       Bref = 0.60960    
  Xref = 0.10920       Yref =  0.0000       Zref =  0.0000    

  Surface # 1     Wing                                    
     # Chordwise = 10   # Spanwise = 20     First strip =  1
     Surface area Ssurf =    0.069677     Ave. chord Cave =    0.228600

 Forces referred to Sref, Cref, Bref about Xref, Yref, Zref
 Standard axis orientation,  X fwd, Z down         
     CLsurf  =   0.37256     Clsurf  =  -0.08001
     CYsurf  =   0.00442     Cmsurf  =   0.10064
     CDsurf  =   0.02396     Cnsurf  =  -0.01010
     CDisurf =   0.02396     CDvsurf =   0.00000

 Forces referred to Ssurf, Cave 
     CLsurf  =   0.52132     CDsurf  =   0.03353

 Strip Forces referred to Strip Area, Chord
    j     Xle      Yle      Zle      Chord    Area     c_cl     ai     cl_norm    cl       cd       cdv    cm_c/4     cm_LE   C.P.x/c
     1   0.0001   0.0005   0.0000   0.2286   0.0004   0.1465   0.1123   0.6282   0.6205   0.1739   0.0000   0.0071  -0.1522    0.239
     2   0.0005   0.0042   0.0000   0.2286   0.0013   0.1465   0.1121   0.6490   0.6411   0.0535   0.0000   0.0074  -0.1518    0.238
     3   0.0013   0.0116   0.0000   0.2286   0.0021   0.1465   0.1124   0.6501   0.6422   0.0460   0.0000   0.0086  -0.1507    0.237
     4   0.0025   0.0225   0.0000   0.2286   0.0029   0.1463   0.1132   0.6499   0.6420   0.0433   0.0000   0.0102  -0.1489    0.234
     5   0.0041   0.0365   0.0000   0.2286   0.0036   0.1459   0.1144   0.6485   0.6406   0.0413   0.0000   0.0119  -0.1467    0.231
     6   0.0060   0.0534   0.0000   0.2286   0.0042   0.1451   0.1160   0.6452   0.6374   0.0397   0.0000   0.0137  -0.1442    0.229
     7   0.0082   0.0728   0.0000   0.2286   0.0047   0.1438   0.1180   0.6393   0.6316   0.0384   0.0000   0.0153  -0.1410    0.226
     8   0.0106   0.0941   0.0000   0.2286   0.0051   0.1416   0.1204   0.6299   0.6223   0.0372   0.0000   0.0170  -0.1371    0.223
     9   0.0131   0.1168   0.0000   0.2286   0.0053   0.1385   0.1233   0.6161   0.6086   0.0361   0.0000   0.0186  -0.1320    0.219
    10   0.0158   0.1404   0.0000   0.2286   0.0054   0.1342   0.1265   0.5969   0.5896   0.0350   0.0000   0.0204  -0.1256    0.215
    11   0.0185   0.1644   0.0000   0.2286   0.0054   0.1285   0.1300   0.5715   0.5646   0.0337   0.0000   0.0223  -0.1175    0.211
    12   0.0212   0.1880   0.0000   0.2286   0.0053   0.1213   0.1337   0.5393   0.5327   0.0322   0.0000   0.0242  -0.1077    0.205
    13   0.0237   0.2107   0.0000   0.2286   0.0051   0.1124   0.1373   0.4996   0.4935   0.0304   0.0000   0.0261  -0.0962    0.197
    14   0.0261   0.2320   0.0000   0.2286   0.0047   0.1017   0.1404   0.4522   0.4467   0.0281   0.0000   0.0276  -0.0832    0.188
    15   0.0283   0.2514   0.0000   0.2286   0.0042   0.0894   0.1427   0.3971   0.3922   0.0253   0.0000   0.0283  -0.0690    0.178
    16   0.0302   0.2683   0.0000   0.2286   0.0036   0.0754   0.1437   0.3348   0.3307   0.0219   0.0000   0.0278  -0.0543    0.166
    17   0.0318   0.2823   0.0000   0.2286   0.0029   0.0600   0.1432   0.2664   0.2632   0.0179   0.0000   0.0254  -0.0400    0.154
    18   0.0330   0.2932   0.0000   0.2286   0.0021   0.0435   0.1410   0.1933   0.1909   0.0132   0.0000   0.0207  -0.0267    0.141
    19   0.0338   0.3006   0.0000   0.2286   0.0013   0.0264   0.1378   0.1171   0.1156   0.0078   0.0000   0.0137  -0.0150    0.131
    20   0.0342   0.3043   0.0000   0.2286   0.0004   0.0088   0.1355   0.0393   0.0388   0.0020   0.0000   0.0048  -0.0048    0.126

  Surface # 2     Wing (YDUP)                             
     # Chordwise = 10   # Spanwise = 20     First strip = 21
     Surface area Ssurf =    0.069677     Ave. chord Cave =    0.228600

 Forces referred to Sref, Cref, Bref about Xref, Yref, Zref
 Standard axis orientation,  X fwd, Z down         
     CLsurf  =   0.37256     Clsurf  =   0.08001
     CYsurf  =  -0.00442     Cmsurf  =   0.10064
     CDsurf  =   0.02396     Cnsurf  =   0.01010
     CDisurf =   0.02396     CDvsurf =   0.00000

 Forces referred to Ssurf, Cave 
     CLsurf  =   0.52132     CDsurf  =   0.03353

 Strip Forces referred to Strip Area, Chord
    j     Xle      Yle      Zle      Chord    Area     c_cl     ai     cl_norm    cl       cd       cdv    cm_c/4     cm_LE   C.P.x/c
    21   0.0001  -0.0005   0.0000   0.2286   0.0004   0.1465   0.1123   0.6282   0.6205   0.1739   0.0000   0.0071   0.1522    0.239
    22   0.0005  -0.0042   0.0000   0.2286   0.0013   0.1465   0.1121   0.6490   0.6411   0.0535   0.0000   0.0074   0.1518    0.238
    23   0.0013  -0.0116   0.0000   0.2286   0.0021   0.1465   0.1124   0.6501   0.6422   0.0460   0.0000   0.0086   0.1507    0.237
    24   0.0025  -0.0225   0.0000   0.2286   0.0029   0.1463   0.1132   0.6499   0.6420   0.0433   0.0000   0.0102   0.1489    0.234
    25   0.0041  -0.0365   0.0000   0.2286   0.0036   0.1459   0.1144   0.6485   0.6406   0.0413   0.0000   0.0119   0.1467    0.231
    26   0.0060  -0.0534   0.0000   0.2286   0.0042   0.1451   0.1160   0.6452   0.6374   0.0397   0.0000   0.0137   0.1442    0.229
    27   0.0082  -0.0728   0.0000   0.2286   0.0047   0.1438   0.1180   0.6393   0.6316   0.0384   0.0000   0.0153   0.1410    0.226
    28   0.0106  -0.0941   0.0000   0.2286   0.0051   0.1416   0.1204   0.6299   0.6223   0.0372   0.0000   0.0170   0.1371    0.223
    29   0.0131  -0.1168   0.0000   0.2286   0.0053   0.1385   0.1233   0.6161   0.6086   0.0361   0.0000   0.0186   0.1320    0.219
    30   0.0158  -0.1404   0.0000   0.2286   0.0054   0.1342   0.1265   0.5969   0.5896   0.0350   0.0000   0.0204   0.1256    0.215
    31   0.0185  -0.1644   0.0000   0.2286   0.0054   0.1285   0.1300   0.5715   0.5646   0.0337   0.0000   0.0223   0.1175    0.211
    32   0.0212  -0.1880   0.0000   0.2286   0.0053   0.1213   0.1337   0.5393   0.5327   0.0322   0.0000   0.0242   0.1077    0.205
    33   0.0237  -0.2107   0.0000   0.2286   0.0051   0.1124   0.1373   0.4996   0.4935   0.0304   0.0000   0.0261   0.0962    0.197
    34   0.0261  -0.2320   0.0000   0.2286   0.0047   0.1017   0.1404   0.4522   0.4467   0.0281   0.0000   0.0276   0.0832    0.188
    35   0.0283  -0.2514   0.0000   0.2286   0.0042   0.0894   0.1427   0.3971   0.3922   0.0253   0.0000   0.0283   0.0690    0.178
    36   0.0302  -0.2683   0.0000   0.2286   0.0036   0.0754   0.1437   0.3348   0.3307   0.0219   0.0000   0.0278   0.0543    0.166
    37   0.0318  -0.2823   0.0000   0.2286   0.0029   0.0600   0.1432   0.2664   0.2632   0.0179   0.0000   0.0254   0.0400    0.154
    38   0.0330  -0.2932   0.0000   0.2286   0.0021   0.0435   0.1410   0.1933   0.1909   0.0132   0.0000   0.0207   0.0267    0.141
    39   0.0338  -0.3006   0.0000   0.2286   0.0013   0.0264   0.1378   0.1171   0.1156   0.0078   0.0000   0.0137   0.0150    0.131
    40   0.0342  -0.3043   0.0000   0.2286   0.0004   0.0088   0.1355   0.0393   0.0388   0.0020   0.0000   0.0048   0.0048    0.126
 ---------------------------------------------------------------
