 ---------------------------------------------------------------
 Surface and Strip Forces by surface

  Sref = 0.13630       Cref = 0.19250       Bref = 0.81280    
  Xref = 0.10920       Yref =  0.0000       Zref =  0.0000    

  Surface # 1     Wing                                    
     # Chordwise = 10   # Spanwise = 20     First strip =  1
     Surface area Ssurf =    0.113548     Ave. chord Cave =    0.279400

 Forces referred to Sref, Cref, Bref about Xref, Yref, Zref
 Standard axis orientation,  X fwd, Z down         
     CLsurf  =   0.26650     Clsurf  =  -0.05748
     CYsurf  =   0.00211     Cmsurf  =   0.03693
     CDsurf  =   0.00967     Cnsurf  =  -0.00416
     CDisurf =   0.00967     CDvsurf =   0.00000

 Forces referred to Ssurf, Cave 
     CLsurf  =   0.31990     CDsurf  =   0.01161

 Strip Forces referred to Strip Area, Chord
    j     Xle      Yle      Zle      Chord    Area     c_cl     ai     cl_norm    cl       cd       cdv    cm_c/4     cm_LE   C.P.x/c
     1   0.0001   0.0006   0.0000   0.2794   0.0007   0.1097   0.0625   0.3946   0.3873   0.0748   0.0000   0.0030  -0.0943    0.242
     2   0.0008   0.0056   0.0000   0.2794   0.0021   0.1097   0.0616   0.3998   0.3924   0.0199   0.0000   0.0033  -0.0939    0.242
     3   0.0021   0.0155   0.0000   0.2794   0.0034   0.1096   0.0615   0.3999   0.3926   0.0166   0.0000   0.0043  -0.0929    0.239
     4   0.0041   0.0299   0.0000   0.2794   0.0047   0.1095   0.0619   0.3996   0.3923   0.0155   0.0000   0.0057  -0.0914    0.235
     5   0.0067   0.0487   0.0000   0.2794   0.0058   0.1093   0.0627   0.3987   0.3914   0.0147   0.0000   0.0071  -0.0898    0.232
     6   0.0098   0.0712   0.0000   0.2794   0.0068   0.1087   0.0639   0.3969   0.3896   0.0139   0.0000   0.0085  -0.0880    0.228
     7   0.0133   0.0970   0.0000   0.2794   0.0076   0.1078   0.0653   0.3936   0.3863   0.0133   0.0000   0.0097  -0.0859    0.225
     8   0.0173   0.1254   0.0000   0.2794   0.0082   0.1063   0.0669   0.3882   0.3810   0.0128   0.0000   0.0109  -0.0834    0.221
     9   0.0214   0.1558   0.0000   0.2794   0.0087   0.1041   0.0688   0.3801   0.3731   0.0124   0.0000   0.0121  -0.0803    0.218
    10   0.0258   0.1873   0.0000   0.2794   0.0089   0.1010   0.0710   0.3688   0.3620   0.0120   0.0000   0.0133  -0.0764    0.213
    11   0.0301   0.2191   0.0000   0.2794   0.0089   0.0969   0.0734   0.3537   0.3472   0.0115   0.0000   0.0146  -0.0714    0.208
    12   0.0345   0.2506   0.0000   0.2794   0.0087   0.0915   0.0758   0.3342   0.3280   0.0109   0.0000   0.0160  -0.0653    0.201
    13   0.0386   0.2810   0.0000   0.2794   0.0082   0.0849   0.0781   0.3099   0.3042   0.0103   0.0000   0.0174  -0.0580    0.193
    14   0.0426   0.3094   0.0000   0.2794   0.0076   0.0769   0.0799   0.2806   0.2755   0.0094   0.0000   0.0187  -0.0497    0.182
    15   0.0461   0.3352   0.0000   0.2794   0.0068   0.0675   0.0809   0.2463   0.2418   0.0084   0.0000   0.0195  -0.0405    0.169
    16   0.0492   0.3577   0.0000   0.2794   0.0058   0.0568   0.0807   0.2074   0.2036   0.0071   0.0000   0.0194  -0.0311    0.155
    17   0.0518   0.3765   0.0000   0.2794   0.0047   0.0451   0.0790   0.1646   0.1615   0.0057   0.0000   0.0181  -0.0221    0.138
    18   0.0538   0.3909   0.0000   0.2794   0.0034   0.0326   0.0758   0.1189   0.1167   0.0039   0.0000   0.0150  -0.0140    0.122
    19   0.0551   0.4008   0.0000   0.2794   0.0021   0.0196   0.0715   0.0717   0.0704   0.0020   0.0000   0.0100  -0.0075    0.108
    20   0.0558   0.4058   0.0000   0.2794   0.0007   0.0066   0.0686   0.0240   0.0235   0.0003   0.0000   0.0035  -0.0023    0.100

  Surface # 2     Wing (YDUP)                             
     # Chordwise = 10   # Spanwise = 20     First strip = 21
     Surface area Ssurf =    0.113548     Ave. chord Cave =    0.279400

 Forces referred to Sref, Cref, Bref about Xref, Yref, Zref
 Standard axis orientation,  X fwd, Z down         
     CLsurf  =   0.26650     Clsurf  =   0.05748
     CYsurf  =  -0.00211     Cmsurf  =   0.03693
     CDsurf  =   0.00967     Cnsurf  =   0.00416
     CDisurf =   0.00967     CDvsurf =   0.00000

 Forces referred to Ssurf, Cave 
     CLsurf  =   0.31990     CDsurf  =   0.01161

 Strip Forces referred to Strip Area, Chord
    j     Xle      Yle      Zle      Chord    Area     c_cl     ai     cl_norm    cl       cd       cdv    cm_c/4     cm_LE   C.P.x/c
    21   0.0001  -0.0006   0.0000   0.2794   0.0007   0.1097   0.0625   0.3946   0.3873   0.0748   0.0000   0.0030   0.0943    0.242
    22   0.0008  -0.0056   0.0000   0.2794   0.0021   0.1097   0.0616   0.3998   0.3924   0.0199   0.0000   0.0033   0.0939    0.242
    23   0.0021  -0.0155   0.0000   0.2794   0.0034   0.1096   0.0615   0.3999   0.3926   0.0166   0.0000   0.0043   0.0929    0.239
    24   0.0041  -0.0299   0.0000   0.2794   0.0047   0.1095   0.0619   0.3996   0.3923   0.0155   0.0000   0.0057   0.0914    0.235
    25   0.0067  -0.0487   0.0000   0.2794   0.0058   0.1093   0.0627   0.3987   0.3914   0.0147   0.0000   0.0071   0.0898    0.232
    26   0.0098  -0.0712   0.0000   0.2794   0.0068   0.1087   0.0639   0.3969   0.3896   0.0139   0.0000   0.0085   0.0880    0.228
    27   0.0133  -0.0970   0.0000   0.2794   0.0076   0.1078   0.0653   0.3936   0.3863   0.0133   0.0000   0.0097   0.0859    0.225
    28   0.0173  -0.1254   0.0000   0.2794   0.0082   0.1063   0.0669   0.3882   0.3810   0.0128   0.0000   0.0109   0.0834    0.221
    29   0.0214  -0.1558   0.0000   0.2794   0.0087   0.1041   0.0688   0.3801   0.3731   0.0124   0.0000   0.0121   0.0803    0.218
    30   0.0258  -0.1873   0.0000   0.2794   0.0089   0.1010   0.0710   0.3688   0.3620   0.0120   0.0000   0.0133   0.0764    0.213
    31   0.0301  -0.2191   0.0000   0.2794   0.0089   0.0969   0.0734   0.3537   0.3472   0.0115   0.0000   0.0146   0.0714    0.208
    32   0.0345  -0.2506   0.0000   0.2794   0.0087   0.0915   0.0758   0.3342   0.3280   0.0109   0.0000   0.0160   0.0653    0.201
    33   0.0386  -0.2810   0.0000   0.2794   0.0082   0.0849   0.0781   0.3099   0.3042   0.0103   0.0000   0.0174   0.0580    0.193
    34   0.0426  -0.3094   0.0000   0.2794   0.0076   0.0769   0.0799   0.2806   0.2755   0.0094   0.0000   0.0187   0.0497    0.182
    35   0.0461  -0.3352   0.0000   0.2794   0.0068   0.0675   0.0809   0.2463   0.2418   0.0084   0.0000   0.0195   0.0405    0.169
    36   0.0492  -0.3577   0.0000   0.2794   0.0058   0.0568   0.0807   0.2074   0.2036   0.0071   0.0000   0.0194   0.0311    0.155
    37   0.0518  -0.3765   0.0000   0.2794   0.0047   0.0451   0.0790   0.1646   0.1615   0.0057   0.0000   0.0181   0.0221    0.138
    38   0.0538  -0.3909   0.0000   0.2794   0.0034   0.0326   0.0758   0.1189   0.1167   0.0039   0.0000   0.0150   0.0140    0.122
    39   0.0551  -0.4008   0.0000   0.2794   0.0021   0.0196   0.0715   0.0717   0.0704   0.0020   0.0000   0.0100   0.0075    0.108
    40   0.0558  -0.4058   0.0000   0.2794   0.0007   0.0066   0.0686   0.0240   0.0235   0.0003   0.0000   0.0035   0.0023    0.100
 ---------------------------------------------------------------
