 ---------------------------------------------------------------
 Surface and Strip Forces by surface

  Sref = 0.15480       Cref = 0.25400       Bref = 0.60960    
  Xref = 0.10920       Yref =  0.0000       Zref =  0.0000    

  Surface # 1     Wing                                    
     # Chordwise = 10   # Spanwise = 20     First strip =  1
     Surface area Ssurf =    0.077419     Ave. chord Cave =    0.254000

 Forces referred to Sref, Cref, Bref about Xref, Yref, Zref
 Standard axis orientation,  X fwd, Z down         
     CLsurf  =   0.23465     Clsurf  =  -0.05069
     CYsurf  =   0.00827     Cmsurf  =   0.00732
     CDsurf  =   0.01580     Cnsurf  =  -0.00959
     CDisurf =   0.01580     CDvsurf =   0.00000

 Forces referred to Ssurf, Cave 
     CLsurf  =   0.46919     CDsurf  =   0.03158

 Strip Forces referred to Strip Area, Chord
    j     Xle      Yle      Zle      Chord    Area     c_cl     ai     cl_norm    cl       cd       cdv    cm_c/4     cm_LE   C.P.x/c
     1   0.0002   0.0005   0.0000   0.2540   0.0005   0.1445   0.1028   0.5771   0.5114   0.3948   0.0000  -0.0104  -0.1435    0.270
     2   0.0015   0.0042   0.0000   0.2540   0.0014   0.1445   0.1026   0.6369   0.5644   0.0746   0.0000  -0.0095  -0.1426    0.267
     3   0.0042   0.0116   0.0000   0.2540   0.0023   0.1445   0.1038   0.6405   0.5676   0.0556   0.0000  -0.0066  -0.1399    0.262
     4   0.0082   0.0225   0.0000   0.2540   0.0032   0.1445   0.1061   0.6415   0.5685   0.0500   0.0000  -0.0025  -0.1360    0.254
     5   0.0133   0.0365   0.0000   0.2540   0.0039   0.1444   0.1092   0.6418   0.5688   0.0457   0.0000   0.0020  -0.1317    0.246
     6   0.0194   0.0534   0.0000   0.2540   0.0046   0.1440   0.1127   0.6407   0.5678   0.0419   0.0000   0.0064  -0.1272    0.239
     7   0.0265   0.0728   0.0000   0.2540   0.0052   0.1431   0.1165   0.6372   0.5647   0.0386   0.0000   0.0103  -0.1227    0.232
     8   0.0342   0.0941   0.0000   0.2540   0.0056   0.1414   0.1206   0.6303   0.5585   0.0356   0.0000   0.0140  -0.1177    0.225
     9   0.0425   0.1168   0.0000   0.2540   0.0059   0.1388   0.1249   0.6188   0.5484   0.0330   0.0000   0.0174  -0.1120    0.218
    10   0.0511   0.1404   0.0000   0.2540   0.0061   0.1349   0.1293   0.6016   0.5332   0.0304   0.0000   0.0207  -0.1053    0.211
    11   0.0598   0.1644   0.0000   0.2540   0.0061   0.1295   0.1337   0.5779   0.5121   0.0279   0.0000   0.0240  -0.0972    0.203
    12   0.0684   0.1880   0.0000   0.2540   0.0059   0.1224   0.1379   0.5466   0.4844   0.0252   0.0000   0.0272  -0.0876    0.194
    13   0.0767   0.2107   0.0000   0.2540   0.0056   0.1136   0.1415   0.5072   0.4494   0.0224   0.0000   0.0302  -0.0766    0.183
    14   0.0844   0.2320   0.0000   0.2540   0.0052   0.1028   0.1442   0.4594   0.4071   0.0193   0.0000   0.0326  -0.0645    0.170
    15   0.0915   0.2514   0.0000   0.2540   0.0046   0.0903   0.1456   0.4034   0.3575   0.0160   0.0000   0.0338  -0.0518    0.156
    16   0.0976   0.2683   0.0000   0.2540   0.0039   0.0760   0.1454   0.3400   0.3014   0.0126   0.0000   0.0332  -0.0391    0.140
    17   0.1027   0.2823   0.0000   0.2540   0.0032   0.0604   0.1435   0.2704   0.2396   0.0091   0.0000   0.0303  -0.0275    0.124
    18   0.1067   0.2932   0.0000   0.2540   0.0023   0.0438   0.1402   0.1961   0.1738   0.0056   0.0000   0.0245  -0.0174    0.109
    19   0.1094   0.3006   0.0000   0.2540   0.0014   0.0265   0.1363   0.1189   0.1054   0.0019   0.0000   0.0161  -0.0094    0.097
    20   0.1107   0.3043   0.0000   0.2540   0.0005   0.0089   0.1340   0.0401   0.0356  -0.0013   0.0000   0.0056  -0.0029    0.093

  Surface # 2     Wing (YDUP)                             
     # Chordwise = 10   # Spanwise = 20     First strip = 21
     Surface area Ssurf =    0.077419     Ave. chord Cave =    0.254000

 Forces referred to Sref, Cref, Bref about Xref, Yref, Zref
 Standard axis orientation,  X fwd, Z down         
     CLsurf  =   0.23465     Clsurf  =   0.05069
     CYsurf  =  -0.00827     Cmsurf  =   0.00732
     CDsurf  =   0.01580     Cnsurf  =   0.00959
     CDisurf =   0.01580     CDvsurf =   0.00000

 Forces referred to Ssurf, Cave 
     CLsurf  =   0.46919     CDsurf  =   0.03158

 Strip Forces referred to Strip Area, Chord
    j     Xle      Yle      Zle      Chord    Area     c_cl     ai     cl_norm    cl       cd       cdv    cm_c/4     cm_LE   C.P.x/c
    21   0.0002  -0.0005   0.0000   0.2540   0.0005   0.1445   0.1028   0.5771   0.5114   0.3948   0.0000  -0.0104   0.1435    0.270
    22   0.0015  -0.0042   0.0000   0.2540   0.0014   0.1445   0.1026   0.6369   0.5644   0.0746   0.0000  -0.0095   0.1426    0.267
    23   0.0042  -0.0116   0.0000   0.2540   0.0023   0.1445   0.1038   0.6405   0.5676   0.0556   0.0000  -0.0066   0.1399    0.262
    24   0.0082  -0.0225   0.0000   0.2540   0.0032   0.1445   0.1061   0.6415   0.5685   0.0500   0.0000  -0.0025   0.1360    0.254
    25   0.0133  -0.0365   0.0000   0.2540   0.0039   0.1444   0.1092   0.6418   0.5688   0.0457   0.0000   0.0020   0.1317    0.246
    26   0.0194  -0.0534   0.0000   0.2540   0.0046   0.1440   0.1127   0.6407   0.5678   0.0419   0.0000   0.0064   0.1272    0.239
    27   0.0265  -0.0728   0.0000   0.2540   0.0052   0.1431   0.1165   0.6372   0.5647   0.0386   0.0000   0.0103   0.1227    0.232
    28   0.0342  -0.0941   0.0000   0.2540   0.0056   0.1414   0.1206   0.6303   0.5585   0.0356   0.0000   0.0140   0.1177    0.225
    29   0.0425  -0.1168   0.0000   0.2540   0.0059   0.1388   0.1249   0.6188   0.5484   0.0330   0.0000   0.0174   0.1120    0.218
    30   0.0511  -0.1404   0.0000   0.2540   0.0061   0.1349   0.1293   0.6016   0.5332   0.0304   0.0000   0.0207   0.1053    0.211
    31   0.0598  -0.1644   0.0000   0.2540   0.0061   0.1295   0.1337   0.5779   0.5121   0.0279   0.0000   0.0240   0.0972    0.203
    32   0.0684  -0.1880   0.0000   0.2540   0.0059   0.1224   0.1379   0.5466   0.4844   0.0252   0.0000   0.0272   0.0876    0.194
    33   0.0767  -0.2107   0.0000   0.2540   0.0056   0.1136   0.1415   0.5072   0.4494   0.0224   0.0000   0.0302   0.0766    0.183
    34   0.0844  -0.2320   0.0000   0.2540   0.0052   0.1028   0.1442   0.4594   0.4071   0.0193   0.0000   0.0326   0.0645    0.170
    35   0.0915  -0.2514   0.0000   0.2540   0.0046   0.0903   0.1456   0.4034   0.3575   0.0160   0.0000   0.0338   0.0518    0.156
    36   0.0976  -0.2683   0.0000   0.2540   0.0039   0.0760   0.1454   0.3400   0.3014   0.0126   0.0000   0.0332   0.0391    0.140
    37   0.1027  -0.2823   0.0000   0.2540   0.0032   0.0604   0.1435   0.2704   0.2396   0.0091   0.0000   0.0303   0.0275    0.124
    38   0.1067  -0.2932   0.0000   0.2540   0.0023   0.0438   0.1402   0.1961   0.1738   0.0056   0.0000   0.0245   0.0174    0.109
    39   0.1094  -0.3006   0.0000   0.2540   0.0014   0.0265   0.1363   0.1189   0.1054   0.0019   0.0000   0.0161   0.0094    0.097
    40   0.1107  -0.3043   0.0000   0.2540   0.0005   0.0089   0.1340   0.0401   0.0356  -0.0013   0.0000   0.0056   0.0029    0.093
 ---------------------------------------------------------------
