 ---------------------------------------------------------------
 Surface and Strip Forces by surface

  Sref = 0.10840       Cref = 0.17500       Bref = 0.71120    
  Xref = 0.10920       Yref =  0.0000       Zref =  0.0000    

  Surface # 1     Wing                                    
     # Chordwise = 10   # Spanwise = 20     First strip =  1
     Surface area Ssurf =    0.090322     Ave. chord Cave =    0.254000

 Forces referred to Sref, Cref, Bref about Xref, Yref, Zref
 Standard axis orientation,  X fwd, Z down         
     CLsurf  =   0.33510     Clsurf  =  -0.07246
     CYsurf  =   0.00588     Cmsurf  =   0.03830
     CDsurf  =   0.01617     Cnsurf  =  -0.00812
     CDisurf =   0.01617     CDvsurf =   0.00000

 Forces referred to Ssurf, Cave 
     CLsurf  =   0.40216     CDsurf  =   0.01941

 Strip Forces referred to Strip Area, Chord
    j     Xle      Yle      Zle      Chord    Area     c_cl     ai     cl_norm    cl       cd       cdv    cm_c/4     cm_LE   C.P.x/c
     1   0.0001   0.0005   0.0000   0.2540   0.0006   0.1242   0.0776   0.4954   0.4708   0.1757   0.0000  -0.0028  -0.1219    0.256
     2   0.0011   0.0049   0.0000   0.2540   0.0017   0.1242   0.0769   0.5133   0.4878   0.0390   0.0000  -0.0022  -0.1212    0.254
     3   0.0031   0.0135   0.0000   0.2540   0.0027   0.1242   0.0772   0.5143   0.4888   0.0309   0.0000  -0.0002  -0.1193    0.250
     4   0.0060   0.0262   0.0000   0.2540   0.0037   0.1241   0.0784   0.5144   0.4889   0.0282   0.0000   0.0024  -0.1167    0.245
     5   0.0098   0.0426   0.0000   0.2540   0.0046   0.1239   0.0801   0.5140   0.4885   0.0261   0.0000   0.0051  -0.1139    0.239
     6   0.0144   0.0623   0.0000   0.2540   0.0054   0.1235   0.0823   0.5124   0.4870   0.0243   0.0000   0.0077  -0.1109    0.234
     7   0.0196   0.0849   0.0000   0.2540   0.0060   0.1226   0.0847   0.5090   0.4837   0.0228   0.0000   0.0100  -0.1079    0.229
     8   0.0253   0.1098   0.0000   0.2540   0.0065   0.1211   0.0874   0.5029   0.4780   0.0215   0.0000   0.0121  -0.1044    0.225
     9   0.0314   0.1363   0.0000   0.2540   0.0069   0.1188   0.0904   0.4934   0.4689   0.0204   0.0000   0.0141  -0.1002    0.220
    10   0.0377   0.1638   0.0000   0.2540   0.0071   0.1155   0.0936   0.4795   0.4557   0.0193   0.0000   0.0161  -0.0950    0.215
    11   0.0442   0.1918   0.0000   0.2540   0.0071   0.1109   0.0970   0.4606   0.4377   0.0182   0.0000   0.0182  -0.0886    0.208
    12   0.0505   0.2193   0.0000   0.2540   0.0069   0.1049   0.1005   0.4359   0.4142   0.0171   0.0000   0.0204  -0.0808    0.201
    13   0.0566   0.2458   0.0000   0.2540   0.0065   0.0974   0.1036   0.4048   0.3847   0.0157   0.0000   0.0225  -0.0715    0.191
    14   0.0623   0.2707   0.0000   0.2540   0.0060   0.0883   0.1062   0.3670   0.3488   0.0141   0.0000   0.0244  -0.0610    0.180
    15   0.0675   0.2933   0.0000   0.2540   0.0054   0.0777   0.1078   0.3225   0.3066   0.0123   0.0000   0.0255  -0.0496    0.167
    16   0.0721   0.3130   0.0000   0.2540   0.0046   0.0655   0.1079   0.2720   0.2585   0.0103   0.0000   0.0255  -0.0380    0.151
    17   0.0759   0.3294   0.0000   0.2540   0.0037   0.0520   0.1063   0.2162   0.2055   0.0080   0.0000   0.0236  -0.0269    0.135
    18   0.0788   0.3421   0.0000   0.2540   0.0027   0.0377   0.1031   0.1566   0.1488   0.0054   0.0000   0.0195  -0.0172    0.119
    19   0.0808   0.3507   0.0000   0.2540   0.0017   0.0228   0.0990   0.0947   0.0900   0.0026   0.0000   0.0129  -0.0092    0.106
    20   0.0818   0.3551   0.0000   0.2540   0.0006   0.0076   0.0963   0.0318   0.0302  -0.0000   0.0000   0.0045  -0.0029    0.099

  Surface # 2     Wing (YDUP)                             
     # Chordwise = 10   # Spanwise = 20     First strip = 21
     Surface area Ssurf =    0.090322     Ave. chord Cave =    0.254000

 Forces referred to Sref, Cref, Bref about Xref, Yref, Zref
 Standard axis orientation,  X fwd, Z down         
     CLsurf  =   0.33510     Clsurf  =   0.07246
     CYsurf  =  -0.00588     Cmsurf  =   0.03830
     CDsurf  =   0.01617     Cnsurf  =   0.00812
     CDisurf =   0.01617     CDvsurf =   0.00000

 Forces referred to Ssurf, Cave 
     CLsurf  =   0.40216     CDsurf  =   0.01941

 Strip Forces referred to Strip Area, Chord
    j     Xle      Yle      Zle      Chord    Area     c_cl     ai     cl_norm    cl       cd       cdv    cm_c/4     cm_LE   C.P.x/c
    21   0.0001  -0.0005   0.0000   0.2540   0.0006   0.1242   0.0776   0.4954   0.4708   0.1757   0.0000  -0.0028   0.1219    0.256
    22   0.0011  -0.0049   0.0000   0.2540   0.0017   0.1242   0.0769   0.5133   0.4878   0.0390   0.0000  -0.0022   0.1212    0.254
    23   0.0031  -0.0135   0.0000   0.2540   0.0027   0.1242   0.0772   0.5143   0.4888   0.0309   0.0000  -0.0002   0.1193    0.250
    24   0.0060  -0.0262   0.0000   0.2540   0.0037   0.1241   0.0784   0.5144   0.4889   0.0282   0.0000   0.0024   0.1167    0.245
    25   0.0098  -0.0426   0.0000   0.2540   0.0046   0.1239   0.0801   0.5140   0.4885   0.0261   0.0000   0.0051   0.1139    0.239
    26   0.0144  -0.0623   0.0000   0.2540   0.0054   0.1235   0.0823   0.5124   0.4870   0.0243   0.0000   0.0077   0.1109    0.234
    27   0.0196  -0.0849   0.0000   0.2540   0.0060   0.1226   0.0847   0.5090   0.4837   0.0228   0.0000   0.0100   0.1079    0.229
    28   0.0253  -0.1098   0.0000   0.2540   0.0065   0.1211   0.0874   0.5029   0.4780   0.0215   0.0000   0.0121   0.1044    0.225
    29   0.0314  -0.1363   0.0000   0.2540   0.0069   0.1188   0.0904   0.4934   0.4689   0.0204   0.0000   0.0141   0.1002    0.220
    30   0.0377  -0.1638   0.0000   0.2540   0.0071   0.1155   0.0936   0.4795   0.4557   0.0193   0.0000   0.0161   0.0950    0.215
    31   0.0442  -0.1918   0.0000   0.2540   0.0071   0.1109   0.0970   0.4606   0.4377   0.0182   0.0000   0.0182   0.0886    0.208
    32   0.0505  -0.2193   0.0000   0.2540   0.0069   0.1049   0.1005   0.4359   0.4142   0.0171   0.0000   0.0204   0.0808    0.201
    33   0.0566  -0.2458   0.0000   0.2540   0.0065   0.0974   0.1036   0.4048   0.3847   0.0157   0.0000   0.0225   0.0715    0.191
    34   0.0623  -0.2707   0.0000   0.2540   0.0060   0.0883   0.1062   0.3670   0.3488   0.0141   0.0000   0.0244   0.0610    0.180
    35   0.0675  -0.2933   0.0000   0.2540   0.0054   0.0777   0.1078   0.3225   0.3066   0.0123   0.0000   0.0255   0.0496    0.167
    36   0.0721  -0.3130   0.0000   0.2540   0.0046   0.0655   0.1079   0.2720   0.2585   0.0103   0.0000   0.0255   0.0380    0.151
    37   0.0759  -0.3294   0.0000   0.2540   0.0037   0.0520   0.1063   0.2162   0.2055   0.0080   0.0000   0.0236   0.0269    0.135
    38   0.0788  -0.3421   0.0000   0.2540   0.0027   0.0377   0.1031   0.1566   0.1488   0.0054   0.0000   0.0195   0.0172    0.119
    39   0.0808  -0.3507   0.0000   0.2540   0.0017   0.0228   0.0990   0.0947   0.0900   0.0026   0.0000   0.0129   0.0092    0.106
    40   0.0818  -0.3551   0.0000   0.2540   0.0006   0.0076   0.0963   0.0318   0.0302  -0.0000   0.0000   0.0045   0.0029    0.099
 ---------------------------------------------------------------
