 ---------------------------------------------------------------
 Surface and Strip Forces by surface

  Sref = 0.10120       Cref = 0.15090       Bref = 0.71120    
  Xref = 0.10920       Yref =  0.0000       Zref =  0.0000    

  Surface # 1     Wing                                    
     # Chordwise = 10   # Spanwise = 20     First strip =  1
     Surface area Ssurf =    0.072258     Ave. chord Cave =    0.203200

 Forces referred to Sref, Cref, Bref about Xref, Yref, Zref
 Standard axis orientation,  X fwd, Z down         
     CLsurf  =   0.35894     Clsurf  =  -0.07845
     CYsurf  =   0.00867     Cmsurf  =   0.05591
     CDsurf  =   0.01741     Cnsurf  =  -0.00996
     CDisurf =   0.01741     CDvsurf =   0.00000

 Forces referred to Ssurf, Cave 
     CLsurf  =   0.50270     CDsurf  =   0.02439

 Strip Forces referred to Strip Area, Chord
    j     Xle      Yle      Zle      Chord    Area     c_cl     ai     cl_norm    cl       cd       cdv    cm_c/4     cm_LE   C.P.x/c
     1   0.0001   0.0005   0.0000   0.2032   0.0004   0.1209   0.0671   0.6076   0.5693   0.2218   0.0000  -0.0104  -0.1539    0.268
     2   0.0013   0.0049   0.0000   0.2032   0.0013   0.1209   0.0673   0.6335   0.5936   0.0506   0.0000  -0.0092  -0.1528    0.266
     3   0.0035   0.0135   0.0000   0.2032   0.0022   0.1209   0.0689   0.6354   0.5953   0.0406   0.0000  -0.0060  -0.1497    0.260
     4   0.0069   0.0262   0.0000   0.2032   0.0030   0.1210   0.0715   0.6366   0.5965   0.0363   0.0000  -0.0020  -0.1460    0.253
     5   0.0112   0.0426   0.0000   0.2032   0.0037   0.1211   0.0746   0.6376   0.5974   0.0328   0.0000   0.0019  -0.1424    0.247
     6   0.0163   0.0623   0.0000   0.2032   0.0043   0.1210   0.0779   0.6376   0.5974   0.0301   0.0000   0.0052  -0.1390    0.241
     7   0.0223   0.0849   0.0000   0.2032   0.0048   0.1206   0.0814   0.6356   0.5955   0.0279   0.0000   0.0080  -0.1358    0.237
     8   0.0288   0.1098   0.0000   0.2032   0.0052   0.1196   0.0851   0.6306   0.5908   0.0263   0.0000   0.0104  -0.1323    0.232
     9   0.0357   0.1363   0.0000   0.2032   0.0055   0.1179   0.0891   0.6215   0.5823   0.0249   0.0000   0.0126  -0.1281    0.228
    10   0.0429   0.1638   0.0000   0.2032   0.0057   0.1152   0.0936   0.6073   0.5690   0.0238   0.0000   0.0148  -0.1228    0.224
    11   0.0503   0.1918   0.0000   0.2032   0.0057   0.1113   0.0985   0.5868   0.5498   0.0226   0.0000   0.0172  -0.1158    0.219
    12   0.0575   0.2193   0.0000   0.2032   0.0055   0.1060   0.1037   0.5589   0.5237   0.0214   0.0000   0.0199  -0.1069    0.212
    13   0.0644   0.2458   0.0000   0.2032   0.0052   0.0991   0.1089   0.5226   0.4897   0.0199   0.0000   0.0228  -0.0959    0.203
    14   0.0709   0.2707   0.0000   0.2032   0.0048   0.0905   0.1136   0.4772   0.4471   0.0181   0.0000   0.0257  -0.0828    0.192
    15   0.0769   0.2933   0.0000   0.2032   0.0043   0.0801   0.1173   0.4223   0.3956   0.0159   0.0000   0.0281  -0.0681    0.179
    16   0.0820   0.3130   0.0000   0.2032   0.0037   0.0679   0.1192   0.3582   0.3356   0.0133   0.0000   0.0292  -0.0526    0.163
    17   0.0863   0.3294   0.0000   0.2032   0.0030   0.0542   0.1189   0.2861   0.2681   0.0104   0.0000   0.0281  -0.0374    0.145
    18   0.0897   0.3421   0.0000   0.2032   0.0022   0.0394   0.1164   0.2080   0.1949   0.0072   0.0000   0.0239  -0.0238    0.127
    19   0.0919   0.3507   0.0000   0.2032   0.0013   0.0239   0.1121   0.1260   0.1181   0.0036   0.0000   0.0163  -0.0127    0.112
    20   0.0931   0.3551   0.0000   0.2032   0.0004   0.0080   0.1088   0.0423   0.0397   0.0000   0.0000   0.0058  -0.0039    0.104

  Surface # 2     Wing (YDUP)                             
     # Chordwise = 10   # Spanwise = 20     First strip = 21
     Surface area Ssurf =    0.072258     Ave. chord Cave =    0.203200

 Forces referred to Sref, Cref, Bref about Xref, Yref, Zref
 Standard axis orientation,  X fwd, Z down         
     CLsurf  =   0.35894     Clsurf  =   0.07845
     CYsurf  =  -0.00867     Cmsurf  =   0.05591
     CDsurf  =   0.01741     Cnsurf  =   0.00996
     CDisurf =   0.01741     CDvsurf =   0.00000

 Forces referred to Ssurf, Cave 
     CLsurf  =   0.50270     CDsurf  =   0.02439

 Strip Forces referred to Strip Area, Chord
    j     Xle      Yle      Zle      Chord    Area     c_cl     ai     cl_norm    cl       cd       cdv    cm_c/4     cm_LE   C.P.x/c
    21   0.0001  -0.0005   0.0000   0.2032   0.0004   0.1209   0.0671   0.6076   0.5693   0.2218   0.0000  -0.0104   0.1539    0.268
    22   0.0013  -0.0049   0.0000   0.2032   0.0013   0.1209   0.0673   0.6335   0.5936   0.0506   0.0000  -0.0092   0.1528    0.266
    23   0.0035  -0.0135   0.0000   0.2032   0.0022   0.1209   0.0689   0.6354   0.5953   0.0406   0.0000  -0.0060   0.1497    0.260
    24   0.0069  -0.0262   0.0000   0.2032   0.0030   0.1210   0.0715   0.6366   0.5965   0.0363   0.0000  -0.0020   0.1460    0.253
    25   0.0112  -0.0426   0.0000   0.2032   0.0037   0.1211   0.0746   0.6376   0.5974   0.0328   0.0000   0.0019   0.1424    0.247
    26   0.0163  -0.0623   0.0000   0.2032   0.0043   0.1210   0.0779   0.6376   0.5974   0.0301   0.0000   0.0052   0.1390    0.241
    27   0.0223  -0.0849   0.0000   0.2032   0.0048   0.1206   0.0814   0.6356   0.5955   0.0279   0.0000   0.0080   0.1358    0.237
    28   0.0288  -0.1098   0.0000   0.2032   0.0052   0.1196   0.0851   0.6306   0.5908   0.0263   0.0000   0.0104   0.1323    0.232
    29   0.0357  -0.1363   0.0000   0.2032   0.0055   0.1179   0.0891   0.6215   0.5823   0.0249   0.0000   0.0126   0.1281    0.228
    30   0.0429  -0.1638   0.0000   0.2032   0.0057   0.1152   0.0936   0.6073   0.5690   0.0238   0.0000   0.0148   0.1228    0.224
    31   0.0503  -0.1918   0.0000   0.2032   0.0057   0.1113   0.0985   0.5868   0.5498   0.0226   0.0000   0.0172   0.1158    0.219
    32   0.0575  -0.2193   0.0000   0.2032   0.0055   0.1060   0.1037   0.5589   0.5237   0.0214   0.0000   0.0199   0.1069    0.212
    33   0.0644  -0.2458   0.0000   0.2032   0.0052   0.0991   0.1089   0.5226   0.4897   0.0199   0.0000   0.0228   0.0959    0.203
    34   0.0709  -0.2707   0.0000   0.2032   0.0048   0.0905   0.1136   0.4772   0.4471   0.0181   0.0000   0.0257   0.0828    0.192
    35   0.0769  -0.2933   0.0000   0.2032   0.0043   0.0801   0.1173   0.4223   0.3956   0.0159   0.0000   0.0281   0.0681    0.179
    36   0.0820  -0.3130   0.0000   0.2032   0.0037   0.0679   0.1192   0.3582   0.3356   0.0133   0.0000   0.0292   0.0526    0.163
    37   0.0863  -0.3294   0.0000   0.2032   0.0030   0.0542   0.1189   0.2861   0.2681   0.0104   0.0000   0.0281   0.0374    0.145
    38   0.0897  -0.3421   0.0000   0.2032   0.0022   0.0394   0.1164   0.2080   0.1949   0.0072   0.0000   0.0239   0.0238    0.127
    39   0.0919  -0.3507   0.0000   0.2032   0.0013   0.0239   0.1121   0.1260   0.1181   0.0036   0.0000   0.0163   0.0127    0.112
    40   0.0931  -0.3551   0.0000   0.2032   0.0004   0.0080   0.1088   0.0423   0.0397   0.0000   0.0000   0.0058   0.0039    0.104
 ---------------------------------------------------------------
