 ---------------------------------------------------------------
 Surface and Strip Forces by surface

  Sref = 0.16720       Cref = 0.21000       Bref = 0.91440    
  Xref = 0.10920       Yref =  0.0000       Zref =  0.0000    

  Surface # 1     Wing                                    
     # Chordwise = 10   # Spanwise = 20     First strip =  1
     Surface area Ssurf =    0.139355     Ave. chord Cave =    0.304800

 Forces referred to Sref, Cref, Bref about Xref, Yref, Zref
 Standard axis orientation,  X fwd, Z down         
     CLsurf  =   0.21725     Clsurf  =  -0.04765
     CYsurf  =   0.00485     Cmsurf  =  -0.05722
     CDsurf  =   0.00665     Cnsurf  =  -0.00481
     CDisurf =   0.00665     CDvsurf =   0.00000

 Forces referred to Ssurf, Cave 
     CLsurf  =   0.26066     CDsurf  =   0.00798

 Strip Forces referred to Strip Area, Chord
    j     Xle      Yle      Zle      Chord    Area     c_cl     ai     cl_norm    cl       cd       cdv    cm_c/4     cm_LE   C.P.x/c
     1   0.0004   0.0007   0.0000   0.3048   0.0009   0.0935   0.0405   0.3705   0.2975   0.1328   0.0000  -0.0142  -0.0814    0.298
     2   0.0031   0.0063   0.0000   0.3048   0.0026   0.0934   0.0383   0.3809   0.3058   0.0218   0.0000  -0.0132  -0.0804    0.293
     3   0.0087   0.0174   0.0000   0.3048   0.0042   0.0935   0.0386   0.3815   0.3063   0.0161   0.0000  -0.0102  -0.0778    0.283
     4   0.0168   0.0337   0.0000   0.3048   0.0057   0.0936   0.0404   0.3822   0.3068   0.0144   0.0000  -0.0063  -0.0744    0.271
     5   0.0272   0.0548   0.0000   0.3048   0.0071   0.0938   0.0430   0.3832   0.3076   0.0128   0.0000  -0.0024  -0.0711    0.258
     6   0.0399   0.0801   0.0000   0.3048   0.0083   0.0939   0.0458   0.3839   0.3082   0.0113   0.0000   0.0009  -0.0682    0.247
     7   0.0543   0.1092   0.0000   0.3048   0.0093   0.0939   0.0487   0.3837   0.3080   0.0101   0.0000   0.0037  -0.0656    0.238
     8   0.0702   0.1411   0.0000   0.3048   0.0101   0.0934   0.0517   0.3818   0.3065   0.0090   0.0000   0.0061  -0.0631    0.230
     9   0.0872   0.1752   0.0000   0.3048   0.0106   0.0923   0.0548   0.3774   0.3030   0.0081   0.0000   0.0081  -0.0605    0.223
    10   0.1048   0.2107   0.0000   0.3048   0.0109   0.0904   0.0581   0.3697   0.2968   0.0074   0.0000   0.0102  -0.0573    0.216
    11   0.1226   0.2465   0.0000   0.3048   0.0109   0.0875   0.0615   0.3579   0.2873   0.0066   0.0000   0.0123  -0.0532    0.207
    12   0.1402   0.2820   0.0000   0.3048   0.0106   0.0833   0.0648   0.3410   0.2738   0.0058   0.0000   0.0146  -0.0481    0.197
    13   0.1572   0.3161   0.0000   0.3048   0.0101   0.0778   0.0677   0.3186   0.2557   0.0049   0.0000   0.0170  -0.0419    0.183
    14   0.1731   0.3480   0.0000   0.3048   0.0093   0.0708   0.0697   0.2899   0.2328   0.0039   0.0000   0.0194  -0.0346    0.167
    15   0.1875   0.3771   0.0000   0.3048   0.0083   0.0623   0.0704   0.2552   0.2049   0.0029   0.0000   0.0213  -0.0267    0.146
    16   0.2002   0.4024   0.0000   0.3048   0.0071   0.0525   0.0693   0.2149   0.1725   0.0018   0.0000   0.0221  -0.0187    0.122
    17   0.2106   0.4235   0.0000   0.3048   0.0057   0.0415   0.0662   0.1701   0.1366   0.0008   0.0000   0.0212  -0.0115    0.095
    18   0.2187   0.4398   0.0000   0.3048   0.0042   0.0299   0.0614   0.1225   0.0983  -0.0001   0.0000   0.0179  -0.0059    0.068
    19   0.2243   0.4509   0.0000   0.3048   0.0026   0.0179   0.0558   0.0736   0.0591  -0.0011   0.0000   0.0121  -0.0024    0.046
    20   0.2270   0.4565   0.0000   0.3048   0.0009   0.0060   0.0525   0.0246   0.0197  -0.0014   0.0000   0.0042  -0.0006    0.035

  Surface # 2     Wing (YDUP)                             
     # Chordwise = 10   # Spanwise = 20     First strip = 21
     Surface area Ssurf =    0.139355     Ave. chord Cave =    0.304800

 Forces referred to Sref, Cref, Bref about Xref, Yref, Zref
 Standard axis orientation,  X fwd, Z down         
     CLsurf  =   0.21725     Clsurf  =   0.04765
     CYsurf  =  -0.00485     Cmsurf  =  -0.05722
     CDsurf  =   0.00665     Cnsurf  =   0.00481
     CDisurf =   0.00665     CDvsurf =   0.00000

 Forces referred to Ssurf, Cave 
     CLsurf  =   0.26066     CDsurf  =   0.00798

 Strip Forces referred to Strip Area, Chord
    j     Xle      Yle      Zle      Chord    Area     c_cl     ai     cl_norm    cl       cd       cdv    cm_c/4     cm_LE   C.P.x/c
    21   0.0004  -0.0007   0.0000   0.3048   0.0009   0.0935   0.0405   0.3705   0.2975   0.1328   0.0000  -0.0142   0.0814    0.298
    22   0.0031  -0.0063   0.0000   0.3048   0.0026   0.0934   0.0383   0.3809   0.3058   0.0218   0.0000  -0.0132   0.0804    0.293
    23   0.0087  -0.0174   0.0000   0.3048   0.0042   0.0935   0.0386   0.3815   0.3063   0.0161   0.0000  -0.0102   0.0778    0.283
    24   0.0168  -0.0337   0.0000   0.3048   0.0057   0.0936   0.0404   0.3822   0.3068   0.0144   0.0000  -0.0063   0.0744    0.271
    25   0.0272  -0.0548   0.0000   0.3048   0.0071   0.0938   0.0430   0.3832   0.3076   0.0128   0.0000  -0.0024   0.0711    0.258
    26   0.0399  -0.0801   0.0000   0.3048   0.0083   0.0939   0.0458   0.3839   0.3082   0.0113   0.0000   0.0009   0.0682    0.247
    27   0.0543  -0.1092   0.0000   0.3048   0.0093   0.0939   0.0487   0.3837   0.3080   0.0101   0.0000   0.0037   0.0656    0.238
    28   0.0702  -0.1411   0.0000   0.3048   0.0101   0.0934   0.0517   0.3818   0.3065   0.0090   0.0000   0.0061   0.0631    0.230
    29   0.0872  -0.1752   0.0000   0.3048   0.0106   0.0923   0.0548   0.3774   0.3030   0.0081   0.0000   0.0081   0.0605    0.223
    30   0.1048  -0.2107   0.0000   0.3048   0.0109   0.0904   0.0581   0.3697   0.2968   0.0074   0.0000   0.0102   0.0573    0.216
    31   0.1226  -0.2465   0.0000   0.3048   0.0109   0.0875   0.0615   0.3579   0.2873   0.0066   0.0000   0.0123   0.0532    0.207
    32   0.1402  -0.2820   0.0000   0.3048   0.0106   0.0833   0.0648   0.3410   0.2738   0.0058   0.0000   0.0146   0.0481    0.197
    33   0.1572  -0.3161   0.0000   0.3048   0.0101   0.0778   0.0677   0.3186   0.2557   0.0049   0.0000   0.0170   0.0419    0.183
    34   0.1731  -0.3480   0.0000   0.3048   0.0093   0.0708   0.0697   0.2899   0.2328   0.0039   0.0000   0.0194   0.0346    0.167
    35   0.1875  -0.3771   0.0000   0.3048   0.0083   0.0623   0.0704   0.2552   0.2049   0.0029   0.0000   0.0213   0.0267    0.146
    36   0.2002  -0.4024   0.0000   0.3048   0.0071   0.0525   0.0693   0.2149   0.1725   0.0018   0.0000   0.0221   0.0187    0.122
    37   0.2106  -0.4235   0.0000   0.3048   0.0057   0.0415   0.0662   0.1701   0.1366   0.0008   0.0000   0.0212   0.0115    0.095
    38   0.2187  -0.4398   0.0000   0.3048   0.0042   0.0299   0.0614   0.1225   0.0983  -0.0001   0.0000   0.0179   0.0059    0.068
    39   0.2243  -0.4509   0.0000   0.3048   0.0026   0.0179   0.0558   0.0736   0.0591  -0.0011   0.0000   0.0121   0.0024    0.046
    40   0.2270  -0.4565   0.0000   0.3048   0.0009   0.0060   0.0525   0.0246   0.0197  -0.0014   0.0000   0.0042   0.0006    0.035
 ---------------------------------------------------------------
