 ---------------------------------------------------------------
 Surface and Strip Forces by surface

  Sref = 0.14450       Cref = 0.20320       Bref = 0.71120    
  Xref = 0.10920       Yref =  0.0000       Zref =  0.0000    

  Surface # 1     Wing                                    
     # Chordwise = 10   # Spanwise = 20     First strip =  1
     Surface area Ssurf =    0.072258     Ave. chord Cave =    0.203200

 Forces referred to Sref, Cref, Bref about Xref, Yref, Zref
 Standard axis orientation,  X fwd, Z down         
     CLsurf  =   0.25138     Clsurf  =  -0.05496
     CYsurf  =   0.00621     Cmsurf  =   0.02791
     CDsurf  =   0.01221     Cnsurf  =  -0.00704
     CDisurf =   0.01221     CDvsurf =   0.00000

 Forces referred to Ssurf, Cave 
     CLsurf  =   0.50270     CDsurf  =   0.02441

 Strip Forces referred to Strip Area, Chord
    j     Xle      Yle      Zle      Chord    Area     c_cl     ai     cl_norm    cl       cd       cdv    cm_c/4     cm_LE   C.P.x/c
     1   0.0001   0.0005   0.0000   0.2032   0.0004   0.1208   0.0667   0.6082   0.5683   0.2255   0.0000  -0.0109  -0.1540    0.269
     2   0.0013   0.0049   0.0000   0.2032   0.0013   0.1208   0.0669   0.6347   0.5930   0.0510   0.0000  -0.0097  -0.1529    0.266
     3   0.0036   0.0135   0.0000   0.2032   0.0022   0.1208   0.0686   0.6366   0.5948   0.0409   0.0000  -0.0064  -0.1498    0.261
     4   0.0070   0.0262   0.0000   0.2032   0.0030   0.1210   0.0713   0.6379   0.5960   0.0365   0.0000  -0.0023  -0.1460    0.254
     5   0.0114   0.0426   0.0000   0.2032   0.0037   0.1210   0.0744   0.6390   0.5970   0.0330   0.0000   0.0016  -0.1423    0.247
     6   0.0167   0.0623   0.0000   0.2032   0.0043   0.1210   0.0778   0.6390   0.5970   0.0302   0.0000   0.0050  -0.1389    0.242
     7   0.0228   0.0849   0.0000   0.2032   0.0048   0.1206   0.0813   0.6371   0.5953   0.0280   0.0000   0.0079  -0.1357    0.237
     8   0.0294   0.1098   0.0000   0.2032   0.0052   0.1196   0.0851   0.6322   0.5907   0.0263   0.0000   0.0103  -0.1322    0.233
     9   0.0365   0.1363   0.0000   0.2032   0.0055   0.1179   0.0891   0.6232   0.5823   0.0249   0.0000   0.0125  -0.1280    0.229
    10   0.0439   0.1638   0.0000   0.2032   0.0057   0.1152   0.0936   0.6091   0.5691   0.0237   0.0000   0.0148  -0.1226    0.224
    11   0.0514   0.1918   0.0000   0.2032   0.0057   0.1113   0.0986   0.5886   0.5500   0.0226   0.0000   0.0172  -0.1156    0.219
    12   0.0588   0.2193   0.0000   0.2032   0.0055   0.1060   0.1038   0.5607   0.5239   0.0213   0.0000   0.0199  -0.1067    0.212
    13   0.0659   0.2458   0.0000   0.2032   0.0052   0.0991   0.1090   0.5244   0.4900   0.0198   0.0000   0.0229  -0.0957    0.203
    14   0.0725   0.2707   0.0000   0.2032   0.0048   0.0905   0.1138   0.4789   0.4474   0.0180   0.0000   0.0258  -0.0826    0.192
    15   0.0786   0.2933   0.0000   0.2032   0.0043   0.0801   0.1175   0.4238   0.3960   0.0158   0.0000   0.0282  -0.0679    0.179
    16   0.0839   0.3130   0.0000   0.2032   0.0037   0.0680   0.1194   0.3595   0.3359   0.0132   0.0000   0.0294  -0.0524    0.163
    17   0.0883   0.3294   0.0000   0.2032   0.0030   0.0543   0.1191   0.2872   0.2684   0.0103   0.0000   0.0282  -0.0372    0.145
    18   0.0917   0.3421   0.0000   0.2032   0.0022   0.0394   0.1165   0.2088   0.1951   0.0071   0.0000   0.0240  -0.0237    0.127
    19   0.0940   0.3507   0.0000   0.2032   0.0013   0.0239   0.1122   0.1265   0.1182   0.0035   0.0000   0.0164  -0.0126    0.112
    20   0.0952   0.3551   0.0000   0.2032   0.0004   0.0080   0.1090   0.0425   0.0397  -0.0001   0.0000   0.0058  -0.0039    0.104

  Surface # 2     Wing (YDUP)                             
     # Chordwise = 10   # Spanwise = 20     First strip = 21
     Surface area Ssurf =    0.072258     Ave. chord Cave =    0.203200

 Forces referred to Sref, Cref, Bref about Xref, Yref, Zref
 Standard axis orientation,  X fwd, Z down         
     CLsurf  =   0.25138     Clsurf  =   0.05496
     CYsurf  =  -0.00621     Cmsurf  =   0.02791
     CDsurf  =   0.01221     Cnsurf  =   0.00704
     CDisurf =   0.01221     CDvsurf =   0.00000

 Forces referred to Ssurf, Cave 
     CLsurf  =   0.50270     CDsurf  =   0.02441

 Strip Forces referred to Strip Area, Chord
    j     Xle      Yle      Zle      Chord    Area     c_cl     ai     cl_norm    cl       cd       cdv    cm_c/4     cm_LE   C.P.x/c
    21   0.0001  -0.0005   0.0000   0.2032   0.0004   0.1208   0.0667   0.6082   0.5683   0.2255   0.0000  -0.0109   0.1540    0.269
    22   0.0013  -0.0049   0.0000   0.2032   0.0013   0.1208   0.0669   0.6347   0.5930   0.0510   0.0000  -0.0097   0.1529    0.266
    23   0.0036  -0.0135   0.0000   0.2032   0.0022   0.1208   0.0686   0.6366   0.5948   0.0409   0.0000  -0.0064   0.1498    0.261
    24   0.0070  -0.0262   0.0000   0.2032   0.0030   0.1210   0.0713   0.6379   0.5960   0.0365   0.0000  -0.0023   0.1460    0.254
    25   0.0114  -0.0426   0.0000   0.2032   0.0037   0.1210   0.0744   0.6390   0.5970   0.0330   0.0000   0.0016   0.1423    0.247
    26   0.0167  -0.0623   0.0000   0.2032   0.0043   0.1210   0.0778   0.6390   0.5970   0.0302   0.0000   0.0050   0.1389    0.242
    27   0.0228  -0.0849   0.0000   0.2032   0.0048   0.1206   0.0813   0.6371   0.5953   0.0280   0.0000   0.0079   0.1357    0.237
    28   0.0294  -0.1098   0.0000   0.2032   0.0052   0.1196   0.0851   0.6322   0.5907   0.0263   0.0000   0.0103   0.1322    0.233
    29   0.0365  -0.1363   0.0000   0.2032   0.0055   0.1179   0.0891   0.6232   0.5823   0.0249   0.0000   0.0125   0.1280    0.229
    30   0.0439  -0.1638   0.0000   0.2032   0.0057   0.1152   0.0936   0.6091   0.5691   0.0237   0.0000   0.0148   0.1226    0.224
    31   0.0514  -0.1918   0.0000   0.2032   0.0057   0.1113   0.0986   0.5886   0.5500   0.0226   0.0000   0.0172   0.1156    0.219
    32   0.0588  -0.2193   0.0000   0.2032   0.0055   0.1060   0.1038   0.5607   0.5239   0.0213   0.0000   0.0199   0.1067    0.212
    33   0.0659  -0.2458   0.0000   0.2032   0.0052   0.0991   0.1090   0.5244   0.4900   0.0198   0.0000   0.0229   0.0957    0.203
    34   0.0725  -0.2707   0.0000   0.2032   0.0048   0.0905   0.1138   0.4789   0.4474   0.0180   0.0000   0.0258   0.0826    0.192
    35   0.0786  -0.2933   0.0000   0.2032   0.0043   0.0801   0.1175   0.4238   0.3960   0.0158   0.0000   0.0282   0.0679    0.179
    36   0.0839  -0.3130   0.0000   0.2032   0.0037   0.0680   0.1194   0.3595   0.3359   0.0132   0.0000   0.0294   0.0524    0.163
    37   0.0883  -0.3294   0.0000   0.2032   0.0030   0.0543   0.1191   0.2872   0.2684   0.0103   0.0000   0.0282   0.0372    0.145
    38   0.0917  -0.3421   0.0000   0.2032   0.0022   0.0394   0.1165   0.2088   0.1951   0.0071   0.0000   0.0240   0.0237    0.127
    39   0.0940  -0.3507   0.0000   0.2032   0.0013   0.0239   0.1122   0.1265   0.1182   0.0035   0.0000   0.0164   0.0126    0.112
    40   0.0952  -0.3551   0.0000   0.2032   0.0004   0.0080   0.1090   0.0425   0.0397  -0.0001   0.0000   0.0058   0.0039    0.104
 ---------------------------------------------------------------
