 ---------------------------------------------------------------
 Surface and Strip Forces by surface

  Sref = 0.11150       Cref = 0.21000       Bref = 0.60960    
  Xref = 0.10920       Yref =  0.0000       Zref =  0.0000    

  Surface # 1     Wing                                    
     # Chordwise = 10   # Spanwise = 20     First strip =  1
     Surface area Ssurf =    0.092903     Ave. chord Cave =    0.304800

 Forces referred to Sref, Cref, Bref about Xref, Yref, Zref
 Standard axis orientation,  X fwd, Z down         
     CLsurf  =   0.32578     Clsurf  =  -0.06994
     CYsurf  =   0.01037     Cmsurf  =  -0.00190
     CDsurf  =   0.02206     Cnsurf  =  -0.01366
     CDisurf =   0.02206     CDvsurf =   0.00000

 Forces referred to Ssurf, Cave 
     CLsurf  =   0.39099     CDsurf  =   0.02648

 Strip Forces referred to Strip Area, Chord
    j     Xle      Yle      Zle      Chord    Area     c_cl     ai     cl_norm    cl       cd       cdv    cm_c/4     cm_LE   C.P.x/c
     1   0.0002   0.0005   0.0000   0.3048   0.0006   0.1470   0.1121   0.4918   0.4322   0.3638   0.0000  -0.0049  -0.1175    0.261
     2   0.0016   0.0042   0.0000   0.3048   0.0017   0.1470   0.1109   0.5439   0.4780   0.0648   0.0000  -0.0043  -0.1169    0.259
     3   0.0044   0.0116   0.0000   0.3048   0.0028   0.1470   0.1109   0.5470   0.4807   0.0463   0.0000  -0.0022  -0.1149    0.255
     4   0.0085   0.0225   0.0000   0.3048   0.0038   0.1468   0.1121   0.5473   0.4810   0.0417   0.0000   0.0011  -0.1117    0.248
     5   0.0137   0.0365   0.0000   0.3048   0.0047   0.1465   0.1141   0.5467   0.4805   0.0385   0.0000   0.0048  -0.1080    0.240
     6   0.0201   0.0534   0.0000   0.3048   0.0055   0.1459   0.1165   0.5447   0.4787   0.0355   0.0000   0.0085  -0.1040    0.232
     7   0.0274   0.0728   0.0000   0.3048   0.0062   0.1446   0.1194   0.5405   0.4750   0.0327   0.0000   0.0121  -0.0997    0.225
     8   0.0354   0.0941   0.0000   0.3048   0.0067   0.1426   0.1225   0.5332   0.4686   0.0302   0.0000   0.0155  -0.0950    0.217
     9   0.0440   0.1168   0.0000   0.3048   0.0071   0.1395   0.1257   0.5218   0.4586   0.0278   0.0000   0.0187  -0.0896    0.209
    10   0.0529   0.1404   0.0000   0.3048   0.0073   0.1351   0.1289   0.5057   0.4444   0.0255   0.0000   0.0217  -0.0834    0.201
    11   0.0618   0.1644   0.0000   0.3048   0.0073   0.1292   0.1320   0.4838   0.4252   0.0231   0.0000   0.0246  -0.0761    0.192
    12   0.0707   0.1880   0.0000   0.3048   0.0071   0.1216   0.1347   0.4558   0.4006   0.0207   0.0000   0.0273  -0.0679    0.182
    13   0.0793   0.2107   0.0000   0.3048   0.0067   0.1124   0.1368   0.4212   0.3702   0.0181   0.0000   0.0295  -0.0586    0.170
    14   0.0873   0.2320   0.0000   0.3048   0.0062   0.1013   0.1380   0.3800   0.3340   0.0154   0.0000   0.0310  -0.0488    0.157
    15   0.0946   0.2514   0.0000   0.3048   0.0055   0.0886   0.1380   0.3325   0.2922   0.0126   0.0000   0.0314  -0.0387    0.143
    16   0.1010   0.2683   0.0000   0.3048   0.0047   0.0744   0.1367   0.2794   0.2455   0.0097   0.0000   0.0301  -0.0289    0.127
    17   0.1062   0.2823   0.0000   0.3048   0.0038   0.0590   0.1342   0.2216   0.1948   0.0069   0.0000   0.0269  -0.0201    0.112
    18   0.1103   0.2932   0.0000   0.3048   0.0028   0.0427   0.1306   0.1605   0.1410   0.0040   0.0000   0.0214  -0.0127    0.098
    19   0.1131   0.3006   0.0000   0.3048   0.0017   0.0258   0.1269   0.0972   0.0854   0.0010   0.0000   0.0138  -0.0068    0.088
    20   0.1145   0.3043   0.0000   0.3048   0.0006   0.0086   0.1250   0.0328   0.0288  -0.0014   0.0000   0.0048  -0.0021    0.084

  Surface # 2     Wing (YDUP)                             
     # Chordwise = 10   # Spanwise = 20     First strip = 21
     Surface area Ssurf =    0.092903     Ave. chord Cave =    0.304800

 Forces referred to Sref, Cref, Bref about Xref, Yref, Zref
 Standard axis orientation,  X fwd, Z down         
     CLsurf  =   0.32578     Clsurf  =   0.06994
     CYsurf  =  -0.01037     Cmsurf  =  -0.00190
     CDsurf  =   0.02206     Cnsurf  =   0.01366
     CDisurf =   0.02206     CDvsurf =   0.00000

 Forces referred to Ssurf, Cave 
     CLsurf  =   0.39099     CDsurf  =   0.02648

 Strip Forces referred to Strip Area, Chord
    j     Xle      Yle      Zle      Chord    Area     c_cl     ai     cl_norm    cl       cd       cdv    cm_c/4     cm_LE   C.P.x/c
    21   0.0002  -0.0005   0.0000   0.3048   0.0006   0.1470   0.1121   0.4918   0.4322   0.3638   0.0000  -0.0049   0.1175    0.261
    22   0.0016  -0.0042   0.0000   0.3048   0.0017   0.1470   0.1109   0.5439   0.4780   0.0648   0.0000  -0.0043   0.1169    0.259
    23   0.0044  -0.0116   0.0000   0.3048   0.0028   0.1470   0.1109   0.5470   0.4807   0.0463   0.0000  -0.0022   0.1149    0.255
    24   0.0085  -0.0225   0.0000   0.3048   0.0038   0.1468   0.1121   0.5473   0.4810   0.0417   0.0000   0.0011   0.1117    0.248
    25   0.0137  -0.0365   0.0000   0.3048   0.0047   0.1465   0.1141   0.5467   0.4805   0.0385   0.0000   0.0048   0.1080    0.240
    26   0.0201  -0.0534   0.0000   0.3048   0.0055   0.1459   0.1165   0.5447   0.4787   0.0355   0.0000   0.0085   0.1040    0.232
    27   0.0274  -0.0728   0.0000   0.3048   0.0062   0.1446   0.1194   0.5405   0.4750   0.0327   0.0000   0.0121   0.0997    0.225
    28   0.0354  -0.0941   0.0000   0.3048   0.0067   0.1426   0.1225   0.5332   0.4686   0.0302   0.0000   0.0155   0.0950    0.217
    29   0.0440  -0.1168   0.0000   0.3048   0.0071   0.1395   0.1257   0.5218   0.4586   0.0278   0.0000   0.0187   0.0896    0.209
    30   0.0529  -0.1404   0.0000   0.3048   0.0073   0.1351   0.1289   0.5057   0.4444   0.0255   0.0000   0.0217   0.0834    0.201
    31   0.0618  -0.1644   0.0000   0.3048   0.0073   0.1292   0.1320   0.4838   0.4252   0.0231   0.0000   0.0246   0.0761    0.192
    32   0.0707  -0.1880   0.0000   0.3048   0.0071   0.1216   0.1347   0.4558   0.4006   0.0207   0.0000   0.0273   0.0679    0.182
    33   0.0793  -0.2107   0.0000   0.3048   0.0067   0.1124   0.1368   0.4212   0.3702   0.0181   0.0000   0.0295   0.0586    0.170
    34   0.0873  -0.2320   0.0000   0.3048   0.0062   0.1013   0.1380   0.3800   0.3340   0.0154   0.0000   0.0310   0.0488    0.157
    35   0.0946  -0.2514   0.0000   0.3048   0.0055   0.0886   0.1380   0.3325   0.2922   0.0126   0.0000   0.0314   0.0387    0.143
    36   0.1010  -0.2683   0.0000   0.3048   0.0047   0.0744   0.1367   0.2794   0.2455   0.0097   0.0000   0.0301   0.0289    0.127
    37   0.1062  -0.2823   0.0000   0.3048   0.0038   0.0590   0.1342   0.2216   0.1948   0.0069   0.0000   0.0269   0.0201    0.112
    38   0.1103  -0.2932   0.0000   0.3048   0.0028   0.0427   0.1306   0.1605   0.1410   0.0040   0.0000   0.0214   0.0127    0.098
    39   0.1131  -0.3006   0.0000   0.3048   0.0017   0.0258   0.1269   0.0972   0.0854   0.0010   0.0000   0.0138   0.0068    0.088
    40   0.1145  -0.3043   0.0000   0.3048   0.0006   0.0086   0.1250   0.0328   0.0288  -0.0014   0.0000   0.0048   0.0021    0.084
 ---------------------------------------------------------------
