 ---------------------------------------------------------------
 Surface and Strip Forces by surface

  Sref = 0.97500E-01   Cref = 0.16980       Bref = 0.60960    
  Xref = 0.10920       Yref =  0.0000       Zref =  0.0000    

  Surface # 1     Wing                                    
     # Chordwise = 10   # Spanwise = 20     First strip =  1
     Surface area Ssurf =    0.069677     Ave. chord Cave =    0.228600

 Forces referred to Sref, Cref, Bref about Xref, Yref, Zref
 Standard axis orientation,  X fwd, Z down         
     CLsurf  =   0.37256     Clsurf  =  -0.08087
     CYsurf  =   0.01496     Cmsurf  =   0.02112
     CDsurf  =   0.02510     Cnsurf  =  -0.01580
     CDisurf =   0.02510     CDvsurf =   0.00000

 Forces referred to Ssurf, Cave 
     CLsurf  =   0.52132     CDsurf  =   0.03512

 Strip Forces referred to Strip Area, Chord
    j     Xle      Yle      Zle      Chord    Area     c_cl     ai     cl_norm    cl       cd       cdv    cm_c/4     cm_LE   C.P.x/c
     1   0.0002   0.0005   0.0000   0.2286   0.0004   0.1426   0.0951   0.6354   0.5574   0.4336   0.0000  -0.0157  -0.1604    0.278
     2   0.0016   0.0042   0.0000   0.2286   0.0013   0.1426   0.0958   0.7051   0.6186   0.0835   0.0000  -0.0145  -0.1593    0.273
     3   0.0044   0.0116   0.0000   0.2286   0.0021   0.1426   0.0980   0.7095   0.6224   0.0631   0.0000  -0.0109  -0.1559    0.267
     4   0.0085   0.0225   0.0000   0.2286   0.0029   0.1427   0.1014   0.7113   0.6240   0.0566   0.0000  -0.0058  -0.1513    0.259
     5   0.0139   0.0365   0.0000   0.2286   0.0036   0.1428   0.1054   0.7126   0.6251   0.0513   0.0000  -0.0005  -0.1464    0.251
     6   0.0203   0.0534   0.0000   0.2286   0.0042   0.1426   0.1098   0.7126   0.6251   0.0467   0.0000   0.0044  -0.1417    0.243
     7   0.0277   0.0728   0.0000   0.2286   0.0047   0.1420   0.1144   0.7101   0.6229   0.0427   0.0000   0.0087  -0.1369    0.236
     8   0.0358   0.0941   0.0000   0.2286   0.0051   0.1406   0.1193   0.7039   0.6175   0.0394   0.0000   0.0127  -0.1319    0.230
     9   0.0445   0.1168   0.0000   0.2286   0.0053   0.1383   0.1244   0.6928   0.6077   0.0364   0.0000   0.0163  -0.1261    0.223
    10   0.0534   0.1404   0.0000   0.2286   0.0054   0.1348   0.1297   0.6754   0.5925   0.0336   0.0000   0.0199  -0.1192    0.216
    11   0.0626   0.1644   0.0000   0.2286   0.0054   0.1297   0.1351   0.6506   0.5707   0.0309   0.0000   0.0235  -0.1107    0.209
    12   0.0715   0.1880   0.0000   0.2286   0.0053   0.1230   0.1404   0.6172   0.5415   0.0280   0.0000   0.0272  -0.1004    0.200
    13   0.0802   0.2107   0.0000   0.2286   0.0051   0.1145   0.1452   0.5745   0.5040   0.0249   0.0000   0.0307  -0.0883    0.189
    14   0.0883   0.2320   0.0000   0.2286   0.0047   0.1040   0.1490   0.5219   0.4578   0.0215   0.0000   0.0337  -0.0747    0.176
    15   0.0957   0.2514   0.0000   0.2286   0.0042   0.0915   0.1514   0.4596   0.4032   0.0178   0.0000   0.0357  -0.0602    0.162
    16   0.1021   0.2683   0.0000   0.2286   0.0036   0.0773   0.1520   0.3883   0.3406   0.0140   0.0000   0.0357  -0.0456    0.145
    17   0.1075   0.2823   0.0000   0.2286   0.0029   0.0615   0.1506   0.3094   0.2714   0.0101   0.0000   0.0330  -0.0320    0.128
    18   0.1116   0.2932   0.0000   0.2286   0.0021   0.0446   0.1475   0.2247   0.1971   0.0061   0.0000   0.0271  -0.0203    0.112
    19   0.1144   0.3006   0.0000   0.2286   0.0013   0.0270   0.1434   0.1363   0.1196   0.0021   0.0000   0.0179  -0.0108    0.100
    20   0.1158   0.3043   0.0000   0.2286   0.0004   0.0090   0.1409   0.0461   0.0404  -0.0016   0.0000   0.0063  -0.0034    0.095

  Surface # 2     Wing (YDUP)                             
     # Chordwise = 10   # Spanwise = 20     First strip = 21
     Surface area Ssurf =    0.069677     Ave. chord Cave =    0.228600

 Forces referred to Sref, Cref, Bref about Xref, Yref, Zref
 Standard axis orientation,  X fwd, Z down         
     CLsurf  =   0.37256     Clsurf  =   0.08087
     CYsurf  =  -0.01496     Cmsurf  =   0.02112
     CDsurf  =   0.02510     Cnsurf  =   0.01580
     CDisurf =   0.02510     CDvsurf =   0.00000

 Forces referred to Ssurf, Cave 
     CLsurf  =   0.52132     CDsurf  =   0.03512

 Strip Forces referred to Strip Area, Chord
    j     Xle      Yle      Zle      Chord    Area     c_cl     ai     cl_norm    cl       cd       cdv    cm_c/4     cm_LE   C.P.x/c
    21   0.0002  -0.0005   0.0000   0.2286   0.0004   0.1426   0.0951   0.6354   0.5574   0.4336   0.0000  -0.0157   0.1604    0.278
    22   0.0016  -0.0042   0.0000   0.2286   0.0013   0.1426   0.0958   0.7051   0.6186   0.0835   0.0000  -0.0145   0.1593    0.273
    23   0.0044  -0.0116   0.0000   0.2286   0.0021   0.1426   0.0980   0.7095   0.6224   0.0631   0.0000  -0.0109   0.1559    0.267
    24   0.0085  -0.0225   0.0000   0.2286   0.0029   0.1427   0.1014   0.7113   0.6240   0.0566   0.0000  -0.0058   0.1513    0.259
    25   0.0139  -0.0365   0.0000   0.2286   0.0036   0.1428   0.1054   0.7126   0.6251   0.0513   0.0000  -0.0005   0.1464    0.251
    26   0.0203  -0.0534   0.0000   0.2286   0.0042   0.1426   0.1098   0.7126   0.6251   0.0467   0.0000   0.0044   0.1417    0.243
    27   0.0277  -0.0728   0.0000   0.2286   0.0047   0.1420   0.1144   0.7101   0.6229   0.0427   0.0000   0.0087   0.1369    0.236
    28   0.0358  -0.0941   0.0000   0.2286   0.0051   0.1406   0.1193   0.7039   0.6175   0.0394   0.0000   0.0127   0.1319    0.230
    29   0.0445  -0.1168   0.0000   0.2286   0.0053   0.1383   0.1244   0.6928   0.6077   0.0364   0.0000   0.0163   0.1261    0.223
    30   0.0534  -0.1404   0.0000   0.2286   0.0054   0.1348   0.1297   0.6754   0.5925   0.0336   0.0000   0.0199   0.1192    0.216
    31   0.0626  -0.1644   0.0000   0.2286   0.0054   0.1297   0.1351   0.6506   0.5707   0.0309   0.0000   0.0235   0.1107    0.209
    32   0.0715  -0.1880   0.0000   0.2286   0.0053   0.1230   0.1404   0.6172   0.5415   0.0280   0.0000   0.0272   0.1004    0.200
    33   0.0802  -0.2107   0.0000   0.2286   0.0051   0.1145   0.1452   0.5745   0.5040   0.0249   0.0000   0.0307   0.0883    0.189
    34   0.0883  -0.2320   0.0000   0.2286   0.0047   0.1040   0.1490   0.5219   0.4578   0.0215   0.0000   0.0337   0.0747    0.176
    35   0.0957  -0.2514   0.0000   0.2286   0.0042   0.0915   0.1514   0.4596   0.4032   0.0178   0.0000   0.0357   0.0602    0.162
    36   0.1021  -0.2683   0.0000   0.2286   0.0036   0.0773   0.1520   0.3883   0.3406   0.0140   0.0000   0.0357   0.0456    0.145
    37   0.1075  -0.2823   0.0000   0.2286   0.0029   0.0615   0.1506   0.3094   0.2714   0.0101   0.0000   0.0330   0.0320    0.128
    38   0.1116  -0.2932   0.0000   0.2286   0.0021   0.0446   0.1475   0.2247   0.1971   0.0061   0.0000   0.0271   0.0203    0.112
    39   0.1144  -0.3006   0.0000   0.2286   0.0013   0.0270   0.1434   0.1363   0.1196   0.0021   0.0000   0.0179   0.0108    0.100
    40   0.1158  -0.3043   0.0000   0.2286   0.0004   0.0090   0.1409   0.0461   0.0404  -0.0016   0.0000   0.0063   0.0034    0.095
 ---------------------------------------------------------------
