 ---------------------------------------------------------------
 Surface and Strip Forces by surface

  Sref = 0.13010       Cref = 0.22640       Bref = 0.60960    
  Xref = 0.10920       Yref =  0.0000       Zref =  0.0000    

  Surface # 1     Wing                                    
     # Chordwise = 10   # Spanwise = 20     First strip =  1
     Surface area Ssurf =    0.092903     Ave. chord Cave =    0.304800

 Forces referred to Sref, Cref, Bref about Xref, Yref, Zref
 Standard axis orientation,  X fwd, Z down         
     CLsurf  =   0.27920     Clsurf  =  -0.05973
     CYsurf  =   0.00565     Cmsurf  =   0.02194
     CDsurf  =   0.01846     Cnsurf  =  -0.00902
     CDisurf =   0.01846     CDvsurf =   0.00000

 Forces referred to Ssurf, Cave 
     CLsurf  =   0.39099     CDsurf  =   0.02585

 Strip Forces referred to Strip Area, Chord
    j     Xle      Yle      Zle      Chord    Area     c_cl     ai     cl_norm    cl       cd       cdv    cm_c/4     cm_LE   C.P.x/c
     1   0.0001   0.0005   0.0000   0.3048   0.0006   0.1483   0.1169   0.4780   0.4530   0.2565   0.0000   0.0042  -0.1142    0.241
     2   0.0010   0.0042   0.0000   0.3048   0.0017   0.1483   0.1158   0.5105   0.4839   0.0536   0.0000   0.0047  -0.1138    0.240
     3   0.0028   0.0116   0.0000   0.3048   0.0028   0.1482   0.1155   0.5123   0.4856   0.0408   0.0000   0.0060  -0.1124    0.238
     4   0.0053   0.0225   0.0000   0.3048   0.0038   0.1480   0.1161   0.5122   0.4854   0.0374   0.0000   0.0081  -0.1102    0.233
     5   0.0087   0.0365   0.0000   0.3048   0.0047   0.1475   0.1172   0.5110   0.4843   0.0351   0.0000   0.0106  -0.1075    0.228
     6   0.0127   0.0534   0.0000   0.3048   0.0055   0.1467   0.1187   0.5083   0.4818   0.0330   0.0000   0.0130  -0.1044    0.223
     7   0.0173   0.0728   0.0000   0.3048   0.0062   0.1452   0.1206   0.5034   0.4771   0.0311   0.0000   0.0155  -0.1008    0.218
     8   0.0223   0.0941   0.0000   0.3048   0.0067   0.1429   0.1228   0.4955   0.4697   0.0293   0.0000   0.0178  -0.0967    0.212
     9   0.0277   0.1168   0.0000   0.3048   0.0071   0.1395   0.1252   0.4840   0.4587   0.0276   0.0000   0.0201  -0.0918    0.206
    10   0.0334   0.1404   0.0000   0.3048   0.0073   0.1348   0.1277   0.4679   0.4435   0.0259   0.0000   0.0222  -0.0860    0.200
    11   0.0390   0.1644   0.0000   0.3048   0.0073   0.1287   0.1301   0.4468   0.4235   0.0242   0.0000   0.0243  -0.0791    0.193
    12   0.0447   0.1880   0.0000   0.3048   0.0071   0.1210   0.1324   0.4202   0.3983   0.0222   0.0000   0.0262  -0.0711    0.184
    13   0.0501   0.2107   0.0000   0.3048   0.0067   0.1117   0.1341   0.3878   0.3675   0.0201   0.0000   0.0278  -0.0621    0.174
    14   0.0551   0.2320   0.0000   0.3048   0.0062   0.1006   0.1352   0.3494   0.3312   0.0178   0.0000   0.0287  -0.0524    0.163
    15   0.0597   0.2514   0.0000   0.3048   0.0055   0.0880   0.1354   0.3055   0.2896   0.0153   0.0000   0.0287  -0.0423    0.151
    16   0.0637   0.2683   0.0000   0.3048   0.0047   0.0739   0.1344   0.2566   0.2432   0.0126   0.0000   0.0273  -0.0324    0.138
    17   0.0671   0.2823   0.0000   0.3048   0.0038   0.0586   0.1322   0.2035   0.1928   0.0096   0.0000   0.0242  -0.0232    0.125
    18   0.0696   0.2932   0.0000   0.3048   0.0028   0.0424   0.1290   0.1473   0.1396   0.0065   0.0000   0.0192  -0.0151    0.112
    19   0.0714   0.3006   0.0000   0.3048   0.0017   0.0256   0.1256   0.0891   0.0845   0.0031   0.0000   0.0124  -0.0084    0.103
    20   0.0723   0.3043   0.0000   0.3048   0.0006   0.0086   0.1237   0.0300   0.0284  -0.0000   0.0000   0.0043  -0.0027    0.099

  Surface # 2     Wing (YDUP)                             
     # Chordwise = 10   # Spanwise = 20     First strip = 21
     Surface area Ssurf =    0.092903     Ave. chord Cave =    0.304800

 Forces referred to Sref, Cref, Bref about Xref, Yref, Zref
 Standard axis orientation,  X fwd, Z down         
     CLsurf  =   0.27920     Clsurf  =   0.05973
     CYsurf  =  -0.00565     Cmsurf  =   0.02194
     CDsurf  =   0.01846     Cnsurf  =   0.00902
     CDisurf =   0.01846     CDvsurf =   0.00000

 Forces referred to Ssurf, Cave 
     CLsurf  =   0.39099     CDsurf  =   0.02585

 Strip Forces referred to Strip Area, Chord
    j     Xle      Yle      Zle      Chord    Area     c_cl     ai     cl_norm    cl       cd       cdv    cm_c/4     cm_LE   C.P.x/c
    21   0.0001  -0.0005   0.0000   0.3048   0.0006   0.1483   0.1169   0.4780   0.4530   0.2565   0.0000   0.0042   0.1142    0.241
    22   0.0010  -0.0042   0.0000   0.3048   0.0017   0.1483   0.1158   0.5105   0.4839   0.0536   0.0000   0.0047   0.1138    0.240
    23   0.0028  -0.0116   0.0000   0.3048   0.0028   0.1482   0.1155   0.5123   0.4856   0.0408   0.0000   0.0060   0.1124    0.238
    24   0.0053  -0.0225   0.0000   0.3048   0.0038   0.1480   0.1161   0.5122   0.4854   0.0374   0.0000   0.0081   0.1102    0.233
    25   0.0087  -0.0365   0.0000   0.3048   0.0047   0.1475   0.1172   0.5110   0.4843   0.0351   0.0000   0.0106   0.1075    0.228
    26   0.0127  -0.0534   0.0000   0.3048   0.0055   0.1467   0.1187   0.5083   0.4818   0.0330   0.0000   0.0130   0.1044    0.223
    27   0.0173  -0.0728   0.0000   0.3048   0.0062   0.1452   0.1206   0.5034   0.4771   0.0311   0.0000   0.0155   0.1008    0.218
    28   0.0223  -0.0941   0.0000   0.3048   0.0067   0.1429   0.1228   0.4955   0.4697   0.0293   0.0000   0.0178   0.0967    0.212
    29   0.0277  -0.1168   0.0000   0.3048   0.0071   0.1395   0.1252   0.4840   0.4587   0.0276   0.0000   0.0201   0.0918    0.206
    30   0.0334  -0.1404   0.0000   0.3048   0.0073   0.1348   0.1277   0.4679   0.4435   0.0259   0.0000   0.0222   0.0860    0.200
    31   0.0390  -0.1644   0.0000   0.3048   0.0073   0.1287   0.1301   0.4468   0.4235   0.0242   0.0000   0.0243   0.0791    0.193
    32   0.0447  -0.1880   0.0000   0.3048   0.0071   0.1210   0.1324   0.4202   0.3983   0.0222   0.0000   0.0262   0.0711    0.184
    33   0.0501  -0.2107   0.0000   0.3048   0.0067   0.1117   0.1341   0.3878   0.3675   0.0201   0.0000   0.0278   0.0621    0.174
    34   0.0551  -0.2320   0.0000   0.3048   0.0062   0.1006   0.1352   0.3494   0.3312   0.0178   0.0000   0.0287   0.0524    0.163
    35   0.0597  -0.2514   0.0000   0.3048   0.0055   0.0880   0.1354   0.3055   0.2896   0.0153   0.0000   0.0287   0.0423    0.151
    36   0.0637  -0.2683   0.0000   0.3048   0.0047   0.0739   0.1344   0.2566   0.2432   0.0126   0.0000   0.0273   0.0324    0.138
    37   0.0671  -0.2823   0.0000   0.3048   0.0038   0.0586   0.1322   0.2035   0.1928   0.0096   0.0000   0.0242   0.0232    0.125
    38   0.0696  -0.2932   0.0000   0.3048   0.0028   0.0424   0.1290   0.1473   0.1396   0.0065   0.0000   0.0192   0.0151    0.112
    39   0.0714  -0.3006   0.0000   0.3048   0.0017   0.0256   0.1256   0.0891   0.0845   0.0031   0.0000   0.0124   0.0084    0.103
    40   0.0723  -0.3043   0.0000   0.3048   0.0006   0.0086   0.1237   0.0300   0.0284  -0.0000   0.0000   0.0043   0.0027    0.099
 ---------------------------------------------------------------
