 ---------------------------------------------------------------
 Surface and Strip Forces by surface

  Sref = 0.10840       Cref = 0.18870       Bref = 0.60960    
  Xref = 0.10920       Yref =  0.0000       Zref =  0.0000    

  Surface # 1     Wing                                    
     # Chordwise = 10   # Spanwise = 20     First strip =  1
     Surface area Ssurf =    0.077419     Ave. chord Cave =    0.254000

 Forces referred to Sref, Cref, Bref about Xref, Yref, Zref
 Standard axis orientation,  X fwd, Z down         
     CLsurf  =   0.33510     Clsurf  =  -0.07201
     CYsurf  =   0.00690     Cmsurf  =   0.05065
     CDsurf  =   0.02200     Cnsurf  =  -0.01052
     CDisurf =   0.02200     CDvsurf =   0.00000

 Forces referred to Ssurf, Cave 
     CLsurf  =   0.46919     CDsurf  =   0.03080

 Strip Forces referred to Strip Area, Chord
    j     Xle      Yle      Zle      Chord    Area     c_cl     ai     cl_norm    cl       cd       cdv    cm_c/4     cm_LE   C.P.x/c
     1   0.0001   0.0005   0.0000   0.2540   0.0005   0.1465   0.1110   0.5649   0.5411   0.2640   0.0000   0.0013  -0.1397    0.248
     2   0.0009   0.0042   0.0000   0.2540   0.0014   0.1465   0.1105   0.5997   0.5745   0.0602   0.0000   0.0019  -0.1392    0.247
     3   0.0025   0.0116   0.0000   0.2540   0.0023   0.1464   0.1109   0.6017   0.5763   0.0477   0.0000   0.0036  -0.1375    0.244
     4   0.0048   0.0225   0.0000   0.2540   0.0032   0.1463   0.1120   0.6018   0.5765   0.0438   0.0000   0.0061  -0.1349    0.239
     5   0.0078   0.0365   0.0000   0.2540   0.0039   0.1460   0.1137   0.6009   0.5756   0.0409   0.0000   0.0089  -0.1319    0.235
     6   0.0114   0.0534   0.0000   0.2540   0.0046   0.1453   0.1158   0.5984   0.5732   0.0385   0.0000   0.0116  -0.1285    0.230
     7   0.0155   0.0728   0.0000   0.2540   0.0052   0.1440   0.1183   0.5935   0.5685   0.0364   0.0000   0.0141  -0.1248    0.225
     8   0.0200   0.0941   0.0000   0.2540   0.0056   0.1419   0.1211   0.5853   0.5606   0.0345   0.0000   0.0166  -0.1204    0.220
     9   0.0248   0.1168   0.0000   0.2540   0.0059   0.1389   0.1243   0.5728   0.5487   0.0327   0.0000   0.0189  -0.1152    0.216
    10   0.0299   0.1404   0.0000   0.2540   0.0061   0.1346   0.1276   0.5552   0.5318   0.0310   0.0000   0.0213  -0.1088    0.210
    11   0.0349   0.1644   0.0000   0.2540   0.0061   0.1289   0.1311   0.5317   0.5093   0.0292   0.0000   0.0236  -0.1010    0.204
    12   0.0400   0.1880   0.0000   0.2540   0.0059   0.1215   0.1345   0.5016   0.4804   0.0273   0.0000   0.0259  -0.0917    0.196
    13   0.0448   0.2107   0.0000   0.2540   0.0056   0.1125   0.1376   0.4643   0.4448   0.0251   0.0000   0.0280  -0.0810    0.187
    14   0.0493   0.2320   0.0000   0.2540   0.0052   0.1017   0.1400   0.4198   0.4021   0.0226   0.0000   0.0295  -0.0691    0.177
    15   0.0534   0.2514   0.0000   0.2540   0.0046   0.0892   0.1415   0.3682   0.3527   0.0197   0.0000   0.0302  -0.0564    0.165
    16   0.0570   0.2683   0.0000   0.2540   0.0039   0.0751   0.1415   0.3101   0.2970   0.0165   0.0000   0.0293  -0.0436    0.151
    17   0.0600   0.2823   0.0000   0.2540   0.0032   0.0597   0.1401   0.2464   0.2361   0.0130   0.0000   0.0266  -0.0315    0.138
    18   0.0623   0.2932   0.0000   0.2540   0.0023   0.0433   0.1373   0.1787   0.1711   0.0091   0.0000   0.0215  -0.0207    0.125
    19   0.0639   0.3006   0.0000   0.2540   0.0014   0.0262   0.1337   0.1082   0.1036   0.0047   0.0000   0.0141  -0.0114    0.114
    20   0.0647   0.3043   0.0000   0.2540   0.0005   0.0088   0.1316   0.0364   0.0349   0.0005   0.0000   0.0049  -0.0036    0.109

  Surface # 2     Wing (YDUP)                             
     # Chordwise = 10   # Spanwise = 20     First strip = 21
     Surface area Ssurf =    0.077419     Ave. chord Cave =    0.254000

 Forces referred to Sref, Cref, Bref about Xref, Yref, Zref
 Standard axis orientation,  X fwd, Z down         
     CLsurf  =   0.33510     Clsurf  =   0.07201
     CYsurf  =  -0.00690     Cmsurf  =   0.05065
     CDsurf  =   0.02200     Cnsurf  =   0.01052
     CDisurf =   0.02200     CDvsurf =   0.00000

 Forces referred to Ssurf, Cave 
     CLsurf  =   0.46919     CDsurf  =   0.03080

 Strip Forces referred to Strip Area, Chord
    j     Xle      Yle      Zle      Chord    Area     c_cl     ai     cl_norm    cl       cd       cdv    cm_c/4     cm_LE   C.P.x/c
    21   0.0001  -0.0005   0.0000   0.2540   0.0005   0.1465   0.1110   0.5649   0.5411   0.2640   0.0000   0.0013   0.1397    0.248
    22   0.0009  -0.0042   0.0000   0.2540   0.0014   0.1465   0.1105   0.5997   0.5745   0.0602   0.0000   0.0019   0.1392    0.247
    23   0.0025  -0.0116   0.0000   0.2540   0.0023   0.1464   0.1109   0.6017   0.5763   0.0477   0.0000   0.0036   0.1375    0.244
    24   0.0048  -0.0225   0.0000   0.2540   0.0032   0.1463   0.1120   0.6018   0.5765   0.0438   0.0000   0.0061   0.1349    0.239
    25   0.0078  -0.0365   0.0000   0.2540   0.0039   0.1460   0.1137   0.6009   0.5756   0.0409   0.0000   0.0089   0.1319    0.235
    26   0.0114  -0.0534   0.0000   0.2540   0.0046   0.1453   0.1158   0.5984   0.5732   0.0385   0.0000   0.0116   0.1285    0.230
    27   0.0155  -0.0728   0.0000   0.2540   0.0052   0.1440   0.1183   0.5935   0.5685   0.0364   0.0000   0.0141   0.1248    0.225
    28   0.0200  -0.0941   0.0000   0.2540   0.0056   0.1419   0.1211   0.5853   0.5606   0.0345   0.0000   0.0166   0.1204    0.220
    29   0.0248  -0.1168   0.0000   0.2540   0.0059   0.1389   0.1243   0.5728   0.5487   0.0327   0.0000   0.0189   0.1152    0.216
    30   0.0299  -0.1404   0.0000   0.2540   0.0061   0.1346   0.1276   0.5552   0.5318   0.0310   0.0000   0.0213   0.1088    0.210
    31   0.0349  -0.1644   0.0000   0.2540   0.0061   0.1289   0.1311   0.5317   0.5093   0.0292   0.0000   0.0236   0.1010    0.204
    32   0.0400  -0.1880   0.0000   0.2540   0.0059   0.1215   0.1345   0.5016   0.4804   0.0273   0.0000   0.0259   0.0917    0.196
    33   0.0448  -0.2107   0.0000   0.2540   0.0056   0.1125   0.1376   0.4643   0.4448   0.0251   0.0000   0.0280   0.0810    0.187
    34   0.0493  -0.2320   0.0000   0.2540   0.0052   0.1017   0.1400   0.4198   0.4021   0.0226   0.0000   0.0295   0.0691    0.177
    35   0.0534  -0.2514   0.0000   0.2540   0.0046   0.0892   0.1415   0.3682   0.3527   0.0197   0.0000   0.0302   0.0564    0.165
    36   0.0570  -0.2683   0.0000   0.2540   0.0039   0.0751   0.1415   0.3101   0.2970   0.0165   0.0000   0.0293   0.0436    0.151
    37   0.0600  -0.2823   0.0000   0.2540   0.0032   0.0597   0.1401   0.2464   0.2361   0.0130   0.0000   0.0266   0.0315    0.138
    38   0.0623  -0.2932   0.0000   0.2540   0.0023   0.0433   0.1373   0.1787   0.1711   0.0091   0.0000   0.0215   0.0207    0.125
    39   0.0639  -0.3006   0.0000   0.2540   0.0014   0.0262   0.1337   0.1082   0.1036   0.0047   0.0000   0.0141   0.0114    0.114
    40   0.0647  -0.3043   0.0000   0.2540   0.0005   0.0088   0.1316   0.0364   0.0349   0.0005   0.0000   0.0049   0.0036    0.109
 ---------------------------------------------------------------
