 ---------------------------------------------------------------
 Surface and Strip Forces by surface

  Sref = 0.86700E-01   Cref = 0.15090       Bref = 0.60960    
  Xref = 0.10920       Yref =  0.0000       Zref =  0.0000    

  Surface # 1     Wing                                    
     # Chordwise = 10   # Spanwise = 20     First strip =  1
     Surface area Ssurf =    0.061935     Ave. chord Cave =    0.203200

 Forces referred to Sref, Cref, Bref about Xref, Yref, Zref
 Standard axis orientation,  X fwd, Z down         
     CLsurf  =   0.41897     Clsurf  =  -0.09132
     CYsurf  =   0.01793     Cmsurf  =   0.04317
     CDsurf  =   0.02815     Cnsurf  =  -0.01783
     CDisurf =   0.02815     CDvsurf =   0.00000

 Forces referred to Ssurf, Cave 
     CLsurf  =   0.58649     CDsurf  =   0.03941

 Strip Forces referred to Strip Area, Chord
    j     Xle      Yle      Zle      Chord    Area     c_cl     ai     cl_norm    cl       cd       cdv    cm_c/4     cm_LE   C.P.x/c
     1   0.0002   0.0005   0.0000   0.2032   0.0004   0.1407   0.0883   0.7009   0.6200   0.4555   0.0000  -0.0192  -0.1805    0.281
     2   0.0016   0.0042   0.0000   0.2032   0.0011   0.1408   0.0899   0.7772   0.6875   0.0920   0.0000  -0.0177  -0.1792    0.276
     3   0.0043   0.0116   0.0000   0.2032   0.0019   0.1409   0.0931   0.7822   0.6920   0.0710   0.0000  -0.0133  -0.1752    0.269
     4   0.0083   0.0225   0.0000   0.2032   0.0025   0.1411   0.0974   0.7849   0.6944   0.0633   0.0000  -0.0076  -0.1700    0.261
     5   0.0134   0.0365   0.0000   0.2032   0.0032   0.1413   0.1022   0.7873   0.6964   0.0569   0.0000  -0.0018  -0.1647    0.253
     6   0.0197   0.0534   0.0000   0.2032   0.0037   0.1412   0.1072   0.7883   0.6974   0.0516   0.0000   0.0034  -0.1598    0.245
     7   0.0268   0.0728   0.0000   0.2032   0.0041   0.1408   0.1124   0.7868   0.6960   0.0472   0.0000   0.0079  -0.1551    0.239
     8   0.0346   0.0941   0.0000   0.2032   0.0045   0.1397   0.1178   0.7813   0.6912   0.0436   0.0000   0.0119  -0.1502    0.233
     9   0.0430   0.1168   0.0000   0.2032   0.0047   0.1377   0.1235   0.7706   0.6817   0.0405   0.0000   0.0155  -0.1444    0.227
    10   0.0517   0.1404   0.0000   0.2032   0.0048   0.1345   0.1296   0.7530   0.6661   0.0377   0.0000   0.0191  -0.1374    0.221
    11   0.0605   0.1644   0.0000   0.2032   0.0048   0.1298   0.1360   0.7272   0.6433   0.0349   0.0000   0.0228  -0.1285    0.215
    12   0.0692   0.1880   0.0000   0.2032   0.0047   0.1235   0.1424   0.6920   0.6121   0.0320   0.0000   0.0267  -0.1175    0.206
    13   0.0776   0.2107   0.0000   0.2032   0.0045   0.1153   0.1485   0.6461   0.5715   0.0288   0.0000   0.0307  -0.1043    0.196
    14   0.0854   0.2320   0.0000   0.2032   0.0041   0.1050   0.1537   0.5888   0.5209   0.0252   0.0000   0.0344  -0.0890    0.184
    15   0.0925   0.2514   0.0000   0.2032   0.0037   0.0927   0.1574   0.5201   0.4601   0.0212   0.0000   0.0370  -0.0723    0.170
    16   0.0988   0.2683   0.0000   0.2032   0.0032   0.0785   0.1591   0.4406   0.3898   0.0169   0.0000   0.0377  -0.0552    0.153
    17   0.1039   0.2823   0.0000   0.2032   0.0025   0.0626   0.1585   0.3518   0.3113   0.0124   0.0000   0.0355  -0.0390    0.136
    18   0.1079   0.2932   0.0000   0.2032   0.0019   0.0455   0.1558   0.2559   0.2264   0.0078   0.0000   0.0296  -0.0248    0.119
    19   0.1106   0.3006   0.0000   0.2032   0.0011   0.0276   0.1518   0.1554   0.1375   0.0031   0.0000   0.0198  -0.0133    0.106
    20   0.1120   0.3043   0.0000   0.2032   0.0004   0.0092   0.1491   0.0526   0.0465  -0.0015   0.0000   0.0070  -0.0041    0.100

  Surface # 2     Wing (YDUP)                             
     # Chordwise = 10   # Spanwise = 20     First strip = 21
     Surface area Ssurf =    0.061935     Ave. chord Cave =    0.203200

 Forces referred to Sref, Cref, Bref about Xref, Yref, Zref
 Standard axis orientation,  X fwd, Z down         
     CLsurf  =   0.41897     Clsurf  =   0.09132
     CYsurf  =  -0.01793     Cmsurf  =   0.04317
     CDsurf  =   0.02815     Cnsurf  =   0.01783
     CDisurf =   0.02815     CDvsurf =   0.00000

 Forces referred to Ssurf, Cave 
     CLsurf  =   0.58649     CDsurf  =   0.03941

 Strip Forces referred to Strip Area, Chord
    j     Xle      Yle      Zle      Chord    Area     c_cl     ai     cl_norm    cl       cd       cdv    cm_c/4     cm_LE   C.P.x/c
    21   0.0002  -0.0005   0.0000   0.2032   0.0004   0.1407   0.0883   0.7009   0.6200   0.4555   0.0000  -0.0192   0.1805    0.281
    22   0.0016  -0.0042   0.0000   0.2032   0.0011   0.1408   0.0899   0.7772   0.6875   0.0920   0.0000  -0.0177   0.1792    0.276
    23   0.0043  -0.0116   0.0000   0.2032   0.0019   0.1409   0.0931   0.7822   0.6920   0.0710   0.0000  -0.0133   0.1752    0.269
    24   0.0083  -0.0225   0.0000   0.2032   0.0025   0.1411   0.0974   0.7849   0.6944   0.0633   0.0000  -0.0076   0.1700    0.261
    25   0.0134  -0.0365   0.0000   0.2032   0.0032   0.1413   0.1022   0.7873   0.6964   0.0569   0.0000  -0.0018   0.1647    0.253
    26   0.0197  -0.0534   0.0000   0.2032   0.0037   0.1412   0.1072   0.7883   0.6974   0.0516   0.0000   0.0034   0.1598    0.245
    27   0.0268  -0.0728   0.0000   0.2032   0.0041   0.1408   0.1124   0.7868   0.6960   0.0472   0.0000   0.0079   0.1551    0.239
    28   0.0346  -0.0941   0.0000   0.2032   0.0045   0.1397   0.1178   0.7813   0.6912   0.0436   0.0000   0.0119   0.1502    0.233
    29   0.0430  -0.1168   0.0000   0.2032   0.0047   0.1377   0.1235   0.7706   0.6817   0.0405   0.0000   0.0155   0.1444    0.227
    30   0.0517  -0.1404   0.0000   0.2032   0.0048   0.1345   0.1296   0.7530   0.6661   0.0377   0.0000   0.0191   0.1374    0.221
    31   0.0605  -0.1644   0.0000   0.2032   0.0048   0.1298   0.1360   0.7272   0.6433   0.0349   0.0000   0.0228   0.1285    0.215
    32   0.0692  -0.1880   0.0000   0.2032   0.0047   0.1235   0.1424   0.6920   0.6121   0.0320   0.0000   0.0267   0.1175    0.206
    33   0.0776  -0.2107   0.0000   0.2032   0.0045   0.1153   0.1485   0.6461   0.5715   0.0288   0.0000   0.0307   0.1043    0.196
    34   0.0854  -0.2320   0.0000   0.2032   0.0041   0.1050   0.1537   0.5888   0.5209   0.0252   0.0000   0.0344   0.0890    0.184
    35   0.0925  -0.2514   0.0000   0.2032   0.0037   0.0927   0.1574   0.5201   0.4601   0.0212   0.0000   0.0370   0.0723    0.170
    36   0.0988  -0.2683   0.0000   0.2032   0.0032   0.0785   0.1591   0.4406   0.3898   0.0169   0.0000   0.0377   0.0552    0.153
    37   0.1039  -0.2823   0.0000   0.2032   0.0025   0.0626   0.1585   0.3518   0.3113   0.0124   0.0000   0.0355   0.0390    0.136
    38   0.1079  -0.2932   0.0000   0.2032   0.0019   0.0455   0.1558   0.2559   0.2264   0.0078   0.0000   0.0296   0.0248    0.119
    39   0.1106  -0.3006   0.0000   0.2032   0.0011   0.0276   0.1518   0.1554   0.1375   0.0031   0.0000   0.0198   0.0133    0.106
    40   0.1120  -0.3043   0.0000   0.2032   0.0004   0.0092   0.1491   0.0526   0.0465  -0.0015   0.0000   0.0070   0.0041    0.100
 ---------------------------------------------------------------
