 ---------------------------------------------------------------
 Surface and Strip Forces by surface

  Sref = 0.17880       Cref = 0.25250       Bref = 0.71120    
  Xref = 0.10920       Yref =  0.0000       Zref =  0.0000    

  Surface # 1     Wing                                    
     # Chordwise = 10   # Spanwise = 20     First strip =  1
     Surface area Ssurf =    0.099355     Ave. chord Cave =    0.279400

 Forces referred to Sref, Cref, Bref about Xref, Yref, Zref
 Standard axis orientation,  X fwd, Z down         
     CLsurf  =   0.20316     Clsurf  =  -0.04362
     CYsurf  =   0.00183     Cmsurf  =   0.02588
     CDsurf  =   0.00961     Cnsurf  =  -0.00395
     CDisurf =   0.00961     CDvsurf =   0.00000

 Forces referred to Ssurf, Cave 
     CLsurf  =   0.36560     CDsurf  =   0.01729

 Strip Forces referred to Strip Area, Chord
    j     Xle      Yle      Zle      Chord    Area     c_cl     ai     cl_norm    cl       cd       cdv    cm_c/4     cm_LE   C.P.x/c
     1   0.0001   0.0005   0.0000   0.2794   0.0006   0.1263   0.0839   0.4500   0.4430   0.1040   0.0000   0.0058  -0.1064    0.237
     2   0.0006   0.0049   0.0000   0.2794   0.0018   0.1263   0.0832   0.4591   0.4519   0.0289   0.0000   0.0061  -0.1061    0.236
     3   0.0017   0.0135   0.0000   0.2794   0.0030   0.1263   0.0831   0.4594   0.4522   0.0244   0.0000   0.0070  -0.1051    0.234
     4   0.0033   0.0262   0.0000   0.2794   0.0041   0.1261   0.0835   0.4590   0.4518   0.0229   0.0000   0.0083  -0.1037    0.232
     5   0.0054   0.0426   0.0000   0.2794   0.0051   0.1258   0.0843   0.4578   0.4507   0.0218   0.0000   0.0098  -0.1019    0.228
     6   0.0079   0.0623   0.0000   0.2794   0.0059   0.1251   0.0854   0.4554   0.4483   0.0209   0.0000   0.0112  -0.0999    0.225
     7   0.0108   0.0849   0.0000   0.2794   0.0066   0.1238   0.0869   0.4510   0.4440   0.0201   0.0000   0.0125  -0.0975    0.222
     8   0.0139   0.1098   0.0000   0.2794   0.0072   0.1220   0.0886   0.4442   0.4373   0.0194   0.0000   0.0139  -0.0945    0.218
     9   0.0173   0.1363   0.0000   0.2794   0.0076   0.1192   0.0906   0.4342   0.4274   0.0187   0.0000   0.0152  -0.0907    0.214
    10   0.0208   0.1638   0.0000   0.2794   0.0078   0.1154   0.0928   0.4204   0.4138   0.0180   0.0000   0.0166  -0.0860    0.210
    11   0.0243   0.1918   0.0000   0.2794   0.0078   0.1104   0.0952   0.4022   0.3959   0.0172   0.0000   0.0180  -0.0801    0.205
    12   0.0278   0.2193   0.0000   0.2794   0.0076   0.1041   0.0977   0.3791   0.3732   0.0164   0.0000   0.0195  -0.0731    0.198
    13   0.0312   0.2458   0.0000   0.2794   0.0072   0.0963   0.0999   0.3507   0.3452   0.0153   0.0000   0.0209  -0.0648    0.190
    14   0.0343   0.2707   0.0000   0.2794   0.0066   0.0870   0.1016   0.3168   0.3119   0.0140   0.0000   0.0219  -0.0555    0.180
    15   0.0372   0.2933   0.0000   0.2794   0.0059   0.0762   0.1025   0.2776   0.2733   0.0125   0.0000   0.0224  -0.0454    0.168
    16   0.0397   0.3130   0.0000   0.2794   0.0051   0.0641   0.1022   0.2335   0.2299   0.0106   0.0000   0.0219  -0.0352    0.155
    17   0.0418   0.3294   0.0000   0.2794   0.0041   0.0509   0.1006   0.1853   0.1824   0.0085   0.0000   0.0200  -0.0254    0.141
    18   0.0434   0.3421   0.0000   0.2794   0.0030   0.0368   0.0976   0.1341   0.1320   0.0060   0.0000   0.0162  -0.0166    0.127
    19   0.0445   0.3507   0.0000   0.2794   0.0018   0.0222   0.0938   0.0810   0.0797   0.0033   0.0000   0.0107  -0.0091    0.116
    20   0.0450   0.3551   0.0000   0.2794   0.0006   0.0074   0.0913   0.0271   0.0267   0.0007   0.0000   0.0038  -0.0029    0.110

  Surface # 2     Wing (YDUP)                             
     # Chordwise = 10   # Spanwise = 20     First strip = 21
     Surface area Ssurf =    0.099355     Ave. chord Cave =    0.279400

 Forces referred to Sref, Cref, Bref about Xref, Yref, Zref
 Standard axis orientation,  X fwd, Z down         
     CLsurf  =   0.20316     Clsurf  =   0.04362
     CYsurf  =  -0.00183     Cmsurf  =   0.02588
     CDsurf  =   0.00961     Cnsurf  =   0.00395
     CDisurf =   0.00961     CDvsurf =   0.00000

 Forces referred to Ssurf, Cave 
     CLsurf  =   0.36560     CDsurf  =   0.01729

 Strip Forces referred to Strip Area, Chord
    j     Xle      Yle      Zle      Chord    Area     c_cl     ai     cl_norm    cl       cd       cdv    cm_c/4     cm_LE   C.P.x/c
    21   0.0001  -0.0005   0.0000   0.2794   0.0006   0.1263   0.0839   0.4500   0.4430   0.1040   0.0000   0.0058   0.1064    0.237
    22   0.0006  -0.0049   0.0000   0.2794   0.0018   0.1263   0.0832   0.4591   0.4519   0.0289   0.0000   0.0061   0.1061    0.236
    23   0.0017  -0.0135   0.0000   0.2794   0.0030   0.1263   0.0831   0.4594   0.4522   0.0244   0.0000   0.0070   0.1051    0.234
    24   0.0033  -0.0262   0.0000   0.2794   0.0041   0.1261   0.0835   0.4590   0.4518   0.0229   0.0000   0.0083   0.1037    0.232
    25   0.0054  -0.0426   0.0000   0.2794   0.0051   0.1258   0.0843   0.4578   0.4507   0.0218   0.0000   0.0098   0.1019    0.228
    26   0.0079  -0.0623   0.0000   0.2794   0.0059   0.1251   0.0854   0.4554   0.4483   0.0209   0.0000   0.0112   0.0999    0.225
    27   0.0108  -0.0849   0.0000   0.2794   0.0066   0.1238   0.0869   0.4510   0.4440   0.0201   0.0000   0.0125   0.0975    0.222
    28   0.0139  -0.1098   0.0000   0.2794   0.0072   0.1220   0.0886   0.4442   0.4373   0.0194   0.0000   0.0139   0.0945    0.218
    29   0.0173  -0.1363   0.0000   0.2794   0.0076   0.1192   0.0906   0.4342   0.4274   0.0187   0.0000   0.0152   0.0907    0.214
    30   0.0208  -0.1638   0.0000   0.2794   0.0078   0.1154   0.0928   0.4204   0.4138   0.0180   0.0000   0.0166   0.0860    0.210
    31   0.0243  -0.1918   0.0000   0.2794   0.0078   0.1104   0.0952   0.4022   0.3959   0.0172   0.0000   0.0180   0.0801    0.205
    32   0.0278  -0.2193   0.0000   0.2794   0.0076   0.1041   0.0977   0.3791   0.3732   0.0164   0.0000   0.0195   0.0731    0.198
    33   0.0312  -0.2458   0.0000   0.2794   0.0072   0.0963   0.0999   0.3507   0.3452   0.0153   0.0000   0.0209   0.0648    0.190
    34   0.0343  -0.2707   0.0000   0.2794   0.0066   0.0870   0.1016   0.3168   0.3119   0.0140   0.0000   0.0219   0.0555    0.180
    35   0.0372  -0.2933   0.0000   0.2794   0.0059   0.0762   0.1025   0.2776   0.2733   0.0125   0.0000   0.0224   0.0454    0.168
    36   0.0397  -0.3130   0.0000   0.2794   0.0051   0.0641   0.1022   0.2335   0.2299   0.0106   0.0000   0.0219   0.0352    0.155
    37   0.0418  -0.3294   0.0000   0.2794   0.0041   0.0509   0.1006   0.1853   0.1824   0.0085   0.0000   0.0200   0.0254    0.141
    38   0.0434  -0.3421   0.0000   0.2794   0.0030   0.0368   0.0976   0.1341   0.1320   0.0060   0.0000   0.0162   0.0166    0.127
    39   0.0445  -0.3507   0.0000   0.2794   0.0018   0.0222   0.0938   0.0810   0.0797   0.0033   0.0000   0.0107   0.0091    0.116
    40   0.0450  -0.3551   0.0000   0.2794   0.0006   0.0074   0.0913   0.0271   0.0267   0.0007   0.0000   0.0038   0.0029    0.110
 ---------------------------------------------------------------
