 ---------------------------------------------------------------
 Surface and Strip Forces by surface

  Sref = 0.16720       Cref = 0.18670       Bref = 0.91440    
  Xref = 0.10920       Yref =  0.0000       Zref =  0.0000    

  Surface # 1     Wing                                    
     # Chordwise = 10   # Spanwise = 20     First strip =  1
     Surface area Ssurf =    0.104516     Ave. chord Cave =    0.228600

 Forces referred to Sref, Cref, Bref about Xref, Yref, Zref
 Standard axis orientation,  X fwd, Z down         
     CLsurf  =   0.21725     Clsurf  =  -0.04827
     CYsurf  =   0.00531     Cmsurf  =  -0.02979
     CDsurf  =   0.00655     Cnsurf  =  -0.00469
     CDisurf =   0.00655     CDvsurf =   0.00000

 Forces referred to Ssurf, Cave 
     CLsurf  =   0.34755     CDsurf  =   0.01048

 Strip Forces referred to Strip Area, Chord
    j     Xle      Yle      Zle      Chord    Area     c_cl     ai     cl_norm    cl       cd       cdv    cm_c/4     cm_LE   C.P.x/c
     1   0.0003   0.0007   0.0000   0.2286   0.0006   0.0908   0.0326   0.4525   0.3868   0.1333   0.0000  -0.0164  -0.1069    0.292
     2   0.0026   0.0063   0.0000   0.2286   0.0019   0.0908   0.0319   0.4637   0.3964   0.0262   0.0000  -0.0148  -0.1054    0.287
     3   0.0072   0.0174   0.0000   0.2286   0.0031   0.0909   0.0336   0.4649   0.3974   0.0207   0.0000  -0.0108  -0.1018    0.277
     4   0.0139   0.0337   0.0000   0.2286   0.0043   0.0912   0.0367   0.4666   0.3989   0.0181   0.0000  -0.0061  -0.0977    0.265
     5   0.0227   0.0548   0.0000   0.2286   0.0053   0.0916   0.0401   0.4690   0.4009   0.0157   0.0000  -0.0018  -0.0942    0.255
     6   0.0332   0.0801   0.0000   0.2286   0.0062   0.0920   0.0434   0.4712   0.4028   0.0138   0.0000   0.0015  -0.0915    0.246
     7   0.0452   0.1092   0.0000   0.2286   0.0070   0.0922   0.0467   0.4723   0.4037   0.0124   0.0000   0.0041  -0.0894    0.240
     8   0.0584   0.1411   0.0000   0.2286   0.0076   0.0920   0.0499   0.4716   0.4031   0.0113   0.0000   0.0061  -0.0874    0.235
     9   0.0726   0.1752   0.0000   0.2286   0.0080   0.0913   0.0533   0.4680   0.4000   0.0104   0.0000   0.0078  -0.0851    0.231
    10   0.0872   0.2107   0.0000   0.2286   0.0082   0.0899   0.0571   0.4607   0.3938   0.0097   0.0000   0.0095  -0.0820    0.226
    11   0.1021   0.2465   0.0000   0.2286   0.0082   0.0875   0.0612   0.4486   0.3835   0.0091   0.0000   0.0114  -0.0779    0.220
    12   0.1167   0.2820   0.0000   0.2286   0.0080   0.0840   0.0658   0.4308   0.3682   0.0084   0.0000   0.0136  -0.0723    0.213
    13   0.1309   0.3161   0.0000   0.2286   0.0076   0.0792   0.0704   0.4060   0.3470   0.0076   0.0000   0.0162  -0.0650    0.203
    14   0.1441   0.3480   0.0000   0.2286   0.0070   0.0728   0.0747   0.3732   0.3190   0.0066   0.0000   0.0192  -0.0558    0.190
    15   0.1561   0.3771   0.0000   0.2286   0.0062   0.0647   0.0778   0.3320   0.2838   0.0054   0.0000   0.0220  -0.0451    0.173
    16   0.1666   0.4024   0.0000   0.2286   0.0053   0.0550   0.0790   0.2823   0.2413   0.0040   0.0000   0.0239  -0.0335    0.151
    17   0.1754   0.4235   0.0000   0.2286   0.0043   0.0439   0.0776   0.2254   0.1927   0.0026   0.0000   0.0240  -0.0222    0.126
    18   0.1821   0.4398   0.0000   0.2286   0.0031   0.0318   0.0737   0.1633   0.1396   0.0012   0.0000   0.0211  -0.0126    0.099
    19   0.1867   0.4509   0.0000   0.2286   0.0019   0.0192   0.0679   0.0985   0.0842  -0.0002   0.0000   0.0147  -0.0058    0.076
    20   0.1890   0.4565   0.0000   0.2286   0.0006   0.0064   0.0636   0.0329   0.0281  -0.0012   0.0000   0.0053  -0.0016    0.063

  Surface # 2     Wing (YDUP)                             
     # Chordwise = 10   # Spanwise = 20     First strip = 21
     Surface area Ssurf =    0.104516     Ave. chord Cave =    0.228600

 Forces referred to Sref, Cref, Bref about Xref, Yref, Zref
 Standard axis orientation,  X fwd, Z down         
     CLsurf  =   0.21725     Clsurf  =   0.04827
     CYsurf  =  -0.00531     Cmsurf  =  -0.02979
     CDsurf  =   0.00655     Cnsurf  =   0.00469
     CDisurf =   0.00655     CDvsurf =   0.00000

 Forces referred to Ssurf, Cave 
     CLsurf  =   0.34755     CDsurf  =   0.01048

 Strip Forces referred to Strip Area, Chord
    j     Xle      Yle      Zle      Chord    Area     c_cl     ai     cl_norm    cl       cd       cdv    cm_c/4     cm_LE   C.P.x/c
    21   0.0003  -0.0007   0.0000   0.2286   0.0006   0.0908   0.0326   0.4525   0.3868   0.1333   0.0000  -0.0164   0.1069    0.292
    22   0.0026  -0.0063   0.0000   0.2286   0.0019   0.0908   0.0319   0.4637   0.3964   0.0262   0.0000  -0.0148   0.1054    0.287
    23   0.0072  -0.0174   0.0000   0.2286   0.0031   0.0909   0.0336   0.4649   0.3974   0.0207   0.0000  -0.0108   0.1018    0.277
    24   0.0139  -0.0337   0.0000   0.2286   0.0043   0.0912   0.0367   0.4666   0.3989   0.0181   0.0000  -0.0061   0.0977    0.265
    25   0.0227  -0.0548   0.0000   0.2286   0.0053   0.0916   0.0401   0.4690   0.4009   0.0157   0.0000  -0.0018   0.0942    0.255
    26   0.0332  -0.0801   0.0000   0.2286   0.0062   0.0920   0.0434   0.4712   0.4028   0.0138   0.0000   0.0015   0.0915    0.246
    27   0.0452  -0.1092   0.0000   0.2286   0.0070   0.0922   0.0467   0.4723   0.4037   0.0124   0.0000   0.0041   0.0894    0.240
    28   0.0584  -0.1411   0.0000   0.2286   0.0076   0.0920   0.0499   0.4716   0.4031   0.0113   0.0000   0.0061   0.0874    0.235
    29   0.0726  -0.1752   0.0000   0.2286   0.0080   0.0913   0.0533   0.4680   0.4000   0.0104   0.0000   0.0078   0.0851    0.231
    30   0.0872  -0.2107   0.0000   0.2286   0.0082   0.0899   0.0571   0.4607   0.3938   0.0097   0.0000   0.0095   0.0820    0.226
    31   0.1021  -0.2465   0.0000   0.2286   0.0082   0.0875   0.0612   0.4486   0.3835   0.0091   0.0000   0.0114   0.0779    0.220
    32   0.1167  -0.2820   0.0000   0.2286   0.0080   0.0840   0.0658   0.4308   0.3682   0.0084   0.0000   0.0136   0.0723    0.213
    33   0.1309  -0.3161   0.0000   0.2286   0.0076   0.0792   0.0704   0.4060   0.3470   0.0076   0.0000   0.0162   0.0650    0.203
    34   0.1441  -0.3480   0.0000   0.2286   0.0070   0.0728   0.0747   0.3732   0.3190   0.0066   0.0000   0.0192   0.0558    0.190
    35   0.1561  -0.3771   0.0000   0.2286   0.0062   0.0647   0.0778   0.3320   0.2838   0.0054   0.0000   0.0220   0.0451    0.173
    36   0.1666  -0.4024   0.0000   0.2286   0.0053   0.0550   0.0790   0.2823   0.2413   0.0040   0.0000   0.0239   0.0335    0.151
    37   0.1754  -0.4235   0.0000   0.2286   0.0043   0.0439   0.0776   0.2254   0.1927   0.0026   0.0000   0.0240   0.0222    0.126
    38   0.1821  -0.4398   0.0000   0.2286   0.0031   0.0318   0.0737   0.1633   0.1396   0.0012   0.0000   0.0211   0.0126    0.099
    39   0.1867  -0.4509   0.0000   0.2286   0.0019   0.0192   0.0679   0.0985   0.0842  -0.0002   0.0000   0.0147   0.0058    0.076
    40   0.1890  -0.4565   0.0000   0.2286   0.0006   0.0064   0.0636   0.0329   0.0281  -0.0012   0.0000   0.0053   0.0016    0.063
 ---------------------------------------------------------------
