 ---------------------------------------------------------------
 Surface and Strip Forces by surface

  Sref = 0.99100E-01   Cref = 0.14000       Bref = 0.81280    
  Xref = 0.10920       Yref =  0.0000       Zref =  0.0000    

  Surface # 1     Wing                                    
     # Chordwise = 10   # Spanwise = 20     First strip =  1
     Surface area Ssurf =    0.082580     Ave. chord Cave =    0.203200

 Forces referred to Sref, Cref, Bref about Xref, Yref, Zref
 Standard axis orientation,  X fwd, Z down         
     CLsurf  =   0.36654     Clsurf  =  -0.08074
     CYsurf  =   0.00774     Cmsurf  =   0.03780
     CDsurf  =   0.01367     Cnsurf  =  -0.00835
     CDisurf =   0.01367     CDvsurf =   0.00000

 Forces referred to Ssurf, Cave 
     CLsurf  =   0.43987     CDsurf  =   0.01640

 Strip Forces referred to Strip Area, Chord
    j     Xle      Yle      Zle      Chord    Area     c_cl     ai     cl_norm    cl       cd       cdv    cm_c/4     cm_LE   C.P.x/c
     1   0.0002   0.0006   0.0000   0.2032   0.0005   0.1043   0.0475   0.5366   0.4990   0.1533   0.0000  -0.0113  -0.1346    0.273
     2   0.0016   0.0056   0.0000   0.2032   0.0015   0.1043   0.0474   0.5512   0.5126   0.0349   0.0000  -0.0100  -0.1333    0.270
     3   0.0043   0.0155   0.0000   0.2032   0.0025   0.1044   0.0490   0.5524   0.5138   0.0281   0.0000  -0.0066  -0.1302    0.263
     4   0.0083   0.0299   0.0000   0.2032   0.0034   0.1045   0.0515   0.5538   0.5150   0.0248   0.0000  -0.0026  -0.1265    0.255
     5   0.0135   0.0487   0.0000   0.2032   0.0042   0.1047   0.0545   0.5552   0.5163   0.0222   0.0000   0.0010  -0.1233    0.248
     6   0.0197   0.0712   0.0000   0.2032   0.0049   0.1048   0.0575   0.5559   0.5170   0.0201   0.0000   0.0040  -0.1205    0.242
     7   0.0268   0.0970   0.0000   0.2032   0.0055   0.1047   0.0606   0.5552   0.5163   0.0185   0.0000   0.0063  -0.1181    0.238
     8   0.0347   0.1254   0.0000   0.2032   0.0060   0.1041   0.0639   0.5521   0.5134   0.0174   0.0000   0.0082  -0.1155    0.234
     9   0.0430   0.1558   0.0000   0.2032   0.0063   0.1028   0.0674   0.5456   0.5074   0.0165   0.0000   0.0099  -0.1124    0.230
    10   0.0517   0.1873   0.0000   0.2032   0.0065   0.1008   0.0713   0.5347   0.4973   0.0158   0.0000   0.0117  -0.1082    0.227
    11   0.0606   0.2191   0.0000   0.2032   0.0065   0.0977   0.0757   0.5185   0.4822   0.0151   0.0000   0.0136  -0.1027    0.222
    12   0.0693   0.2506   0.0000   0.2032   0.0063   0.0934   0.0806   0.4958   0.4611   0.0143   0.0000   0.0159  -0.0954    0.215
    13   0.0776   0.2810   0.0000   0.2032   0.0060   0.0877   0.0856   0.4655   0.4329   0.0134   0.0000   0.0185  -0.0862    0.207
    14   0.0855   0.3094   0.0000   0.2032   0.0055   0.0804   0.0903   0.4268   0.3969   0.0123   0.0000   0.0214  -0.0748    0.196
    15   0.0926   0.3352   0.0000   0.2032   0.0049   0.0714   0.0941   0.3791   0.3525   0.0108   0.0000   0.0239  -0.0616    0.182
    16   0.0988   0.3577   0.0000   0.2032   0.0042   0.0608   0.0962   0.3225   0.2999   0.0090   0.0000   0.0256  -0.0474    0.165
    17   0.1040   0.3765   0.0000   0.2032   0.0034   0.0486   0.0960   0.2580   0.2399   0.0070   0.0000   0.0253  -0.0332    0.145
    18   0.1080   0.3909   0.0000   0.2032   0.0025   0.0353   0.0932   0.1875   0.1744   0.0047   0.0000   0.0221  -0.0206    0.123
    19   0.1107   0.4008   0.0000   0.2032   0.0015   0.0213   0.0883   0.1134   0.1055   0.0022   0.0000   0.0153  -0.0106    0.105
    20   0.1121   0.4058   0.0000   0.2032   0.0005   0.0071   0.0845   0.0380   0.0353  -0.0003   0.0000   0.0055  -0.0032    0.095

  Surface # 2     Wing (YDUP)                             
     # Chordwise = 10   # Spanwise = 20     First strip = 21
     Surface area Ssurf =    0.082580     Ave. chord Cave =    0.203200

 Forces referred to Sref, Cref, Bref about Xref, Yref, Zref
 Standard axis orientation,  X fwd, Z down         
     CLsurf  =   0.36654     Clsurf  =   0.08074
     CYsurf  =  -0.00774     Cmsurf  =   0.03780
     CDsurf  =   0.01367     Cnsurf  =   0.00835
     CDisurf =   0.01367     CDvsurf =   0.00000

 Forces referred to Ssurf, Cave 
     CLsurf  =   0.43987     CDsurf  =   0.01640

 Strip Forces referred to Strip Area, Chord
    j     Xle      Yle      Zle      Chord    Area     c_cl     ai     cl_norm    cl       cd       cdv    cm_c/4     cm_LE   C.P.x/c
    21   0.0002  -0.0006   0.0000   0.2032   0.0005   0.1043   0.0475   0.5366   0.4990   0.1533   0.0000  -0.0113   0.1346    0.273
    22   0.0016  -0.0056   0.0000   0.2032   0.0015   0.1043   0.0474   0.5512   0.5126   0.0349   0.0000  -0.0100   0.1333    0.270
    23   0.0043  -0.0155   0.0000   0.2032   0.0025   0.1044   0.0490   0.5524   0.5138   0.0281   0.0000  -0.0066   0.1302    0.263
    24   0.0083  -0.0299   0.0000   0.2032   0.0034   0.1045   0.0515   0.5538   0.5150   0.0248   0.0000  -0.0026   0.1265    0.255
    25   0.0135  -0.0487   0.0000   0.2032   0.0042   0.1047   0.0545   0.5552   0.5163   0.0222   0.0000   0.0010   0.1233    0.248
    26   0.0197  -0.0712   0.0000   0.2032   0.0049   0.1048   0.0575   0.5559   0.5170   0.0201   0.0000   0.0040   0.1205    0.242
    27   0.0268  -0.0970   0.0000   0.2032   0.0055   0.1047   0.0606   0.5552   0.5163   0.0185   0.0000   0.0063   0.1181    0.238
    28   0.0347  -0.1254   0.0000   0.2032   0.0060   0.1041   0.0639   0.5521   0.5134   0.0174   0.0000   0.0082   0.1155    0.234
    29   0.0430  -0.1558   0.0000   0.2032   0.0063   0.1028   0.0674   0.5456   0.5074   0.0165   0.0000   0.0099   0.1124    0.230
    30   0.0517  -0.1873   0.0000   0.2032   0.0065   0.1008   0.0713   0.5347   0.4973   0.0158   0.0000   0.0117   0.1082    0.227
    31   0.0606  -0.2191   0.0000   0.2032   0.0065   0.0977   0.0757   0.5185   0.4822   0.0151   0.0000   0.0136   0.1027    0.222
    32   0.0693  -0.2506   0.0000   0.2032   0.0063   0.0934   0.0806   0.4958   0.4611   0.0143   0.0000   0.0159   0.0954    0.215
    33   0.0776  -0.2810   0.0000   0.2032   0.0060   0.0877   0.0856   0.4655   0.4329   0.0134   0.0000   0.0185   0.0862    0.207
    34   0.0855  -0.3094   0.0000   0.2032   0.0055   0.0804   0.0903   0.4268   0.3969   0.0123   0.0000   0.0214   0.0748    0.196
    35   0.0926  -0.3352   0.0000   0.2032   0.0049   0.0714   0.0941   0.3791   0.3525   0.0108   0.0000   0.0239   0.0616    0.182
    36   0.0988  -0.3577   0.0000   0.2032   0.0042   0.0608   0.0962   0.3225   0.2999   0.0090   0.0000   0.0256   0.0474    0.165
    37   0.1040  -0.3765   0.0000   0.2032   0.0034   0.0486   0.0960   0.2580   0.2399   0.0070   0.0000   0.0253   0.0332    0.145
    38   0.1080  -0.3909   0.0000   0.2032   0.0025   0.0353   0.0932   0.1875   0.1744   0.0047   0.0000   0.0221   0.0206    0.123
    39   0.1107  -0.4008   0.0000   0.2032   0.0015   0.0213   0.0883   0.1134   0.1055   0.0022   0.0000   0.0153   0.0106    0.105
    40   0.1121  -0.4058   0.0000   0.2032   0.0005   0.0071   0.0845   0.0380   0.0353  -0.0003   0.0000   0.0055   0.0032    0.095
 ---------------------------------------------------------------
