 ---------------------------------------------------------------
 Surface and Strip Forces by surface

  Sref = 0.22990       Cref = 0.25250       Bref = 0.91440    
  Xref = 0.10920       Yref =  0.0000       Zref =  0.0000    

  Surface # 1     Wing                                    
     # Chordwise = 10   # Spanwise = 20     First strip =  1
     Surface area Ssurf =    0.127742     Ave. chord Cave =    0.279400

 Forces referred to Sref, Cref, Bref about Xref, Yref, Zref
 Standard axis orientation,  X fwd, Z down         
     CLsurf  =   0.15800     Clsurf  =  -0.03405
     CYsurf  =   0.00023     Cmsurf  =   0.02773
     CDsurf  =   0.00442     Cnsurf  =  -0.00167
     CDisurf =   0.00442     CDvsurf =   0.00000

 Forces referred to Ssurf, Cave 
     CLsurf  =   0.28436     CDsurf  =   0.00795

 Strip Forces referred to Strip Area, Chord
    j     Xle      Yle      Zle      Chord    Area     c_cl     ai     cl_norm    cl       cd       cdv    cm_c/4     cm_LE   C.P.x/c
     1   0.0000   0.0007   0.0000   0.2794   0.0008   0.0980   0.0502   0.3505   0.3502   0.0190   0.0000   0.0074  -0.0802    0.229
     2   0.0002   0.0063   0.0000   0.2794   0.0023   0.0979   0.0499   0.3511   0.3508   0.0100   0.0000   0.0075  -0.0801    0.229
     3   0.0005   0.0174   0.0000   0.2794   0.0038   0.0979   0.0499   0.3510   0.3507   0.0094   0.0000   0.0077  -0.0798    0.228
     4   0.0010   0.0337   0.0000   0.2794   0.0052   0.0978   0.0500   0.3506   0.3502   0.0092   0.0000   0.0081  -0.0794    0.227
     5   0.0017   0.0548   0.0000   0.2794   0.0065   0.0975   0.0503   0.3495   0.3492   0.0091   0.0000   0.0084  -0.0787    0.226
     6   0.0025   0.0801   0.0000   0.2794   0.0076   0.0969   0.0508   0.3475   0.3472   0.0089   0.0000   0.0088  -0.0779    0.225
     7   0.0033   0.1092   0.0000   0.2794   0.0085   0.0960   0.0516   0.3441   0.3438   0.0088   0.0000   0.0092  -0.0766    0.223
     8   0.0043   0.1411   0.0000   0.2794   0.0093   0.0945   0.0525   0.3389   0.3386   0.0088   0.0000   0.0096  -0.0749    0.222
     9   0.0054   0.1752   0.0000   0.2794   0.0097   0.0925   0.0538   0.3315   0.3312   0.0087   0.0000   0.0102  -0.0725    0.219
    10   0.0065   0.2107   0.0000   0.2794   0.0100   0.0896   0.0554   0.3213   0.3210   0.0086   0.0000   0.0108  -0.0694    0.216
    11   0.0075   0.2465   0.0000   0.2794   0.0100   0.0859   0.0572   0.3080   0.3077   0.0085   0.0000   0.0116  -0.0653    0.212
    12   0.0086   0.2820   0.0000   0.2794   0.0097   0.0812   0.0592   0.2910   0.2907   0.0083   0.0000   0.0125  -0.0601    0.207
    13   0.0097   0.3161   0.0000   0.2794   0.0093   0.0753   0.0612   0.2700   0.2698   0.0080   0.0000   0.0134  -0.0539    0.200
    14   0.0107   0.3480   0.0000   0.2794   0.0085   0.0683   0.0629   0.2447   0.2445   0.0075   0.0000   0.0144  -0.0467    0.191
    15   0.0115   0.3771   0.0000   0.2794   0.0076   0.0600   0.0641   0.2150   0.2148   0.0069   0.0000   0.0151  -0.0386    0.180
    16   0.0123   0.4024   0.0000   0.2794   0.0065   0.0505   0.0642   0.1811   0.1810   0.0060   0.0000   0.0152  -0.0300    0.166
    17   0.0130   0.4235   0.0000   0.2794   0.0052   0.0401   0.0629   0.1437   0.1436   0.0049   0.0000   0.0144  -0.0215    0.150
    18   0.0135   0.4398   0.0000   0.2794   0.0038   0.0290   0.0598   0.1038   0.1037   0.0036   0.0000   0.0121  -0.0138    0.133
    19   0.0138   0.4509   0.0000   0.2794   0.0023   0.0174   0.0555   0.0625   0.0624   0.0021   0.0000   0.0082  -0.0074    0.118
    20   0.0140   0.4565   0.0000   0.2794   0.0008   0.0058   0.0522   0.0208   0.0208   0.0006   0.0000   0.0029  -0.0023    0.109

  Surface # 2     Wing (YDUP)                             
     # Chordwise = 10   # Spanwise = 20     First strip = 21
     Surface area Ssurf =    0.127742     Ave. chord Cave =    0.279400

 Forces referred to Sref, Cref, Bref about Xref, Yref, Zref
 Standard axis orientation,  X fwd, Z down         
     CLsurf  =   0.15800     Clsurf  =   0.03405
     CYsurf  =  -0.00023     Cmsurf  =   0.02773
     CDsurf  =   0.00442     Cnsurf  =   0.00167
     CDisurf =   0.00442     CDvsurf =   0.00000

 Forces referred to Ssurf, Cave 
     CLsurf  =   0.28436     CDsurf  =   0.00795

 Strip Forces referred to Strip Area, Chord
    j     Xle      Yle      Zle      Chord    Area     c_cl     ai     cl_norm    cl       cd       cdv    cm_c/4     cm_LE   C.P.x/c
    21   0.0000  -0.0007   0.0000   0.2794   0.0008   0.0980   0.0502   0.3505   0.3502   0.0190   0.0000   0.0074   0.0802    0.229
    22   0.0002  -0.0063   0.0000   0.2794   0.0023   0.0979   0.0499   0.3511   0.3508   0.0100   0.0000   0.0075   0.0801    0.229
    23   0.0005  -0.0174   0.0000   0.2794   0.0038   0.0979   0.0499   0.3510   0.3507   0.0094   0.0000   0.0077   0.0798    0.228
    24   0.0010  -0.0337   0.0000   0.2794   0.0052   0.0978   0.0500   0.3506   0.3502   0.0092   0.0000   0.0081   0.0794    0.227
    25   0.0017  -0.0548   0.0000   0.2794   0.0065   0.0975   0.0503   0.3495   0.3492   0.0091   0.0000   0.0084   0.0787    0.226
    26   0.0025  -0.0801   0.0000   0.2794   0.0076   0.0969   0.0508   0.3475   0.3472   0.0089   0.0000   0.0088   0.0779    0.225
    27   0.0033  -0.1092   0.0000   0.2794   0.0085   0.0960   0.0516   0.3441   0.3438   0.0088   0.0000   0.0092   0.0766    0.223
    28   0.0043  -0.1411   0.0000   0.2794   0.0093   0.0945   0.0525   0.3389   0.3386   0.0088   0.0000   0.0096   0.0749    0.222
    29   0.0054  -0.1752   0.0000   0.2794   0.0097   0.0925   0.0538   0.3315   0.3312   0.0087   0.0000   0.0102   0.0725    0.219
    30   0.0065  -0.2107   0.0000   0.2794   0.0100   0.0896   0.0554   0.3213   0.3210   0.0086   0.0000   0.0108   0.0694    0.216
    31   0.0075  -0.2465   0.0000   0.2794   0.0100   0.0859   0.0572   0.3080   0.3077   0.0085   0.0000   0.0116   0.0653    0.212
    32   0.0086  -0.2820   0.0000   0.2794   0.0097   0.0812   0.0592   0.2910   0.2907   0.0083   0.0000   0.0125   0.0601    0.207
    33   0.0097  -0.3161   0.0000   0.2794   0.0093   0.0753   0.0612   0.2700   0.2698   0.0080   0.0000   0.0134   0.0539    0.200
    34   0.0107  -0.3480   0.0000   0.2794   0.0085   0.0683   0.0629   0.2447   0.2445   0.0075   0.0000   0.0144   0.0467    0.191
    35   0.0115  -0.3771   0.0000   0.2794   0.0076   0.0600   0.0641   0.2150   0.2148   0.0069   0.0000   0.0151   0.0386    0.180
    36   0.0123  -0.4024   0.0000   0.2794   0.0065   0.0505   0.0642   0.1811   0.1810   0.0060   0.0000   0.0152   0.0300    0.166
    37   0.0130  -0.4235   0.0000   0.2794   0.0052   0.0401   0.0629   0.1437   0.1436   0.0049   0.0000   0.0144   0.0215    0.150
    38   0.0135  -0.4398   0.0000   0.2794   0.0038   0.0290   0.0598   0.1038   0.1037   0.0036   0.0000   0.0121   0.0138    0.133
    39   0.0138  -0.4509   0.0000   0.2794   0.0023   0.0174   0.0555   0.0625   0.0624   0.0021   0.0000   0.0082   0.0074    0.118
    40   0.0140  -0.4565   0.0000   0.2794   0.0008   0.0058   0.0522   0.0208   0.0208   0.0006   0.0000   0.0029   0.0023    0.109
 ---------------------------------------------------------------
