 ---------------------------------------------------------------
 Surface and Strip Forces by surface

  Sref = 0.13210       Cref = 0.16590       Bref = 0.81280    
  Xref = 0.10920       Yref =  0.0000       Zref =  0.0000    

  Surface # 1     Wing                                    
     # Chordwise = 10   # Spanwise = 20     First strip =  1
     Surface area Ssurf =    0.082580     Ave. chord Cave =    0.203200

 Forces referred to Sref, Cref, Bref about Xref, Yref, Zref
 Standard axis orientation,  X fwd, Z down         
     CLsurf  =   0.27498     Clsurf  =  -0.06110
     CYsurf  =   0.00889     Cmsurf  =  -0.01854
     CDsurf  =   0.01047     Cnsurf  =  -0.00763
     CDisurf =   0.01047     CDvsurf =   0.00000

 Forces referred to Ssurf, Cave 
     CLsurf  =   0.43987     CDsurf  =   0.01675

 Strip Forces referred to Strip Area, Chord
    j     Xle      Yle      Zle      Chord    Area     c_cl     ai     cl_norm    cl       cd       cdv    cm_c/4     cm_LE   C.P.x/c
     1   0.0003   0.0006   0.0000   0.2032   0.0005   0.1017   0.0384   0.5616   0.4806   0.2012   0.0000  -0.0206  -0.1347    0.293
     2   0.0023   0.0056   0.0000   0.2032   0.0015   0.1018   0.0391   0.5836   0.4994   0.0413   0.0000  -0.0187  -0.1330    0.287
     3   0.0064   0.0155   0.0000   0.2032   0.0025   0.1019   0.0422   0.5858   0.5013   0.0328   0.0000  -0.0138  -0.1287    0.278
     4   0.0124   0.0299   0.0000   0.2032   0.0034   0.1023   0.0464   0.5885   0.5036   0.0285   0.0000  -0.0081  -0.1238    0.266
     5   0.0201   0.0487   0.0000   0.2032   0.0042   0.1028   0.0508   0.5918   0.5065   0.0249   0.0000  -0.0030  -0.1196    0.256
     6   0.0295   0.0712   0.0000   0.2032   0.0049   0.1033   0.0550   0.5949   0.5091   0.0219   0.0000   0.0011  -0.1164    0.248
     7   0.0402   0.0970   0.0000   0.2032   0.0055   0.1035   0.0591   0.5966   0.5105   0.0197   0.0000   0.0042  -0.1138    0.242
     8   0.0519   0.1254   0.0000   0.2032   0.0060   0.1033   0.0632   0.5958   0.5098   0.0180   0.0000   0.0066  -0.1113    0.237
     9   0.0645   0.1558   0.0000   0.2032   0.0063   0.1025   0.0675   0.5914   0.5061   0.0167   0.0000   0.0088  -0.1084    0.233
    10   0.0775   0.1873   0.0000   0.2032   0.0065   0.1009   0.0722   0.5823   0.4983   0.0156   0.0000   0.0109  -0.1047    0.228
    11   0.0907   0.2191   0.0000   0.2032   0.0065   0.0983   0.0775   0.5672   0.4853   0.0146   0.0000   0.0133  -0.0995    0.223
    12   0.1037   0.2506   0.0000   0.2032   0.0063   0.0944   0.0832   0.5447   0.4662   0.0135   0.0000   0.0160  -0.0925    0.216
    13   0.1163   0.2810   0.0000   0.2032   0.0060   0.0890   0.0891   0.5136   0.4395   0.0122   0.0000   0.0193  -0.0834    0.206
    14   0.1280   0.3094   0.0000   0.2032   0.0055   0.0819   0.0946   0.4726   0.4044   0.0107   0.0000   0.0228  -0.0720    0.194
    15   0.1387   0.3352   0.0000   0.2032   0.0049   0.0729   0.0989   0.4209   0.3601   0.0089   0.0000   0.0262  -0.0586    0.177
    16   0.1481   0.3577   0.0000   0.2032   0.0042   0.0621   0.1010   0.3586   0.3069   0.0068   0.0000   0.0285  -0.0442    0.157
    17   0.1558   0.3765   0.0000   0.2032   0.0034   0.0497   0.1005   0.2872   0.2457   0.0047   0.0000   0.0285  -0.0301    0.134
    18   0.1618   0.3909   0.0000   0.2032   0.0025   0.0361   0.0971   0.2088   0.1786   0.0025   0.0000   0.0250  -0.0179    0.110
    19   0.1659   0.4008   0.0000   0.2032   0.0015   0.0218   0.0917   0.1263   0.1081   0.0004   0.0000   0.0174  -0.0087    0.089
    20   0.1679   0.4058   0.0000   0.2032   0.0005   0.0073   0.0876   0.0424   0.0363  -0.0014   0.0000   0.0062  -0.0025    0.078

  Surface # 2     Wing (YDUP)                             
     # Chordwise = 10   # Spanwise = 20     First strip = 21
     Surface area Ssurf =    0.082580     Ave. chord Cave =    0.203200

 Forces referred to Sref, Cref, Bref about Xref, Yref, Zref
 Standard axis orientation,  X fwd, Z down         
     CLsurf  =   0.27498     Clsurf  =   0.06110
     CYsurf  =  -0.00889     Cmsurf  =  -0.01854
     CDsurf  =   0.01047     Cnsurf  =   0.00763
     CDisurf =   0.01047     CDvsurf =   0.00000

 Forces referred to Ssurf, Cave 
     CLsurf  =   0.43987     CDsurf  =   0.01675

 Strip Forces referred to Strip Area, Chord
    j     Xle      Yle      Zle      Chord    Area     c_cl     ai     cl_norm    cl       cd       cdv    cm_c/4     cm_LE   C.P.x/c
    21   0.0003  -0.0006   0.0000   0.2032   0.0005   0.1017   0.0384   0.5616   0.4806   0.2012   0.0000  -0.0206   0.1347    0.293
    22   0.0023  -0.0056   0.0000   0.2032   0.0015   0.1018   0.0391   0.5836   0.4994   0.0413   0.0000  -0.0187   0.1330    0.287
    23   0.0064  -0.0155   0.0000   0.2032   0.0025   0.1019   0.0422   0.5858   0.5013   0.0328   0.0000  -0.0138   0.1287    0.278
    24   0.0124  -0.0299   0.0000   0.2032   0.0034   0.1023   0.0464   0.5885   0.5036   0.0285   0.0000  -0.0081   0.1238    0.266
    25   0.0201  -0.0487   0.0000   0.2032   0.0042   0.1028   0.0508   0.5918   0.5065   0.0249   0.0000  -0.0030   0.1196    0.256
    26   0.0295  -0.0712   0.0000   0.2032   0.0049   0.1033   0.0550   0.5949   0.5091   0.0219   0.0000   0.0011   0.1164    0.248
    27   0.0402  -0.0970   0.0000   0.2032   0.0055   0.1035   0.0591   0.5966   0.5105   0.0197   0.0000   0.0042   0.1138    0.242
    28   0.0519  -0.1254   0.0000   0.2032   0.0060   0.1033   0.0632   0.5958   0.5098   0.0180   0.0000   0.0066   0.1113    0.237
    29   0.0645  -0.1558   0.0000   0.2032   0.0063   0.1025   0.0675   0.5914   0.5061   0.0167   0.0000   0.0088   0.1084    0.233
    30   0.0775  -0.1873   0.0000   0.2032   0.0065   0.1009   0.0722   0.5823   0.4983   0.0156   0.0000   0.0109   0.1047    0.228
    31   0.0907  -0.2191   0.0000   0.2032   0.0065   0.0983   0.0775   0.5672   0.4853   0.0146   0.0000   0.0133   0.0995    0.223
    32   0.1037  -0.2506   0.0000   0.2032   0.0063   0.0944   0.0832   0.5447   0.4662   0.0135   0.0000   0.0160   0.0925    0.216
    33   0.1163  -0.2810   0.0000   0.2032   0.0060   0.0890   0.0891   0.5136   0.4395   0.0122   0.0000   0.0193   0.0834    0.206
    34   0.1280  -0.3094   0.0000   0.2032   0.0055   0.0819   0.0946   0.4726   0.4044   0.0107   0.0000   0.0228   0.0720    0.194
    35   0.1387  -0.3352   0.0000   0.2032   0.0049   0.0729   0.0989   0.4209   0.3601   0.0089   0.0000   0.0262   0.0586    0.177
    36   0.1481  -0.3577   0.0000   0.2032   0.0042   0.0621   0.1010   0.3586   0.3069   0.0068   0.0000   0.0285   0.0442    0.157
    37   0.1558  -0.3765   0.0000   0.2032   0.0034   0.0497   0.1005   0.2872   0.2457   0.0047   0.0000   0.0285   0.0301    0.134
    38   0.1618  -0.3909   0.0000   0.2032   0.0025   0.0361   0.0971   0.2088   0.1786   0.0025   0.0000   0.0250   0.0179    0.110
    39   0.1659  -0.4008   0.0000   0.2032   0.0015   0.0218   0.0917   0.1263   0.1081   0.0004   0.0000   0.0174   0.0087    0.089
    40   0.1679  -0.4058   0.0000   0.2032   0.0005   0.0073   0.0876   0.0424   0.0363  -0.0014   0.0000   0.0062   0.0025    0.078
 ---------------------------------------------------------------
