 ---------------------------------------------------------------
 Surface and Strip Forces by surface

  Sref = 0.18580       Cref = 0.30480       Bref = 0.60960    
  Xref = 0.10920       Yref =  0.0000       Zref =  0.0000    

  Surface # 1     Wing                                    
     # Chordwise = 10   # Spanwise = 20     First strip =  1
     Surface area Ssurf =    0.092903     Ave. chord Cave =    0.304800

 Forces referred to Sref, Cref, Bref about Xref, Yref, Zref
 Standard axis orientation,  X fwd, Z down         
     CLsurf  =   0.19550     Clsurf  =  -0.04176
     CYsurf  =   0.00295     Cmsurf  =   0.01670
     CDsurf  =   0.01277     Cnsurf  =  -0.00555
     CDisurf =   0.01277     CDvsurf =   0.00000

 Forces referred to Ssurf, Cave 
     CLsurf  =   0.39099     CDsurf  =   0.02554

 Strip Forces referred to Strip Area, Chord
    j     Xle      Yle      Zle      Chord    Area     c_cl     ai     cl_norm    cl       cd       cdv    cm_c/4     cm_LE   C.P.x/c
     1   0.0001   0.0005   0.0000   0.3048   0.0006   0.1488   0.1184   0.4769   0.4629   0.2023   0.0000   0.0083  -0.1120    0.232
     2   0.0007   0.0042   0.0000   0.3048   0.0017   0.1487   0.1176   0.5011   0.4863   0.0478   0.0000   0.0086  -0.1117    0.232
     3   0.0020   0.0116   0.0000   0.3048   0.0028   0.1487   0.1173   0.5023   0.4875   0.0380   0.0000   0.0096  -0.1106    0.230
     4   0.0040   0.0225   0.0000   0.3048   0.0038   0.1484   0.1176   0.5020   0.4872   0.0353   0.0000   0.0112  -0.1089    0.227
     5   0.0064   0.0365   0.0000   0.3048   0.0047   0.1479   0.1184   0.5006   0.4859   0.0335   0.0000   0.0130  -0.1067    0.223
     6   0.0094   0.0534   0.0000   0.3048   0.0055   0.1470   0.1196   0.4977   0.4830   0.0319   0.0000   0.0149  -0.1040    0.219
     7   0.0128   0.0728   0.0000   0.3048   0.0062   0.1454   0.1212   0.4925   0.4780   0.0304   0.0000   0.0168  -0.1009    0.215
     8   0.0166   0.0941   0.0000   0.3048   0.0067   0.1430   0.1230   0.4844   0.4701   0.0290   0.0000   0.0187  -0.0971    0.210
     9   0.0206   0.1168   0.0000   0.3048   0.0071   0.1395   0.1250   0.4726   0.4587   0.0276   0.0000   0.0205  -0.0925    0.205
    10   0.0247   0.1404   0.0000   0.3048   0.0073   0.1347   0.1272   0.4566   0.4431   0.0262   0.0000   0.0222  -0.0869    0.200
    11   0.0290   0.1644   0.0000   0.3048   0.0073   0.1285   0.1294   0.4356   0.4228   0.0247   0.0000   0.0240  -0.0802    0.193
    12   0.0331   0.1880   0.0000   0.3048   0.0071   0.1208   0.1314   0.4094   0.3973   0.0230   0.0000   0.0255  -0.0724    0.186
    13   0.0371   0.2107   0.0000   0.3048   0.0067   0.1114   0.1331   0.3775   0.3664   0.0211   0.0000   0.0268  -0.0636    0.177
    14   0.0409   0.2320   0.0000   0.3048   0.0062   0.1003   0.1341   0.3400   0.3300   0.0190   0.0000   0.0275  -0.0540    0.167
    15   0.0443   0.2514   0.0000   0.3048   0.0055   0.0877   0.1343   0.2972   0.2885   0.0165   0.0000   0.0273  -0.0440    0.155
    16   0.0473   0.2683   0.0000   0.3048   0.0047   0.0736   0.1335   0.2496   0.2422   0.0138   0.0000   0.0259  -0.0340    0.143
    17   0.0497   0.2823   0.0000   0.3048   0.0038   0.0584   0.1315   0.1979   0.1921   0.0109   0.0000   0.0229  -0.0246    0.131
    18   0.0517   0.2932   0.0000   0.3048   0.0028   0.0422   0.1284   0.1432   0.1390   0.0075   0.0000   0.0181  -0.0162    0.119
    19   0.0530   0.3006   0.0000   0.3048   0.0017   0.0255   0.1251   0.0867   0.0841   0.0040   0.0000   0.0117  -0.0091    0.111
    20   0.0536   0.3043   0.0000   0.3048   0.0006   0.0085   0.1232   0.0291   0.0282   0.0006   0.0000   0.0041  -0.0029    0.106

  Surface # 2     Wing (YDUP)                             
     # Chordwise = 10   # Spanwise = 20     First strip = 21
     Surface area Ssurf =    0.092903     Ave. chord Cave =    0.304800

 Forces referred to Sref, Cref, Bref about Xref, Yref, Zref
 Standard axis orientation,  X fwd, Z down         
     CLsurf  =   0.19550     Clsurf  =   0.04176
     CYsurf  =  -0.00295     Cmsurf  =   0.01670
     CDsurf  =   0.01277     Cnsurf  =   0.00555
     CDisurf =   0.01277     CDvsurf =   0.00000

 Forces referred to Ssurf, Cave 
     CLsurf  =   0.39099     CDsurf  =   0.02554

 Strip Forces referred to Strip Area, Chord
    j     Xle      Yle      Zle      Chord    Area     c_cl     ai     cl_norm    cl       cd       cdv    cm_c/4     cm_LE   C.P.x/c
    21   0.0001  -0.0005   0.0000   0.3048   0.0006   0.1488   0.1184   0.4769   0.4629   0.2023   0.0000   0.0083   0.1120    0.232
    22   0.0007  -0.0042   0.0000   0.3048   0.0017   0.1487   0.1176   0.5011   0.4863   0.0478   0.0000   0.0086   0.1117    0.232
    23   0.0020  -0.0116   0.0000   0.3048   0.0028   0.1487   0.1173   0.5023   0.4875   0.0380   0.0000   0.0096   0.1106    0.230
    24   0.0040  -0.0225   0.0000   0.3048   0.0038   0.1484   0.1176   0.5020   0.4872   0.0353   0.0000   0.0112   0.1089    0.227
    25   0.0064  -0.0365   0.0000   0.3048   0.0047   0.1479   0.1184   0.5006   0.4859   0.0335   0.0000   0.0130   0.1067    0.223
    26   0.0094  -0.0534   0.0000   0.3048   0.0055   0.1470   0.1196   0.4977   0.4830   0.0319   0.0000   0.0149   0.1040    0.219
    27   0.0128  -0.0728   0.0000   0.3048   0.0062   0.1454   0.1212   0.4925   0.4780   0.0304   0.0000   0.0168   0.1009    0.215
    28   0.0166  -0.0941   0.0000   0.3048   0.0067   0.1430   0.1230   0.4844   0.4701   0.0290   0.0000   0.0187   0.0971    0.210
    29   0.0206  -0.1168   0.0000   0.3048   0.0071   0.1395   0.1250   0.4726   0.4587   0.0276   0.0000   0.0205   0.0925    0.205
    30   0.0247  -0.1404   0.0000   0.3048   0.0073   0.1347   0.1272   0.4566   0.4431   0.0262   0.0000   0.0222   0.0869    0.200
    31   0.0290  -0.1644   0.0000   0.3048   0.0073   0.1285   0.1294   0.4356   0.4228   0.0247   0.0000   0.0240   0.0802    0.193
    32   0.0331  -0.1880   0.0000   0.3048   0.0071   0.1208   0.1314   0.4094   0.3973   0.0230   0.0000   0.0255   0.0724    0.186
    33   0.0371  -0.2107   0.0000   0.3048   0.0067   0.1114   0.1331   0.3775   0.3664   0.0211   0.0000   0.0268   0.0636    0.177
    34   0.0409  -0.2320   0.0000   0.3048   0.0062   0.1003   0.1341   0.3400   0.3300   0.0190   0.0000   0.0275   0.0540    0.167
    35   0.0443  -0.2514   0.0000   0.3048   0.0055   0.0877   0.1343   0.2972   0.2885   0.0165   0.0000   0.0273   0.0440    0.155
    36   0.0473  -0.2683   0.0000   0.3048   0.0047   0.0736   0.1335   0.2496   0.2422   0.0138   0.0000   0.0259   0.0340    0.143
    37   0.0497  -0.2823   0.0000   0.3048   0.0038   0.0584   0.1315   0.1979   0.1921   0.0109   0.0000   0.0229   0.0246    0.131
    38   0.0517  -0.2932   0.0000   0.3048   0.0028   0.0422   0.1284   0.1432   0.1390   0.0075   0.0000   0.0181   0.0162    0.119
    39   0.0530  -0.3006   0.0000   0.3048   0.0017   0.0255   0.1251   0.0867   0.0841   0.0040   0.0000   0.0117   0.0091    0.111
    40   0.0536  -0.3043   0.0000   0.3048   0.0006   0.0085   0.1232   0.0291   0.0282   0.0006   0.0000   0.0041   0.0029    0.106
 ---------------------------------------------------------------
