 ---------------------------------------------------------------
 Surface and Strip Forces by surface

  Sref = 0.25550       Cref = 0.27940       Bref = 0.91440    
  Xref = 0.10920       Yref =  0.0000       Zref =  0.0000    

  Surface # 1     Wing                                    
     # Chordwise = 10   # Spanwise = 20     First strip =  1
     Surface area Ssurf =    0.127742     Ave. chord Cave =    0.279400

 Forces referred to Sref, Cref, Bref about Xref, Yref, Zref
 Standard axis orientation,  X fwd, Z down         
     CLsurf  =   0.14217     Clsurf  =  -0.03060
     CYsurf  =   0.00000     Cmsurf  =   0.02560
     CDsurf  =   0.00394     Cnsurf  =  -0.00143
     CDisurf =   0.00394     CDvsurf =   0.00000

 Forces referred to Ssurf, Cave 
     CLsurf  =   0.28436     CDsurf  =   0.00789

 Strip Forces referred to Strip Area, Chord
    j     Xle      Yle      Zle      Chord    Area     c_cl     ai     cl_norm    cl       cd       cdv    cm_c/4     cm_LE   C.P.x/c
     1   0.0000   0.0007   0.0000   0.2794   0.0008   0.0983   0.0506   0.3520   0.3520   0.0087   0.0000   0.0090  -0.0789    0.224
     2   0.0000   0.0063   0.0000   0.2794   0.0023   0.0983   0.0506   0.3520   0.3520   0.0087   0.0000   0.0090  -0.0789    0.224
     3   0.0000   0.0174   0.0000   0.2794   0.0038   0.0982   0.0506   0.3519   0.3519   0.0087   0.0000   0.0090  -0.0788    0.224
     4   0.0000   0.0337   0.0000   0.2794   0.0052   0.0981   0.0507   0.3514   0.3514   0.0087   0.0000   0.0091  -0.0787    0.224
     5   0.0000   0.0548   0.0000   0.2794   0.0065   0.0977   0.0509   0.3502   0.3502   0.0087   0.0000   0.0091  -0.0783    0.224
     6   0.0000   0.0801   0.0000   0.2794   0.0076   0.0971   0.0512   0.3480   0.3480   0.0087   0.0000   0.0093  -0.0777    0.223
     7   0.0000   0.1092   0.0000   0.2794   0.0085   0.0961   0.0518   0.3444   0.3444   0.0087   0.0000   0.0094  -0.0766    0.223
     8   0.0000   0.1411   0.0000   0.2794   0.0093   0.0946   0.0526   0.3390   0.3390   0.0087   0.0000   0.0097  -0.0749    0.221
     9   0.0000   0.1752   0.0000   0.2794   0.0097   0.0925   0.0537   0.3313   0.3313   0.0087   0.0000   0.0101  -0.0726    0.219
    10   0.0000   0.2107   0.0000   0.2794   0.0100   0.0896   0.0552   0.3209   0.3209   0.0087   0.0000   0.0107  -0.0695    0.217
    11   0.0000   0.2465   0.0000   0.2794   0.0100   0.0858   0.0569   0.3073   0.3073   0.0086   0.0000   0.0113  -0.0654    0.213
    12   0.0000   0.2820   0.0000   0.2794   0.0097   0.0810   0.0588   0.2902   0.2902   0.0084   0.0000   0.0121  -0.0604    0.208
    13   0.0000   0.3161   0.0000   0.2794   0.0093   0.0751   0.0607   0.2691   0.2691   0.0082   0.0000   0.0130  -0.0542    0.202
    14   0.0000   0.3480   0.0000   0.2794   0.0085   0.0681   0.0624   0.2437   0.2437   0.0077   0.0000   0.0139  -0.0470    0.193
    15   0.0000   0.3771   0.0000   0.2794   0.0076   0.0598   0.0636   0.2141   0.2141   0.0071   0.0000   0.0145  -0.0390    0.182
    16   0.0000   0.4024   0.0000   0.2794   0.0065   0.0504   0.0638   0.1804   0.1804   0.0063   0.0000   0.0146  -0.0305    0.169
    17   0.0000   0.4235   0.0000   0.2794   0.0052   0.0400   0.0625   0.1431   0.1431   0.0052   0.0000   0.0137  -0.0221    0.154
    18   0.0000   0.4398   0.0000   0.2794   0.0038   0.0289   0.0596   0.1034   0.1034   0.0038   0.0000   0.0116  -0.0143    0.138
    19   0.0000   0.4509   0.0000   0.2794   0.0023   0.0174   0.0554   0.0622   0.0622   0.0023   0.0000   0.0079  -0.0077    0.123
    20   0.0000   0.4565   0.0000   0.2794   0.0008   0.0058   0.0521   0.0207   0.0207   0.0007   0.0000   0.0028  -0.0024    0.114

  Surface # 2     Wing (YDUP)                             
     # Chordwise = 10   # Spanwise = 20     First strip = 21
     Surface area Ssurf =    0.127742     Ave. chord Cave =    0.279400

 Forces referred to Sref, Cref, Bref about Xref, Yref, Zref
 Standard axis orientation,  X fwd, Z down         
     CLsurf  =   0.14217     Clsurf  =   0.03060
     CYsurf  =   0.00000     Cmsurf  =   0.02560
     CDsurf  =   0.00394     Cnsurf  =   0.00143
     CDisurf =   0.00394     CDvsurf =   0.00000

 Forces referred to Ssurf, Cave 
     CLsurf  =   0.28436     CDsurf  =   0.00789

 Strip Forces referred to Strip Area, Chord
    j     Xle      Yle      Zle      Chord    Area     c_cl     ai     cl_norm    cl       cd       cdv    cm_c/4     cm_LE   C.P.x/c
    21   0.0000  -0.0007   0.0000   0.2794   0.0008   0.0983   0.0506   0.3520   0.3520   0.0087   0.0000   0.0090   0.0789    0.224
    22   0.0000  -0.0063   0.0000   0.2794   0.0023   0.0983   0.0506   0.3520   0.3520   0.0087   0.0000   0.0090   0.0789    0.224
    23   0.0000  -0.0174   0.0000   0.2794   0.0038   0.0982   0.0506   0.3519   0.3519   0.0087   0.0000   0.0090   0.0788    0.224
    24   0.0000  -0.0337   0.0000   0.2794   0.0052   0.0981   0.0507   0.3514   0.3514   0.0087   0.0000   0.0091   0.0787    0.224
    25   0.0000  -0.0548   0.0000   0.2794   0.0065   0.0977   0.0509   0.3502   0.3502   0.0087   0.0000   0.0091   0.0783    0.224
    26   0.0000  -0.0801   0.0000   0.2794   0.0076   0.0971   0.0512   0.3480   0.3480   0.0087   0.0000   0.0093   0.0777    0.223
    27   0.0000  -0.1092   0.0000   0.2794   0.0085   0.0961   0.0518   0.3444   0.3444   0.0087   0.0000   0.0094   0.0766    0.223
    28   0.0000  -0.1411   0.0000   0.2794   0.0093   0.0946   0.0526   0.3390   0.3390   0.0087   0.0000   0.0097   0.0749    0.221
    29   0.0000  -0.1752   0.0000   0.2794   0.0097   0.0925   0.0537   0.3313   0.3313   0.0087   0.0000   0.0101   0.0726    0.219
    30   0.0000  -0.2107   0.0000   0.2794   0.0100   0.0896   0.0552   0.3209   0.3209   0.0087   0.0000   0.0107   0.0695    0.217
    31   0.0000  -0.2465   0.0000   0.2794   0.0100   0.0858   0.0569   0.3073   0.3073   0.0086   0.0000   0.0113   0.0654    0.213
    32   0.0000  -0.2820   0.0000   0.2794   0.0097   0.0810   0.0588   0.2902   0.2902   0.0084   0.0000   0.0121   0.0604    0.208
    33   0.0000  -0.3161   0.0000   0.2794   0.0093   0.0751   0.0607   0.2691   0.2691   0.0082   0.0000   0.0130   0.0542    0.202
    34   0.0000  -0.3480   0.0000   0.2794   0.0085   0.0681   0.0624   0.2437   0.2437   0.0077   0.0000   0.0139   0.0470    0.193
    35   0.0000  -0.3771   0.0000   0.2794   0.0076   0.0598   0.0636   0.2141   0.2141   0.0071   0.0000   0.0145   0.0390    0.182
    36   0.0000  -0.4024   0.0000   0.2794   0.0065   0.0504   0.0638   0.1804   0.1804   0.0063   0.0000   0.0146   0.0305    0.169
    37   0.0000  -0.4235   0.0000   0.2794   0.0052   0.0400   0.0625   0.1431   0.1431   0.0052   0.0000   0.0137   0.0221    0.154
    38   0.0000  -0.4398   0.0000   0.2794   0.0038   0.0289   0.0596   0.1034   0.1034   0.0038   0.0000   0.0116   0.0143    0.138
    39   0.0000  -0.4509   0.0000   0.2794   0.0023   0.0174   0.0554   0.0622   0.0622   0.0023   0.0000   0.0079   0.0077    0.123
    40   0.0000  -0.4565   0.0000   0.2794   0.0008   0.0058   0.0521   0.0207   0.0207   0.0007   0.0000   0.0028   0.0024    0.114
 ---------------------------------------------------------------
