 ---------------------------------------------------------------
 Surface and Strip Forces by surface

  Sref = 0.13630       Cref = 0.22820       Bref = 0.60960    
  Xref = 0.10920       Yref =  0.0000       Zref =  0.0000    

  Surface # 1     Wing                                    
     # Chordwise = 10   # Spanwise = 20     First strip =  1
     Surface area Ssurf =    0.085161     Ave. chord Cave =    0.279400

 Forces referred to Sref, Cref, Bref about Xref, Yref, Zref
 Standard axis orientation,  X fwd, Z down         
     CLsurf  =   0.26650     Clsurf  =  -0.05736
     CYsurf  =   0.00864     Cmsurf  =   0.00549
     CDsurf  =   0.01796     Cnsurf  =  -0.01079
     CDisurf =   0.01796     CDvsurf =   0.00000

 Forces referred to Ssurf, Cave 
     CLsurf  =   0.42654     CDsurf  =   0.02875

 Strip Forces referred to Strip Area, Chord
    j     Xle      Yle      Zle      Chord    Area     c_cl     ai     cl_norm    cl       cd       cdv    cm_c/4     cm_LE   C.P.x/c
     1   0.0002   0.0005   0.0000   0.2794   0.0005   0.1460   0.1084   0.5295   0.4703   0.3702   0.0000  -0.0068  -0.1293    0.264
     2   0.0015   0.0042   0.0000   0.2794   0.0016   0.1460   0.1075   0.5833   0.5182   0.0684   0.0000  -0.0060  -0.1286    0.262
     3   0.0042   0.0116   0.0000   0.2794   0.0026   0.1460   0.1081   0.5865   0.5210   0.0500   0.0000  -0.0036  -0.1263    0.257
     4   0.0081   0.0225   0.0000   0.2794   0.0035   0.1459   0.1097   0.5871   0.5215   0.0451   0.0000  -0.0001  -0.1229    0.250
     5   0.0131   0.0365   0.0000   0.2794   0.0043   0.1457   0.1121   0.5868   0.5212   0.0415   0.0000   0.0039  -0.1190    0.243
     6   0.0192   0.0534   0.0000   0.2794   0.0051   0.1451   0.1150   0.5851   0.5197   0.0382   0.0000   0.0078  -0.1148    0.235
     7   0.0262   0.0728   0.0000   0.2794   0.0057   0.1440   0.1182   0.5811   0.5162   0.0353   0.0000   0.0115  -0.1104    0.228
     8   0.0338   0.0941   0.0000   0.2794   0.0062   0.1421   0.1217   0.5738   0.5097   0.0326   0.0000   0.0149  -0.1056    0.221
     9   0.0420   0.1168   0.0000   0.2794   0.0065   0.1392   0.1253   0.5623   0.4995   0.0301   0.0000   0.0182  -0.1001    0.214
    10   0.0505   0.1404   0.0000   0.2794   0.0067   0.1350   0.1290   0.5456   0.4847   0.0278   0.0000   0.0213  -0.0936    0.206
    11   0.0591   0.1644   0.0000   0.2794   0.0067   0.1293   0.1327   0.5229   0.4645   0.0253   0.0000   0.0244  -0.0859    0.198
    12   0.0676   0.1880   0.0000   0.2794   0.0065   0.1220   0.1360   0.4934   0.4383   0.0228   0.0000   0.0272  -0.0770    0.188
    13   0.0758   0.2107   0.0000   0.2794   0.0062   0.1129   0.1387   0.4568   0.4058   0.0202   0.0000   0.0298  -0.0670    0.177
    14   0.0834   0.2320   0.0000   0.2794   0.0057   0.1020   0.1406   0.4128   0.3667   0.0173   0.0000   0.0316  -0.0561    0.164
    15   0.0904   0.2514   0.0000   0.2794   0.0051   0.0893   0.1412   0.3618   0.3214   0.0143   0.0000   0.0323  -0.0448    0.149
    16   0.0965   0.2683   0.0000   0.2794   0.0043   0.0751   0.1404   0.3044   0.2704   0.0112   0.0000   0.0313  -0.0337    0.134
    17   0.1015   0.2823   0.0000   0.2794   0.0035   0.0596   0.1382   0.2417   0.2147   0.0081   0.0000   0.0282  -0.0236    0.119
    18   0.1054   0.2932   0.0000   0.2794   0.0026   0.0431   0.1348   0.1751   0.1556   0.0049   0.0000   0.0227  -0.0150    0.104
    19   0.1081   0.3006   0.0000   0.2794   0.0016   0.0261   0.1309   0.1061   0.0943   0.0016   0.0000   0.0147  -0.0081    0.094
    20   0.1094   0.3043   0.0000   0.2794   0.0005   0.0087   0.1289   0.0358   0.0318  -0.0012   0.0000   0.0051  -0.0025    0.089

  Surface # 2     Wing (YDUP)                             
     # Chordwise = 10   # Spanwise = 20     First strip = 21
     Surface area Ssurf =    0.085161     Ave. chord Cave =    0.279400

 Forces referred to Sref, Cref, Bref about Xref, Yref, Zref
 Standard axis orientation,  X fwd, Z down         
     CLsurf  =   0.26650     Clsurf  =   0.05736
     CYsurf  =  -0.00864     Cmsurf  =   0.00549
     CDsurf  =   0.01796     Cnsurf  =   0.01079
     CDisurf =   0.01796     CDvsurf =   0.00000

 Forces referred to Ssurf, Cave 
     CLsurf  =   0.42654     CDsurf  =   0.02875

 Strip Forces referred to Strip Area, Chord
    j     Xle      Yle      Zle      Chord    Area     c_cl     ai     cl_norm    cl       cd       cdv    cm_c/4     cm_LE   C.P.x/c
    21   0.0002  -0.0005   0.0000   0.2794   0.0005   0.1460   0.1084   0.5295   0.4703   0.3702   0.0000  -0.0068   0.1293    0.264
    22   0.0015  -0.0042   0.0000   0.2794   0.0016   0.1460   0.1075   0.5833   0.5182   0.0684   0.0000  -0.0060   0.1286    0.262
    23   0.0042  -0.0116   0.0000   0.2794   0.0026   0.1460   0.1081   0.5865   0.5210   0.0500   0.0000  -0.0036   0.1263    0.257
    24   0.0081  -0.0225   0.0000   0.2794   0.0035   0.1459   0.1097   0.5871   0.5215   0.0451   0.0000  -0.0001   0.1229    0.250
    25   0.0131  -0.0365   0.0000   0.2794   0.0043   0.1457   0.1121   0.5868   0.5212   0.0415   0.0000   0.0039   0.1190    0.243
    26   0.0192  -0.0534   0.0000   0.2794   0.0051   0.1451   0.1150   0.5851   0.5197   0.0382   0.0000   0.0078   0.1148    0.235
    27   0.0262  -0.0728   0.0000   0.2794   0.0057   0.1440   0.1182   0.5811   0.5162   0.0353   0.0000   0.0115   0.1104    0.228
    28   0.0338  -0.0941   0.0000   0.2794   0.0062   0.1421   0.1217   0.5738   0.5097   0.0326   0.0000   0.0149   0.1056    0.221
    29   0.0420  -0.1168   0.0000   0.2794   0.0065   0.1392   0.1253   0.5623   0.4995   0.0301   0.0000   0.0182   0.1001    0.214
    30   0.0505  -0.1404   0.0000   0.2794   0.0067   0.1350   0.1290   0.5456   0.4847   0.0278   0.0000   0.0213   0.0936    0.206
    31   0.0591  -0.1644   0.0000   0.2794   0.0067   0.1293   0.1327   0.5229   0.4645   0.0253   0.0000   0.0244   0.0859    0.198
    32   0.0676  -0.1880   0.0000   0.2794   0.0065   0.1220   0.1360   0.4934   0.4383   0.0228   0.0000   0.0272   0.0770    0.188
    33   0.0758  -0.2107   0.0000   0.2794   0.0062   0.1129   0.1387   0.4568   0.4058   0.0202   0.0000   0.0298   0.0670    0.177
    34   0.0834  -0.2320   0.0000   0.2794   0.0057   0.1020   0.1406   0.4128   0.3667   0.0173   0.0000   0.0316   0.0561    0.164
    35   0.0904  -0.2514   0.0000   0.2794   0.0051   0.0893   0.1412   0.3618   0.3214   0.0143   0.0000   0.0323   0.0448    0.149
    36   0.0965  -0.2683   0.0000   0.2794   0.0043   0.0751   0.1404   0.3044   0.2704   0.0112   0.0000   0.0313   0.0337    0.134
    37   0.1015  -0.2823   0.0000   0.2794   0.0035   0.0596   0.1382   0.2417   0.2147   0.0081   0.0000   0.0282   0.0236    0.119
    38   0.1054  -0.2932   0.0000   0.2794   0.0026   0.0431   0.1348   0.1751   0.1556   0.0049   0.0000   0.0227   0.0150    0.104
    39   0.1081  -0.3006   0.0000   0.2794   0.0016   0.0261   0.1309   0.1061   0.0943   0.0016   0.0000   0.0147   0.0081    0.094
    40   0.1094  -0.3043   0.0000   0.2794   0.0005   0.0087   0.1289   0.0358   0.0318  -0.0012   0.0000   0.0051   0.0025    0.089
 ---------------------------------------------------------------
