 ---------------------------------------------------------------
 Surface and Strip Forces by surface

  Sref = 0.11150       Cref = 0.14000       Bref = 0.91440    
  Xref = 0.10920       Yref =  0.0000       Zref =  0.0000    

  Surface # 1     Wing                                    
     # Chordwise = 10   # Spanwise = 20     First strip =  1
     Surface area Ssurf =    0.092903     Ave. chord Cave =    0.203200

 Forces referred to Sref, Cref, Bref about Xref, Yref, Zref
 Standard axis orientation,  X fwd, Z down         
     CLsurf  =   0.32578     Clsurf  =  -0.07309
     CYsurf  =   0.00990     Cmsurf  =  -0.06891
     CDsurf  =   0.00990     Cnsurf  =  -0.00792
     CDisurf =   0.00990     CDvsurf =   0.00000

 Forces referred to Ssurf, Cave 
     CLsurf  =   0.39099     CDsurf  =   0.01188

 Strip Forces referred to Strip Area, Chord
    j     Xle      Yle      Zle      Chord    Area     c_cl     ai     cl_norm    cl       cd       cdv    cm_c/4     cm_LE   C.P.x/c
     1   0.0003   0.0007   0.0000   0.2032   0.0006   0.0885   0.0253   0.5089   0.4231   0.1485   0.0000  -0.0211  -0.1184    0.300
     2   0.0029   0.0063   0.0000   0.2032   0.0017   0.0885   0.0258   0.5229   0.4348   0.0306   0.0000  -0.0189  -0.1165    0.293
     3   0.0079   0.0174   0.0000   0.2032   0.0028   0.0888   0.0290   0.5249   0.4365   0.0246   0.0000  -0.0137  -0.1119    0.281
     4   0.0153   0.0337   0.0000   0.2032   0.0038   0.0892   0.0332   0.5280   0.4391   0.0211   0.0000  -0.0079  -0.1072    0.268
     5   0.0248   0.0548   0.0000   0.2032   0.0047   0.0898   0.0376   0.5321   0.4424   0.0180   0.0000  -0.0030  -0.1034    0.257
     6   0.0363   0.0801   0.0000   0.2032   0.0055   0.0905   0.0416   0.5362   0.4458   0.0156   0.0000   0.0007  -0.1007    0.248
     7   0.0494   0.1092   0.0000   0.2032   0.0062   0.0909   0.0453   0.5392   0.4483   0.0139   0.0000   0.0034  -0.0988    0.242
     8   0.0639   0.1411   0.0000   0.2032   0.0067   0.0911   0.0488   0.5401   0.4491   0.0126   0.0000   0.0054  -0.0972    0.238
     9   0.0793   0.1752   0.0000   0.2032   0.0071   0.0907   0.0526   0.5380   0.4473   0.0116   0.0000   0.0071  -0.0952    0.234
    10   0.0954   0.2107   0.0000   0.2032   0.0073   0.0896   0.0567   0.5317   0.4421   0.0109   0.0000   0.0087  -0.0925    0.230
    11   0.1116   0.2465   0.0000   0.2032   0.0073   0.0877   0.0615   0.5203   0.4326   0.0102   0.0000   0.0106  -0.0886    0.226
    12   0.1277   0.2820   0.0000   0.2032   0.0071   0.0846   0.0669   0.5023   0.4176   0.0095   0.0000   0.0129  -0.0831    0.219
    13   0.1431   0.3161   0.0000   0.2032   0.0067   0.0802   0.0728   0.4762   0.3960   0.0086   0.0000   0.0158  -0.0756    0.210
    14   0.1576   0.3480   0.0000   0.2032   0.0062   0.0742   0.0784   0.4406   0.3664   0.0075   0.0000   0.0192  -0.0657    0.198
    15   0.1707   0.3771   0.0000   0.2032   0.0055   0.0664   0.0830   0.3944   0.3279   0.0061   0.0000   0.0227  -0.0537    0.181
    16   0.1822   0.4024   0.0000   0.2032   0.0047   0.0568   0.0855   0.3374   0.2805   0.0045   0.0000   0.0256  -0.0404    0.159
    17   0.1917   0.4235   0.0000   0.2032   0.0038   0.0456   0.0851   0.2707   0.2251   0.0028   0.0000   0.0265  -0.0270    0.132
    18   0.1991   0.4398   0.0000   0.2032   0.0028   0.0331   0.0815   0.1968   0.1636   0.0012   0.0000   0.0239  -0.0154    0.104
    19   0.2041   0.4509   0.0000   0.2032   0.0017   0.0200   0.0755   0.1189   0.0988  -0.0003   0.0000   0.0169  -0.0070    0.079
    20   0.2067   0.4565   0.0000   0.2032   0.0006   0.0067   0.0707   0.0398   0.0331  -0.0014   0.0000   0.0061  -0.0019    0.065

  Surface # 2     Wing (YDUP)                             
     # Chordwise = 10   # Spanwise = 20     First strip = 21
     Surface area Ssurf =    0.092903     Ave. chord Cave =    0.203200

 Forces referred to Sref, Cref, Bref about Xref, Yref, Zref
 Standard axis orientation,  X fwd, Z down         
     CLsurf  =   0.32578     Clsurf  =   0.07309
     CYsurf  =  -0.00990     Cmsurf  =  -0.06891
     CDsurf  =   0.00990     Cnsurf  =   0.00792
     CDisurf =   0.00990     CDvsurf =   0.00000

 Forces referred to Ssurf, Cave 
     CLsurf  =   0.39099     CDsurf  =   0.01188

 Strip Forces referred to Strip Area, Chord
    j     Xle      Yle      Zle      Chord    Area     c_cl     ai     cl_norm    cl       cd       cdv    cm_c/4     cm_LE   C.P.x/c
    21   0.0003  -0.0007   0.0000   0.2032   0.0006   0.0885   0.0253   0.5089   0.4231   0.1485   0.0000  -0.0211   0.1184    0.300
    22   0.0029  -0.0063   0.0000   0.2032   0.0017   0.0885   0.0258   0.5229   0.4348   0.0306   0.0000  -0.0189   0.1165    0.293
    23   0.0079  -0.0174   0.0000   0.2032   0.0028   0.0888   0.0290   0.5249   0.4365   0.0246   0.0000  -0.0137   0.1119    0.281
    24   0.0153  -0.0337   0.0000   0.2032   0.0038   0.0892   0.0332   0.5280   0.4391   0.0211   0.0000  -0.0079   0.1072    0.268
    25   0.0248  -0.0548   0.0000   0.2032   0.0047   0.0898   0.0376   0.5321   0.4424   0.0180   0.0000  -0.0030   0.1034    0.257
    26   0.0363  -0.0801   0.0000   0.2032   0.0055   0.0905   0.0416   0.5362   0.4458   0.0156   0.0000   0.0007   0.1007    0.248
    27   0.0494  -0.1092   0.0000   0.2032   0.0062   0.0909   0.0453   0.5392   0.4483   0.0139   0.0000   0.0034   0.0988    0.242
    28   0.0639  -0.1411   0.0000   0.2032   0.0067   0.0911   0.0488   0.5401   0.4491   0.0126   0.0000   0.0054   0.0972    0.238
    29   0.0793  -0.1752   0.0000   0.2032   0.0071   0.0907   0.0526   0.5380   0.4473   0.0116   0.0000   0.0071   0.0952    0.234
    30   0.0954  -0.2107   0.0000   0.2032   0.0073   0.0896   0.0567   0.5317   0.4421   0.0109   0.0000   0.0087   0.0925    0.230
    31   0.1116  -0.2465   0.0000   0.2032   0.0073   0.0877   0.0615   0.5203   0.4326   0.0102   0.0000   0.0106   0.0886    0.226
    32   0.1277  -0.2820   0.0000   0.2032   0.0071   0.0846   0.0669   0.5023   0.4176   0.0095   0.0000   0.0129   0.0831    0.219
    33   0.1431  -0.3161   0.0000   0.2032   0.0067   0.0802   0.0728   0.4762   0.3960   0.0086   0.0000   0.0158   0.0756    0.210
    34   0.1576  -0.3480   0.0000   0.2032   0.0062   0.0742   0.0784   0.4406   0.3664   0.0075   0.0000   0.0192   0.0657    0.198
    35   0.1707  -0.3771   0.0000   0.2032   0.0055   0.0664   0.0830   0.3944   0.3279   0.0061   0.0000   0.0227   0.0537    0.181
    36   0.1822  -0.4024   0.0000   0.2032   0.0047   0.0568   0.0855   0.3374   0.2805   0.0045   0.0000   0.0256   0.0404    0.159
    37   0.1917  -0.4235   0.0000   0.2032   0.0038   0.0456   0.0851   0.2707   0.2251   0.0028   0.0000   0.0265   0.0270    0.132
    38   0.1991  -0.4398   0.0000   0.2032   0.0028   0.0331   0.0815   0.1968   0.1636   0.0012   0.0000   0.0239   0.0154    0.104
    39   0.2041  -0.4509   0.0000   0.2032   0.0017   0.0200   0.0755   0.1189   0.0988  -0.0003   0.0000   0.0169   0.0070    0.079
    40   0.2067  -0.4565   0.0000   0.2032   0.0006   0.0067   0.0707   0.0398   0.0331  -0.0014   0.0000   0.0061   0.0019    0.065
 ---------------------------------------------------------------
