 ---------------------------------------------------------------
 Surface and Strip Forces by surface

  Sref = 0.97500E-01   Cref = 0.15750       Bref = 0.71120    
  Xref = 0.10920       Yref =  0.0000       Zref =  0.0000    

  Surface # 1     Wing                                    
     # Chordwise = 10   # Spanwise = 20     First strip =  1
     Surface area Ssurf =    0.081290     Ave. chord Cave =    0.228600

 Forces referred to Sref, Cref, Bref about Xref, Yref, Zref
 Standard axis orientation,  X fwd, Z down         
     CLsurf  =   0.37256     Clsurf  =  -0.08197
     CYsurf  =   0.01569     Cmsurf  =  -0.04308
     CDsurf  =   0.01867     Cnsurf  =  -0.01407
     CDisurf =   0.01867     CDvsurf =   0.00000

 Forces referred to Ssurf, Cave 
     CLsurf  =   0.44685     CDsurf  =   0.02239

 Strip Forces referred to Strip Area, Chord
    j     Xle      Yle      Zle      Chord    Area     c_cl     ai     cl_norm    cl       cd       cdv    cm_c/4     cm_LE   C.P.x/c
     1   0.0003   0.0005   0.0000   0.2286   0.0005   0.1185   0.0564   0.5940   0.4802   0.3155   0.0000  -0.0236  -0.1375    0.299
     2   0.0024   0.0049   0.0000   0.2286   0.0015   0.1186   0.0574   0.6377   0.5155   0.0579   0.0000  -0.0220  -0.1360    0.293
     3   0.0067   0.0135   0.0000   0.2286   0.0024   0.1187   0.0607   0.6408   0.5180   0.0443   0.0000  -0.0173  -0.1320    0.283
     4   0.0129   0.0262   0.0000   0.2286   0.0033   0.1190   0.0652   0.6434   0.5201   0.0394   0.0000  -0.0113  -0.1269    0.272
     5   0.0210   0.0426   0.0000   0.2286   0.0041   0.1194   0.0702   0.6464   0.5225   0.0349   0.0000  -0.0054  -0.1220    0.260
     6   0.0307   0.0623   0.0000   0.2286   0.0048   0.1198   0.0752   0.6488   0.5245   0.0310   0.0000  -0.0003  -0.1178    0.251
     7   0.0418   0.0849   0.0000   0.2286   0.0054   0.1198   0.0802   0.6496   0.5251   0.0278   0.0000   0.0040  -0.1140    0.242
     8   0.0540   0.1098   0.0000   0.2286   0.0059   0.1193   0.0852   0.6473   0.5233   0.0251   0.0000   0.0076  -0.1103    0.236
     9   0.0671   0.1363   0.0000   0.2286   0.0062   0.1180   0.0904   0.6408   0.5180   0.0229   0.0000   0.0108  -0.1061    0.229
    10   0.0807   0.1638   0.0000   0.2286   0.0064   0.1158   0.0959   0.6287   0.5083   0.0209   0.0000   0.0139  -0.1011    0.223
    11   0.0944   0.1918   0.0000   0.2286   0.0064   0.1122   0.1017   0.6097   0.4929   0.0189   0.0000   0.0173  -0.0946    0.215
    12   0.1080   0.2193   0.0000   0.2286   0.0062   0.1071   0.1075   0.5823   0.4708   0.0169   0.0000   0.0209  -0.0864    0.206
    13   0.1211   0.2458   0.0000   0.2286   0.0059   0.1003   0.1129   0.5455   0.4410   0.0147   0.0000   0.0247  -0.0763    0.194
    14   0.1333   0.2707   0.0000   0.2286   0.0054   0.0916   0.1174   0.4984   0.4029   0.0122   0.0000   0.0284  -0.0644    0.179
    15   0.1444   0.2933   0.0000   0.2286   0.0048   0.0810   0.1202   0.4409   0.3564   0.0095   0.0000   0.0314  -0.0513    0.162
    16   0.1541   0.3130   0.0000   0.2286   0.0041   0.0686   0.1208   0.3735   0.3020   0.0067   0.0000   0.0327  -0.0380    0.142
    17   0.1622   0.3294   0.0000   0.2286   0.0033   0.0547   0.1191   0.2979   0.2409   0.0041   0.0000   0.0313  -0.0256    0.120
    18   0.1684   0.3421   0.0000   0.2286   0.0024   0.0396   0.1152   0.2163   0.1748   0.0016   0.0000   0.0264  -0.0152    0.099
    19   0.1727   0.3507   0.0000   0.2286   0.0015   0.0240   0.1101   0.1310   0.1059  -0.0006   0.0000   0.0178  -0.0075    0.082
    20   0.1748   0.3551   0.0000   0.2286   0.0005   0.0080   0.1070   0.0441   0.0357  -0.0023   0.0000   0.0063  -0.0022    0.074

  Surface # 2     Wing (YDUP)                             
     # Chordwise = 10   # Spanwise = 20     First strip = 21
     Surface area Ssurf =    0.081290     Ave. chord Cave =    0.228600

 Forces referred to Sref, Cref, Bref about Xref, Yref, Zref
 Standard axis orientation,  X fwd, Z down         
     CLsurf  =   0.37256     Clsurf  =   0.08197
     CYsurf  =  -0.01569     Cmsurf  =  -0.04308
     CDsurf  =   0.01867     Cnsurf  =   0.01407
     CDisurf =   0.01867     CDvsurf =   0.00000

 Forces referred to Ssurf, Cave 
     CLsurf  =   0.44685     CDsurf  =   0.02239

 Strip Forces referred to Strip Area, Chord
    j     Xle      Yle      Zle      Chord    Area     c_cl     ai     cl_norm    cl       cd       cdv    cm_c/4     cm_LE   C.P.x/c
    21   0.0003  -0.0005   0.0000   0.2286   0.0005   0.1185   0.0564   0.5940   0.4802   0.3155   0.0000  -0.0236   0.1375    0.299
    22   0.0024  -0.0049   0.0000   0.2286   0.0015   0.1186   0.0574   0.6377   0.5155   0.0579   0.0000  -0.0220   0.1360    0.293
    23   0.0067  -0.0135   0.0000   0.2286   0.0024   0.1187   0.0607   0.6408   0.5180   0.0443   0.0000  -0.0173   0.1320    0.283
    24   0.0129  -0.0262   0.0000   0.2286   0.0033   0.1190   0.0652   0.6434   0.5201   0.0394   0.0000  -0.0113   0.1269    0.272
    25   0.0210  -0.0426   0.0000   0.2286   0.0041   0.1194   0.0702   0.6464   0.5225   0.0349   0.0000  -0.0054   0.1220    0.260
    26   0.0307  -0.0623   0.0000   0.2286   0.0048   0.1198   0.0752   0.6488   0.5245   0.0310   0.0000  -0.0003   0.1178    0.251
    27   0.0418  -0.0849   0.0000   0.2286   0.0054   0.1198   0.0802   0.6496   0.5251   0.0278   0.0000   0.0040   0.1140    0.242
    28   0.0540  -0.1098   0.0000   0.2286   0.0059   0.1193   0.0852   0.6473   0.5233   0.0251   0.0000   0.0076   0.1103    0.236
    29   0.0671  -0.1363   0.0000   0.2286   0.0062   0.1180   0.0904   0.6408   0.5180   0.0229   0.0000   0.0108   0.1061    0.229
    30   0.0807  -0.1638   0.0000   0.2286   0.0064   0.1158   0.0959   0.6287   0.5083   0.0209   0.0000   0.0139   0.1011    0.223
    31   0.0944  -0.1918   0.0000   0.2286   0.0064   0.1122   0.1017   0.6097   0.4929   0.0189   0.0000   0.0173   0.0946    0.215
    32   0.1080  -0.2193   0.0000   0.2286   0.0062   0.1071   0.1075   0.5823   0.4708   0.0169   0.0000   0.0209   0.0864    0.206
    33   0.1211  -0.2458   0.0000   0.2286   0.0059   0.1003   0.1129   0.5455   0.4410   0.0147   0.0000   0.0247   0.0763    0.194
    34   0.1333  -0.2707   0.0000   0.2286   0.0054   0.0916   0.1174   0.4984   0.4029   0.0122   0.0000   0.0284   0.0644    0.179
    35   0.1444  -0.2933   0.0000   0.2286   0.0048   0.0810   0.1202   0.4409   0.3564   0.0095   0.0000   0.0314   0.0513    0.162
    36   0.1541  -0.3130   0.0000   0.2286   0.0041   0.0686   0.1208   0.3735   0.3020   0.0067   0.0000   0.0327   0.0380    0.142
    37   0.1622  -0.3294   0.0000   0.2286   0.0033   0.0547   0.1191   0.2979   0.2409   0.0041   0.0000   0.0313   0.0256    0.120
    38   0.1684  -0.3421   0.0000   0.2286   0.0024   0.0396   0.1152   0.2163   0.1748   0.0016   0.0000   0.0264   0.0152    0.099
    39   0.1727  -0.3507   0.0000   0.2286   0.0015   0.0240   0.1101   0.1310   0.1059  -0.0006   0.0000   0.0178   0.0075    0.082
    40   0.1748  -0.3551   0.0000   0.2286   0.0005   0.0080   0.1070   0.0441   0.0357  -0.0023   0.0000   0.0063   0.0022    0.074
 ---------------------------------------------------------------
