 ---------------------------------------------------------------
 Surface and Strip Forces by surface

  Sref = 0.15900       Cref = 0.20760       Bref = 0.81280    
  Xref = 0.10920       Yref =  0.0000       Zref =  0.0000    

  Surface # 1     Wing                                    
     # Chordwise = 10   # Spanwise = 20     First strip =  1
     Surface area Ssurf =    0.113548     Ave. chord Cave =    0.279400

 Forces referred to Sref, Cref, Bref about Xref, Yref, Zref
 Standard axis orientation,  X fwd, Z down         
     CLsurf  =   0.22846     Clsurf  =  -0.04999
     CYsurf  =   0.00621     Cmsurf  =  -0.03700
     CDsurf  =   0.00877     Cnsurf  =  -0.00617
     CDisurf =   0.00877     CDvsurf =   0.00000

 Forces referred to Ssurf, Cave 
     CLsurf  =   0.31990     CDsurf  =   0.01228

 Strip Forces referred to Strip Area, Chord
    j     Xle      Yle      Zle      Chord    Area     c_cl     ai     cl_norm    cl       cd       cdv    cm_c/4     cm_LE   C.P.x/c
     1   0.0003   0.0006   0.0000   0.2794   0.0007   0.1056   0.0508   0.4397   0.3617   0.1858   0.0000  -0.0153  -0.0995    0.292
     2   0.0026   0.0056   0.0000   0.2794   0.0021   0.1056   0.0494   0.4577   0.3765   0.0321   0.0000  -0.0142  -0.0985    0.288
     3   0.0072   0.0155   0.0000   0.2794   0.0034   0.1056   0.0503   0.4589   0.3775   0.0239   0.0000  -0.0110  -0.0956    0.279
     4   0.0140   0.0299   0.0000   0.2794   0.0047   0.1058   0.0526   0.4598   0.3782   0.0214   0.0000  -0.0068  -0.0919    0.268
     5   0.0227   0.0487   0.0000   0.2794   0.0058   0.1059   0.0556   0.4609   0.3791   0.0191   0.0000  -0.0025  -0.0882    0.257
     6   0.0333   0.0712   0.0000   0.2794   0.0068   0.1060   0.0589   0.4615   0.3796   0.0171   0.0000   0.0013  -0.0848    0.247
     7   0.0453   0.0970   0.0000   0.2794   0.0076   0.1058   0.0623   0.4609   0.3791   0.0153   0.0000   0.0045  -0.0817    0.238
     8   0.0586   0.1254   0.0000   0.2794   0.0082   0.1052   0.0658   0.4581   0.3769   0.0139   0.0000   0.0073  -0.0787    0.231
     9   0.0727   0.1558   0.0000   0.2794   0.0087   0.1038   0.0695   0.4523   0.3721   0.0126   0.0000   0.0098  -0.0753    0.224
    10   0.0875   0.1873   0.0000   0.2794   0.0089   0.1015   0.0733   0.4425   0.3640   0.0115   0.0000   0.0122  -0.0713    0.217
    11   0.1023   0.2191   0.0000   0.2794   0.0089   0.0981   0.0772   0.4277   0.3518   0.0103   0.0000   0.0147  -0.0662    0.208
    12   0.1171   0.2506   0.0000   0.2794   0.0087   0.0934   0.0810   0.4071   0.3349   0.0092   0.0000   0.0174  -0.0600    0.198
    13   0.1312   0.2810   0.0000   0.2794   0.0082   0.0871   0.0844   0.3799   0.3125   0.0079   0.0000   0.0201  -0.0524    0.186
    14   0.1445   0.3094   0.0000   0.2794   0.0076   0.0793   0.0869   0.3457   0.2843   0.0065   0.0000   0.0227  -0.0437    0.170
    15   0.1565   0.3352   0.0000   0.2794   0.0068   0.0698   0.0880   0.3044   0.2504   0.0050   0.0000   0.0247  -0.0342    0.151
    16   0.1671   0.3577   0.0000   0.2794   0.0058   0.0588   0.0872   0.2567   0.2112   0.0035   0.0000   0.0254  -0.0247    0.130
    17   0.1758   0.3765   0.0000   0.2794   0.0047   0.0467   0.0845   0.2037   0.1676   0.0020   0.0000   0.0241  -0.0160    0.106
    18   0.1826   0.3909   0.0000   0.2794   0.0034   0.0337   0.0801   0.1472   0.1211   0.0006   0.0000   0.0202  -0.0090    0.083
    19   0.1872   0.4008   0.0000   0.2794   0.0021   0.0203   0.0749   0.0887   0.0730  -0.0007   0.0000   0.0135  -0.0042    0.065
    20   0.1895   0.4058   0.0000   0.2794   0.0007   0.0068   0.0718   0.0298   0.0245  -0.0015   0.0000   0.0047  -0.0012    0.056

  Surface # 2     Wing (YDUP)                             
     # Chordwise = 10   # Spanwise = 20     First strip = 21
     Surface area Ssurf =    0.113548     Ave. chord Cave =    0.279400

 Forces referred to Sref, Cref, Bref about Xref, Yref, Zref
 Standard axis orientation,  X fwd, Z down         
     CLsurf  =   0.22846     Clsurf  =   0.04999
     CYsurf  =  -0.00621     Cmsurf  =  -0.03700
     CDsurf  =   0.00877     Cnsurf  =   0.00617
     CDisurf =   0.00877     CDvsurf =   0.00000

 Forces referred to Ssurf, Cave 
     CLsurf  =   0.31990     CDsurf  =   0.01228

 Strip Forces referred to Strip Area, Chord
    j     Xle      Yle      Zle      Chord    Area     c_cl     ai     cl_norm    cl       cd       cdv    cm_c/4     cm_LE   C.P.x/c
    21   0.0003  -0.0006   0.0000   0.2794   0.0007   0.1056   0.0508   0.4397   0.3617   0.1858   0.0000  -0.0153   0.0995    0.292
    22   0.0026  -0.0056   0.0000   0.2794   0.0021   0.1056   0.0494   0.4577   0.3765   0.0321   0.0000  -0.0142   0.0985    0.288
    23   0.0072  -0.0155   0.0000   0.2794   0.0034   0.1056   0.0503   0.4589   0.3775   0.0239   0.0000  -0.0110   0.0956    0.279
    24   0.0140  -0.0299   0.0000   0.2794   0.0047   0.1058   0.0526   0.4598   0.3782   0.0214   0.0000  -0.0068   0.0919    0.268
    25   0.0227  -0.0487   0.0000   0.2794   0.0058   0.1059   0.0556   0.4609   0.3791   0.0191   0.0000  -0.0025   0.0882    0.257
    26   0.0333  -0.0712   0.0000   0.2794   0.0068   0.1060   0.0589   0.4615   0.3796   0.0171   0.0000   0.0013   0.0848    0.247
    27   0.0453  -0.0970   0.0000   0.2794   0.0076   0.1058   0.0623   0.4609   0.3791   0.0153   0.0000   0.0045   0.0817    0.238
    28   0.0586  -0.1254   0.0000   0.2794   0.0082   0.1052   0.0658   0.4581   0.3769   0.0139   0.0000   0.0073   0.0787    0.231
    29   0.0727  -0.1558   0.0000   0.2794   0.0087   0.1038   0.0695   0.4523   0.3721   0.0126   0.0000   0.0098   0.0753    0.224
    30   0.0875  -0.1873   0.0000   0.2794   0.0089   0.1015   0.0733   0.4425   0.3640   0.0115   0.0000   0.0122   0.0713    0.217
    31   0.1023  -0.2191   0.0000   0.2794   0.0089   0.0981   0.0772   0.4277   0.3518   0.0103   0.0000   0.0147   0.0662    0.208
    32   0.1171  -0.2506   0.0000   0.2794   0.0087   0.0934   0.0810   0.4071   0.3349   0.0092   0.0000   0.0174   0.0600    0.198
    33   0.1312  -0.2810   0.0000   0.2794   0.0082   0.0871   0.0844   0.3799   0.3125   0.0079   0.0000   0.0201   0.0524    0.186
    34   0.1445  -0.3094   0.0000   0.2794   0.0076   0.0793   0.0869   0.3457   0.2843   0.0065   0.0000   0.0227   0.0437    0.170
    35   0.1565  -0.3352   0.0000   0.2794   0.0068   0.0698   0.0880   0.3044   0.2504   0.0050   0.0000   0.0247   0.0342    0.151
    36   0.1671  -0.3577   0.0000   0.2794   0.0058   0.0588   0.0872   0.2567   0.2112   0.0035   0.0000   0.0254   0.0247    0.130
    37   0.1758  -0.3765   0.0000   0.2794   0.0047   0.0467   0.0845   0.2037   0.1676   0.0020   0.0000   0.0241   0.0160    0.106
    38   0.1826  -0.3909   0.0000   0.2794   0.0034   0.0337   0.0801   0.1472   0.1211   0.0006   0.0000   0.0202   0.0090    0.083
    39   0.1872  -0.4008   0.0000   0.2794   0.0021   0.0203   0.0749   0.0887   0.0730  -0.0007   0.0000   0.0135   0.0042    0.065
    40   0.1895  -0.4058   0.0000   0.2794   0.0007   0.0068   0.0718   0.0298   0.0245  -0.0015   0.0000   0.0047   0.0012    0.056
 ---------------------------------------------------------------
