 ---------------------------------------------------------------
 Surface and Strip Forces by surface

  Sref = 0.20440       Cref = 0.22820       Bref = 0.91440    
  Xref = 0.10920       Yref =  0.0000       Zref =  0.0000    

  Surface # 1     Wing                                    
     # Chordwise = 10   # Spanwise = 20     First strip =  1
     Surface area Ssurf =    0.127742     Ave. chord Cave =    0.279400

 Forces referred to Sref, Cref, Bref about Xref, Yref, Zref
 Standard axis orientation,  X fwd, Z down         
     CLsurf  =   0.17771     Clsurf  =  -0.03850
     CYsurf  =   0.00126     Cmsurf  =   0.01627
     CDsurf  =   0.00511     Cnsurf  =  -0.00230
     CDisurf =   0.00511     CDvsurf =   0.00000

 Forces referred to Ssurf, Cave 
     CLsurf  =   0.28436     CDsurf  =   0.00818

 Strip Forces referred to Strip Area, Chord
    j     Xle      Yle      Zle      Chord    Area     c_cl     ai     cl_norm    cl       cd       cdv    cm_c/4     cm_LE   C.P.x/c
     1   0.0001   0.0007   0.0000   0.2794   0.0008   0.0967   0.0481   0.3503   0.3428   0.0565   0.0000   0.0012  -0.0844    0.247
     2   0.0009   0.0063   0.0000   0.2794   0.0023   0.0967   0.0470   0.3536   0.3460   0.0144   0.0000   0.0016  -0.0840    0.245
     3   0.0026   0.0174   0.0000   0.2794   0.0038   0.0966   0.0469   0.3536   0.3460   0.0120   0.0000   0.0027  -0.0829    0.242
     4   0.0050   0.0337   0.0000   0.2794   0.0052   0.0966   0.0473   0.3534   0.3458   0.0111   0.0000   0.0041  -0.0814    0.238
     5   0.0081   0.0548   0.0000   0.2794   0.0065   0.0964   0.0481   0.3528   0.3452   0.0104   0.0000   0.0056  -0.0798    0.234
     6   0.0119   0.0801   0.0000   0.2794   0.0076   0.0960   0.0493   0.3515   0.3439   0.0098   0.0000   0.0069  -0.0782    0.230
     7   0.0162   0.1092   0.0000   0.2794   0.0085   0.0953   0.0506   0.3489   0.3415   0.0093   0.0000   0.0080  -0.0765    0.227
     8   0.0210   0.1411   0.0000   0.2794   0.0093   0.0942   0.0522   0.3447   0.3373   0.0089   0.0000   0.0090  -0.0744    0.223
     9   0.0260   0.1752   0.0000   0.2794   0.0097   0.0924   0.0540   0.3381   0.3309   0.0086   0.0000   0.0100  -0.0718    0.220
    10   0.0313   0.2107   0.0000   0.2794   0.0100   0.0898   0.0561   0.3288   0.3217   0.0083   0.0000   0.0111  -0.0685    0.216
    11   0.0366   0.2465   0.0000   0.2794   0.0100   0.0863   0.0583   0.3160   0.3093   0.0080   0.0000   0.0122  -0.0643    0.210
    12   0.0419   0.2820   0.0000   0.2794   0.0097   0.0818   0.0607   0.2994   0.2930   0.0077   0.0000   0.0135  -0.0590    0.204
    13   0.0469   0.3161   0.0000   0.2794   0.0093   0.0760   0.0630   0.2784   0.2724   0.0072   0.0000   0.0149  -0.0526    0.195
    14   0.0517   0.3480   0.0000   0.2794   0.0085   0.0690   0.0649   0.2527   0.2473   0.0067   0.0000   0.0162  -0.0450    0.184
    15   0.0560   0.3771   0.0000   0.2794   0.0076   0.0607   0.0661   0.2222   0.2175   0.0059   0.0000   0.0173  -0.0366    0.171
    16   0.0598   0.4024   0.0000   0.2794   0.0065   0.0512   0.0660   0.1873   0.1833   0.0050   0.0000   0.0176  -0.0279    0.154
    17   0.0629   0.4235   0.0000   0.2794   0.0052   0.0406   0.0643   0.1486   0.1454   0.0039   0.0000   0.0167  -0.0194    0.135
    18   0.0653   0.4398   0.0000   0.2794   0.0038   0.0293   0.0608   0.1072   0.1049   0.0027   0.0000   0.0141  -0.0120    0.116
    19   0.0670   0.4509   0.0000   0.2794   0.0023   0.0176   0.0561   0.0645   0.0631   0.0013   0.0000   0.0096  -0.0061    0.099
    20   0.0678   0.4565   0.0000   0.2794   0.0008   0.0059   0.0527   0.0215   0.0211   0.0000   0.0000   0.0034  -0.0018    0.089

  Surface # 2     Wing (YDUP)                             
     # Chordwise = 10   # Spanwise = 20     First strip = 21
     Surface area Ssurf =    0.127742     Ave. chord Cave =    0.279400

 Forces referred to Sref, Cref, Bref about Xref, Yref, Zref
 Standard axis orientation,  X fwd, Z down         
     CLsurf  =   0.17771     Clsurf  =   0.03850
     CYsurf  =  -0.00126     Cmsurf  =   0.01627
     CDsurf  =   0.00511     Cnsurf  =   0.00230
     CDisurf =   0.00511     CDvsurf =   0.00000

 Forces referred to Ssurf, Cave 
     CLsurf  =   0.28436     CDsurf  =   0.00818

 Strip Forces referred to Strip Area, Chord
    j     Xle      Yle      Zle      Chord    Area     c_cl     ai     cl_norm    cl       cd       cdv    cm_c/4     cm_LE   C.P.x/c
    21   0.0001  -0.0007   0.0000   0.2794   0.0008   0.0967   0.0481   0.3503   0.3428   0.0565   0.0000   0.0012   0.0844    0.247
    22   0.0009  -0.0063   0.0000   0.2794   0.0023   0.0967   0.0470   0.3536   0.3460   0.0144   0.0000   0.0016   0.0840    0.245
    23   0.0026  -0.0174   0.0000   0.2794   0.0038   0.0966   0.0469   0.3536   0.3460   0.0120   0.0000   0.0027   0.0829    0.242
    24   0.0050  -0.0337   0.0000   0.2794   0.0052   0.0966   0.0473   0.3534   0.3458   0.0111   0.0000   0.0041   0.0814    0.238
    25   0.0081  -0.0548   0.0000   0.2794   0.0065   0.0964   0.0481   0.3528   0.3452   0.0104   0.0000   0.0056   0.0798    0.234
    26   0.0119  -0.0801   0.0000   0.2794   0.0076   0.0960   0.0493   0.3515   0.3439   0.0098   0.0000   0.0069   0.0782    0.230
    27   0.0162  -0.1092   0.0000   0.2794   0.0085   0.0953   0.0506   0.3489   0.3415   0.0093   0.0000   0.0080   0.0765    0.227
    28   0.0210  -0.1411   0.0000   0.2794   0.0093   0.0942   0.0522   0.3447   0.3373   0.0089   0.0000   0.0090   0.0744    0.223
    29   0.0260  -0.1752   0.0000   0.2794   0.0097   0.0924   0.0540   0.3381   0.3309   0.0086   0.0000   0.0100   0.0718    0.220
    30   0.0313  -0.2107   0.0000   0.2794   0.0100   0.0898   0.0561   0.3288   0.3217   0.0083   0.0000   0.0111   0.0685    0.216
    31   0.0366  -0.2465   0.0000   0.2794   0.0100   0.0863   0.0583   0.3160   0.3093   0.0080   0.0000   0.0122   0.0643    0.210
    32   0.0419  -0.2820   0.0000   0.2794   0.0097   0.0818   0.0607   0.2994   0.2930   0.0077   0.0000   0.0135   0.0590    0.204
    33   0.0469  -0.3161   0.0000   0.2794   0.0093   0.0760   0.0630   0.2784   0.2724   0.0072   0.0000   0.0149   0.0526    0.195
    34   0.0517  -0.3480   0.0000   0.2794   0.0085   0.0690   0.0649   0.2527   0.2473   0.0067   0.0000   0.0162   0.0450    0.184
    35   0.0560  -0.3771   0.0000   0.2794   0.0076   0.0607   0.0661   0.2222   0.2175   0.0059   0.0000   0.0173   0.0366    0.171
    36   0.0598  -0.4024   0.0000   0.2794   0.0065   0.0512   0.0660   0.1873   0.1833   0.0050   0.0000   0.0176   0.0279    0.154
    37   0.0629  -0.4235   0.0000   0.2794   0.0052   0.0406   0.0643   0.1486   0.1454   0.0039   0.0000   0.0167   0.0194    0.135
    38   0.0653  -0.4398   0.0000   0.2794   0.0038   0.0293   0.0608   0.1072   0.1049   0.0027   0.0000   0.0141   0.0120    0.116
    39   0.0670  -0.4509   0.0000   0.2794   0.0023   0.0176   0.0561   0.0645   0.0631   0.0013   0.0000   0.0096   0.0061    0.099
    40   0.0678  -0.4565   0.0000   0.2794   0.0008   0.0059   0.0527   0.0215   0.0211   0.0000   0.0000   0.0034   0.0018    0.089
 ---------------------------------------------------------------
