 ---------------------------------------------------------------
 Surface and Strip Forces by surface

  Sref = 0.13940       Cref = 0.22860       Bref = 0.60960    
  Xref = 0.10920       Yref =  0.0000       Zref =  0.0000    

  Surface # 1     Wing                                    
     # Chordwise = 10   # Spanwise = 20     First strip =  1
     Surface area Ssurf =    0.069677     Ave. chord Cave =    0.228600

 Forces referred to Sref, Cref, Bref about Xref, Yref, Zref
 Standard axis orientation,  X fwd, Z down         
     CLsurf  =   0.26058     Clsurf  =  -0.05610
     CYsurf  =   0.00482     Cmsurf  =   0.04266
     CDsurf  =   0.01698     Cnsurf  =  -0.00789
     CDisurf =   0.01698     CDvsurf =   0.00000

 Forces referred to Ssurf, Cave 
     CLsurf  =   0.52132     CDsurf  =   0.03396

 Strip Forces referred to Strip Area, Chord
    j     Xle      Yle      Zle      Chord    Area     c_cl     ai     cl_norm    cl       cd       cdv    cm_c/4     cm_LE   C.P.x/c
     1   0.0001   0.0005   0.0000   0.2286   0.0004   0.1457   0.1089   0.6228   0.6045   0.2447   0.0000   0.0016  -0.1553    0.247
     2   0.0007   0.0042   0.0000   0.2286   0.0013   0.1457   0.1087   0.6551   0.6359   0.0618   0.0000   0.0022  -0.1547    0.247
     3   0.0020   0.0116   0.0000   0.2286   0.0021   0.1456   0.1093   0.6569   0.6377   0.0506   0.0000   0.0039  -0.1530    0.244
     4   0.0040   0.0225   0.0000   0.2286   0.0029   0.1455   0.1105   0.6572   0.6379   0.0467   0.0000   0.0064  -0.1504    0.240
     5   0.0064   0.0365   0.0000   0.2286   0.0036   0.1452   0.1123   0.6563   0.6371   0.0438   0.0000   0.0090  -0.1475    0.236
     6   0.0094   0.0534   0.0000   0.2286   0.0042   0.1446   0.1146   0.6538   0.6346   0.0414   0.0000   0.0116  -0.1443    0.232
     7   0.0128   0.0728   0.0000   0.2286   0.0047   0.1434   0.1172   0.6486   0.6296   0.0394   0.0000   0.0139  -0.1407    0.228
     8   0.0166   0.0941   0.0000   0.2286   0.0051   0.1414   0.1202   0.6399   0.6212   0.0376   0.0000   0.0162  -0.1364    0.224
     9   0.0206   0.1168   0.0000   0.2286   0.0053   0.1385   0.1235   0.6268   0.6084   0.0361   0.0000   0.0184  -0.1311    0.220
    10   0.0247   0.1404   0.0000   0.2286   0.0054   0.1343   0.1272   0.6081   0.5903   0.0345   0.0000   0.0206  -0.1244    0.215
    11   0.0290   0.1644   0.0000   0.2286   0.0054   0.1288   0.1312   0.5830   0.5660   0.0329   0.0000   0.0229  -0.1162    0.210
    12   0.0331   0.1880   0.0000   0.2286   0.0053   0.1217   0.1352   0.5508   0.5347   0.0311   0.0000   0.0252  -0.1062    0.203
    13   0.0371   0.2107   0.0000   0.2286   0.0051   0.1128   0.1391   0.5108   0.4959   0.0290   0.0000   0.0275  -0.0945    0.195
    14   0.0409   0.2320   0.0000   0.2286   0.0047   0.1022   0.1423   0.4627   0.4492   0.0265   0.0000   0.0293  -0.0812    0.185
    15   0.0443   0.2514   0.0000   0.2286   0.0042   0.0898   0.1446   0.4066   0.3947   0.0235   0.0000   0.0303  -0.0669    0.173
    16   0.0473   0.2683   0.0000   0.2286   0.0036   0.0758   0.1455   0.3430   0.3330   0.0200   0.0000   0.0298  -0.0523    0.160
    17   0.0497   0.2823   0.0000   0.2286   0.0029   0.0603   0.1448   0.2730   0.2650   0.0161   0.0000   0.0273  -0.0381    0.147
    18   0.0517   0.2932   0.0000   0.2286   0.0021   0.0438   0.1424   0.1981   0.1923   0.0116   0.0000   0.0223  -0.0251    0.134
    19   0.0530   0.3006   0.0000   0.2286   0.0013   0.0265   0.1389   0.1200   0.1165   0.0065   0.0000   0.0148  -0.0140    0.123
    20   0.0536   0.3043   0.0000   0.2286   0.0004   0.0089   0.1366   0.0403   0.0392   0.0012   0.0000   0.0052  -0.0045    0.118

  Surface # 2     Wing (YDUP)                             
     # Chordwise = 10   # Spanwise = 20     First strip = 21
     Surface area Ssurf =    0.069677     Ave. chord Cave =    0.228600

 Forces referred to Sref, Cref, Bref about Xref, Yref, Zref
 Standard axis orientation,  X fwd, Z down         
     CLsurf  =   0.26058     Clsurf  =   0.05610
     CYsurf  =  -0.00482     Cmsurf  =   0.04266
     CDsurf  =   0.01698     Cnsurf  =   0.00789
     CDisurf =   0.01698     CDvsurf =   0.00000

 Forces referred to Ssurf, Cave 
     CLsurf  =   0.52132     CDsurf  =   0.03396

 Strip Forces referred to Strip Area, Chord
    j     Xle      Yle      Zle      Chord    Area     c_cl     ai     cl_norm    cl       cd       cdv    cm_c/4     cm_LE   C.P.x/c
    21   0.0001  -0.0005   0.0000   0.2286   0.0004   0.1457   0.1089   0.6228   0.6045   0.2447   0.0000   0.0016   0.1553    0.247
    22   0.0007  -0.0042   0.0000   0.2286   0.0013   0.1457   0.1087   0.6551   0.6359   0.0618   0.0000   0.0022   0.1547    0.247
    23   0.0020  -0.0116   0.0000   0.2286   0.0021   0.1456   0.1093   0.6569   0.6377   0.0506   0.0000   0.0039   0.1530    0.244
    24   0.0040  -0.0225   0.0000   0.2286   0.0029   0.1455   0.1105   0.6572   0.6379   0.0467   0.0000   0.0064   0.1504    0.240
    25   0.0064  -0.0365   0.0000   0.2286   0.0036   0.1452   0.1123   0.6563   0.6371   0.0438   0.0000   0.0090   0.1475    0.236
    26   0.0094  -0.0534   0.0000   0.2286   0.0042   0.1446   0.1146   0.6538   0.6346   0.0414   0.0000   0.0116   0.1443    0.232
    27   0.0128  -0.0728   0.0000   0.2286   0.0047   0.1434   0.1172   0.6486   0.6296   0.0394   0.0000   0.0139   0.1407    0.228
    28   0.0166  -0.0941   0.0000   0.2286   0.0051   0.1414   0.1202   0.6399   0.6212   0.0376   0.0000   0.0162   0.1364    0.224
    29   0.0206  -0.1168   0.0000   0.2286   0.0053   0.1385   0.1235   0.6268   0.6084   0.0361   0.0000   0.0184   0.1311    0.220
    30   0.0247  -0.1404   0.0000   0.2286   0.0054   0.1343   0.1272   0.6081   0.5903   0.0345   0.0000   0.0206   0.1244    0.215
    31   0.0290  -0.1644   0.0000   0.2286   0.0054   0.1288   0.1312   0.5830   0.5660   0.0329   0.0000   0.0229   0.1162    0.210
    32   0.0331  -0.1880   0.0000   0.2286   0.0053   0.1217   0.1352   0.5508   0.5347   0.0311   0.0000   0.0252   0.1062    0.203
    33   0.0371  -0.2107   0.0000   0.2286   0.0051   0.1128   0.1391   0.5108   0.4959   0.0290   0.0000   0.0275   0.0945    0.195
    34   0.0409  -0.2320   0.0000   0.2286   0.0047   0.1022   0.1423   0.4627   0.4492   0.0265   0.0000   0.0293   0.0812    0.185
    35   0.0443  -0.2514   0.0000   0.2286   0.0042   0.0898   0.1446   0.4066   0.3947   0.0235   0.0000   0.0303   0.0669    0.173
    36   0.0473  -0.2683   0.0000   0.2286   0.0036   0.0758   0.1455   0.3430   0.3330   0.0200   0.0000   0.0298   0.0523    0.160
    37   0.0497  -0.2823   0.0000   0.2286   0.0029   0.0603   0.1448   0.2730   0.2650   0.0161   0.0000   0.0273   0.0381    0.147
    38   0.0517  -0.2932   0.0000   0.2286   0.0021   0.0438   0.1424   0.1981   0.1923   0.0116   0.0000   0.0223   0.0251    0.134
    39   0.0530  -0.3006   0.0000   0.2286   0.0013   0.0265   0.1389   0.1200   0.1165   0.0065   0.0000   0.0148   0.0140    0.123
    40   0.0536  -0.3043   0.0000   0.2286   0.0004   0.0089   0.1366   0.0403   0.0392   0.0012   0.0000   0.0052   0.0045    0.118
 ---------------------------------------------------------------
