 ---------------------------------------------------------------
 Surface and Strip Forces by surface

  Sref = 0.11150       Cref = 0.15750       Bref = 0.81280    
  Xref = 0.10920       Yref =  0.0000       Zref =  0.0000    

  Surface # 1     Wing                                    
     # Chordwise = 10   # Spanwise = 20     First strip =  1
     Surface area Ssurf =    0.092903     Ave. chord Cave =    0.228600

 Forces referred to Sref, Cref, Bref about Xref, Yref, Zref
 Standard axis orientation,  X fwd, Z down         
     CLsurf  =   0.32578     Clsurf  =  -0.07105
     CYsurf  =   0.00445     Cmsurf  =   0.04945
     CDsurf  =   0.01197     Cnsurf  =  -0.00624
     CDisurf =   0.01197     CDvsurf =   0.00000

 Forces referred to Ssurf, Cave 
     CLsurf  =   0.39099     CDsurf  =   0.01436

 Strip Forces referred to Strip Area, Chord
    j     Xle      Yle      Zle      Chord    Area     c_cl     ai     cl_norm    cl       cd       cdv    cm_c/4     cm_LE   C.P.x/c
     1   0.0001   0.0006   0.0000   0.2286   0.0006   0.1069   0.0554   0.4766   0.4585   0.1124   0.0000  -0.0039  -0.1185    0.258
     2   0.0011   0.0056   0.0000   0.2286   0.0017   0.1069   0.0548   0.4859   0.4674   0.0273   0.0000  -0.0031  -0.1177    0.257
     3   0.0031   0.0155   0.0000   0.2286   0.0028   0.1069   0.0553   0.4865   0.4680   0.0223   0.0000  -0.0011  -0.1157    0.252
     4   0.0060   0.0299   0.0000   0.2286   0.0038   0.1069   0.0566   0.4868   0.4682   0.0203   0.0000   0.0015  -0.1132    0.247
     5   0.0097   0.0487   0.0000   0.2286   0.0047   0.1069   0.0584   0.4868   0.4682   0.0186   0.0000   0.0040  -0.1107    0.242
     6   0.0142   0.0712   0.0000   0.2286   0.0055   0.1067   0.0604   0.4859   0.4674   0.0172   0.0000   0.0061  -0.1084    0.237
     7   0.0194   0.0970   0.0000   0.2286   0.0062   0.1061   0.0627   0.4835   0.4651   0.0162   0.0000   0.0079  -0.1061    0.233
     8   0.0251   0.1254   0.0000   0.2286   0.0067   0.1051   0.0652   0.4789   0.4606   0.0154   0.0000   0.0094  -0.1034    0.229
     9   0.0312   0.1558   0.0000   0.2286   0.0071   0.1034   0.0679   0.4712   0.4532   0.0148   0.0000   0.0109  -0.1002    0.226
    10   0.0375   0.1873   0.0000   0.2286   0.0073   0.1008   0.0711   0.4596   0.4421   0.0143   0.0000   0.0124  -0.0960    0.222
    11   0.0438   0.2191   0.0000   0.2286   0.0073   0.0973   0.0745   0.4433   0.4265   0.0137   0.0000   0.0141  -0.0905    0.217
    12   0.0501   0.2506   0.0000   0.2286   0.0071   0.0925   0.0783   0.4216   0.4056   0.0131   0.0000   0.0160  -0.0836    0.211
    13   0.0562   0.2810   0.0000   0.2286   0.0067   0.0864   0.0820   0.3936   0.3787   0.0124   0.0000   0.0180  -0.0750    0.202
    14   0.0619   0.3094   0.0000   0.2286   0.0062   0.0788   0.0854   0.3589   0.3452   0.0114   0.0000   0.0201  -0.0648    0.192
    15   0.0671   0.3352   0.0000   0.2286   0.0055   0.0696   0.0880   0.3171   0.3050   0.0101   0.0000   0.0218  -0.0532    0.178
    16   0.0716   0.3577   0.0000   0.2286   0.0047   0.0589   0.0890   0.2685   0.2583   0.0086   0.0000   0.0226  -0.0410    0.162
    17   0.0753   0.3765   0.0000   0.2286   0.0038   0.0470   0.0882   0.2140   0.2059   0.0068   0.0000   0.0218  -0.0290    0.144
    18   0.0782   0.3909   0.0000   0.2286   0.0028   0.0340   0.0852   0.1552   0.1493   0.0048   0.0000   0.0186  -0.0183    0.125
    19   0.0802   0.4008   0.0000   0.2286   0.0017   0.0206   0.0806   0.0937   0.0902   0.0024   0.0000   0.0127  -0.0096    0.109
    20   0.0812   0.4058   0.0000   0.2286   0.0006   0.0069   0.0772   0.0314   0.0302   0.0001   0.0000   0.0045  -0.0029    0.100

  Surface # 2     Wing (YDUP)                             
     # Chordwise = 10   # Spanwise = 20     First strip = 21
     Surface area Ssurf =    0.092903     Ave. chord Cave =    0.228600

 Forces referred to Sref, Cref, Bref about Xref, Yref, Zref
 Standard axis orientation,  X fwd, Z down         
     CLsurf  =   0.32578     Clsurf  =   0.07105
     CYsurf  =  -0.00445     Cmsurf  =   0.04945
     CDsurf  =   0.01197     Cnsurf  =   0.00624
     CDisurf =   0.01197     CDvsurf =   0.00000

 Forces referred to Ssurf, Cave 
     CLsurf  =   0.39099     CDsurf  =   0.01436

 Strip Forces referred to Strip Area, Chord
    j     Xle      Yle      Zle      Chord    Area     c_cl     ai     cl_norm    cl       cd       cdv    cm_c/4     cm_LE   C.P.x/c
    21   0.0001  -0.0006   0.0000   0.2286   0.0006   0.1069   0.0554   0.4766   0.4585   0.1124   0.0000  -0.0039   0.1185    0.258
    22   0.0011  -0.0056   0.0000   0.2286   0.0017   0.1069   0.0548   0.4859   0.4674   0.0273   0.0000  -0.0031   0.1177    0.257
    23   0.0031  -0.0155   0.0000   0.2286   0.0028   0.1069   0.0553   0.4865   0.4680   0.0223   0.0000  -0.0011   0.1157    0.252
    24   0.0060  -0.0299   0.0000   0.2286   0.0038   0.1069   0.0566   0.4868   0.4682   0.0203   0.0000   0.0015   0.1132    0.247
    25   0.0097  -0.0487   0.0000   0.2286   0.0047   0.1069   0.0584   0.4868   0.4682   0.0186   0.0000   0.0040   0.1107    0.242
    26   0.0142  -0.0712   0.0000   0.2286   0.0055   0.1067   0.0604   0.4859   0.4674   0.0172   0.0000   0.0061   0.1084    0.237
    27   0.0194  -0.0970   0.0000   0.2286   0.0062   0.1061   0.0627   0.4835   0.4651   0.0162   0.0000   0.0079   0.1061    0.233
    28   0.0251  -0.1254   0.0000   0.2286   0.0067   0.1051   0.0652   0.4789   0.4606   0.0154   0.0000   0.0094   0.1034    0.229
    29   0.0312  -0.1558   0.0000   0.2286   0.0071   0.1034   0.0679   0.4712   0.4532   0.0148   0.0000   0.0109   0.1002    0.226
    30   0.0375  -0.1873   0.0000   0.2286   0.0073   0.1008   0.0711   0.4596   0.4421   0.0143   0.0000   0.0124   0.0960    0.222
    31   0.0438  -0.2191   0.0000   0.2286   0.0073   0.0973   0.0745   0.4433   0.4265   0.0137   0.0000   0.0141   0.0905    0.217
    32   0.0501  -0.2506   0.0000   0.2286   0.0071   0.0925   0.0783   0.4216   0.4056   0.0131   0.0000   0.0160   0.0836    0.211
    33   0.0562  -0.2810   0.0000   0.2286   0.0067   0.0864   0.0820   0.3936   0.3787   0.0124   0.0000   0.0180   0.0750    0.202
    34   0.0619  -0.3094   0.0000   0.2286   0.0062   0.0788   0.0854   0.3589   0.3452   0.0114   0.0000   0.0201   0.0648    0.192
    35   0.0671  -0.3352   0.0000   0.2286   0.0055   0.0696   0.0880   0.3171   0.3050   0.0101   0.0000   0.0218   0.0532    0.178
    36   0.0716  -0.3577   0.0000   0.2286   0.0047   0.0589   0.0890   0.2685   0.2583   0.0086   0.0000   0.0226   0.0410    0.162
    37   0.0753  -0.3765   0.0000   0.2286   0.0038   0.0470   0.0882   0.2140   0.2059   0.0068   0.0000   0.0218   0.0290    0.144
    38   0.0782  -0.3909   0.0000   0.2286   0.0028   0.0340   0.0852   0.1552   0.1493   0.0048   0.0000   0.0186   0.0183    0.125
    39   0.0802  -0.4008   0.0000   0.2286   0.0017   0.0206   0.0806   0.0937   0.0902   0.0024   0.0000   0.0127   0.0096    0.109
    40   0.0812  -0.4058   0.0000   0.2286   0.0006   0.0069   0.0772   0.0314   0.0302   0.0001   0.0000   0.0045   0.0029    0.100
 ---------------------------------------------------------------
