 ---------------------------------------------------------------
 Surface and Strip Forces by surface

  Sref = 0.12540       Cref = 0.15750       Bref = 0.91440    
  Xref = 0.10920       Yref =  0.0000       Zref =  0.0000    

  Surface # 1     Wing                                    
     # Chordwise = 10   # Spanwise = 20     First strip =  1
     Surface area Ssurf =    0.104516     Ave. chord Cave =    0.228600

 Forces referred to Sref, Cref, Bref about Xref, Yref, Zref
 Standard axis orientation,  X fwd, Z down         
     CLsurf  =   0.28967     Clsurf  =  -0.06314
     CYsurf  =   0.00167     Cmsurf  =   0.07221
     CDsurf  =   0.00825     Cnsurf  =  -0.00398
     CDisurf =   0.00825     CDvsurf =   0.00000

 Forces referred to Ssurf, Cave 
     CLsurf  =   0.34755     CDsurf  =   0.00989

 Strip Forces referred to Strip Area, Chord
    j     Xle      Yle      Zle      Chord    Area     c_cl     ai     cl_norm    cl       cd       cdv    cm_c/4     cm_LE   C.P.x/c
     1   0.0001   0.0007   0.0000   0.2286   0.0006   0.0956   0.0458   0.4199   0.4158   0.0466   0.0000   0.0019  -0.1021    0.245
     2   0.0006   0.0063   0.0000   0.2286   0.0019   0.0956   0.0452   0.4227   0.4185   0.0151   0.0000   0.0024  -0.1017    0.244
     3   0.0017   0.0174   0.0000   0.2286   0.0031   0.0956   0.0454   0.4227   0.4186   0.0132   0.0000   0.0034  -0.1006    0.242
     4   0.0034   0.0337   0.0000   0.2286   0.0043   0.0955   0.0460   0.4226   0.4185   0.0123   0.0000   0.0047  -0.0993    0.239
     5   0.0055   0.0548   0.0000   0.2286   0.0053   0.0954   0.0469   0.4221   0.4179   0.0116   0.0000   0.0059  -0.0980    0.236
     6   0.0080   0.0801   0.0000   0.2286   0.0062   0.0951   0.0480   0.4207   0.4165   0.0111   0.0000   0.0069  -0.0966    0.233
     7   0.0109   0.1092   0.0000   0.2286   0.0070   0.0945   0.0494   0.4179   0.4138   0.0107   0.0000   0.0078  -0.0951    0.231
     8   0.0141   0.1411   0.0000   0.2286   0.0076   0.0934   0.0510   0.4132   0.4092   0.0105   0.0000   0.0086  -0.0931    0.229
     9   0.0175   0.1752   0.0000   0.2286   0.0080   0.0918   0.0530   0.4060   0.4021   0.0103   0.0000   0.0094  -0.0905    0.227
    10   0.0211   0.2107   0.0000   0.2286   0.0082   0.0894   0.0553   0.3957   0.3918   0.0102   0.0000   0.0103  -0.0871    0.224
    11   0.0246   0.2465   0.0000   0.2286   0.0082   0.0862   0.0579   0.3815   0.3777   0.0100   0.0000   0.0113  -0.0826    0.220
    12   0.0282   0.2820   0.0000   0.2286   0.0080   0.0820   0.0610   0.3628   0.3593   0.0098   0.0000   0.0126  -0.0767    0.215
    13   0.0316   0.3161   0.0000   0.2286   0.0076   0.0766   0.0642   0.3390   0.3356   0.0095   0.0000   0.0141  -0.0694    0.208
    14   0.0348   0.3480   0.0000   0.2286   0.0070   0.0699   0.0673   0.3094   0.3063   0.0090   0.0000   0.0156  -0.0606    0.199
    15   0.0377   0.3771   0.0000   0.2286   0.0062   0.0619   0.0698   0.2737   0.2710   0.0083   0.0000   0.0170  -0.0504    0.187
    16   0.0402   0.4024   0.0000   0.2286   0.0053   0.0525   0.0711   0.2321   0.2298   0.0073   0.0000   0.0179  -0.0393    0.172
    17   0.0423   0.4235   0.0000   0.2286   0.0043   0.0419   0.0706   0.1851   0.1833   0.0060   0.0000   0.0175  -0.0282    0.155
    18   0.0440   0.4398   0.0000   0.2286   0.0031   0.0303   0.0679   0.1342   0.1329   0.0044   0.0000   0.0152  -0.0179    0.136
    19   0.0451   0.4509   0.0000   0.2286   0.0019   0.0183   0.0633   0.0809   0.0801   0.0024   0.0000   0.0106  -0.0094    0.118
    20   0.0456   0.4565   0.0000   0.2286   0.0006   0.0061   0.0594   0.0270   0.0267   0.0005   0.0000   0.0038  -0.0028    0.108

  Surface # 2     Wing (YDUP)                             
     # Chordwise = 10   # Spanwise = 20     First strip = 21
     Surface area Ssurf =    0.104516     Ave. chord Cave =    0.228600

 Forces referred to Sref, Cref, Bref about Xref, Yref, Zref
 Standard axis orientation,  X fwd, Z down         
     CLsurf  =   0.28967     Clsurf  =   0.06314
     CYsurf  =  -0.00167     Cmsurf  =   0.07221
     CDsurf  =   0.00825     Cnsurf  =   0.00398
     CDisurf =   0.00825     CDvsurf =   0.00000

 Forces referred to Ssurf, Cave 
     CLsurf  =   0.34755     CDsurf  =   0.00989

 Strip Forces referred to Strip Area, Chord
    j     Xle      Yle      Zle      Chord    Area     c_cl     ai     cl_norm    cl       cd       cdv    cm_c/4     cm_LE   C.P.x/c
    21   0.0001  -0.0007   0.0000   0.2286   0.0006   0.0956   0.0458   0.4199   0.4158   0.0466   0.0000   0.0019   0.1021    0.245
    22   0.0006  -0.0063   0.0000   0.2286   0.0019   0.0956   0.0452   0.4227   0.4185   0.0151   0.0000   0.0024   0.1017    0.244
    23   0.0017  -0.0174   0.0000   0.2286   0.0031   0.0956   0.0454   0.4227   0.4186   0.0132   0.0000   0.0034   0.1006    0.242
    24   0.0034  -0.0337   0.0000   0.2286   0.0043   0.0955   0.0460   0.4226   0.4185   0.0123   0.0000   0.0047   0.0993    0.239
    25   0.0055  -0.0548   0.0000   0.2286   0.0053   0.0954   0.0469   0.4221   0.4179   0.0116   0.0000   0.0059   0.0980    0.236
    26   0.0080  -0.0801   0.0000   0.2286   0.0062   0.0951   0.0480   0.4207   0.4165   0.0111   0.0000   0.0069   0.0966    0.233
    27   0.0109  -0.1092   0.0000   0.2286   0.0070   0.0945   0.0494   0.4179   0.4138   0.0107   0.0000   0.0078   0.0951    0.231
    28   0.0141  -0.1411   0.0000   0.2286   0.0076   0.0934   0.0510   0.4132   0.4092   0.0105   0.0000   0.0086   0.0931    0.229
    29   0.0175  -0.1752   0.0000   0.2286   0.0080   0.0918   0.0530   0.4060   0.4021   0.0103   0.0000   0.0094   0.0905    0.227
    30   0.0211  -0.2107   0.0000   0.2286   0.0082   0.0894   0.0553   0.3957   0.3918   0.0102   0.0000   0.0103   0.0871    0.224
    31   0.0246  -0.2465   0.0000   0.2286   0.0082   0.0862   0.0579   0.3815   0.3777   0.0100   0.0000   0.0113   0.0826    0.220
    32   0.0282  -0.2820   0.0000   0.2286   0.0080   0.0820   0.0610   0.3628   0.3593   0.0098   0.0000   0.0126   0.0767    0.215
    33   0.0316  -0.3161   0.0000   0.2286   0.0076   0.0766   0.0642   0.3390   0.3356   0.0095   0.0000   0.0141   0.0694    0.208
    34   0.0348  -0.3480   0.0000   0.2286   0.0070   0.0699   0.0673   0.3094   0.3063   0.0090   0.0000   0.0156   0.0606    0.199
    35   0.0377  -0.3771   0.0000   0.2286   0.0062   0.0619   0.0698   0.2737   0.2710   0.0083   0.0000   0.0170   0.0504    0.187
    36   0.0402  -0.4024   0.0000   0.2286   0.0053   0.0525   0.0711   0.2321   0.2298   0.0073   0.0000   0.0179   0.0393    0.172
    37   0.0423  -0.4235   0.0000   0.2286   0.0043   0.0419   0.0706   0.1851   0.1833   0.0060   0.0000   0.0175   0.0282    0.155
    38   0.0440  -0.4398   0.0000   0.2286   0.0031   0.0303   0.0679   0.1342   0.1329   0.0044   0.0000   0.0152   0.0179    0.136
    39   0.0451  -0.4509   0.0000   0.2286   0.0019   0.0183   0.0633   0.0809   0.0801   0.0024   0.0000   0.0106   0.0094    0.118
    40   0.0456  -0.4565   0.0000   0.2286   0.0006   0.0061   0.0594   0.0270   0.0267   0.0005   0.0000   0.0038   0.0028    0.108
 ---------------------------------------------------------------
