 ---------------------------------------------------------------
 Surface and Strip Forces by surface

  Sref = 0.11150       Cref = 0.18360       Bref = 0.60960    
  Xref = 0.10920       Yref =  0.0000       Zref =  0.0000    

  Surface # 1     Wing                                    
     # Chordwise = 10   # Spanwise = 20     First strip =  1
     Surface area Ssurf =    0.061935     Ave. chord Cave =    0.203200

 Forces referred to Sref, Cref, Bref about Xref, Yref, Zref
 Standard axis orientation,  X fwd, Z down         
     CLsurf  =   0.32578     Clsurf  =  -0.07021
     CYsurf  =   0.00454     Cmsurf  =   0.08703
     CDsurf  =   0.02099     Cnsurf  =  -0.00948
     CDisurf =   0.02099     CDvsurf =   0.00000

 Forces referred to Ssurf, Cave 
     CLsurf  =   0.58649     CDsurf  =   0.03778

 Strip Forces referred to Strip Area, Chord
    j     Xle      Yle      Zle      Chord    Area     c_cl     ai     cl_norm    cl       cd       cdv    cm_c/4     cm_LE   C.P.x/c
     1   0.0001   0.0005   0.0000   0.2032   0.0004   0.1451   0.1081   0.6992   0.6895   0.1993   0.0000   0.0039  -0.1733    0.244
     2   0.0005   0.0042   0.0000   0.2032   0.0011   0.1451   0.1081   0.7247   0.7146   0.0608   0.0000   0.0045  -0.1728    0.244
     3   0.0014   0.0116   0.0000   0.2032   0.0019   0.1451   0.1088   0.7262   0.7161   0.0521   0.0000   0.0060  -0.1712    0.242
     4   0.0027   0.0225   0.0000   0.2032   0.0025   0.1450   0.1100   0.7263   0.7162   0.0488   0.0000   0.0080  -0.1691    0.239
     5   0.0044   0.0365   0.0000   0.2032   0.0032   0.1446   0.1117   0.7252   0.7151   0.0462   0.0000   0.0101  -0.1666    0.236
     6   0.0065   0.0534   0.0000   0.2032   0.0037   0.1440   0.1137   0.7222   0.7122   0.0442   0.0000   0.0122  -0.1638    0.233
     7   0.0088   0.0728   0.0000   0.2032   0.0041   0.1428   0.1162   0.7165   0.7065   0.0427   0.0000   0.0140  -0.1605    0.230
     8   0.0114   0.0941   0.0000   0.2032   0.0045   0.1409   0.1191   0.7069   0.6971   0.0414   0.0000   0.0158  -0.1563    0.227
     9   0.0141   0.1168   0.0000   0.2032   0.0047   0.1380   0.1225   0.6925   0.6829   0.0402   0.0000   0.0177  -0.1510    0.224
    10   0.0170   0.1404   0.0000   0.2032   0.0048   0.1340   0.1264   0.6723   0.6629   0.0391   0.0000   0.0196  -0.1442    0.220
    11   0.0198   0.1644   0.0000   0.2032   0.0048   0.1286   0.1307   0.6452   0.6362   0.0378   0.0000   0.0217  -0.1355    0.216
    12   0.0227   0.1880   0.0000   0.2032   0.0047   0.1216   0.1354   0.6103   0.6018   0.0364   0.0000   0.0240  -0.1248    0.210
    13   0.0254   0.2107   0.0000   0.2032   0.0045   0.1130   0.1400   0.5669   0.5590   0.0345   0.0000   0.0263  -0.1119    0.203
    14   0.0280   0.2320   0.0000   0.2032   0.0041   0.1026   0.1443   0.5145   0.5073   0.0321   0.0000   0.0283  -0.0972    0.194
    15   0.0303   0.2514   0.0000   0.2032   0.0037   0.0904   0.1477   0.4530   0.4467   0.0291   0.0000   0.0296  -0.0809    0.184
    16   0.0324   0.2683   0.0000   0.2032   0.0032   0.0764   0.1497   0.3829   0.3776   0.0253   0.0000   0.0296  -0.0639    0.172
    17   0.0341   0.2823   0.0000   0.2032   0.0025   0.0609   0.1499   0.3053   0.3010   0.0208   0.0000   0.0275  -0.0471    0.159
    18   0.0354   0.2932   0.0000   0.2032   0.0019   0.0443   0.1482   0.2218   0.2187   0.0155   0.0000   0.0228  -0.0314    0.146
    19   0.0363   0.3006   0.0000   0.2032   0.0011   0.0268   0.1450   0.1344   0.1325   0.0093   0.0000   0.0153  -0.0176    0.135
    20   0.0367   0.3043   0.0000   0.2032   0.0004   0.0090   0.1426   0.0451   0.0445   0.0024   0.0000   0.0054  -0.0056    0.129

  Surface # 2     Wing (YDUP)                             
     # Chordwise = 10   # Spanwise = 20     First strip = 21
     Surface area Ssurf =    0.061935     Ave. chord Cave =    0.203200

 Forces referred to Sref, Cref, Bref about Xref, Yref, Zref
 Standard axis orientation,  X fwd, Z down         
     CLsurf  =   0.32578     Clsurf  =   0.07021
     CYsurf  =  -0.00454     Cmsurf  =   0.08703
     CDsurf  =   0.02099     Cnsurf  =   0.00948
     CDisurf =   0.02099     CDvsurf =   0.00000

 Forces referred to Ssurf, Cave 
     CLsurf  =   0.58649     CDsurf  =   0.03778

 Strip Forces referred to Strip Area, Chord
    j     Xle      Yle      Zle      Chord    Area     c_cl     ai     cl_norm    cl       cd       cdv    cm_c/4     cm_LE   C.P.x/c
    21   0.0001  -0.0005   0.0000   0.2032   0.0004   0.1451   0.1081   0.6992   0.6895   0.1993   0.0000   0.0039   0.1733    0.244
    22   0.0005  -0.0042   0.0000   0.2032   0.0011   0.1451   0.1081   0.7247   0.7146   0.0608   0.0000   0.0045   0.1728    0.244
    23   0.0014  -0.0116   0.0000   0.2032   0.0019   0.1451   0.1088   0.7262   0.7161   0.0521   0.0000   0.0060   0.1712    0.242
    24   0.0027  -0.0225   0.0000   0.2032   0.0025   0.1450   0.1100   0.7263   0.7162   0.0488   0.0000   0.0080   0.1691    0.239
    25   0.0044  -0.0365   0.0000   0.2032   0.0032   0.1446   0.1117   0.7252   0.7151   0.0462   0.0000   0.0101   0.1666    0.236
    26   0.0065  -0.0534   0.0000   0.2032   0.0037   0.1440   0.1137   0.7222   0.7122   0.0442   0.0000   0.0122   0.1638    0.233
    27   0.0088  -0.0728   0.0000   0.2032   0.0041   0.1428   0.1162   0.7165   0.7065   0.0427   0.0000   0.0140   0.1605    0.230
    28   0.0114  -0.0941   0.0000   0.2032   0.0045   0.1409   0.1191   0.7069   0.6971   0.0414   0.0000   0.0158   0.1563    0.227
    29   0.0141  -0.1168   0.0000   0.2032   0.0047   0.1380   0.1225   0.6925   0.6829   0.0402   0.0000   0.0177   0.1510    0.224
    30   0.0170  -0.1404   0.0000   0.2032   0.0048   0.1340   0.1264   0.6723   0.6629   0.0391   0.0000   0.0196   0.1442    0.220
    31   0.0198  -0.1644   0.0000   0.2032   0.0048   0.1286   0.1307   0.6452   0.6362   0.0378   0.0000   0.0217   0.1355    0.216
    32   0.0227  -0.1880   0.0000   0.2032   0.0047   0.1216   0.1354   0.6103   0.6018   0.0364   0.0000   0.0240   0.1248    0.210
    33   0.0254  -0.2107   0.0000   0.2032   0.0045   0.1130   0.1400   0.5669   0.5590   0.0345   0.0000   0.0263   0.1119    0.203
    34   0.0280  -0.2320   0.0000   0.2032   0.0041   0.1026   0.1443   0.5145   0.5073   0.0321   0.0000   0.0283   0.0972    0.194
    35   0.0303  -0.2514   0.0000   0.2032   0.0037   0.0904   0.1477   0.4530   0.4467   0.0291   0.0000   0.0296   0.0809    0.184
    36   0.0324  -0.2683   0.0000   0.2032   0.0032   0.0764   0.1497   0.3829   0.3776   0.0253   0.0000   0.0296   0.0639    0.172
    37   0.0341  -0.2823   0.0000   0.2032   0.0025   0.0609   0.1499   0.3053   0.3010   0.0208   0.0000   0.0275   0.0471    0.159
    38   0.0354  -0.2932   0.0000   0.2032   0.0019   0.0443   0.1482   0.2218   0.2187   0.0155   0.0000   0.0228   0.0314    0.146
    39   0.0363  -0.3006   0.0000   0.2032   0.0011   0.0268   0.1450   0.1344   0.1325   0.0093   0.0000   0.0153   0.0176    0.135
    40   0.0367  -0.3043   0.0000   0.2032   0.0004   0.0090   0.1426   0.0451   0.0445   0.0024   0.0000   0.0054   0.0056    0.129
 ---------------------------------------------------------------
