 ---------------------------------------------------------------
 Surface and Strip Forces by surface

  Sref = 0.13940       Cref = 0.17500       Bref = 0.91440    
  Xref = 0.10920       Yref =  0.0000       Zref =  0.0000    

  Surface # 1     Wing                                    
     # Chordwise = 10   # Spanwise = 20     First strip =  1
     Surface area Ssurf =    0.116129     Ave. chord Cave =    0.254000

 Forces referred to Sref, Cref, Bref about Xref, Yref, Zref
 Standard axis orientation,  X fwd, Z down         
     CLsurf  =   0.26058     Clsurf  =  -0.05684
     CYsurf  =   0.00269     Cmsurf  =   0.02225
     CDsurf  =   0.00757     Cnsurf  =  -0.00385
     CDisurf =   0.00757     CDvsurf =   0.00000

 Forces referred to Ssurf, Cave 
     CLsurf  =   0.31279     CDsurf  =   0.00909

 Strip Forces referred to Strip Area, Chord
    j     Xle      Yle      Zle      Chord    Area     c_cl     ai     cl_norm    cl       cd       cdv    cm_c/4     cm_LE   C.P.x/c
     1   0.0001   0.0007   0.0000   0.2540   0.0007   0.0952   0.0448   0.3846   0.3701   0.0746   0.0000  -0.0027  -0.0946    0.257
     2   0.0013   0.0063   0.0000   0.2540   0.0021   0.0952   0.0437   0.3893   0.3747   0.0174   0.0000  -0.0021  -0.0939    0.256
     3   0.0035   0.0174   0.0000   0.2540   0.0035   0.0952   0.0438   0.3896   0.3749   0.0142   0.0000  -0.0004  -0.0922    0.251
     4   0.0067   0.0337   0.0000   0.2540   0.0048   0.0952   0.0447   0.3896   0.3750   0.0129   0.0000   0.0018  -0.0901    0.245
     5   0.0109   0.0548   0.0000   0.2540   0.0059   0.0951   0.0460   0.3895   0.3748   0.0118   0.0000   0.0038  -0.0881    0.240
     6   0.0159   0.0801   0.0000   0.2540   0.0069   0.0949   0.0476   0.3888   0.3741   0.0110   0.0000   0.0056  -0.0862    0.235
     7   0.0217   0.1092   0.0000   0.2540   0.0078   0.0945   0.0494   0.3868   0.3722   0.0103   0.0000   0.0071  -0.0842    0.231
     8   0.0280   0.1411   0.0000   0.2540   0.0084   0.0935   0.0514   0.3831   0.3686   0.0098   0.0000   0.0083  -0.0821    0.227
     9   0.0348   0.1752   0.0000   0.2540   0.0089   0.0920   0.0537   0.3769   0.3627   0.0094   0.0000   0.0095  -0.0795    0.224
    10   0.0418   0.2107   0.0000   0.2540   0.0091   0.0898   0.0562   0.3677   0.3538   0.0090   0.0000   0.0107  -0.0761    0.220
    11   0.0490   0.2465   0.0000   0.2540   0.0091   0.0866   0.0589   0.3547   0.3413   0.0087   0.0000   0.0121  -0.0717    0.215
    12   0.0560   0.2820   0.0000   0.2540   0.0089   0.0823   0.0619   0.3372   0.3245   0.0083   0.0000   0.0136  -0.0661    0.208
    13   0.0628   0.3161   0.0000   0.2540   0.0084   0.0769   0.0649   0.3148   0.3029   0.0078   0.0000   0.0153  -0.0592    0.200
    14   0.0691   0.3480   0.0000   0.2540   0.0078   0.0700   0.0675   0.2869   0.2761   0.0071   0.0000   0.0170  -0.0509    0.188
    15   0.0749   0.3771   0.0000   0.2540   0.0069   0.0618   0.0693   0.2532   0.2437   0.0063   0.0000   0.0185  -0.0415    0.174
    16   0.0799   0.4024   0.0000   0.2540   0.0059   0.0523   0.0698   0.2141   0.2060   0.0053   0.0000   0.0192  -0.0316    0.157
    17   0.0841   0.4235   0.0000   0.2540   0.0048   0.0416   0.0684   0.1703   0.1638   0.0041   0.0000   0.0186  -0.0219    0.137
    18   0.0873   0.4398   0.0000   0.2540   0.0035   0.0300   0.0649   0.1231   0.1184   0.0028   0.0000   0.0159  -0.0134    0.115
    19   0.0895   0.4509   0.0000   0.2540   0.0021   0.0181   0.0600   0.0741   0.0713   0.0012   0.0000   0.0109  -0.0067    0.097
    20   0.0907   0.4565   0.0000   0.2540   0.0007   0.0060   0.0563   0.0247   0.0238  -0.0001   0.0000   0.0039  -0.0020    0.086

  Surface # 2     Wing (YDUP)                             
     # Chordwise = 10   # Spanwise = 20     First strip = 21
     Surface area Ssurf =    0.116129     Ave. chord Cave =    0.254000

 Forces referred to Sref, Cref, Bref about Xref, Yref, Zref
 Standard axis orientation,  X fwd, Z down         
     CLsurf  =   0.26058     Clsurf  =   0.05684
     CYsurf  =  -0.00269     Cmsurf  =   0.02225
     CDsurf  =   0.00757     Cnsurf  =   0.00385
     CDisurf =   0.00757     CDvsurf =   0.00000

 Forces referred to Ssurf, Cave 
     CLsurf  =   0.31279     CDsurf  =   0.00909

 Strip Forces referred to Strip Area, Chord
    j     Xle      Yle      Zle      Chord    Area     c_cl     ai     cl_norm    cl       cd       cdv    cm_c/4     cm_LE   C.P.x/c
    21   0.0001  -0.0007   0.0000   0.2540   0.0007   0.0952   0.0448   0.3846   0.3701   0.0746   0.0000  -0.0027   0.0946    0.257
    22   0.0013  -0.0063   0.0000   0.2540   0.0021   0.0952   0.0437   0.3893   0.3747   0.0174   0.0000  -0.0021   0.0939    0.256
    23   0.0035  -0.0174   0.0000   0.2540   0.0035   0.0952   0.0438   0.3896   0.3749   0.0142   0.0000  -0.0004   0.0922    0.251
    24   0.0067  -0.0337   0.0000   0.2540   0.0048   0.0952   0.0447   0.3896   0.3750   0.0129   0.0000   0.0018   0.0901    0.245
    25   0.0109  -0.0548   0.0000   0.2540   0.0059   0.0951   0.0460   0.3895   0.3748   0.0118   0.0000   0.0038   0.0881    0.240
    26   0.0159  -0.0801   0.0000   0.2540   0.0069   0.0949   0.0476   0.3888   0.3741   0.0110   0.0000   0.0056   0.0862    0.235
    27   0.0217  -0.1092   0.0000   0.2540   0.0078   0.0945   0.0494   0.3868   0.3722   0.0103   0.0000   0.0071   0.0842    0.231
    28   0.0280  -0.1411   0.0000   0.2540   0.0084   0.0935   0.0514   0.3831   0.3686   0.0098   0.0000   0.0083   0.0821    0.227
    29   0.0348  -0.1752   0.0000   0.2540   0.0089   0.0920   0.0537   0.3769   0.3627   0.0094   0.0000   0.0095   0.0795    0.224
    30   0.0418  -0.2107   0.0000   0.2540   0.0091   0.0898   0.0562   0.3677   0.3538   0.0090   0.0000   0.0107   0.0761    0.220
    31   0.0490  -0.2465   0.0000   0.2540   0.0091   0.0866   0.0589   0.3547   0.3413   0.0087   0.0000   0.0121   0.0717    0.215
    32   0.0560  -0.2820   0.0000   0.2540   0.0089   0.0823   0.0619   0.3372   0.3245   0.0083   0.0000   0.0136   0.0661    0.208
    33   0.0628  -0.3161   0.0000   0.2540   0.0084   0.0769   0.0649   0.3148   0.3029   0.0078   0.0000   0.0153   0.0592    0.200
    34   0.0691  -0.3480   0.0000   0.2540   0.0078   0.0700   0.0675   0.2869   0.2761   0.0071   0.0000   0.0170   0.0509    0.188
    35   0.0749  -0.3771   0.0000   0.2540   0.0069   0.0618   0.0693   0.2532   0.2437   0.0063   0.0000   0.0185   0.0415    0.174
    36   0.0799  -0.4024   0.0000   0.2540   0.0059   0.0523   0.0698   0.2141   0.2060   0.0053   0.0000   0.0192   0.0316    0.157
    37   0.0841  -0.4235   0.0000   0.2540   0.0048   0.0416   0.0684   0.1703   0.1638   0.0041   0.0000   0.0186   0.0219    0.137
    38   0.0873  -0.4398   0.0000   0.2540   0.0035   0.0300   0.0649   0.1231   0.1184   0.0028   0.0000   0.0159   0.0134    0.115
    39   0.0895  -0.4509   0.0000   0.2540   0.0021   0.0181   0.0600   0.0741   0.0713   0.0012   0.0000   0.0109   0.0067    0.097
    40   0.0907  -0.4565   0.0000   0.2540   0.0007   0.0060   0.0563   0.0247   0.0238  -0.0001   0.0000   0.0039   0.0020    0.086
 ---------------------------------------------------------------
