 ---------------------------------------------------------------
 Surface and Strip Forces by surface

  Sref = 0.14860       Cref = 0.18670       Bref = 0.81280    
  Xref = 0.10920       Yref =  0.0000       Zref =  0.0000    

  Surface # 1     Wing                                    
     # Chordwise = 10   # Spanwise = 20     First strip =  1
     Surface area Ssurf =    0.092903     Ave. chord Cave =    0.228600

 Forces referred to Sref, Cref, Bref about Xref, Yref, Zref
 Standard axis orientation,  X fwd, Z down         
     CLsurf  =   0.24444     Clsurf  =  -0.05368
     CYsurf  =   0.00546     Cmsurf  =   0.00156
     CDsurf  =   0.00918     Cnsurf  =  -0.00564
     CDisurf =   0.00918     CDvsurf =   0.00000

 Forces referred to Ssurf, Cave 
     CLsurf  =   0.39099     CDsurf  =   0.01468

 Strip Forces referred to Strip Area, Chord
    j     Xle      Yle      Zle      Chord    Area     c_cl     ai     cl_norm    cl       cd       cdv    cm_c/4     cm_LE   C.P.x/c
     1   0.0002   0.0006   0.0000   0.2286   0.0006   0.1050   0.0493   0.4908   0.4446   0.1609   0.0000  -0.0120  -0.1206    0.277
     2   0.0018   0.0056   0.0000   0.2286   0.0017   0.1050   0.0487   0.5059   0.4583   0.0332   0.0000  -0.0108  -0.1195    0.274
     3   0.0050   0.0155   0.0000   0.2286   0.0028   0.1050   0.0500   0.5070   0.4593   0.0262   0.0000  -0.0076  -0.1165    0.267
     4   0.0097   0.0299   0.0000   0.2286   0.0038   0.1052   0.0523   0.5081   0.4603   0.0233   0.0000  -0.0036  -0.1128    0.258
     5   0.0158   0.0487   0.0000   0.2286   0.0047   0.1054   0.0552   0.5092   0.4613   0.0208   0.0000   0.0002  -0.1094    0.250
     6   0.0231   0.0712   0.0000   0.2286   0.0055   0.1054   0.0583   0.5098   0.4618   0.0188   0.0000   0.0034  -0.1065    0.243
     7   0.0315   0.0970   0.0000   0.2286   0.0062   0.1052   0.0614   0.5089   0.4611   0.0171   0.0000   0.0060  -0.1038    0.237
     8   0.0407   0.1254   0.0000   0.2286   0.0067   0.1045   0.0647   0.5058   0.4582   0.0159   0.0000   0.0082  -0.1010    0.232
     9   0.0505   0.1558   0.0000   0.2286   0.0071   0.1032   0.0682   0.4995   0.4525   0.0149   0.0000   0.0101  -0.0978    0.228
    10   0.0607   0.1873   0.0000   0.2286   0.0073   0.1010   0.0720   0.4891   0.4430   0.0140   0.0000   0.0121  -0.0936    0.223
    11   0.0711   0.2191   0.0000   0.2286   0.0073   0.0978   0.0762   0.4735   0.4289   0.0132   0.0000   0.0142  -0.0883    0.217
    12   0.0813   0.2506   0.0000   0.2286   0.0071   0.0933   0.0805   0.4518   0.4093   0.0123   0.0000   0.0166  -0.0813    0.210
    13   0.0911   0.2810   0.0000   0.2286   0.0067   0.0874   0.0849   0.4231   0.3833   0.0113   0.0000   0.0192  -0.0727    0.200
    14   0.1003   0.3094   0.0000   0.2286   0.0062   0.0799   0.0887   0.3867   0.3503   0.0100   0.0000   0.0219  -0.0623    0.188
    15   0.1087   0.3352   0.0000   0.2286   0.0055   0.0707   0.0914   0.3423   0.3101   0.0085   0.0000   0.0241  -0.0506    0.172
    16   0.1160   0.3577   0.0000   0.2286   0.0047   0.0599   0.0924   0.2901   0.2628   0.0069   0.0000   0.0254  -0.0382    0.154
    17   0.1221   0.3765   0.0000   0.2286   0.0038   0.0478   0.0912   0.2313   0.2096   0.0051   0.0000   0.0246  -0.0263    0.133
    18   0.1268   0.3909   0.0000   0.2286   0.0028   0.0346   0.0877   0.1677   0.1519   0.0031   0.0000   0.0211  -0.0159    0.111
    19   0.1300   0.4008   0.0000   0.2286   0.0017   0.0209   0.0827   0.1013   0.0918   0.0011   0.0000   0.0144  -0.0080    0.093
    20   0.1316   0.4058   0.0000   0.2286   0.0006   0.0070   0.0791   0.0339   0.0308  -0.0007   0.0000   0.0051  -0.0024    0.083

  Surface # 2     Wing (YDUP)                             
     # Chordwise = 10   # Spanwise = 20     First strip = 21
     Surface area Ssurf =    0.092903     Ave. chord Cave =    0.228600

 Forces referred to Sref, Cref, Bref about Xref, Yref, Zref
 Standard axis orientation,  X fwd, Z down         
     CLsurf  =   0.24444     Clsurf  =   0.05368
     CYsurf  =  -0.00546     Cmsurf  =   0.00156
     CDsurf  =   0.00918     Cnsurf  =   0.00564
     CDisurf =   0.00918     CDvsurf =   0.00000

 Forces referred to Ssurf, Cave 
     CLsurf  =   0.39099     CDsurf  =   0.01468

 Strip Forces referred to Strip Area, Chord
    j     Xle      Yle      Zle      Chord    Area     c_cl     ai     cl_norm    cl       cd       cdv    cm_c/4     cm_LE   C.P.x/c
    21   0.0002  -0.0006   0.0000   0.2286   0.0006   0.1050   0.0493   0.4908   0.4446   0.1609   0.0000  -0.0120   0.1206    0.277
    22   0.0018  -0.0056   0.0000   0.2286   0.0017   0.1050   0.0487   0.5059   0.4583   0.0332   0.0000  -0.0108   0.1195    0.274
    23   0.0050  -0.0155   0.0000   0.2286   0.0028   0.1050   0.0500   0.5070   0.4593   0.0262   0.0000  -0.0076   0.1165    0.267
    24   0.0097  -0.0299   0.0000   0.2286   0.0038   0.1052   0.0523   0.5081   0.4603   0.0233   0.0000  -0.0036   0.1128    0.258
    25   0.0158  -0.0487   0.0000   0.2286   0.0047   0.1054   0.0552   0.5092   0.4613   0.0208   0.0000   0.0002   0.1094    0.250
    26   0.0231  -0.0712   0.0000   0.2286   0.0055   0.1054   0.0583   0.5098   0.4618   0.0188   0.0000   0.0034   0.1065    0.243
    27   0.0315  -0.0970   0.0000   0.2286   0.0062   0.1052   0.0614   0.5089   0.4611   0.0171   0.0000   0.0060   0.1038    0.237
    28   0.0407  -0.1254   0.0000   0.2286   0.0067   0.1045   0.0647   0.5058   0.4582   0.0159   0.0000   0.0082   0.1010    0.232
    29   0.0505  -0.1558   0.0000   0.2286   0.0071   0.1032   0.0682   0.4995   0.4525   0.0149   0.0000   0.0101   0.0978    0.228
    30   0.0607  -0.1873   0.0000   0.2286   0.0073   0.1010   0.0720   0.4891   0.4430   0.0140   0.0000   0.0121   0.0936    0.223
    31   0.0711  -0.2191   0.0000   0.2286   0.0073   0.0978   0.0762   0.4735   0.4289   0.0132   0.0000   0.0142   0.0883    0.217
    32   0.0813  -0.2506   0.0000   0.2286   0.0071   0.0933   0.0805   0.4518   0.4093   0.0123   0.0000   0.0166   0.0813    0.210
    33   0.0911  -0.2810   0.0000   0.2286   0.0067   0.0874   0.0849   0.4231   0.3833   0.0113   0.0000   0.0192   0.0727    0.200
    34   0.1003  -0.3094   0.0000   0.2286   0.0062   0.0799   0.0887   0.3867   0.3503   0.0100   0.0000   0.0219   0.0623    0.188
    35   0.1087  -0.3352   0.0000   0.2286   0.0055   0.0707   0.0914   0.3423   0.3101   0.0085   0.0000   0.0241   0.0506    0.172
    36   0.1160  -0.3577   0.0000   0.2286   0.0047   0.0599   0.0924   0.2901   0.2628   0.0069   0.0000   0.0254   0.0382    0.154
    37   0.1221  -0.3765   0.0000   0.2286   0.0038   0.0478   0.0912   0.2313   0.2096   0.0051   0.0000   0.0246   0.0263    0.133
    38   0.1268  -0.3909   0.0000   0.2286   0.0028   0.0346   0.0877   0.1677   0.1519   0.0031   0.0000   0.0211   0.0159    0.111
    39   0.1300  -0.4008   0.0000   0.2286   0.0017   0.0209   0.0827   0.1013   0.0918   0.0011   0.0000   0.0144   0.0080    0.093
    40   0.1316  -0.4058   0.0000   0.2286   0.0006   0.0070   0.0791   0.0339   0.0308  -0.0007   0.0000   0.0051   0.0024    0.083
 ---------------------------------------------------------------
