 ---------------------------------------------------------------
 Surface and Strip Forces by surface

  Sref = 0.13010       Cref = 0.18360       Bref = 0.71120    
  Xref = 0.10920       Yref =  0.0000       Zref =  0.0000    

  Surface # 1     Wing                                    
     # Chordwise = 10   # Spanwise = 20     First strip =  1
     Surface area Ssurf =    0.072258     Ave. chord Cave =    0.203200

 Forces referred to Sref, Cref, Bref about Xref, Yref, Zref
 Standard axis orientation,  X fwd, Z down         
     CLsurf  =   0.27920     Clsurf  =  -0.06056
     CYsurf  =   0.00298     Cmsurf  =   0.07071
     CDsurf  =   0.01318     Cnsurf  =  -0.00629
     CDisurf =   0.01318     CDvsurf =   0.00000

 Forces referred to Ssurf, Cave 
     CLsurf  =   0.50270     CDsurf  =   0.02373

 Strip Forces referred to Strip Area, Chord
    j     Xle      Yle      Zle      Chord    Area     c_cl     ai     cl_norm    cl       cd       cdv    cm_c/4     cm_LE   C.P.x/c
     1   0.0001   0.0005   0.0000   0.2032   0.0004   0.1234   0.0764   0.6042   0.5963   0.1201   0.0000   0.0017  -0.1491    0.247
     2   0.0006   0.0049   0.0000   0.2032   0.0013   0.1234   0.0762   0.6159   0.6078   0.0375   0.0000   0.0022  -0.1486    0.246
     3   0.0016   0.0135   0.0000   0.2032   0.0022   0.1234   0.0768   0.6166   0.6085   0.0324   0.0000   0.0037  -0.1471    0.244
     4   0.0030   0.0262   0.0000   0.2032   0.0030   0.1233   0.0779   0.6166   0.6085   0.0302   0.0000   0.0056  -0.1452    0.241
     5   0.0049   0.0426   0.0000   0.2032   0.0037   0.1231   0.0793   0.6158   0.6078   0.0285   0.0000   0.0074  -0.1431    0.238
     6   0.0072   0.0623   0.0000   0.2032   0.0043   0.1226   0.0811   0.6137   0.6057   0.0272   0.0000   0.0091  -0.1409    0.235
     7   0.0099   0.0849   0.0000   0.2032   0.0048   0.1218   0.0832   0.6094   0.6014   0.0262   0.0000   0.0106  -0.1383    0.232
     8   0.0127   0.1098   0.0000   0.2032   0.0052   0.1203   0.0857   0.6021   0.5942   0.0255   0.0000   0.0119  -0.1352    0.230
     9   0.0158   0.1363   0.0000   0.2032   0.0055   0.1181   0.0887   0.5909   0.5832   0.0249   0.0000   0.0133  -0.1311    0.227
    10   0.0190   0.1638   0.0000   0.2032   0.0057   0.1149   0.0921   0.5749   0.5674   0.0244   0.0000   0.0148  -0.1257    0.224
    11   0.0223   0.1918   0.0000   0.2032   0.0057   0.1105   0.0960   0.5532   0.5460   0.0238   0.0000   0.0165  -0.1187    0.220
    12   0.0255   0.2193   0.0000   0.2032   0.0055   0.1049   0.1003   0.5249   0.5181   0.0231   0.0000   0.0184  -0.1099    0.214
    13   0.0286   0.2458   0.0000   0.2032   0.0052   0.0978   0.1047   0.4892   0.4828   0.0221   0.0000   0.0205  -0.0991    0.207
    14   0.0314   0.2707   0.0000   0.2032   0.0048   0.0890   0.1089   0.4454   0.4396   0.0208   0.0000   0.0226  -0.0864    0.199
    15   0.0341   0.2933   0.0000   0.2032   0.0043   0.0787   0.1123   0.3933   0.3882   0.0190   0.0000   0.0242  -0.0721    0.188
    16   0.0364   0.3130   0.0000   0.2032   0.0037   0.0667   0.1144   0.3332   0.3289   0.0167   0.0000   0.0249  -0.0568    0.174
    17   0.0383   0.3294   0.0000   0.2032   0.0030   0.0532   0.1146   0.2661   0.2626   0.0138   0.0000   0.0237  -0.0415    0.160
    18   0.0397   0.3421   0.0000   0.2032   0.0022   0.0387   0.1126   0.1933   0.1908   0.0102   0.0000   0.0201  -0.0273    0.145
    19   0.0407   0.3507   0.0000   0.2032   0.0013   0.0234   0.1089   0.1171   0.1156   0.0061   0.0000   0.0137  -0.0150    0.131
    20   0.0412   0.3551   0.0000   0.2032   0.0004   0.0078   0.1059   0.0392   0.0387   0.0015   0.0000   0.0049  -0.0047    0.124

  Surface # 2     Wing (YDUP)                             
     # Chordwise = 10   # Spanwise = 20     First strip = 21
     Surface area Ssurf =    0.072258     Ave. chord Cave =    0.203200

 Forces referred to Sref, Cref, Bref about Xref, Yref, Zref
 Standard axis orientation,  X fwd, Z down         
     CLsurf  =   0.27920     Clsurf  =   0.06056
     CYsurf  =  -0.00298     Cmsurf  =   0.07071
     CDsurf  =   0.01318     Cnsurf  =   0.00629
     CDisurf =   0.01318     CDvsurf =   0.00000

 Forces referred to Ssurf, Cave 
     CLsurf  =   0.50270     CDsurf  =   0.02373

 Strip Forces referred to Strip Area, Chord
    j     Xle      Yle      Zle      Chord    Area     c_cl     ai     cl_norm    cl       cd       cdv    cm_c/4     cm_LE   C.P.x/c
    21   0.0001  -0.0005   0.0000   0.2032   0.0004   0.1234   0.0764   0.6042   0.5963   0.1201   0.0000   0.0017   0.1491    0.247
    22   0.0006  -0.0049   0.0000   0.2032   0.0013   0.1234   0.0762   0.6159   0.6078   0.0375   0.0000   0.0022   0.1486    0.246
    23   0.0016  -0.0135   0.0000   0.2032   0.0022   0.1234   0.0768   0.6166   0.6085   0.0324   0.0000   0.0037   0.1471    0.244
    24   0.0030  -0.0262   0.0000   0.2032   0.0030   0.1233   0.0779   0.6166   0.6085   0.0302   0.0000   0.0056   0.1452    0.241
    25   0.0049  -0.0426   0.0000   0.2032   0.0037   0.1231   0.0793   0.6158   0.6078   0.0285   0.0000   0.0074   0.1431    0.238
    26   0.0072  -0.0623   0.0000   0.2032   0.0043   0.1226   0.0811   0.6137   0.6057   0.0272   0.0000   0.0091   0.1409    0.235
    27   0.0099  -0.0849   0.0000   0.2032   0.0048   0.1218   0.0832   0.6094   0.6014   0.0262   0.0000   0.0106   0.1383    0.232
    28   0.0127  -0.1098   0.0000   0.2032   0.0052   0.1203   0.0857   0.6021   0.5942   0.0255   0.0000   0.0119   0.1352    0.230
    29   0.0158  -0.1363   0.0000   0.2032   0.0055   0.1181   0.0887   0.5909   0.5832   0.0249   0.0000   0.0133   0.1311    0.227
    30   0.0190  -0.1638   0.0000   0.2032   0.0057   0.1149   0.0921   0.5749   0.5674   0.0244   0.0000   0.0148   0.1257    0.224
    31   0.0223  -0.1918   0.0000   0.2032   0.0057   0.1105   0.0960   0.5532   0.5460   0.0238   0.0000   0.0165   0.1187    0.220
    32   0.0255  -0.2193   0.0000   0.2032   0.0055   0.1049   0.1003   0.5249   0.5181   0.0231   0.0000   0.0184   0.1099    0.214
    33   0.0286  -0.2458   0.0000   0.2032   0.0052   0.0978   0.1047   0.4892   0.4828   0.0221   0.0000   0.0205   0.0991    0.207
    34   0.0314  -0.2707   0.0000   0.2032   0.0048   0.0890   0.1089   0.4454   0.4396   0.0208   0.0000   0.0226   0.0864    0.199
    35   0.0341  -0.2933   0.0000   0.2032   0.0043   0.0787   0.1123   0.3933   0.3882   0.0190   0.0000   0.0242   0.0721    0.188
    36   0.0364  -0.3130   0.0000   0.2032   0.0037   0.0667   0.1144   0.3332   0.3289   0.0167   0.0000   0.0249   0.0568    0.174
    37   0.0383  -0.3294   0.0000   0.2032   0.0030   0.0532   0.1146   0.2661   0.2626   0.0138   0.0000   0.0237   0.0415    0.160
    38   0.0397  -0.3421   0.0000   0.2032   0.0022   0.0387   0.1126   0.1933   0.1908   0.0102   0.0000   0.0201   0.0273    0.145
    39   0.0407  -0.3507   0.0000   0.2032   0.0013   0.0234   0.1089   0.1171   0.1156   0.0061   0.0000   0.0137   0.0150    0.131
    40   0.0412  -0.3551   0.0000   0.2032   0.0004   0.0078   0.1059   0.0392   0.0387   0.0015   0.0000   0.0049   0.0047    0.124
 ---------------------------------------------------------------
