 ---------------------------------------------------------------
 Surface and Strip Forces by surface

  Sref = 0.97500E-01   Cref = 0.15750       Bref = 0.71120    
  Xref = 0.10920       Yref =  0.0000       Zref =  0.0000    

  Surface # 1     Wing                                    
     # Chordwise = 10   # Spanwise = 20     First strip =  1
     Surface area Ssurf =    0.081290     Ave. chord Cave =    0.228600

 Forces referred to Sref, Cref, Bref about Xref, Yref, Zref
 Standard axis orientation,  X fwd, Z down         
     CLsurf  =   0.37256     Clsurf  =  -0.08156
     CYsurf  =   0.01244     Cmsurf  =  -0.00588
     CDsurf  =   0.01845     Cnsurf  =  -0.01214
     CDisurf =   0.01845     CDvsurf =   0.00000

 Forces referred to Ssurf, Cave 
     CLsurf  =   0.44685     CDsurf  =   0.02213

 Strip Forces referred to Strip Area, Chord
    j     Xle      Yle      Zle      Chord    Area     c_cl     ai     cl_norm    cl       cd       cdv    cm_c/4     cm_LE   C.P.x/c
     1   0.0002   0.0005   0.0000   0.2286   0.0005   0.1202   0.0636   0.5695   0.4935   0.2765   0.0000  -0.0172  -0.1382    0.285
     2   0.0019   0.0049   0.0000   0.2286   0.0015   0.1202   0.0637   0.6042   0.5236   0.0534   0.0000  -0.0158  -0.1370    0.280
     3   0.0054   0.0135   0.0000   0.2286   0.0024   0.1203   0.0659   0.6066   0.5256   0.0411   0.0000  -0.0120  -0.1335    0.273
     4   0.0104   0.0262   0.0000   0.2286   0.0033   0.1205   0.0692   0.6082   0.5271   0.0366   0.0000  -0.0070  -0.1290    0.263
     5   0.0169   0.0426   0.0000   0.2286   0.0041   0.1207   0.0731   0.6099   0.5285   0.0327   0.0000  -0.0021  -0.1247    0.254
     6   0.0247   0.0623   0.0000   0.2286   0.0048   0.1208   0.0772   0.6109   0.5294   0.0294   0.0000   0.0023  -0.1207    0.246
     7   0.0337   0.0849   0.0000   0.2286   0.0054   0.1206   0.0814   0.6100   0.5286   0.0267   0.0000   0.0060  -0.1171    0.239
     8   0.0435   0.1098   0.0000   0.2286   0.0059   0.1198   0.0857   0.6063   0.5254   0.0245   0.0000   0.0091  -0.1133    0.233
     9   0.0540   0.1363   0.0000   0.2286   0.0062   0.1182   0.0902   0.5986   0.5187   0.0226   0.0000   0.0120  -0.1091    0.227
    10   0.0650   0.1638   0.0000   0.2286   0.0064   0.1156   0.0951   0.5856   0.5075   0.0210   0.0000   0.0148  -0.1038    0.221
    11   0.0760   0.1918   0.0000   0.2286   0.0064   0.1118   0.1002   0.5663   0.4908   0.0193   0.0000   0.0177  -0.0971    0.214
    12   0.0870   0.2193   0.0000   0.2286   0.0062   0.1065   0.1053   0.5395   0.4675   0.0176   0.0000   0.0209  -0.0888    0.205
    13   0.0975   0.2458   0.0000   0.2286   0.0059   0.0995   0.1101   0.5042   0.4370   0.0157   0.0000   0.0242  -0.0786    0.195
    14   0.1073   0.2707   0.0000   0.2286   0.0054   0.0907   0.1142   0.4598   0.3985   0.0135   0.0000   0.0274  -0.0667    0.181
    15   0.1163   0.2933   0.0000   0.2286   0.0048   0.0801   0.1168   0.4062   0.3520   0.0111   0.0000   0.0298  -0.0537    0.165
    16   0.1241   0.3130   0.0000   0.2286   0.0041   0.0678   0.1175   0.3438   0.2979   0.0086   0.0000   0.0308  -0.0403    0.147
    17   0.1306   0.3294   0.0000   0.2286   0.0033   0.0540   0.1160   0.2741   0.2375   0.0060   0.0000   0.0293  -0.0277    0.127
    18   0.1356   0.3421   0.0000   0.2286   0.0024   0.0391   0.1125   0.1989   0.1723   0.0034   0.0000   0.0246  -0.0169    0.107
    19   0.1391   0.3507   0.0000   0.2286   0.0015   0.0237   0.1077   0.1204   0.1043   0.0008   0.0000   0.0165  -0.0087    0.091
    20   0.1408   0.3551   0.0000   0.2286   0.0005   0.0079   0.1047   0.0405   0.0351  -0.0014   0.0000   0.0058  -0.0026    0.084

  Surface # 2     Wing (YDUP)                             
     # Chordwise = 10   # Spanwise = 20     First strip = 21
     Surface area Ssurf =    0.081290     Ave. chord Cave =    0.228600

 Forces referred to Sref, Cref, Bref about Xref, Yref, Zref
 Standard axis orientation,  X fwd, Z down         
     CLsurf  =   0.37256     Clsurf  =   0.08156
     CYsurf  =  -0.01244     Cmsurf  =  -0.00588
     CDsurf  =   0.01845     Cnsurf  =   0.01214
     CDisurf =   0.01845     CDvsurf =   0.00000

 Forces referred to Ssurf, Cave 
     CLsurf  =   0.44685     CDsurf  =   0.02213

 Strip Forces referred to Strip Area, Chord
    j     Xle      Yle      Zle      Chord    Area     c_cl     ai     cl_norm    cl       cd       cdv    cm_c/4     cm_LE   C.P.x/c
    21   0.0002  -0.0005   0.0000   0.2286   0.0005   0.1202   0.0636   0.5695   0.4935   0.2765   0.0000  -0.0172   0.1382    0.285
    22   0.0019  -0.0049   0.0000   0.2286   0.0015   0.1202   0.0637   0.6042   0.5236   0.0534   0.0000  -0.0158   0.1370    0.280
    23   0.0054  -0.0135   0.0000   0.2286   0.0024   0.1203   0.0659   0.6066   0.5256   0.0411   0.0000  -0.0120   0.1335    0.273
    24   0.0104  -0.0262   0.0000   0.2286   0.0033   0.1205   0.0692   0.6082   0.5271   0.0366   0.0000  -0.0070   0.1290    0.263
    25   0.0169  -0.0426   0.0000   0.2286   0.0041   0.1207   0.0731   0.6099   0.5285   0.0327   0.0000  -0.0021   0.1247    0.254
    26   0.0247  -0.0623   0.0000   0.2286   0.0048   0.1208   0.0772   0.6109   0.5294   0.0294   0.0000   0.0023   0.1207    0.246
    27   0.0337  -0.0849   0.0000   0.2286   0.0054   0.1206   0.0814   0.6100   0.5286   0.0267   0.0000   0.0060   0.1171    0.239
    28   0.0435  -0.1098   0.0000   0.2286   0.0059   0.1198   0.0857   0.6063   0.5254   0.0245   0.0000   0.0091   0.1133    0.233
    29   0.0540  -0.1363   0.0000   0.2286   0.0062   0.1182   0.0902   0.5986   0.5187   0.0226   0.0000   0.0120   0.1091    0.227
    30   0.0650  -0.1638   0.0000   0.2286   0.0064   0.1156   0.0951   0.5856   0.5075   0.0210   0.0000   0.0148   0.1038    0.221
    31   0.0760  -0.1918   0.0000   0.2286   0.0064   0.1118   0.1002   0.5663   0.4908   0.0193   0.0000   0.0177   0.0971    0.214
    32   0.0870  -0.2193   0.0000   0.2286   0.0062   0.1065   0.1053   0.5395   0.4675   0.0176   0.0000   0.0209   0.0888    0.205
    33   0.0975  -0.2458   0.0000   0.2286   0.0059   0.0995   0.1101   0.5042   0.4370   0.0157   0.0000   0.0242   0.0786    0.195
    34   0.1073  -0.2707   0.0000   0.2286   0.0054   0.0907   0.1142   0.4598   0.3985   0.0135   0.0000   0.0274   0.0667    0.181
    35   0.1163  -0.2933   0.0000   0.2286   0.0048   0.0801   0.1168   0.4062   0.3520   0.0111   0.0000   0.0298   0.0537    0.165
    36   0.1241  -0.3130   0.0000   0.2286   0.0041   0.0678   0.1175   0.3438   0.2979   0.0086   0.0000   0.0308   0.0403    0.147
    37   0.1306  -0.3294   0.0000   0.2286   0.0033   0.0540   0.1160   0.2741   0.2375   0.0060   0.0000   0.0293   0.0277    0.127
    38   0.1356  -0.3421   0.0000   0.2286   0.0024   0.0391   0.1125   0.1989   0.1723   0.0034   0.0000   0.0246   0.0169    0.107
    39   0.1391  -0.3507   0.0000   0.2286   0.0015   0.0237   0.1077   0.1204   0.1043   0.0008   0.0000   0.0165   0.0087    0.091
    40   0.1408  -0.3551   0.0000   0.2286   0.0005   0.0079   0.1047   0.0405   0.0351  -0.0014   0.0000   0.0058   0.0026    0.084
 ---------------------------------------------------------------
