 ---------------------------------------------------------------
 Surface and Strip Forces by surface

  Sref = 0.16260       Cref = 0.22950       Bref = 0.71120    
  Xref = 0.10920       Yref =  0.0000       Zref =  0.0000    

  Surface # 1     Wing                                    
     # Chordwise = 10   # Spanwise = 20     First strip =  1
     Surface area Ssurf =    0.090322     Ave. chord Cave =    0.254000

 Forces referred to Sref, Cref, Bref about Xref, Yref, Zref
 Standard axis orientation,  X fwd, Z down         
     CLsurf  =   0.22340     Clsurf  =  -0.04866
     CYsurf  =   0.00686     Cmsurf  =  -0.00693
     CDsurf  =   0.01108     Cnsurf  =  -0.00714
     CDisurf =   0.01108     CDvsurf =   0.00000

 Forces referred to Ssurf, Cave 
     CLsurf  =   0.40216     CDsurf  =   0.01994

 Strip Forces referred to Strip Area, Chord
    j     Xle      Yle      Zle      Chord    Area     c_cl     ai     cl_norm    cl       cd       cdv    cm_c/4     cm_LE   C.P.x/c
     1   0.0002   0.0005   0.0000   0.2540   0.0006   0.1218   0.0691   0.5206   0.4501   0.2625   0.0000  -0.0142  -0.1245    0.282
     2   0.0020   0.0049   0.0000   0.2540   0.0017   0.1218   0.0685   0.5521   0.4772   0.0487   0.0000  -0.0131  -0.1235    0.277
     3   0.0054   0.0135   0.0000   0.2540   0.0027   0.1219   0.0698   0.5540   0.4790   0.0367   0.0000  -0.0099  -0.1206    0.271
     4   0.0105   0.0262   0.0000   0.2540   0.0037   0.1220   0.0724   0.5551   0.4798   0.0329   0.0000  -0.0055  -0.1166    0.262
     5   0.0170   0.0426   0.0000   0.2540   0.0046   0.1220   0.0756   0.5559   0.4806   0.0297   0.0000  -0.0010  -0.1125    0.252
     6   0.0249   0.0623   0.0000   0.2540   0.0054   0.1220   0.0791   0.5560   0.4806   0.0268   0.0000   0.0030  -0.1087    0.244
     7   0.0339   0.0849   0.0000   0.2540   0.0060   0.1215   0.0829   0.5543   0.4792   0.0244   0.0000   0.0066  -0.1050    0.236
     8   0.0439   0.1098   0.0000   0.2540   0.0065   0.1205   0.0868   0.5499   0.4754   0.0224   0.0000   0.0097  -0.1011    0.230
     9   0.0545   0.1363   0.0000   0.2540   0.0069   0.1187   0.0909   0.5417   0.4683   0.0206   0.0000   0.0126  -0.0968    0.223
    10   0.0655   0.1638   0.0000   0.2540   0.0071   0.1158   0.0952   0.5287   0.4571   0.0189   0.0000   0.0154  -0.0915    0.216
    11   0.0766   0.1918   0.0000   0.2540   0.0071   0.1116   0.0996   0.5099   0.4408   0.0173   0.0000   0.0183  -0.0850    0.209
    12   0.0876   0.2193   0.0000   0.2540   0.0069   0.1060   0.1038   0.4842   0.4186   0.0156   0.0000   0.0213  -0.0771    0.199
    13   0.0982   0.2458   0.0000   0.2540   0.0065   0.0987   0.1077   0.4511   0.3900   0.0138   0.0000   0.0243  -0.0677    0.188
    14   0.1082   0.2707   0.0000   0.2540   0.0060   0.0897   0.1107   0.4100   0.3544   0.0118   0.0000   0.0269  -0.0570    0.174
    15   0.1172   0.2933   0.0000   0.2540   0.0054   0.0789   0.1123   0.3610   0.3121   0.0096   0.0000   0.0288  -0.0454    0.158
    16   0.1251   0.3130   0.0000   0.2540   0.0046   0.0666   0.1121   0.3047   0.2634   0.0073   0.0000   0.0292  -0.0338    0.139
    17   0.1316   0.3294   0.0000   0.2540   0.0037   0.0529   0.1101   0.2423   0.2095   0.0050   0.0000   0.0273  -0.0231    0.120
    18   0.1367   0.3421   0.0000   0.2540   0.0027   0.0383   0.1063   0.1756   0.1518   0.0027   0.0000   0.0226  -0.0140    0.101
    19   0.1401   0.3507   0.0000   0.2540   0.0017   0.0231   0.1016   0.1062   0.0918   0.0004   0.0000   0.0151  -0.0072    0.086
    20   0.1419   0.3551   0.0000   0.2540   0.0006   0.0077   0.0988   0.0357   0.0309  -0.0014   0.0000   0.0053  -0.0022    0.079

  Surface # 2     Wing (YDUP)                             
     # Chordwise = 10   # Spanwise = 20     First strip = 21
     Surface area Ssurf =    0.090322     Ave. chord Cave =    0.254000

 Forces referred to Sref, Cref, Bref about Xref, Yref, Zref
 Standard axis orientation,  X fwd, Z down         
     CLsurf  =   0.22340     Clsurf  =   0.04866
     CYsurf  =  -0.00686     Cmsurf  =  -0.00693
     CDsurf  =   0.01108     Cnsurf  =   0.00714
     CDisurf =   0.01108     CDvsurf =   0.00000

 Forces referred to Ssurf, Cave 
     CLsurf  =   0.40216     CDsurf  =   0.01994

 Strip Forces referred to Strip Area, Chord
    j     Xle      Yle      Zle      Chord    Area     c_cl     ai     cl_norm    cl       cd       cdv    cm_c/4     cm_LE   C.P.x/c
    21   0.0002  -0.0005   0.0000   0.2540   0.0006   0.1218   0.0691   0.5206   0.4501   0.2625   0.0000  -0.0142   0.1245    0.282
    22   0.0020  -0.0049   0.0000   0.2540   0.0017   0.1218   0.0685   0.5521   0.4772   0.0487   0.0000  -0.0131   0.1235    0.277
    23   0.0054  -0.0135   0.0000   0.2540   0.0027   0.1219   0.0698   0.5540   0.4790   0.0367   0.0000  -0.0099   0.1206    0.271
    24   0.0105  -0.0262   0.0000   0.2540   0.0037   0.1220   0.0724   0.5551   0.4798   0.0329   0.0000  -0.0055   0.1166    0.262
    25   0.0170  -0.0426   0.0000   0.2540   0.0046   0.1220   0.0756   0.5559   0.4806   0.0297   0.0000  -0.0010   0.1125    0.252
    26   0.0249  -0.0623   0.0000   0.2540   0.0054   0.1220   0.0791   0.5560   0.4806   0.0268   0.0000   0.0030   0.1087    0.244
    27   0.0339  -0.0849   0.0000   0.2540   0.0060   0.1215   0.0829   0.5543   0.4792   0.0244   0.0000   0.0066   0.1050    0.236
    28   0.0439  -0.1098   0.0000   0.2540   0.0065   0.1205   0.0868   0.5499   0.4754   0.0224   0.0000   0.0097   0.1011    0.230
    29   0.0545  -0.1363   0.0000   0.2540   0.0069   0.1187   0.0909   0.5417   0.4683   0.0206   0.0000   0.0126   0.0968    0.223
    30   0.0655  -0.1638   0.0000   0.2540   0.0071   0.1158   0.0952   0.5287   0.4571   0.0189   0.0000   0.0154   0.0915    0.216
    31   0.0766  -0.1918   0.0000   0.2540   0.0071   0.1116   0.0996   0.5099   0.4408   0.0173   0.0000   0.0183   0.0850    0.209
    32   0.0876  -0.2193   0.0000   0.2540   0.0069   0.1060   0.1038   0.4842   0.4186   0.0156   0.0000   0.0213   0.0771    0.199
    33   0.0982  -0.2458   0.0000   0.2540   0.0065   0.0987   0.1077   0.4511   0.3900   0.0138   0.0000   0.0243   0.0677    0.188
    34   0.1082  -0.2707   0.0000   0.2540   0.0060   0.0897   0.1107   0.4100   0.3544   0.0118   0.0000   0.0269   0.0570    0.174
    35   0.1172  -0.2933   0.0000   0.2540   0.0054   0.0789   0.1123   0.3610   0.3121   0.0096   0.0000   0.0288   0.0454    0.158
    36   0.1251  -0.3130   0.0000   0.2540   0.0046   0.0666   0.1121   0.3047   0.2634   0.0073   0.0000   0.0292   0.0338    0.139
    37   0.1316  -0.3294   0.0000   0.2540   0.0037   0.0529   0.1101   0.2423   0.2095   0.0050   0.0000   0.0273   0.0231    0.120
    38   0.1367  -0.3421   0.0000   0.2540   0.0027   0.0383   0.1063   0.1756   0.1518   0.0027   0.0000   0.0226   0.0140    0.101
    39   0.1401  -0.3507   0.0000   0.2540   0.0017   0.0231   0.1016   0.1062   0.0918   0.0004   0.0000   0.0151   0.0072    0.086
    40   0.1419  -0.3551   0.0000   0.2540   0.0006   0.0077   0.0988   0.0357   0.0309  -0.0014   0.0000   0.0053   0.0022    0.079
 ---------------------------------------------------------------
