 ---------------------------------------------------------------
 Surface and Strip Forces by surface

  Sref = 0.16720       Cref = 0.18670       Bref = 0.91440    
  Xref = 0.10920       Yref =  0.0000       Zref =  0.0000    

  Surface # 1     Wing                                    
     # Chordwise = 10   # Spanwise = 20     First strip =  1
     Surface area Ssurf =    0.104516     Ave. chord Cave =    0.228600

 Forces referred to Sref, Cref, Bref about Xref, Yref, Zref
 Standard axis orientation,  X fwd, Z down         
     CLsurf  =   0.21725     Clsurf  =  -0.04771
     CYsurf  =   0.00283     Cmsurf  =   0.01582
     CDsurf  =   0.00635     Cnsurf  =  -0.00356
     CDisurf =   0.00635     CDvsurf =   0.00000

 Forces referred to Ssurf, Cave 
     CLsurf  =   0.34755     CDsurf  =   0.01016

 Strip Forces referred to Strip Area, Chord
    j     Xle      Yle      Zle      Chord    Area     c_cl     ai     cl_norm    cl       cd       cdv    cm_c/4     cm_LE   C.P.x/c
     1   0.0002   0.0007   0.0000   0.2286   0.0006   0.0938   0.0412   0.4247   0.4041   0.0871   0.0000  -0.0058  -0.1057    0.264
     2   0.0014   0.0063   0.0000   0.2286   0.0019   0.0938   0.0403   0.4308   0.4099   0.0203   0.0000  -0.0049  -0.1048    0.262
     3   0.0039   0.0174   0.0000   0.2286   0.0031   0.0938   0.0408   0.4312   0.4103   0.0165   0.0000  -0.0026  -0.1025    0.256
     4   0.0076   0.0337   0.0000   0.2286   0.0043   0.0939   0.0422   0.4317   0.4108   0.0148   0.0000   0.0002  -0.0999    0.250
     5   0.0124   0.0548   0.0000   0.2286   0.0053   0.0939   0.0441   0.4322   0.4112   0.0133   0.0000   0.0027  -0.0975    0.243
     6   0.0181   0.0801   0.0000   0.2286   0.0062   0.0939   0.0462   0.4321   0.4112   0.0122   0.0000   0.0048  -0.0955    0.238
     7   0.0247   0.1092   0.0000   0.2286   0.0070   0.0936   0.0483   0.4308   0.4099   0.0114   0.0000   0.0064  -0.0936    0.234
     8   0.0319   0.1411   0.0000   0.2286   0.0076   0.0929   0.0506   0.4276   0.4069   0.0108   0.0000   0.0078  -0.0915    0.231
     9   0.0397   0.1752   0.0000   0.2286   0.0080   0.0916   0.0532   0.4218   0.4014   0.0103   0.0000   0.0090  -0.0889    0.228
    10   0.0477   0.2107   0.0000   0.2286   0.0082   0.0896   0.0561   0.4127   0.3927   0.0099   0.0000   0.0103  -0.0856    0.224
    11   0.0558   0.2465   0.0000   0.2286   0.0082   0.0868   0.0593   0.3994   0.3801   0.0096   0.0000   0.0117  -0.0811    0.219
    12   0.0638   0.2820   0.0000   0.2286   0.0080   0.0828   0.0629   0.3813   0.3628   0.0092   0.0000   0.0134  -0.0753    0.213
    13   0.0716   0.3161   0.0000   0.2286   0.0076   0.0776   0.0666   0.3574   0.3401   0.0086   0.0000   0.0153  -0.0678    0.205
    14   0.0788   0.3480   0.0000   0.2286   0.0070   0.0710   0.0701   0.3270   0.3112   0.0080   0.0000   0.0174  -0.0588    0.194
    15   0.0854   0.3771   0.0000   0.2286   0.0062   0.0630   0.0727   0.2899   0.2758   0.0071   0.0000   0.0194  -0.0483    0.180
    16   0.0911   0.4024   0.0000   0.2286   0.0053   0.0534   0.0740   0.2460   0.2341   0.0060   0.0000   0.0206  -0.0369    0.162
    17   0.0959   0.4235   0.0000   0.2286   0.0043   0.0426   0.0731   0.1963   0.1868   0.0047   0.0000   0.0203  -0.0257    0.141
    18   0.0996   0.4398   0.0000   0.2286   0.0031   0.0309   0.0699   0.1422   0.1353   0.0031   0.0000   0.0177  -0.0157    0.119
    19   0.1021   0.4509   0.0000   0.2286   0.0019   0.0186   0.0648   0.0857   0.0816   0.0014   0.0000   0.0123  -0.0079    0.099
    20   0.1033   0.4565   0.0000   0.2286   0.0006   0.0062   0.0608   0.0286   0.0273  -0.0002   0.0000   0.0044  -0.0023    0.088

  Surface # 2     Wing (YDUP)                             
     # Chordwise = 10   # Spanwise = 20     First strip = 21
     Surface area Ssurf =    0.104516     Ave. chord Cave =    0.228600

 Forces referred to Sref, Cref, Bref about Xref, Yref, Zref
 Standard axis orientation,  X fwd, Z down         
     CLsurf  =   0.21725     Clsurf  =   0.04771
     CYsurf  =  -0.00283     Cmsurf  =   0.01582
     CDsurf  =   0.00635     Cnsurf  =   0.00356
     CDisurf =   0.00635     CDvsurf =   0.00000

 Forces referred to Ssurf, Cave 
     CLsurf  =   0.34755     CDsurf  =   0.01016

 Strip Forces referred to Strip Area, Chord
    j     Xle      Yle      Zle      Chord    Area     c_cl     ai     cl_norm    cl       cd       cdv    cm_c/4     cm_LE   C.P.x/c
    21   0.0002  -0.0007   0.0000   0.2286   0.0006   0.0938   0.0412   0.4247   0.4041   0.0871   0.0000  -0.0058   0.1057    0.264
    22   0.0014  -0.0063   0.0000   0.2286   0.0019   0.0938   0.0403   0.4308   0.4099   0.0203   0.0000  -0.0049   0.1048    0.262
    23   0.0039  -0.0174   0.0000   0.2286   0.0031   0.0938   0.0408   0.4312   0.4103   0.0165   0.0000  -0.0026   0.1025    0.256
    24   0.0076  -0.0337   0.0000   0.2286   0.0043   0.0939   0.0422   0.4317   0.4108   0.0148   0.0000   0.0002   0.0999    0.250
    25   0.0124  -0.0548   0.0000   0.2286   0.0053   0.0939   0.0441   0.4322   0.4112   0.0133   0.0000   0.0027   0.0975    0.243
    26   0.0181  -0.0801   0.0000   0.2286   0.0062   0.0939   0.0462   0.4321   0.4112   0.0122   0.0000   0.0048   0.0955    0.238
    27   0.0247  -0.1092   0.0000   0.2286   0.0070   0.0936   0.0483   0.4308   0.4099   0.0114   0.0000   0.0064   0.0936    0.234
    28   0.0319  -0.1411   0.0000   0.2286   0.0076   0.0929   0.0506   0.4276   0.4069   0.0108   0.0000   0.0078   0.0915    0.231
    29   0.0397  -0.1752   0.0000   0.2286   0.0080   0.0916   0.0532   0.4218   0.4014   0.0103   0.0000   0.0090   0.0889    0.228
    30   0.0477  -0.2107   0.0000   0.2286   0.0082   0.0896   0.0561   0.4127   0.3927   0.0099   0.0000   0.0103   0.0856    0.224
    31   0.0558  -0.2465   0.0000   0.2286   0.0082   0.0868   0.0593   0.3994   0.3801   0.0096   0.0000   0.0117   0.0811    0.219
    32   0.0638  -0.2820   0.0000   0.2286   0.0080   0.0828   0.0629   0.3813   0.3628   0.0092   0.0000   0.0134   0.0753    0.213
    33   0.0716  -0.3161   0.0000   0.2286   0.0076   0.0776   0.0666   0.3574   0.3401   0.0086   0.0000   0.0153   0.0678    0.205
    34   0.0788  -0.3480   0.0000   0.2286   0.0070   0.0710   0.0701   0.3270   0.3112   0.0080   0.0000   0.0174   0.0588    0.194
    35   0.0854  -0.3771   0.0000   0.2286   0.0062   0.0630   0.0727   0.2899   0.2758   0.0071   0.0000   0.0194   0.0483    0.180
    36   0.0911  -0.4024   0.0000   0.2286   0.0053   0.0534   0.0740   0.2460   0.2341   0.0060   0.0000   0.0206   0.0369    0.162
    37   0.0959  -0.4235   0.0000   0.2286   0.0043   0.0426   0.0731   0.1963   0.1868   0.0047   0.0000   0.0203   0.0257    0.141
    38   0.0996  -0.4398   0.0000   0.2286   0.0031   0.0309   0.0699   0.1422   0.1353   0.0031   0.0000   0.0177   0.0157    0.119
    39   0.1021  -0.4509   0.0000   0.2286   0.0019   0.0186   0.0648   0.0857   0.0816   0.0014   0.0000   0.0123   0.0079    0.099
    40   0.1033  -0.4565   0.0000   0.2286   0.0006   0.0062   0.0608   0.0286   0.0273  -0.0002   0.0000   0.0044   0.0023    0.088
 ---------------------------------------------------------------
