 ---------------------------------------------------------------
 Surface and Strip Forces by surface

  Sref = 0.12390       Cref = 0.20320       Bref = 0.60960    
  Xref = 0.10920       Yref =  0.0000       Zref =  0.0000    

  Surface # 1     Wing                                    
     # Chordwise = 10   # Spanwise = 20     First strip =  1
     Surface area Ssurf =    0.061935     Ave. chord Cave =    0.203200

 Forces referred to Sref, Cref, Bref about Xref, Yref, Zref
 Standard axis orientation,  X fwd, Z down         
     CLsurf  =   0.29318     Clsurf  =  -0.06389
     CYsurf  =   0.01240     Cmsurf  =   0.02328
     CDsurf  =   0.01969     Cnsurf  =  -0.01239
     CDisurf =   0.01969     CDvsurf =   0.00000

 Forces referred to Ssurf, Cave 
     CLsurf  =   0.58649     CDsurf  =   0.03939

 Strip Forces referred to Strip Area, Chord
    j     Xle      Yle      Zle      Chord    Area     c_cl     ai     cl_norm    cl       cd       cdv    cm_c/4     cm_LE   C.P.x/c
     1   0.0002   0.0005   0.0000   0.2032   0.0004   0.1408   0.0887   0.7002   0.6211   0.4519   0.0000  -0.0188  -0.1805    0.280
     2   0.0015   0.0042   0.0000   0.2032   0.0011   0.1409   0.0902   0.7757   0.6880   0.0915   0.0000  -0.0173  -0.1791    0.275
     3   0.0042   0.0116   0.0000   0.2032   0.0019   0.1410   0.0934   0.7806   0.6924   0.0708   0.0000  -0.0130  -0.1752    0.269
     4   0.0082   0.0225   0.0000   0.2032   0.0025   0.1411   0.0976   0.7833   0.6948   0.0631   0.0000  -0.0073  -0.1701    0.261
     5   0.0133   0.0365   0.0000   0.2032   0.0032   0.1413   0.1024   0.7856   0.6968   0.0568   0.0000  -0.0016  -0.1649    0.252
     6   0.0194   0.0534   0.0000   0.2032   0.0037   0.1413   0.1074   0.7865   0.6976   0.0515   0.0000   0.0036  -0.1600    0.245
     7   0.0265   0.0728   0.0000   0.2032   0.0041   0.1408   0.1125   0.7849   0.6962   0.0471   0.0000   0.0080  -0.1553    0.238
     8   0.0342   0.0941   0.0000   0.2032   0.0045   0.1397   0.1179   0.7794   0.6913   0.0435   0.0000   0.0119  -0.1503    0.233
     9   0.0425   0.1168   0.0000   0.2032   0.0047   0.1377   0.1235   0.7686   0.6817   0.0405   0.0000   0.0155  -0.1446    0.227
    10   0.0511   0.1404   0.0000   0.2032   0.0048   0.1345   0.1296   0.7509   0.6661   0.0377   0.0000   0.0191  -0.1375    0.221
    11   0.0598   0.1644   0.0000   0.2032   0.0048   0.1298   0.1359   0.7252   0.6432   0.0350   0.0000   0.0228  -0.1287    0.215
    12   0.0684   0.1880   0.0000   0.2032   0.0047   0.1235   0.1423   0.6899   0.6120   0.0321   0.0000   0.0267  -0.1177    0.206
    13   0.0767   0.2107   0.0000   0.2032   0.0045   0.1152   0.1483   0.6441   0.5713   0.0289   0.0000   0.0307  -0.1044    0.196
    14   0.0844   0.2320   0.0000   0.2032   0.0041   0.1050   0.1535   0.5870   0.5207   0.0253   0.0000   0.0343  -0.0891    0.184
    15   0.0915   0.2514   0.0000   0.2032   0.0037   0.0927   0.1572   0.5185   0.4599   0.0213   0.0000   0.0369  -0.0725    0.170
    16   0.0976   0.2683   0.0000   0.2032   0.0032   0.0785   0.1589   0.4392   0.3896   0.0170   0.0000   0.0376  -0.0554    0.153
    17   0.1027   0.2823   0.0000   0.2032   0.0025   0.0626   0.1584   0.3507   0.3111   0.0125   0.0000   0.0354  -0.0391    0.136
    18   0.1067   0.2932   0.0000   0.2032   0.0019   0.0455   0.1557   0.2551   0.2263   0.0080   0.0000   0.0295  -0.0249    0.120
    19   0.1094   0.3006   0.0000   0.2032   0.0011   0.0276   0.1516   0.1549   0.1374   0.0032   0.0000   0.0197  -0.0133    0.106
    20   0.1107   0.3043   0.0000   0.2032   0.0004   0.0092   0.1490   0.0524   0.0465  -0.0015   0.0000   0.0069  -0.0041    0.101

  Surface # 2     Wing (YDUP)                             
     # Chordwise = 10   # Spanwise = 20     First strip = 21
     Surface area Ssurf =    0.061935     Ave. chord Cave =    0.203200

 Forces referred to Sref, Cref, Bref about Xref, Yref, Zref
 Standard axis orientation,  X fwd, Z down         
     CLsurf  =   0.29318     Clsurf  =   0.06389
     CYsurf  =  -0.01240     Cmsurf  =   0.02328
     CDsurf  =   0.01969     Cnsurf  =   0.01239
     CDisurf =   0.01969     CDvsurf =   0.00000

 Forces referred to Ssurf, Cave 
     CLsurf  =   0.58649     CDsurf  =   0.03939

 Strip Forces referred to Strip Area, Chord
    j     Xle      Yle      Zle      Chord    Area     c_cl     ai     cl_norm    cl       cd       cdv    cm_c/4     cm_LE   C.P.x/c
    21   0.0002  -0.0005   0.0000   0.2032   0.0004   0.1408   0.0887   0.7002   0.6211   0.4519   0.0000  -0.0188   0.1805    0.280
    22   0.0015  -0.0042   0.0000   0.2032   0.0011   0.1409   0.0902   0.7757   0.6880   0.0915   0.0000  -0.0173   0.1791    0.275
    23   0.0042  -0.0116   0.0000   0.2032   0.0019   0.1410   0.0934   0.7806   0.6924   0.0708   0.0000  -0.0130   0.1752    0.269
    24   0.0082  -0.0225   0.0000   0.2032   0.0025   0.1411   0.0976   0.7833   0.6948   0.0631   0.0000  -0.0073   0.1701    0.261
    25   0.0133  -0.0365   0.0000   0.2032   0.0032   0.1413   0.1024   0.7856   0.6968   0.0568   0.0000  -0.0016   0.1649    0.252
    26   0.0194  -0.0534   0.0000   0.2032   0.0037   0.1413   0.1074   0.7865   0.6976   0.0515   0.0000   0.0036   0.1600    0.245
    27   0.0265  -0.0728   0.0000   0.2032   0.0041   0.1408   0.1125   0.7849   0.6962   0.0471   0.0000   0.0080   0.1553    0.238
    28   0.0342  -0.0941   0.0000   0.2032   0.0045   0.1397   0.1179   0.7794   0.6913   0.0435   0.0000   0.0119   0.1503    0.233
    29   0.0425  -0.1168   0.0000   0.2032   0.0047   0.1377   0.1235   0.7686   0.6817   0.0405   0.0000   0.0155   0.1446    0.227
    30   0.0511  -0.1404   0.0000   0.2032   0.0048   0.1345   0.1296   0.7509   0.6661   0.0377   0.0000   0.0191   0.1375    0.221
    31   0.0598  -0.1644   0.0000   0.2032   0.0048   0.1298   0.1359   0.7252   0.6432   0.0350   0.0000   0.0228   0.1287    0.215
    32   0.0684  -0.1880   0.0000   0.2032   0.0047   0.1235   0.1423   0.6899   0.6120   0.0321   0.0000   0.0267   0.1177    0.206
    33   0.0767  -0.2107   0.0000   0.2032   0.0045   0.1152   0.1483   0.6441   0.5713   0.0289   0.0000   0.0307   0.1044    0.196
    34   0.0844  -0.2320   0.0000   0.2032   0.0041   0.1050   0.1535   0.5870   0.5207   0.0253   0.0000   0.0343   0.0891    0.184
    35   0.0915  -0.2514   0.0000   0.2032   0.0037   0.0927   0.1572   0.5185   0.4599   0.0213   0.0000   0.0369   0.0725    0.170
    36   0.0976  -0.2683   0.0000   0.2032   0.0032   0.0785   0.1589   0.4392   0.3896   0.0170   0.0000   0.0376   0.0554    0.153
    37   0.1027  -0.2823   0.0000   0.2032   0.0025   0.0626   0.1584   0.3507   0.3111   0.0125   0.0000   0.0354   0.0391    0.136
    38   0.1067  -0.2932   0.0000   0.2032   0.0019   0.0455   0.1557   0.2551   0.2263   0.0080   0.0000   0.0295   0.0249    0.120
    39   0.1094  -0.3006   0.0000   0.2032   0.0011   0.0276   0.1516   0.1549   0.1374   0.0032   0.0000   0.0197   0.0133    0.106
    40   0.1107  -0.3043   0.0000   0.2032   0.0004   0.0092   0.1490   0.0524   0.0465  -0.0015   0.0000   0.0069   0.0041    0.101
 ---------------------------------------------------------------
