 ---------------------------------------------------------------
 Surface and Strip Forces by surface

  Sref = 0.16720       Cref = 0.27540       Bref = 0.60960    
  Xref = 0.10920       Yref =  0.0000       Zref =  0.0000    

  Surface # 1     Wing                                    
     # Chordwise = 10   # Spanwise = 20     First strip =  1
     Surface area Ssurf =    0.092903     Ave. chord Cave =    0.304800

 Forces referred to Sref, Cref, Bref about Xref, Yref, Zref
 Standard axis orientation,  X fwd, Z down         
     CLsurf  =   0.21725     Clsurf  =  -0.04628
     CYsurf  =   0.00094     Cmsurf  =   0.03363
     CDsurf  =   0.01379     Cnsurf  =  -0.00455
     CDisurf =   0.01379     CDvsurf =   0.00000

 Forces referred to Ssurf, Cave 
     CLsurf  =   0.39099     CDsurf  =   0.02482

 Strip Forces referred to Strip Area, Chord
    j     Xle      Yle      Zle      Chord    Area     c_cl     ai     cl_norm    cl       cd       cdv    cm_c/4     cm_LE   C.P.x/c
     1   0.0000   0.0005   0.0000   0.3048   0.0006   0.1496   0.1208   0.4855   0.4843   0.0802   0.0000   0.0163  -0.1062    0.216
     2   0.0002   0.0042   0.0000   0.3048   0.0017   0.1496   0.1205   0.4924   0.4912   0.0346   0.0000   0.0164  -0.1061    0.217
     3   0.0006   0.0116   0.0000   0.3048   0.0028   0.1495   0.1204   0.4926   0.4914   0.0317   0.0000   0.0167  -0.1058    0.216
     4   0.0011   0.0225   0.0000   0.3048   0.0038   0.1493   0.1205   0.4919   0.4907   0.0308   0.0000   0.0172  -0.1051    0.215
     5   0.0018   0.0365   0.0000   0.3048   0.0047   0.1487   0.1209   0.4901   0.4889   0.0302   0.0000   0.0178  -0.1040    0.214
     6   0.0027   0.0534   0.0000   0.3048   0.0055   0.1476   0.1214   0.4866   0.4854   0.0296   0.0000   0.0185  -0.1025    0.212
     7   0.0036   0.0728   0.0000   0.3048   0.0062   0.1459   0.1223   0.4808   0.4797   0.0291   0.0000   0.0192  -0.1003    0.210
     8   0.0047   0.0941   0.0000   0.3048   0.0067   0.1432   0.1234   0.4722   0.4710   0.0284   0.0000   0.0200  -0.0974    0.208
     9   0.0058   0.1168   0.0000   0.3048   0.0071   0.1395   0.1247   0.4599   0.4588   0.0278   0.0000   0.0209  -0.0934    0.204
    10   0.0070   0.1404   0.0000   0.3048   0.0073   0.1346   0.1262   0.4435   0.4424   0.0269   0.0000   0.0218  -0.0884    0.201
    11   0.0082   0.1644   0.0000   0.3048   0.0073   0.1282   0.1279   0.4225   0.4214   0.0259   0.0000   0.0228  -0.0823    0.196
    12   0.0094   0.1880   0.0000   0.3048   0.0071   0.1203   0.1296   0.3964   0.3954   0.0247   0.0000   0.0236  -0.0749    0.190
    13   0.0105   0.2107   0.0000   0.3048   0.0067   0.1108   0.1310   0.3651   0.3642   0.0232   0.0000   0.0243  -0.0665    0.183
    14   0.0116   0.2320   0.0000   0.3048   0.0062   0.0998   0.1320   0.3286   0.3278   0.0213   0.0000   0.0246  -0.0572    0.175
    15   0.0125   0.2514   0.0000   0.3048   0.0055   0.0872   0.1323   0.2870   0.2863   0.0191   0.0000   0.0241  -0.0473    0.166
    16   0.0134   0.2683   0.0000   0.3048   0.0047   0.0732   0.1317   0.2409   0.2403   0.0164   0.0000   0.0227  -0.0373    0.156
    17   0.0141   0.2823   0.0000   0.3048   0.0038   0.0580   0.1300   0.1910   0.1905   0.0133   0.0000   0.0200  -0.0276    0.145
    18   0.0146   0.2932   0.0000   0.3048   0.0028   0.0420   0.1273   0.1382   0.1379   0.0097   0.0000   0.0158  -0.0186    0.135
    19   0.0150   0.3006   0.0000   0.3048   0.0017   0.0254   0.1242   0.0836   0.0833   0.0058   0.0000   0.0102  -0.0106    0.127
    20   0.0152   0.3043   0.0000   0.3048   0.0006   0.0085   0.1224   0.0280   0.0279   0.0018   0.0000   0.0036  -0.0034    0.123

  Surface # 2     Wing (YDUP)                             
     # Chordwise = 10   # Spanwise = 20     First strip = 21
     Surface area Ssurf =    0.092903     Ave. chord Cave =    0.304800

 Forces referred to Sref, Cref, Bref about Xref, Yref, Zref
 Standard axis orientation,  X fwd, Z down         
     CLsurf  =   0.21725     Clsurf  =   0.04628
     CYsurf  =  -0.00094     Cmsurf  =   0.03363
     CDsurf  =   0.01379     Cnsurf  =   0.00455
     CDisurf =   0.01379     CDvsurf =   0.00000

 Forces referred to Ssurf, Cave 
     CLsurf  =   0.39099     CDsurf  =   0.02482

 Strip Forces referred to Strip Area, Chord
    j     Xle      Yle      Zle      Chord    Area     c_cl     ai     cl_norm    cl       cd       cdv    cm_c/4     cm_LE   C.P.x/c
    21   0.0000  -0.0005   0.0000   0.3048   0.0006   0.1496   0.1208   0.4855   0.4843   0.0802   0.0000   0.0163   0.1062    0.216
    22   0.0002  -0.0042   0.0000   0.3048   0.0017   0.1496   0.1205   0.4924   0.4912   0.0346   0.0000   0.0164   0.1061    0.217
    23   0.0006  -0.0116   0.0000   0.3048   0.0028   0.1495   0.1204   0.4926   0.4914   0.0317   0.0000   0.0167   0.1058    0.216
    24   0.0011  -0.0225   0.0000   0.3048   0.0038   0.1493   0.1205   0.4919   0.4907   0.0308   0.0000   0.0172   0.1051    0.215
    25   0.0018  -0.0365   0.0000   0.3048   0.0047   0.1487   0.1209   0.4901   0.4889   0.0302   0.0000   0.0178   0.1040    0.214
    26   0.0027  -0.0534   0.0000   0.3048   0.0055   0.1476   0.1214   0.4866   0.4854   0.0296   0.0000   0.0185   0.1025    0.212
    27   0.0036  -0.0728   0.0000   0.3048   0.0062   0.1459   0.1223   0.4808   0.4797   0.0291   0.0000   0.0192   0.1003    0.210
    28   0.0047  -0.0941   0.0000   0.3048   0.0067   0.1432   0.1234   0.4722   0.4710   0.0284   0.0000   0.0200   0.0974    0.208
    29   0.0058  -0.1168   0.0000   0.3048   0.0071   0.1395   0.1247   0.4599   0.4588   0.0278   0.0000   0.0209   0.0934    0.204
    30   0.0070  -0.1404   0.0000   0.3048   0.0073   0.1346   0.1262   0.4435   0.4424   0.0269   0.0000   0.0218   0.0884    0.201
    31   0.0082  -0.1644   0.0000   0.3048   0.0073   0.1282   0.1279   0.4225   0.4214   0.0259   0.0000   0.0228   0.0823    0.196
    32   0.0094  -0.1880   0.0000   0.3048   0.0071   0.1203   0.1296   0.3964   0.3954   0.0247   0.0000   0.0236   0.0749    0.190
    33   0.0105  -0.2107   0.0000   0.3048   0.0067   0.1108   0.1310   0.3651   0.3642   0.0232   0.0000   0.0243   0.0665    0.183
    34   0.0116  -0.2320   0.0000   0.3048   0.0062   0.0998   0.1320   0.3286   0.3278   0.0213   0.0000   0.0246   0.0572    0.175
    35   0.0125  -0.2514   0.0000   0.3048   0.0055   0.0872   0.1323   0.2870   0.2863   0.0191   0.0000   0.0241   0.0473    0.166
    36   0.0134  -0.2683   0.0000   0.3048   0.0047   0.0732   0.1317   0.2409   0.2403   0.0164   0.0000   0.0227   0.0373    0.156
    37   0.0141  -0.2823   0.0000   0.3048   0.0038   0.0580   0.1300   0.1910   0.1905   0.0133   0.0000   0.0200   0.0276    0.145
    38   0.0146  -0.2932   0.0000   0.3048   0.0028   0.0420   0.1273   0.1382   0.1379   0.0097   0.0000   0.0158   0.0186    0.135
    39   0.0150  -0.3006   0.0000   0.3048   0.0017   0.0254   0.1242   0.0836   0.0833   0.0058   0.0000   0.0102   0.0106    0.127
    40   0.0152  -0.3043   0.0000   0.3048   0.0006   0.0085   0.1224   0.0280   0.0279   0.0018   0.0000   0.0036   0.0034    0.123
 ---------------------------------------------------------------
