 ---------------------------------------------------------------
 Surface and Strip Forces by surface

  Sref = 0.15900       Cref = 0.22820       Bref = 0.71120    
  Xref = 0.10920       Yref =  0.0000       Zref =  0.0000    

  Surface # 1     Wing                                    
     # Chordwise = 10   # Spanwise = 20     First strip =  1
     Surface area Ssurf =    0.099355     Ave. chord Cave =    0.279400

 Forces referred to Sref, Cref, Bref about Xref, Yref, Zref
 Standard axis orientation,  X fwd, Z down         
     CLsurf  =   0.22846     Clsurf  =  -0.04962
     CYsurf  =   0.00719     Cmsurf  =  -0.01811
     CDsurf  =   0.01141     Cnsurf  =  -0.00772
     CDisurf =   0.01141     CDvsurf =   0.00000

 Forces referred to Ssurf, Cave 
     CLsurf  =   0.36560     CDsurf  =   0.01827

 Strip Forces referred to Strip Area, Chord
    j     Xle      Yle      Zle      Chord    Area     c_cl     ai     cl_norm    cl       cd       cdv    cm_c/4     cm_LE   C.P.x/c
     1   0.0002   0.0005   0.0000   0.2794   0.0006   0.1226   0.0717   0.4886   0.4097   0.2672   0.0000  -0.0140  -0.1131    0.284
     2   0.0022   0.0049   0.0000   0.2794   0.0018   0.1226   0.0707   0.5205   0.4365   0.0466   0.0000  -0.0130  -0.1122    0.280
     3   0.0060   0.0135   0.0000   0.2794   0.0030   0.1227   0.0716   0.5224   0.4381   0.0342   0.0000  -0.0100  -0.1095    0.273
     4   0.0116   0.0262   0.0000   0.2794   0.0041   0.1227   0.0738   0.5232   0.4388   0.0307   0.0000  -0.0058  -0.1057    0.263
     5   0.0189   0.0426   0.0000   0.2794   0.0051   0.1228   0.0768   0.5238   0.4392   0.0278   0.0000  -0.0014  -0.1017    0.253
     6   0.0276   0.0623   0.0000   0.2794   0.0059   0.1226   0.0802   0.5235   0.4390   0.0251   0.0000   0.0027  -0.0978    0.244
     7   0.0376   0.0849   0.0000   0.2794   0.0066   0.1221   0.0838   0.5216   0.4374   0.0228   0.0000   0.0064  -0.0941    0.235
     8   0.0486   0.1098   0.0000   0.2794   0.0072   0.1210   0.0876   0.5171   0.4336   0.0208   0.0000   0.0097  -0.0901    0.228
     9   0.0603   0.1363   0.0000   0.2794   0.0076   0.1190   0.0915   0.5088   0.4267   0.0189   0.0000   0.0127  -0.0858    0.220
    10   0.0725   0.1638   0.0000   0.2794   0.0078   0.1159   0.0955   0.4960   0.4159   0.0172   0.0000   0.0156  -0.0806    0.212
    11   0.0849   0.1918   0.0000   0.2794   0.0078   0.1116   0.0995   0.4776   0.4005   0.0155   0.0000   0.0186  -0.0743    0.204
    12   0.0971   0.2193   0.0000   0.2794   0.0076   0.1058   0.1032   0.4528   0.3797   0.0138   0.0000   0.0216  -0.0668    0.193
    13   0.1088   0.2458   0.0000   0.2794   0.0072   0.0983   0.1064   0.4209   0.3529   0.0119   0.0000   0.0244  -0.0581    0.181
    14   0.1198   0.2707   0.0000   0.2794   0.0066   0.0891   0.1086   0.3817   0.3201   0.0099   0.0000   0.0269  -0.0483    0.166
    15   0.1298   0.2933   0.0000   0.2794   0.0059   0.0782   0.1094   0.3353   0.2812   0.0078   0.0000   0.0284  -0.0380    0.149
    16   0.1385   0.3130   0.0000   0.2794   0.0051   0.0659   0.1086   0.2824   0.2368   0.0057   0.0000   0.0285  -0.0279    0.130
    17   0.1458   0.3294   0.0000   0.2794   0.0041   0.0523   0.1060   0.2242   0.1880   0.0037   0.0000   0.0263  -0.0187    0.110
    18   0.1514   0.3421   0.0000   0.2794   0.0030   0.0378   0.1019   0.1622   0.1360   0.0017   0.0000   0.0216  -0.0112    0.091
    19   0.1552   0.3507   0.0000   0.2794   0.0018   0.0228   0.0973   0.0981   0.0822  -0.0003   0.0000   0.0143  -0.0056    0.077
    20   0.1572   0.3551   0.0000   0.2794   0.0006   0.0076   0.0947   0.0330   0.0277  -0.0016   0.0000   0.0050  -0.0017    0.070

  Surface # 2     Wing (YDUP)                             
     # Chordwise = 10   # Spanwise = 20     First strip = 21
     Surface area Ssurf =    0.099355     Ave. chord Cave =    0.279400

 Forces referred to Sref, Cref, Bref about Xref, Yref, Zref
 Standard axis orientation,  X fwd, Z down         
     CLsurf  =   0.22846     Clsurf  =   0.04962
     CYsurf  =  -0.00719     Cmsurf  =  -0.01811
     CDsurf  =   0.01141     Cnsurf  =   0.00772
     CDisurf =   0.01141     CDvsurf =   0.00000

 Forces referred to Ssurf, Cave 
     CLsurf  =   0.36560     CDsurf  =   0.01827

 Strip Forces referred to Strip Area, Chord
    j     Xle      Yle      Zle      Chord    Area     c_cl     ai     cl_norm    cl       cd       cdv    cm_c/4     cm_LE   C.P.x/c
    21   0.0002  -0.0005   0.0000   0.2794   0.0006   0.1226   0.0717   0.4886   0.4097   0.2672   0.0000  -0.0140   0.1131    0.284
    22   0.0022  -0.0049   0.0000   0.2794   0.0018   0.1226   0.0707   0.5205   0.4365   0.0466   0.0000  -0.0130   0.1122    0.280
    23   0.0060  -0.0135   0.0000   0.2794   0.0030   0.1227   0.0716   0.5224   0.4381   0.0342   0.0000  -0.0100   0.1095    0.273
    24   0.0116  -0.0262   0.0000   0.2794   0.0041   0.1227   0.0738   0.5232   0.4388   0.0307   0.0000  -0.0058   0.1057    0.263
    25   0.0189  -0.0426   0.0000   0.2794   0.0051   0.1228   0.0768   0.5238   0.4392   0.0278   0.0000  -0.0014   0.1017    0.253
    26   0.0276  -0.0623   0.0000   0.2794   0.0059   0.1226   0.0802   0.5235   0.4390   0.0251   0.0000   0.0027   0.0978    0.244
    27   0.0376  -0.0849   0.0000   0.2794   0.0066   0.1221   0.0838   0.5216   0.4374   0.0228   0.0000   0.0064   0.0941    0.235
    28   0.0486  -0.1098   0.0000   0.2794   0.0072   0.1210   0.0876   0.5171   0.4336   0.0208   0.0000   0.0097   0.0901    0.228
    29   0.0603  -0.1363   0.0000   0.2794   0.0076   0.1190   0.0915   0.5088   0.4267   0.0189   0.0000   0.0127   0.0858    0.220
    30   0.0725  -0.1638   0.0000   0.2794   0.0078   0.1159   0.0955   0.4960   0.4159   0.0172   0.0000   0.0156   0.0806    0.212
    31   0.0849  -0.1918   0.0000   0.2794   0.0078   0.1116   0.0995   0.4776   0.4005   0.0155   0.0000   0.0186   0.0743    0.204
    32   0.0971  -0.2193   0.0000   0.2794   0.0076   0.1058   0.1032   0.4528   0.3797   0.0138   0.0000   0.0216   0.0668    0.193
    33   0.1088  -0.2458   0.0000   0.2794   0.0072   0.0983   0.1064   0.4209   0.3529   0.0119   0.0000   0.0244   0.0581    0.181
    34   0.1198  -0.2707   0.0000   0.2794   0.0066   0.0891   0.1086   0.3817   0.3201   0.0099   0.0000   0.0269   0.0483    0.166
    35   0.1298  -0.2933   0.0000   0.2794   0.0059   0.0782   0.1094   0.3353   0.2812   0.0078   0.0000   0.0284   0.0380    0.149
    36   0.1385  -0.3130   0.0000   0.2794   0.0051   0.0659   0.1086   0.2824   0.2368   0.0057   0.0000   0.0285   0.0279    0.130
    37   0.1458  -0.3294   0.0000   0.2794   0.0041   0.0523   0.1060   0.2242   0.1880   0.0037   0.0000   0.0263   0.0187    0.110
    38   0.1514  -0.3421   0.0000   0.2794   0.0030   0.0378   0.1019   0.1622   0.1360   0.0017   0.0000   0.0216   0.0112    0.091
    39   0.1552  -0.3507   0.0000   0.2794   0.0018   0.0228   0.0973   0.0981   0.0822  -0.0003   0.0000   0.0143   0.0056    0.077
    40   0.1572  -0.3551   0.0000   0.2794   0.0006   0.0076   0.0947   0.0330   0.0277  -0.0016   0.0000   0.0050   0.0017    0.070
 ---------------------------------------------------------------
