 ---------------------------------------------------------------
 Surface and Strip Forces by surface

  Sref = 0.18810       Cref = 0.20660       Bref = 0.91440    
  Xref = 0.10920       Yref =  0.0000       Zref =  0.0000    

  Surface # 1     Wing                                    
     # Chordwise = 10   # Spanwise = 20     First strip =  1
     Surface area Ssurf =    0.104516     Ave. chord Cave =    0.228600

 Forces referred to Sref, Cref, Bref about Xref, Yref, Zref
 Standard axis orientation,  X fwd, Z down         
     CLsurf  =   0.19311     Clsurf  =  -0.04192
     CYsurf  =   0.00028     Cmsurf  =   0.05067
     CDsurf  =   0.00540     Cnsurf  =  -0.00240
     CDisurf =   0.00540     CDvsurf =   0.00000

 Forces referred to Ssurf, Cave 
     CLsurf  =   0.34755     CDsurf  =   0.00972

 Strip Forces referred to Strip Area, Chord
    j     Xle      Yle      Zle      Chord    Area     c_cl     ai     cl_norm    cl       cd       cdv    cm_c/4     cm_LE   C.P.x/c
     1   0.0000   0.0007   0.0000   0.2286   0.0006   0.0967   0.0481   0.4230   0.4228   0.0196   0.0000   0.0066  -0.0991    0.234
     2   0.0002   0.0063   0.0000   0.2286   0.0019   0.0967   0.0479   0.4237   0.4234   0.0115   0.0000   0.0067  -0.0989    0.234
     3   0.0004   0.0174   0.0000   0.2286   0.0031   0.0966   0.0480   0.4236   0.4233   0.0110   0.0000   0.0070  -0.0986    0.233
     4   0.0008   0.0337   0.0000   0.2286   0.0043   0.0965   0.0482   0.4231   0.4229   0.0107   0.0000   0.0074  -0.0982    0.233
     5   0.0014   0.0548   0.0000   0.2286   0.0053   0.0963   0.0486   0.4220   0.4218   0.0106   0.0000   0.0077  -0.0975    0.232
     6   0.0020   0.0801   0.0000   0.2286   0.0062   0.0958   0.0492   0.4199   0.4197   0.0104   0.0000   0.0081  -0.0967    0.231
     7   0.0027   0.1092   0.0000   0.2286   0.0070   0.0950   0.0500   0.4163   0.4161   0.0104   0.0000   0.0084  -0.0954    0.230
     8   0.0035   0.1411   0.0000   0.2286   0.0076   0.0937   0.0512   0.4107   0.4105   0.0104   0.0000   0.0088  -0.0936    0.228
     9   0.0044   0.1752   0.0000   0.2286   0.0080   0.0918   0.0528   0.4026   0.4024   0.0104   0.0000   0.0094  -0.0911    0.227
    10   0.0053   0.2107   0.0000   0.2286   0.0082   0.0893   0.0547   0.3914   0.3912   0.0104   0.0000   0.0100  -0.0876    0.224
    11   0.0061   0.2465   0.0000   0.2286   0.0082   0.0859   0.0571   0.3766   0.3763   0.0104   0.0000   0.0108  -0.0831    0.221
    12   0.0070   0.2820   0.0000   0.2286   0.0080   0.0815   0.0598   0.3574   0.3572   0.0103   0.0000   0.0119  -0.0773    0.217
    13   0.0079   0.3161   0.0000   0.2286   0.0076   0.0761   0.0628   0.3333   0.3331   0.0101   0.0000   0.0131  -0.0701    0.211
    14   0.0087   0.3480   0.0000   0.2286   0.0070   0.0693   0.0657   0.3038   0.3036   0.0097   0.0000   0.0144  -0.0615    0.203
    15   0.0094   0.3771   0.0000   0.2286   0.0062   0.0613   0.0681   0.2685   0.2683   0.0091   0.0000   0.0155  -0.0515    0.192
    16   0.0100   0.4024   0.0000   0.2286   0.0053   0.0520   0.0695   0.2276   0.2274   0.0081   0.0000   0.0161  -0.0407    0.179
    17   0.0106   0.4235   0.0000   0.2286   0.0043   0.0415   0.0692   0.1815   0.1814   0.0068   0.0000   0.0157  -0.0296    0.163
    18   0.0110   0.4398   0.0000   0.2286   0.0031   0.0301   0.0669   0.1316   0.1315   0.0051   0.0000   0.0137  -0.0192    0.146
    19   0.0112   0.4509   0.0000   0.2286   0.0019   0.0181   0.0626   0.0794   0.0793   0.0031   0.0000   0.0095  -0.0103    0.130
    20   0.0114   0.4565   0.0000   0.2286   0.0006   0.0060   0.0588   0.0265   0.0265   0.0009   0.0000   0.0034  -0.0032    0.120

  Surface # 2     Wing (YDUP)                             
     # Chordwise = 10   # Spanwise = 20     First strip = 21
     Surface area Ssurf =    0.104516     Ave. chord Cave =    0.228600

 Forces referred to Sref, Cref, Bref about Xref, Yref, Zref
 Standard axis orientation,  X fwd, Z down         
     CLsurf  =   0.19311     Clsurf  =   0.04192
     CYsurf  =  -0.00028     Cmsurf  =   0.05067
     CDsurf  =   0.00540     Cnsurf  =   0.00240
     CDisurf =   0.00540     CDvsurf =   0.00000

 Forces referred to Ssurf, Cave 
     CLsurf  =   0.34755     CDsurf  =   0.00972

 Strip Forces referred to Strip Area, Chord
    j     Xle      Yle      Zle      Chord    Area     c_cl     ai     cl_norm    cl       cd       cdv    cm_c/4     cm_LE   C.P.x/c
    21   0.0000  -0.0007   0.0000   0.2286   0.0006   0.0967   0.0481   0.4230   0.4228   0.0196   0.0000   0.0066   0.0991    0.234
    22   0.0002  -0.0063   0.0000   0.2286   0.0019   0.0967   0.0479   0.4237   0.4234   0.0115   0.0000   0.0067   0.0989    0.234
    23   0.0004  -0.0174   0.0000   0.2286   0.0031   0.0966   0.0480   0.4236   0.4233   0.0110   0.0000   0.0070   0.0986    0.233
    24   0.0008  -0.0337   0.0000   0.2286   0.0043   0.0965   0.0482   0.4231   0.4229   0.0107   0.0000   0.0074   0.0982    0.233
    25   0.0014  -0.0548   0.0000   0.2286   0.0053   0.0963   0.0486   0.4220   0.4218   0.0106   0.0000   0.0077   0.0975    0.232
    26   0.0020  -0.0801   0.0000   0.2286   0.0062   0.0958   0.0492   0.4199   0.4197   0.0104   0.0000   0.0081   0.0967    0.231
    27   0.0027  -0.1092   0.0000   0.2286   0.0070   0.0950   0.0500   0.4163   0.4161   0.0104   0.0000   0.0084   0.0954    0.230
    28   0.0035  -0.1411   0.0000   0.2286   0.0076   0.0937   0.0512   0.4107   0.4105   0.0104   0.0000   0.0088   0.0936    0.228
    29   0.0044  -0.1752   0.0000   0.2286   0.0080   0.0918   0.0528   0.4026   0.4024   0.0104   0.0000   0.0094   0.0911    0.227
    30   0.0053  -0.2107   0.0000   0.2286   0.0082   0.0893   0.0547   0.3914   0.3912   0.0104   0.0000   0.0100   0.0876    0.224
    31   0.0061  -0.2465   0.0000   0.2286   0.0082   0.0859   0.0571   0.3766   0.3763   0.0104   0.0000   0.0108   0.0831    0.221
    32   0.0070  -0.2820   0.0000   0.2286   0.0080   0.0815   0.0598   0.3574   0.3572   0.0103   0.0000   0.0119   0.0773    0.217
    33   0.0079  -0.3161   0.0000   0.2286   0.0076   0.0761   0.0628   0.3333   0.3331   0.0101   0.0000   0.0131   0.0701    0.211
    34   0.0087  -0.3480   0.0000   0.2286   0.0070   0.0693   0.0657   0.3038   0.3036   0.0097   0.0000   0.0144   0.0615    0.203
    35   0.0094  -0.3771   0.0000   0.2286   0.0062   0.0613   0.0681   0.2685   0.2683   0.0091   0.0000   0.0155   0.0515    0.192
    36   0.0100  -0.4024   0.0000   0.2286   0.0053   0.0520   0.0695   0.2276   0.2274   0.0081   0.0000   0.0161   0.0407    0.179
    37   0.0106  -0.4235   0.0000   0.2286   0.0043   0.0415   0.0692   0.1815   0.1814   0.0068   0.0000   0.0157   0.0296    0.163
    38   0.0110  -0.4398   0.0000   0.2286   0.0031   0.0301   0.0669   0.1316   0.1315   0.0051   0.0000   0.0137   0.0192    0.146
    39   0.0112  -0.4509   0.0000   0.2286   0.0019   0.0181   0.0626   0.0794   0.0793   0.0031   0.0000   0.0095   0.0103    0.130
    40   0.0114  -0.4565   0.0000   0.2286   0.0006   0.0060   0.0588   0.0265   0.0265   0.0009   0.0000   0.0034   0.0032    0.120
 ---------------------------------------------------------------
