 ---------------------------------------------------------------
 Surface and Strip Forces by surface

  Sref = 0.19510       Cref = 0.22640       Bref = 0.91440    
  Xref = 0.10920       Yref =  0.0000       Zref =  0.0000    

  Surface # 1     Wing                                    
     # Chordwise = 10   # Spanwise = 20     First strip =  1
     Surface area Ssurf =    0.139355     Ave. chord Cave =    0.304800

 Forces referred to Sref, Cref, Bref about Xref, Yref, Zref
 Standard axis orientation,  X fwd, Z down         
     CLsurf  =   0.18618     Clsurf  =  -0.04040
     CYsurf  =   0.00226     Cmsurf  =  -0.00742
     CDsurf  =   0.00550     Cnsurf  =  -0.00287
     CDisurf =   0.00550     CDvsurf =   0.00000

 Forces referred to Ssurf, Cave 
     CLsurf  =   0.26066     CDsurf  =   0.00770

 Strip Forces referred to Strip Area, Chord
    j     Xle      Yle      Zle      Chord    Area     c_cl     ai     cl_norm    cl       cd       cdv    cm_c/4     cm_LE   C.P.x/c
     1   0.0002   0.0007   0.0000   0.3048   0.0009   0.0961   0.0472   0.3333   0.3098   0.0886   0.0000  -0.0042  -0.0800    0.263
     2   0.0017   0.0063   0.0000   0.3048   0.0026   0.0961   0.0454   0.3388   0.3149   0.0171   0.0000  -0.0036  -0.0794    0.261
     3   0.0048   0.0174   0.0000   0.3048   0.0042   0.0961   0.0450   0.3390   0.3151   0.0131   0.0000  -0.0018  -0.0777    0.256
     4   0.0093   0.0337   0.0000   0.3048   0.0057   0.0960   0.0457   0.3389   0.3150   0.0119   0.0000   0.0005  -0.0755    0.249
     5   0.0151   0.0548   0.0000   0.3048   0.0071   0.0959   0.0469   0.3387   0.3148   0.0108   0.0000   0.0028  -0.0731    0.241
     6   0.0221   0.0801   0.0000   0.3048   0.0083   0.0957   0.0486   0.3379   0.3141   0.0099   0.0000   0.0049  -0.0709    0.234
     7   0.0302   0.1092   0.0000   0.3048   0.0093   0.0951   0.0504   0.3360   0.3123   0.0092   0.0000   0.0067  -0.0687    0.228
     8   0.0390   0.1411   0.0000   0.3048   0.0101   0.0941   0.0524   0.3325   0.3091   0.0085   0.0000   0.0083  -0.0664    0.223
     9   0.0484   0.1752   0.0000   0.3048   0.0106   0.0925   0.0546   0.3268   0.3038   0.0080   0.0000   0.0098  -0.0637    0.218
    10   0.0582   0.2107   0.0000   0.3048   0.0109   0.0901   0.0569   0.3182   0.2958   0.0075   0.0000   0.0113  -0.0604    0.212
    11   0.0681   0.2465   0.0000   0.3048   0.0109   0.0867   0.0594   0.3062   0.2846   0.0070   0.0000   0.0128  -0.0562    0.205
    12   0.0779   0.2820   0.0000   0.3048   0.0106   0.0822   0.0618   0.2903   0.2698   0.0065   0.0000   0.0144  -0.0510    0.196
    13   0.0873   0.3161   0.0000   0.3048   0.0101   0.0764   0.0640   0.2699   0.2508   0.0059   0.0000   0.0161  -0.0448    0.186
    14   0.0961   0.3480   0.0000   0.3048   0.0093   0.0693   0.0656   0.2447   0.2275   0.0052   0.0000   0.0177  -0.0377    0.172
    15   0.1042   0.3771   0.0000   0.3048   0.0083   0.0608   0.0662   0.2149   0.1997   0.0044   0.0000   0.0189  -0.0299    0.156
    16   0.1112   0.4024   0.0000   0.3048   0.0071   0.0511   0.0654   0.1807   0.1680   0.0034   0.0000   0.0192  -0.0220    0.136
    17   0.1170   0.4235   0.0000   0.3048   0.0057   0.0405   0.0630   0.1431   0.1330   0.0024   0.0000   0.0181  -0.0146    0.114
    18   0.1215   0.4398   0.0000   0.3048   0.0042   0.0291   0.0589   0.1030   0.0958   0.0014   0.0000   0.0151  -0.0085    0.092
    19   0.1246   0.4509   0.0000   0.3048   0.0026   0.0175   0.0539   0.0619   0.0576   0.0002   0.0000   0.0102  -0.0040    0.073
    20   0.1261   0.4565   0.0000   0.3048   0.0009   0.0058   0.0507   0.0207   0.0192  -0.0006   0.0000   0.0036  -0.0012    0.063

  Surface # 2     Wing (YDUP)                             
     # Chordwise = 10   # Spanwise = 20     First strip = 21
     Surface area Ssurf =    0.139355     Ave. chord Cave =    0.304800

 Forces referred to Sref, Cref, Bref about Xref, Yref, Zref
 Standard axis orientation,  X fwd, Z down         
     CLsurf  =   0.18618     Clsurf  =   0.04040
     CYsurf  =  -0.00226     Cmsurf  =  -0.00742
     CDsurf  =   0.00550     Cnsurf  =   0.00287
     CDisurf =   0.00550     CDvsurf =   0.00000

 Forces referred to Ssurf, Cave 
     CLsurf  =   0.26066     CDsurf  =   0.00770

 Strip Forces referred to Strip Area, Chord
    j     Xle      Yle      Zle      Chord    Area     c_cl     ai     cl_norm    cl       cd       cdv    cm_c/4     cm_LE   C.P.x/c
    21   0.0002  -0.0007   0.0000   0.3048   0.0009   0.0961   0.0472   0.3333   0.3098   0.0886   0.0000  -0.0042   0.0800    0.263
    22   0.0017  -0.0063   0.0000   0.3048   0.0026   0.0961   0.0454   0.3388   0.3149   0.0171   0.0000  -0.0036   0.0794    0.261
    23   0.0048  -0.0174   0.0000   0.3048   0.0042   0.0961   0.0450   0.3390   0.3151   0.0131   0.0000  -0.0018   0.0777    0.256
    24   0.0093  -0.0337   0.0000   0.3048   0.0057   0.0960   0.0457   0.3389   0.3150   0.0119   0.0000   0.0005   0.0755    0.249
    25   0.0151  -0.0548   0.0000   0.3048   0.0071   0.0959   0.0469   0.3387   0.3148   0.0108   0.0000   0.0028   0.0731    0.241
    26   0.0221  -0.0801   0.0000   0.3048   0.0083   0.0957   0.0486   0.3379   0.3141   0.0099   0.0000   0.0049   0.0709    0.234
    27   0.0302  -0.1092   0.0000   0.3048   0.0093   0.0951   0.0504   0.3360   0.3123   0.0092   0.0000   0.0067   0.0687    0.228
    28   0.0390  -0.1411   0.0000   0.3048   0.0101   0.0941   0.0524   0.3325   0.3091   0.0085   0.0000   0.0083   0.0664    0.223
    29   0.0484  -0.1752   0.0000   0.3048   0.0106   0.0925   0.0546   0.3268   0.3038   0.0080   0.0000   0.0098   0.0637    0.218
    30   0.0582  -0.2107   0.0000   0.3048   0.0109   0.0901   0.0569   0.3182   0.2958   0.0075   0.0000   0.0113   0.0604    0.212
    31   0.0681  -0.2465   0.0000   0.3048   0.0109   0.0867   0.0594   0.3062   0.2846   0.0070   0.0000   0.0128   0.0562    0.205
    32   0.0779  -0.2820   0.0000   0.3048   0.0106   0.0822   0.0618   0.2903   0.2698   0.0065   0.0000   0.0144   0.0510    0.196
    33   0.0873  -0.3161   0.0000   0.3048   0.0101   0.0764   0.0640   0.2699   0.2508   0.0059   0.0000   0.0161   0.0448    0.186
    34   0.0961  -0.3480   0.0000   0.3048   0.0093   0.0693   0.0656   0.2447   0.2275   0.0052   0.0000   0.0177   0.0377    0.172
    35   0.1042  -0.3771   0.0000   0.3048   0.0083   0.0608   0.0662   0.2149   0.1997   0.0044   0.0000   0.0189   0.0299    0.156
    36   0.1112  -0.4024   0.0000   0.3048   0.0071   0.0511   0.0654   0.1807   0.1680   0.0034   0.0000   0.0192   0.0220    0.136
    37   0.1170  -0.4235   0.0000   0.3048   0.0057   0.0405   0.0630   0.1431   0.1330   0.0024   0.0000   0.0181   0.0146    0.114
    38   0.1215  -0.4398   0.0000   0.3048   0.0042   0.0291   0.0589   0.1030   0.0958   0.0014   0.0000   0.0151   0.0085    0.092
    39   0.1246  -0.4509   0.0000   0.3048   0.0026   0.0175   0.0539   0.0619   0.0576   0.0002   0.0000   0.0102   0.0040    0.073
    40   0.1261  -0.4565   0.0000   0.3048   0.0009   0.0058   0.0507   0.0207   0.0192  -0.0006   0.0000   0.0036   0.0012    0.063
 ---------------------------------------------------------------
