 ---------------------------------------------------------------
 Surface and Strip Forces by surface

  Sref = 0.86700E-01   Cref = 0.15090       Bref = 0.60960    
  Xref = 0.10920       Yref =  0.0000       Zref =  0.0000    

  Surface # 1     Wing                                    
     # Chordwise = 10   # Spanwise = 20     First strip =  1
     Surface area Ssurf =    0.061935     Ave. chord Cave =    0.203200

 Forces referred to Sref, Cref, Bref about Xref, Yref, Zref
 Standard axis orientation,  X fwd, Z down         
     CLsurf  =   0.41897     Clsurf  =  -0.09021
     CYsurf  =   0.00484     Cmsurf  =   0.14376
     CDsurf  =   0.02688     Cnsurf  =  -0.01181
     CDisurf =   0.02688     CDvsurf =   0.00000

 Forces referred to Ssurf, Cave 
     CLsurf  =   0.58649     CDsurf  =   0.03762

 Strip Forces referred to Strip Area, Chord
    j     Xle      Yle      Zle      Chord    Area     c_cl     ai     cl_norm    cl       cd       cdv    cm_c/4     cm_LE   C.P.x/c
     1   0.0000   0.0005   0.0000   0.2032   0.0004   0.1454   0.1095   0.7026   0.6958   0.1735   0.0000   0.0059  -0.1721    0.242
     2   0.0004   0.0042   0.0000   0.2032   0.0011   0.1454   0.1095   0.7238   0.7169   0.0576   0.0000   0.0064  -0.1717    0.241
     3   0.0012   0.0116   0.0000   0.2032   0.0019   0.1454   0.1100   0.7250   0.7180   0.0503   0.0000   0.0076  -0.1704    0.239
     4   0.0022   0.0225   0.0000   0.2032   0.0025   0.1452   0.1110   0.7248   0.7179   0.0474   0.0000   0.0093  -0.1685    0.237
     5   0.0037   0.0365   0.0000   0.2032   0.0032   0.1449   0.1124   0.7235   0.7166   0.0453   0.0000   0.0111  -0.1663    0.234
     6   0.0053   0.0534   0.0000   0.2032   0.0037   0.1442   0.1142   0.7203   0.7133   0.0436   0.0000   0.0128  -0.1638    0.232
     7   0.0073   0.0728   0.0000   0.2032   0.0041   0.1429   0.1165   0.7142   0.7073   0.0423   0.0000   0.0145  -0.1606    0.230
     8   0.0094   0.0941   0.0000   0.2032   0.0045   0.1409   0.1192   0.7043   0.6975   0.0412   0.0000   0.0161  -0.1566    0.227
     9   0.0117   0.1168   0.0000   0.2032   0.0047   0.1380   0.1224   0.6896   0.6829   0.0402   0.0000   0.0177  -0.1513    0.224
    10   0.0141   0.1404   0.0000   0.2032   0.0048   0.1339   0.1261   0.6691   0.6626   0.0393   0.0000   0.0195  -0.1445    0.221
    11   0.0164   0.1644   0.0000   0.2032   0.0048   0.1285   0.1303   0.6418   0.6356   0.0381   0.0000   0.0215  -0.1359    0.216
    12   0.0188   0.1880   0.0000   0.2032   0.0047   0.1215   0.1348   0.6068   0.6010   0.0368   0.0000   0.0236  -0.1252    0.211
    13   0.0211   0.2107   0.0000   0.2032   0.0045   0.1128   0.1394   0.5634   0.5580   0.0350   0.0000   0.0258  -0.1125    0.204
    14   0.0232   0.2320   0.0000   0.2032   0.0041   0.1024   0.1436   0.5112   0.5063   0.0327   0.0000   0.0277  -0.0978    0.195
    15   0.0252   0.2514   0.0000   0.2032   0.0037   0.0902   0.1469   0.4500   0.4456   0.0297   0.0000   0.0289  -0.0816    0.185
    16   0.0268   0.2683   0.0000   0.2032   0.0032   0.0762   0.1490   0.3803   0.3766   0.0260   0.0000   0.0289  -0.0646    0.173
    17   0.0283   0.2823   0.0000   0.2032   0.0025   0.0608   0.1493   0.3032   0.3002   0.0215   0.0000   0.0268  -0.0478    0.161
    18   0.0293   0.2932   0.0000   0.2032   0.0019   0.0442   0.1476   0.2202   0.2181   0.0161   0.0000   0.0222  -0.0320    0.148
    19   0.0301   0.3006   0.0000   0.2032   0.0011   0.0268   0.1445   0.1335   0.1322   0.0098   0.0000   0.0149  -0.0180    0.138
    20   0.0305   0.3043   0.0000   0.2032   0.0004   0.0090   0.1421   0.0448   0.0443   0.0027   0.0000   0.0052  -0.0058    0.132

  Surface # 2     Wing (YDUP)                             
     # Chordwise = 10   # Spanwise = 20     First strip = 21
     Surface area Ssurf =    0.061935     Ave. chord Cave =    0.203200

 Forces referred to Sref, Cref, Bref about Xref, Yref, Zref
 Standard axis orientation,  X fwd, Z down         
     CLsurf  =   0.41897     Clsurf  =   0.09021
     CYsurf  =  -0.00484     Cmsurf  =   0.14376
     CDsurf  =   0.02688     Cnsurf  =   0.01181
     CDisurf =   0.02688     CDvsurf =   0.00000

 Forces referred to Ssurf, Cave 
     CLsurf  =   0.58649     CDsurf  =   0.03762

 Strip Forces referred to Strip Area, Chord
    j     Xle      Yle      Zle      Chord    Area     c_cl     ai     cl_norm    cl       cd       cdv    cm_c/4     cm_LE   C.P.x/c
    21   0.0000  -0.0005   0.0000   0.2032   0.0004   0.1454   0.1095   0.7026   0.6958   0.1735   0.0000   0.0059   0.1721    0.242
    22   0.0004  -0.0042   0.0000   0.2032   0.0011   0.1454   0.1095   0.7238   0.7169   0.0576   0.0000   0.0064   0.1717    0.241
    23   0.0012  -0.0116   0.0000   0.2032   0.0019   0.1454   0.1100   0.7250   0.7180   0.0503   0.0000   0.0076   0.1704    0.239
    24   0.0022  -0.0225   0.0000   0.2032   0.0025   0.1452   0.1110   0.7248   0.7179   0.0474   0.0000   0.0093   0.1685    0.237
    25   0.0037  -0.0365   0.0000   0.2032   0.0032   0.1449   0.1124   0.7235   0.7166   0.0453   0.0000   0.0111   0.1663    0.234
    26   0.0053  -0.0534   0.0000   0.2032   0.0037   0.1442   0.1142   0.7203   0.7133   0.0436   0.0000   0.0128   0.1638    0.232
    27   0.0073  -0.0728   0.0000   0.2032   0.0041   0.1429   0.1165   0.7142   0.7073   0.0423   0.0000   0.0145   0.1606    0.230
    28   0.0094  -0.0941   0.0000   0.2032   0.0045   0.1409   0.1192   0.7043   0.6975   0.0412   0.0000   0.0161   0.1566    0.227
    29   0.0117  -0.1168   0.0000   0.2032   0.0047   0.1380   0.1224   0.6896   0.6829   0.0402   0.0000   0.0177   0.1513    0.224
    30   0.0141  -0.1404   0.0000   0.2032   0.0048   0.1339   0.1261   0.6691   0.6626   0.0393   0.0000   0.0195   0.1445    0.221
    31   0.0164  -0.1644   0.0000   0.2032   0.0048   0.1285   0.1303   0.6418   0.6356   0.0381   0.0000   0.0215   0.1359    0.216
    32   0.0188  -0.1880   0.0000   0.2032   0.0047   0.1215   0.1348   0.6068   0.6010   0.0368   0.0000   0.0236   0.1252    0.211
    33   0.0211  -0.2107   0.0000   0.2032   0.0045   0.1128   0.1394   0.5634   0.5580   0.0350   0.0000   0.0258   0.1125    0.204
    34   0.0232  -0.2320   0.0000   0.2032   0.0041   0.1024   0.1436   0.5112   0.5063   0.0327   0.0000   0.0277   0.0978    0.195
    35   0.0252  -0.2514   0.0000   0.2032   0.0037   0.0902   0.1469   0.4500   0.4456   0.0297   0.0000   0.0289   0.0816    0.185
    36   0.0268  -0.2683   0.0000   0.2032   0.0032   0.0762   0.1490   0.3803   0.3766   0.0260   0.0000   0.0289   0.0646    0.173
    37   0.0283  -0.2823   0.0000   0.2032   0.0025   0.0608   0.1493   0.3032   0.3002   0.0215   0.0000   0.0268   0.0478    0.161
    38   0.0293  -0.2932   0.0000   0.2032   0.0019   0.0442   0.1476   0.2202   0.2181   0.0161   0.0000   0.0222   0.0320    0.148
    39   0.0301  -0.3006   0.0000   0.2032   0.0011   0.0268   0.1445   0.1335   0.1322   0.0098   0.0000   0.0149   0.0180    0.138
    40   0.0305  -0.3043   0.0000   0.2032   0.0004   0.0090   0.1421   0.0448   0.0443   0.0027   0.0000   0.0052   0.0058    0.132
 ---------------------------------------------------------------
