 ---------------------------------------------------------------
 Surface and Strip Forces by surface

  Sref = 0.14860       Cref = 0.18670       Bref = 0.81280    
  Xref = 0.10920       Yref =  0.0000       Zref =  0.0000    

  Surface # 1     Wing                                    
     # Chordwise = 10   # Spanwise = 20     First strip =  1
     Surface area Ssurf =    0.092903     Ave. chord Cave =    0.228600

 Forces referred to Sref, Cref, Bref about Xref, Yref, Zref
 Standard axis orientation,  X fwd, Z down         
     CLsurf  =   0.24444     Clsurf  =  -0.05292
     CYsurf  =   0.00095     Cmsurf  =   0.06486
     CDsurf  =   0.00871     Cnsurf  =  -0.00379
     CDisurf =   0.00871     CDvsurf =   0.00000

 Forces referred to Ssurf, Cave 
     CLsurf  =   0.39099     CDsurf  =   0.01394

 Strip Forces referred to Strip Area, Chord
    j     Xle      Yle      Zle      Chord    Area     c_cl     ai     cl_norm    cl       cd       cdv    cm_c/4     cm_LE   C.P.x/c
     1   0.0000   0.0006   0.0000   0.2286   0.0006   0.1090   0.0611   0.4762   0.4748   0.0444   0.0000   0.0059  -0.1131    0.238
     2   0.0003   0.0056   0.0000   0.2286   0.0017   0.1090   0.0609   0.4789   0.4774   0.0187   0.0000   0.0061  -0.1129    0.237
     3   0.0009   0.0155   0.0000   0.2286   0.0028   0.1090   0.0609   0.4789   0.4774   0.0171   0.0000   0.0067  -0.1122    0.236
     4   0.0017   0.0299   0.0000   0.2286   0.0038   0.1088   0.0613   0.4785   0.4770   0.0164   0.0000   0.0075  -0.1113    0.234
     5   0.0027   0.0487   0.0000   0.2286   0.0047   0.1086   0.0620   0.4774   0.4759   0.0159   0.0000   0.0083  -0.1103    0.233
     6   0.0040   0.0712   0.0000   0.2286   0.0055   0.1080   0.0629   0.4751   0.4736   0.0155   0.0000   0.0090  -0.1090    0.231
     7   0.0055   0.0970   0.0000   0.2286   0.0062   0.1071   0.0641   0.4710   0.4696   0.0153   0.0000   0.0097  -0.1072    0.229
     8   0.0071   0.1254   0.0000   0.2286   0.0067   0.1057   0.0657   0.4646   0.4632   0.0151   0.0000   0.0104  -0.1049    0.227
     9   0.0088   0.1558   0.0000   0.2286   0.0071   0.1035   0.0676   0.4553   0.4538   0.0149   0.0000   0.0112  -0.1018    0.225
    10   0.0106   0.1873   0.0000   0.2286   0.0073   0.1006   0.0699   0.4423   0.4409   0.0147   0.0000   0.0122  -0.0977    0.222
    11   0.0123   0.2191   0.0000   0.2286   0.0073   0.0967   0.0727   0.4249   0.4236   0.0145   0.0000   0.0133  -0.0923    0.219
    12   0.0141   0.2506   0.0000   0.2286   0.0071   0.0916   0.0757   0.4026   0.4014   0.0142   0.0000   0.0146  -0.0855    0.214
    13   0.0158   0.2810   0.0000   0.2286   0.0067   0.0853   0.0789   0.3748   0.3736   0.0138   0.0000   0.0160  -0.0771    0.207
    14   0.0174   0.3094   0.0000   0.2286   0.0062   0.0776   0.0819   0.3408   0.3397   0.0131   0.0000   0.0174  -0.0673    0.199
    15   0.0189   0.3352   0.0000   0.2286   0.0055   0.0684   0.0843   0.3006   0.2996   0.0121   0.0000   0.0186  -0.0561    0.188
    16   0.0202   0.3577   0.0000   0.2286   0.0047   0.0579   0.0856   0.2543   0.2535   0.0107   0.0000   0.0190  -0.0442    0.175
    17   0.0212   0.3765   0.0000   0.2286   0.0038   0.0461   0.0852   0.2027   0.2020   0.0088   0.0000   0.0182  -0.0322    0.160
    18   0.0220   0.3909   0.0000   0.2286   0.0028   0.0335   0.0828   0.1469   0.1465   0.0066   0.0000   0.0155  -0.0211    0.144
    19   0.0226   0.4008   0.0000   0.2286   0.0017   0.0202   0.0788   0.0888   0.0885   0.0039   0.0000   0.0106  -0.0115    0.130
    20   0.0229   0.4058   0.0000   0.2286   0.0006   0.0067   0.0755   0.0297   0.0296   0.0011   0.0000   0.0038  -0.0036    0.122

  Surface # 2     Wing (YDUP)                             
     # Chordwise = 10   # Spanwise = 20     First strip = 21
     Surface area Ssurf =    0.092903     Ave. chord Cave =    0.228600

 Forces referred to Sref, Cref, Bref about Xref, Yref, Zref
 Standard axis orientation,  X fwd, Z down         
     CLsurf  =   0.24444     Clsurf  =   0.05292
     CYsurf  =  -0.00095     Cmsurf  =   0.06486
     CDsurf  =   0.00871     Cnsurf  =   0.00379
     CDisurf =   0.00871     CDvsurf =   0.00000

 Forces referred to Ssurf, Cave 
     CLsurf  =   0.39099     CDsurf  =   0.01394

 Strip Forces referred to Strip Area, Chord
    j     Xle      Yle      Zle      Chord    Area     c_cl     ai     cl_norm    cl       cd       cdv    cm_c/4     cm_LE   C.P.x/c
    21   0.0000  -0.0006   0.0000   0.2286   0.0006   0.1090   0.0611   0.4762   0.4748   0.0444   0.0000   0.0059   0.1131    0.238
    22   0.0003  -0.0056   0.0000   0.2286   0.0017   0.1090   0.0609   0.4789   0.4774   0.0187   0.0000   0.0061   0.1129    0.237
    23   0.0009  -0.0155   0.0000   0.2286   0.0028   0.1090   0.0609   0.4789   0.4774   0.0171   0.0000   0.0067   0.1122    0.236
    24   0.0017  -0.0299   0.0000   0.2286   0.0038   0.1088   0.0613   0.4785   0.4770   0.0164   0.0000   0.0075   0.1113    0.234
    25   0.0027  -0.0487   0.0000   0.2286   0.0047   0.1086   0.0620   0.4774   0.4759   0.0159   0.0000   0.0083   0.1103    0.233
    26   0.0040  -0.0712   0.0000   0.2286   0.0055   0.1080   0.0629   0.4751   0.4736   0.0155   0.0000   0.0090   0.1090    0.231
    27   0.0055  -0.0970   0.0000   0.2286   0.0062   0.1071   0.0641   0.4710   0.4696   0.0153   0.0000   0.0097   0.1072    0.229
    28   0.0071  -0.1254   0.0000   0.2286   0.0067   0.1057   0.0657   0.4646   0.4632   0.0151   0.0000   0.0104   0.1049    0.227
    29   0.0088  -0.1558   0.0000   0.2286   0.0071   0.1035   0.0676   0.4553   0.4538   0.0149   0.0000   0.0112   0.1018    0.225
    30   0.0106  -0.1873   0.0000   0.2286   0.0073   0.1006   0.0699   0.4423   0.4409   0.0147   0.0000   0.0122   0.0977    0.222
    31   0.0123  -0.2191   0.0000   0.2286   0.0073   0.0967   0.0727   0.4249   0.4236   0.0145   0.0000   0.0133   0.0923    0.219
    32   0.0141  -0.2506   0.0000   0.2286   0.0071   0.0916   0.0757   0.4026   0.4014   0.0142   0.0000   0.0146   0.0855    0.214
    33   0.0158  -0.2810   0.0000   0.2286   0.0067   0.0853   0.0789   0.3748   0.3736   0.0138   0.0000   0.0160   0.0771    0.207
    34   0.0174  -0.3094   0.0000   0.2286   0.0062   0.0776   0.0819   0.3408   0.3397   0.0131   0.0000   0.0174   0.0673    0.199
    35   0.0189  -0.3352   0.0000   0.2286   0.0055   0.0684   0.0843   0.3006   0.2996   0.0121   0.0000   0.0186   0.0561    0.188
    36   0.0202  -0.3577   0.0000   0.2286   0.0047   0.0579   0.0856   0.2543   0.2535   0.0107   0.0000   0.0190   0.0442    0.175
    37   0.0212  -0.3765   0.0000   0.2286   0.0038   0.0461   0.0852   0.2027   0.2020   0.0088   0.0000   0.0182   0.0322    0.160
    38   0.0220  -0.3909   0.0000   0.2286   0.0028   0.0335   0.0828   0.1469   0.1465   0.0066   0.0000   0.0155   0.0211    0.144
    39   0.0226  -0.4008   0.0000   0.2286   0.0017   0.0202   0.0788   0.0888   0.0885   0.0039   0.0000   0.0106   0.0115    0.130
    40   0.0229  -0.4058   0.0000   0.2286   0.0006   0.0067   0.0755   0.0297   0.0296   0.0011   0.0000   0.0038   0.0036    0.122
 ---------------------------------------------------------------
