 ---------------------------------------------------------------
 Surface and Strip Forces by surface

  Sref = 0.18580       Cref = 0.22950       Bref = 0.81280    
  Xref = 0.10920       Yref =  0.0000       Zref =  0.0000    

  Surface # 1     Wing                                    
     # Chordwise = 10   # Spanwise = 20     First strip =  1
     Surface area Ssurf =    0.103226     Ave. chord Cave =    0.254000

 Forces referred to Sref, Cref, Bref about Xref, Yref, Zref
 Standard axis orientation,  X fwd, Z down         
     CLsurf  =   0.19550     Clsurf  =  -0.04265
     CYsurf  =   0.00365     Cmsurf  =   0.00135
     CDsurf  =   0.00731     Cnsurf  =  -0.00416
     CDisurf =   0.00731     CDvsurf =   0.00000

 Forces referred to Ssurf, Cave 
     CLsurf  =   0.35189     CDsurf  =   0.01316

 Strip Forces referred to Strip Area, Chord
    j     Xle      Yle      Zle      Chord    Area     c_cl     ai     cl_norm    cl       cd       cdv    cm_c/4     cm_LE   C.P.x/c
     1   0.0002   0.0006   0.0000   0.2540   0.0006   0.1067   0.0545   0.4439   0.4078   0.1437   0.0000  -0.0082  -0.1085    0.270
     2   0.0017   0.0056   0.0000   0.2540   0.0019   0.1067   0.0534   0.4563   0.4192   0.0291   0.0000  -0.0073  -0.1076    0.267
     3   0.0046   0.0155   0.0000   0.2540   0.0031   0.1067   0.0539   0.4571   0.4199   0.0228   0.0000  -0.0048  -0.1052    0.261
     4   0.0090   0.0299   0.0000   0.2540   0.0042   0.1067   0.0555   0.4575   0.4203   0.0205   0.0000  -0.0016  -0.1022    0.254
     5   0.0146   0.0487   0.0000   0.2540   0.0053   0.1068   0.0577   0.4578   0.4206   0.0185   0.0000   0.0016  -0.0991    0.246
     6   0.0213   0.0712   0.0000   0.2540   0.0062   0.1066   0.0602   0.4575   0.4203   0.0168   0.0000   0.0045  -0.0963    0.239
     7   0.0290   0.0970   0.0000   0.2540   0.0069   0.1062   0.0628   0.4558   0.4187   0.0155   0.0000   0.0068  -0.0936    0.234
     8   0.0375   0.1254   0.0000   0.2540   0.0075   0.1053   0.0657   0.4519   0.4151   0.0144   0.0000   0.0089  -0.0907    0.229
     9   0.0466   0.1558   0.0000   0.2540   0.0079   0.1037   0.0687   0.4450   0.4088   0.0135   0.0000   0.0108  -0.0874    0.224
    10   0.0560   0.1873   0.0000   0.2540   0.0081   0.1012   0.0720   0.4343   0.3990   0.0127   0.0000   0.0127  -0.0832    0.218
    11   0.0656   0.2191   0.0000   0.2540   0.0081   0.0976   0.0755   0.4191   0.3850   0.0119   0.0000   0.0147  -0.0780    0.212
    12   0.0750   0.2506   0.0000   0.2540   0.0079   0.0928   0.0791   0.3984   0.3660   0.0111   0.0000   0.0169  -0.0713    0.204
    13   0.0841   0.2810   0.0000   0.2540   0.0075   0.0865   0.0826   0.3716   0.3413   0.0101   0.0000   0.0191  -0.0633    0.194
    14   0.0926   0.3094   0.0000   0.2540   0.0069   0.0788   0.0854   0.3382   0.3107   0.0090   0.0000   0.0213  -0.0538    0.181
    15   0.1003   0.3352   0.0000   0.2540   0.0062   0.0694   0.0871   0.2982   0.2739   0.0076   0.0000   0.0230  -0.0434    0.166
    16   0.1070   0.3577   0.0000   0.2540   0.0053   0.0586   0.0873   0.2519   0.2314   0.0061   0.0000   0.0237  -0.0326    0.148
    17   0.1126   0.3765   0.0000   0.2540   0.0042   0.0466   0.0855   0.2003   0.1840   0.0045   0.0000   0.0225  -0.0224    0.127
    18   0.1170   0.3909   0.0000   0.2540   0.0031   0.0337   0.0819   0.1449   0.1331   0.0028   0.0000   0.0190  -0.0136    0.107
    19   0.1199   0.4008   0.0000   0.2540   0.0019   0.0203   0.0770   0.0874   0.0803   0.0009   0.0000   0.0128  -0.0069    0.090
    20   0.1214   0.4058   0.0000   0.2540   0.0006   0.0068   0.0737   0.0293   0.0269  -0.0006   0.0000   0.0045  -0.0021    0.081

  Surface # 2     Wing (YDUP)                             
     # Chordwise = 10   # Spanwise = 20     First strip = 21
     Surface area Ssurf =    0.103226     Ave. chord Cave =    0.254000

 Forces referred to Sref, Cref, Bref about Xref, Yref, Zref
 Standard axis orientation,  X fwd, Z down         
     CLsurf  =   0.19550     Clsurf  =   0.04265
     CYsurf  =  -0.00365     Cmsurf  =   0.00135
     CDsurf  =   0.00731     Cnsurf  =   0.00416
     CDisurf =   0.00731     CDvsurf =   0.00000

 Forces referred to Ssurf, Cave 
     CLsurf  =   0.35189     CDsurf  =   0.01316

 Strip Forces referred to Strip Area, Chord
    j     Xle      Yle      Zle      Chord    Area     c_cl     ai     cl_norm    cl       cd       cdv    cm_c/4     cm_LE   C.P.x/c
    21   0.0002  -0.0006   0.0000   0.2540   0.0006   0.1067   0.0545   0.4439   0.4078   0.1437   0.0000  -0.0082   0.1085    0.270
    22   0.0017  -0.0056   0.0000   0.2540   0.0019   0.1067   0.0534   0.4563   0.4192   0.0291   0.0000  -0.0073   0.1076    0.267
    23   0.0046  -0.0155   0.0000   0.2540   0.0031   0.1067   0.0539   0.4571   0.4199   0.0228   0.0000  -0.0048   0.1052    0.261
    24   0.0090  -0.0299   0.0000   0.2540   0.0042   0.1067   0.0555   0.4575   0.4203   0.0205   0.0000  -0.0016   0.1022    0.254
    25   0.0146  -0.0487   0.0000   0.2540   0.0053   0.1068   0.0577   0.4578   0.4206   0.0185   0.0000   0.0016   0.0991    0.246
    26   0.0213  -0.0712   0.0000   0.2540   0.0062   0.1066   0.0602   0.4575   0.4203   0.0168   0.0000   0.0045   0.0963    0.239
    27   0.0290  -0.0970   0.0000   0.2540   0.0069   0.1062   0.0628   0.4558   0.4187   0.0155   0.0000   0.0068   0.0936    0.234
    28   0.0375  -0.1254   0.0000   0.2540   0.0075   0.1053   0.0657   0.4519   0.4151   0.0144   0.0000   0.0089   0.0907    0.229
    29   0.0466  -0.1558   0.0000   0.2540   0.0079   0.1037   0.0687   0.4450   0.4088   0.0135   0.0000   0.0108   0.0874    0.224
    30   0.0560  -0.1873   0.0000   0.2540   0.0081   0.1012   0.0720   0.4343   0.3990   0.0127   0.0000   0.0127   0.0832    0.218
    31   0.0656  -0.2191   0.0000   0.2540   0.0081   0.0976   0.0755   0.4191   0.3850   0.0119   0.0000   0.0147   0.0780    0.212
    32   0.0750  -0.2506   0.0000   0.2540   0.0079   0.0928   0.0791   0.3984   0.3660   0.0111   0.0000   0.0169   0.0713    0.204
    33   0.0841  -0.2810   0.0000   0.2540   0.0075   0.0865   0.0826   0.3716   0.3413   0.0101   0.0000   0.0191   0.0633    0.194
    34   0.0926  -0.3094   0.0000   0.2540   0.0069   0.0788   0.0854   0.3382   0.3107   0.0090   0.0000   0.0213   0.0538    0.181
    35   0.1003  -0.3352   0.0000   0.2540   0.0062   0.0694   0.0871   0.2982   0.2739   0.0076   0.0000   0.0230   0.0434    0.166
    36   0.1070  -0.3577   0.0000   0.2540   0.0053   0.0586   0.0873   0.2519   0.2314   0.0061   0.0000   0.0237   0.0326    0.148
    37   0.1126  -0.3765   0.0000   0.2540   0.0042   0.0466   0.0855   0.2003   0.1840   0.0045   0.0000   0.0225   0.0224    0.127
    38   0.1170  -0.3909   0.0000   0.2540   0.0031   0.0337   0.0819   0.1449   0.1331   0.0028   0.0000   0.0190   0.0136    0.107
    39   0.1199  -0.4008   0.0000   0.2540   0.0019   0.0203   0.0770   0.0874   0.0803   0.0009   0.0000   0.0128   0.0069    0.090
    40   0.1214  -0.4058   0.0000   0.2540   0.0006   0.0068   0.0737   0.0293   0.0269  -0.0006   0.0000   0.0045   0.0021    0.081
 ---------------------------------------------------------------
