 ---------------------------------------------------------------
 Surface and Strip Forces by surface

  Sref = 0.11150       Cref = 0.18670       Bref = 0.60960    
  Xref = 0.10920       Yref =  0.0000       Zref =  0.0000    

  Surface # 1     Wing                                    
     # Chordwise = 10   # Spanwise = 20     First strip =  1
     Surface area Ssurf =    0.069677     Ave. chord Cave =    0.228600

 Forces referred to Sref, Cref, Bref about Xref, Yref, Zref
 Standard axis orientation,  X fwd, Z down         
     CLsurf  =   0.32578     Clsurf  =  -0.07060
     CYsurf  =   0.01175     Cmsurf  =   0.02588
     CDsurf  =   0.02183     Cnsurf  =  -0.01301
     CDisurf =   0.02183     CDvsurf =   0.00000

 Forces referred to Ssurf, Cave 
     CLsurf  =   0.52132     CDsurf  =   0.03494

 Strip Forces referred to Strip Area, Chord
    j     Xle      Yle      Zle      Chord    Area     c_cl     ai     cl_norm    cl       cd       cdv    cm_c/4     cm_LE   C.P.x/c
     1   0.0002   0.0005   0.0000   0.2286   0.0004   0.1432   0.0980   0.6299   0.5656   0.4035   0.0000  -0.0126  -0.1600    0.272
     2   0.0014   0.0042   0.0000   0.2286   0.0013   0.1432   0.0984   0.6926   0.6219   0.0801   0.0000  -0.0115  -0.1590    0.268
     3   0.0040   0.0116   0.0000   0.2286   0.0021   0.1432   0.1002   0.6965   0.6254   0.0611   0.0000  -0.0082  -0.1559    0.263
     4   0.0077   0.0225   0.0000   0.2286   0.0029   0.1433   0.1032   0.6980   0.6267   0.0549   0.0000  -0.0036  -0.1516    0.256
     5   0.0125   0.0365   0.0000   0.2286   0.0036   0.1433   0.1067   0.6988   0.6275   0.0499   0.0000   0.0012  -0.1470    0.248
     6   0.0183   0.0534   0.0000   0.2286   0.0042   0.1430   0.1107   0.6982   0.6270   0.0457   0.0000   0.0057  -0.1425    0.241
     7   0.0249   0.0728   0.0000   0.2286   0.0047   0.1422   0.1150   0.6952   0.6242   0.0421   0.0000   0.0098  -0.1379    0.234
     8   0.0323   0.0941   0.0000   0.2286   0.0051   0.1408   0.1195   0.6885   0.6182   0.0390   0.0000   0.0134  -0.1330    0.228
     9   0.0401   0.1168   0.0000   0.2286   0.0053   0.1383   0.1242   0.6770   0.6079   0.0363   0.0000   0.0168  -0.1272    0.222
    10   0.0482   0.1404   0.0000   0.2286   0.0054   0.1347   0.1292   0.6594   0.5921   0.0337   0.0000   0.0201  -0.1203    0.216
    11   0.0563   0.1644   0.0000   0.2286   0.0054   0.1296   0.1344   0.6346   0.5698   0.0312   0.0000   0.0235  -0.1118    0.209
    12   0.0644   0.1880   0.0000   0.2286   0.0053   0.1228   0.1394   0.6016   0.5402   0.0285   0.0000   0.0270  -0.1015    0.200
    13   0.0722   0.2107   0.0000   0.2286   0.0051   0.1142   0.1440   0.5595   0.5024   0.0256   0.0000   0.0303  -0.0895    0.190
    14   0.0796   0.2320   0.0000   0.2286   0.0047   0.1036   0.1477   0.5080   0.4562   0.0224   0.0000   0.0331  -0.0759    0.178
    15   0.0862   0.2514   0.0000   0.2286   0.0042   0.0912   0.1501   0.4472   0.4015   0.0188   0.0000   0.0348  -0.0614    0.163
    16   0.0920   0.2683   0.0000   0.2286   0.0036   0.0770   0.1507   0.3777   0.3391   0.0151   0.0000   0.0347  -0.0468    0.148
    17   0.0968   0.2823   0.0000   0.2286   0.0029   0.0613   0.1494   0.3009   0.2701   0.0112   0.0000   0.0320  -0.0331    0.131
    18   0.1005   0.2932   0.0000   0.2286   0.0021   0.0445   0.1464   0.2185   0.1961   0.0072   0.0000   0.0263  -0.0211    0.116
    19   0.1031   0.3006   0.0000   0.2286   0.0013   0.0269   0.1425   0.1325   0.1190   0.0029   0.0000   0.0174  -0.0114    0.104
    20   0.1043   0.3043   0.0000   0.2286   0.0004   0.0090   0.1400   0.0447   0.0402  -0.0011   0.0000   0.0061  -0.0036    0.099

  Surface # 2     Wing (YDUP)                             
     # Chordwise = 10   # Spanwise = 20     First strip = 21
     Surface area Ssurf =    0.069677     Ave. chord Cave =    0.228600

 Forces referred to Sref, Cref, Bref about Xref, Yref, Zref
 Standard axis orientation,  X fwd, Z down         
     CLsurf  =   0.32578     Clsurf  =   0.07060
     CYsurf  =  -0.01175     Cmsurf  =   0.02588
     CDsurf  =   0.02183     Cnsurf  =   0.01301
     CDisurf =   0.02183     CDvsurf =   0.00000

 Forces referred to Ssurf, Cave 
     CLsurf  =   0.52132     CDsurf  =   0.03494

 Strip Forces referred to Strip Area, Chord
    j     Xle      Yle      Zle      Chord    Area     c_cl     ai     cl_norm    cl       cd       cdv    cm_c/4     cm_LE   C.P.x/c
    21   0.0002  -0.0005   0.0000   0.2286   0.0004   0.1432   0.0980   0.6299   0.5656   0.4035   0.0000  -0.0126   0.1600    0.272
    22   0.0014  -0.0042   0.0000   0.2286   0.0013   0.1432   0.0984   0.6926   0.6219   0.0801   0.0000  -0.0115   0.1590    0.268
    23   0.0040  -0.0116   0.0000   0.2286   0.0021   0.1432   0.1002   0.6965   0.6254   0.0611   0.0000  -0.0082   0.1559    0.263
    24   0.0077  -0.0225   0.0000   0.2286   0.0029   0.1433   0.1032   0.6980   0.6267   0.0549   0.0000  -0.0036   0.1516    0.256
    25   0.0125  -0.0365   0.0000   0.2286   0.0036   0.1433   0.1067   0.6988   0.6275   0.0499   0.0000   0.0012   0.1470    0.248
    26   0.0183  -0.0534   0.0000   0.2286   0.0042   0.1430   0.1107   0.6982   0.6270   0.0457   0.0000   0.0057   0.1425    0.241
    27   0.0249  -0.0728   0.0000   0.2286   0.0047   0.1422   0.1150   0.6952   0.6242   0.0421   0.0000   0.0098   0.1379    0.234
    28   0.0323  -0.0941   0.0000   0.2286   0.0051   0.1408   0.1195   0.6885   0.6182   0.0390   0.0000   0.0134   0.1330    0.228
    29   0.0401  -0.1168   0.0000   0.2286   0.0053   0.1383   0.1242   0.6770   0.6079   0.0363   0.0000   0.0168   0.1272    0.222
    30   0.0482  -0.1404   0.0000   0.2286   0.0054   0.1347   0.1292   0.6594   0.5921   0.0337   0.0000   0.0201   0.1203    0.216
    31   0.0563  -0.1644   0.0000   0.2286   0.0054   0.1296   0.1344   0.6346   0.5698   0.0312   0.0000   0.0235   0.1118    0.209
    32   0.0644  -0.1880   0.0000   0.2286   0.0053   0.1228   0.1394   0.6016   0.5402   0.0285   0.0000   0.0270   0.1015    0.200
    33   0.0722  -0.2107   0.0000   0.2286   0.0051   0.1142   0.1440   0.5595   0.5024   0.0256   0.0000   0.0303   0.0895    0.190
    34   0.0796  -0.2320   0.0000   0.2286   0.0047   0.1036   0.1477   0.5080   0.4562   0.0224   0.0000   0.0331   0.0759    0.178
    35   0.0862  -0.2514   0.0000   0.2286   0.0042   0.0912   0.1501   0.4472   0.4015   0.0188   0.0000   0.0348   0.0614    0.163
    36   0.0920  -0.2683   0.0000   0.2286   0.0036   0.0770   0.1507   0.3777   0.3391   0.0151   0.0000   0.0347   0.0468    0.148
    37   0.0968  -0.2823   0.0000   0.2286   0.0029   0.0613   0.1494   0.3009   0.2701   0.0112   0.0000   0.0320   0.0331    0.131
    38   0.1005  -0.2932   0.0000   0.2286   0.0021   0.0445   0.1464   0.2185   0.1961   0.0072   0.0000   0.0263   0.0211    0.116
    39   0.1031  -0.3006   0.0000   0.2286   0.0013   0.0269   0.1425   0.1325   0.1190   0.0029   0.0000   0.0174   0.0114    0.104
    40   0.1043  -0.3043   0.0000   0.2286   0.0004   0.0090   0.1400   0.0447   0.0402  -0.0011   0.0000   0.0061   0.0036    0.099
 ---------------------------------------------------------------
