 ---------------------------------------------------------------
 Surface and Strip Forces by surface

  Sref = 0.15170       Cref = 0.22640       Bref = 0.71120    
  Xref = 0.10920       Yref =  0.0000       Zref =  0.0000    

  Surface # 1     Wing                                    
     # Chordwise = 10   # Spanwise = 20     First strip =  1
     Surface area Ssurf =    0.108387     Ave. chord Cave =    0.304800

 Forces referred to Sref, Cref, Bref about Xref, Yref, Zref
 Standard axis orientation,  X fwd, Z down         
     CLsurf  =   0.23945     Clsurf  =  -0.05155
     CYsurf  =   0.00481     Cmsurf  =   0.00044
     CDsurf  =   0.01174     Cnsurf  =  -0.00638
     CDisurf =   0.01174     CDvsurf =   0.00000

 Forces referred to Ssurf, Cave 
     CLsurf  =   0.33514     CDsurf  =   0.01643

 Strip Forces referred to Strip Area, Chord
    j     Xle      Yle      Zle      Chord    Area     c_cl     ai     cl_norm    cl       cd       cdv    cm_c/4     cm_LE   C.P.x/c
     1   0.0002   0.0005   0.0000   0.3048   0.0007   0.1255   0.0814   0.4276   0.3917   0.1964   0.0000  -0.0034  -0.1017    0.259
     2   0.0015   0.0049   0.0000   0.3048   0.0020   0.1255   0.0800   0.4476   0.4100   0.0373   0.0000  -0.0028  -0.1011    0.257
     3   0.0041   0.0135   0.0000   0.3048   0.0033   0.1254   0.0798   0.4486   0.4110   0.0278   0.0000  -0.0010  -0.0994    0.253
     4   0.0080   0.0262   0.0000   0.3048   0.0044   0.1253   0.0806   0.4486   0.4109   0.0252   0.0000   0.0016  -0.0968    0.246
     5   0.0130   0.0426   0.0000   0.3048   0.0055   0.1251   0.0821   0.4479   0.4103   0.0233   0.0000   0.0045  -0.0938    0.239
     6   0.0190   0.0623   0.0000   0.3048   0.0065   0.1245   0.0840   0.4463   0.4088   0.0215   0.0000   0.0073  -0.0907    0.232
     7   0.0259   0.0849   0.0000   0.3048   0.0073   0.1236   0.0863   0.4429   0.4057   0.0200   0.0000   0.0099  -0.0874    0.226
     8   0.0335   0.1098   0.0000   0.3048   0.0079   0.1219   0.0888   0.4371   0.4004   0.0186   0.0000   0.0123  -0.0838    0.219
     9   0.0415   0.1363   0.0000   0.3048   0.0083   0.1194   0.0914   0.4282   0.3923   0.0173   0.0000   0.0146  -0.0797    0.213
    10   0.0499   0.1638   0.0000   0.3048   0.0085   0.1158   0.0942   0.4154   0.3805   0.0160   0.0000   0.0168  -0.0747    0.206
    11   0.0585   0.1918   0.0000   0.3048   0.0085   0.1109   0.0970   0.3980   0.3646   0.0148   0.0000   0.0190  -0.0688    0.198
    12   0.0669   0.2193   0.0000   0.3048   0.0083   0.1046   0.0995   0.3755   0.3440   0.0135   0.0000   0.0212  -0.0618    0.188
    13   0.0749   0.2458   0.0000   0.3048   0.0079   0.0968   0.1016   0.3475   0.3183   0.0120   0.0000   0.0231  -0.0538    0.177
    14   0.0825   0.2707   0.0000   0.3048   0.0073   0.0874   0.1030   0.3139   0.2875   0.0105   0.0000   0.0246  -0.0450    0.164
    15   0.0894   0.2933   0.0000   0.3048   0.0065   0.0765   0.1032   0.2748   0.2518   0.0088   0.0000   0.0253  -0.0358    0.149
    16   0.0954   0.3130   0.0000   0.3048   0.0055   0.0643   0.1021   0.2309   0.2115   0.0070   0.0000   0.0247  -0.0268    0.133
    17   0.1004   0.3294   0.0000   0.3048   0.0044   0.0509   0.0996   0.1830   0.1677   0.0051   0.0000   0.0225  -0.0185    0.116
    18   0.1043   0.3421   0.0000   0.3048   0.0033   0.0368   0.0960   0.1323   0.1212   0.0031   0.0000   0.0182  -0.0115    0.100
    19   0.1069   0.3507   0.0000   0.3048   0.0020   0.0222   0.0918   0.0799   0.0732   0.0010   0.0000   0.0119  -0.0060    0.087
    20   0.1082   0.3551   0.0000   0.3048   0.0007   0.0074   0.0895   0.0268   0.0246  -0.0007   0.0000   0.0041  -0.0019    0.082

  Surface # 2     Wing (YDUP)                             
     # Chordwise = 10   # Spanwise = 20     First strip = 21
     Surface area Ssurf =    0.108387     Ave. chord Cave =    0.304800

 Forces referred to Sref, Cref, Bref about Xref, Yref, Zref
 Standard axis orientation,  X fwd, Z down         
     CLsurf  =   0.23945     Clsurf  =   0.05155
     CYsurf  =  -0.00481     Cmsurf  =   0.00044
     CDsurf  =   0.01174     Cnsurf  =   0.00638
     CDisurf =   0.01174     CDvsurf =   0.00000

 Forces referred to Ssurf, Cave 
     CLsurf  =   0.33514     CDsurf  =   0.01643

 Strip Forces referred to Strip Area, Chord
    j     Xle      Yle      Zle      Chord    Area     c_cl     ai     cl_norm    cl       cd       cdv    cm_c/4     cm_LE   C.P.x/c
    21   0.0002  -0.0005   0.0000   0.3048   0.0007   0.1255   0.0814   0.4276   0.3917   0.1964   0.0000  -0.0034   0.1017    0.259
    22   0.0015  -0.0049   0.0000   0.3048   0.0020   0.1255   0.0800   0.4476   0.4100   0.0373   0.0000  -0.0028   0.1011    0.257
    23   0.0041  -0.0135   0.0000   0.3048   0.0033   0.1254   0.0798   0.4486   0.4110   0.0278   0.0000  -0.0010   0.0994    0.253
    24   0.0080  -0.0262   0.0000   0.3048   0.0044   0.1253   0.0806   0.4486   0.4109   0.0252   0.0000   0.0016   0.0968    0.246
    25   0.0130  -0.0426   0.0000   0.3048   0.0055   0.1251   0.0821   0.4479   0.4103   0.0233   0.0000   0.0045   0.0938    0.239
    26   0.0190  -0.0623   0.0000   0.3048   0.0065   0.1245   0.0840   0.4463   0.4088   0.0215   0.0000   0.0073   0.0907    0.232
    27   0.0259  -0.0849   0.0000   0.3048   0.0073   0.1236   0.0863   0.4429   0.4057   0.0200   0.0000   0.0099   0.0874    0.226
    28   0.0335  -0.1098   0.0000   0.3048   0.0079   0.1219   0.0888   0.4371   0.4004   0.0186   0.0000   0.0123   0.0838    0.219
    29   0.0415  -0.1363   0.0000   0.3048   0.0083   0.1194   0.0914   0.4282   0.3923   0.0173   0.0000   0.0146   0.0797    0.213
    30   0.0499  -0.1638   0.0000   0.3048   0.0085   0.1158   0.0942   0.4154   0.3805   0.0160   0.0000   0.0168   0.0747    0.206
    31   0.0585  -0.1918   0.0000   0.3048   0.0085   0.1109   0.0970   0.3980   0.3646   0.0148   0.0000   0.0190   0.0688    0.198
    32   0.0669  -0.2193   0.0000   0.3048   0.0083   0.1046   0.0995   0.3755   0.3440   0.0135   0.0000   0.0212   0.0618    0.188
    33   0.0749  -0.2458   0.0000   0.3048   0.0079   0.0968   0.1016   0.3475   0.3183   0.0120   0.0000   0.0231   0.0538    0.177
    34   0.0825  -0.2707   0.0000   0.3048   0.0073   0.0874   0.1030   0.3139   0.2875   0.0105   0.0000   0.0246   0.0450    0.164
    35   0.0894  -0.2933   0.0000   0.3048   0.0065   0.0765   0.1032   0.2748   0.2518   0.0088   0.0000   0.0253   0.0358    0.149
    36   0.0954  -0.3130   0.0000   0.3048   0.0055   0.0643   0.1021   0.2309   0.2115   0.0070   0.0000   0.0247   0.0268    0.133
    37   0.1004  -0.3294   0.0000   0.3048   0.0044   0.0509   0.0996   0.1830   0.1677   0.0051   0.0000   0.0225   0.0185    0.116
    38   0.1043  -0.3421   0.0000   0.3048   0.0033   0.0368   0.0960   0.1323   0.1212   0.0031   0.0000   0.0182   0.0115    0.100
    39   0.1069  -0.3507   0.0000   0.3048   0.0020   0.0222   0.0918   0.0799   0.0732   0.0010   0.0000   0.0119   0.0060    0.087
    40   0.1082  -0.3551   0.0000   0.3048   0.0007   0.0074   0.0895   0.0268   0.0246  -0.0007   0.0000   0.0041   0.0019    0.082
 ---------------------------------------------------------------
