 ---------------------------------------------------------------
 Surface and Strip Forces by surface

  Sref = 0.13010       Cref = 0.18670       Bref = 0.71120    
  Xref = 0.10920       Yref =  0.0000       Zref =  0.0000    

  Surface # 1     Wing                                    
     # Chordwise = 10   # Spanwise = 20     First strip =  1
     Surface area Ssurf =    0.081290     Ave. chord Cave =    0.228600

 Forces referred to Sref, Cref, Bref about Xref, Yref, Zref
 Standard axis orientation,  X fwd, Z down         
     CLsurf  =   0.27920     Clsurf  =  -0.06093
     CYsurf  =   0.00775     Cmsurf  =   0.01187
     CDsurf  =   0.01370     Cnsurf  =  -0.00824
     CDisurf =   0.01370     CDvsurf =   0.00000

 Forces referred to Ssurf, Cave 
     CLsurf  =   0.44685     CDsurf  =   0.02192

 Strip Forces referred to Strip Area, Chord
    j     Xle      Yle      Zle      Chord    Area     c_cl     ai     cl_norm    cl       cd       cdv    cm_c/4     cm_LE   C.P.x/c
     1   0.0002   0.0005   0.0000   0.2286   0.0005   0.1213   0.0678   0.5571   0.5027   0.2451   0.0000  -0.0126  -0.1379    0.275
     2   0.0016   0.0049   0.0000   0.2286   0.0015   0.1213   0.0677   0.5860   0.5288   0.0497   0.0000  -0.0115  -0.1368    0.272
     3   0.0045   0.0135   0.0000   0.2286   0.0024   0.1214   0.0692   0.5879   0.5305   0.0387   0.0000  -0.0082  -0.1338    0.265
     4   0.0087   0.0262   0.0000   0.2286   0.0033   0.1215   0.0718   0.5890   0.5315   0.0346   0.0000  -0.0039  -0.1298    0.257
     5   0.0141   0.0426   0.0000   0.2286   0.0041   0.1216   0.0750   0.5900   0.5324   0.0312   0.0000   0.0003  -0.1259    0.249
     6   0.0207   0.0623   0.0000   0.2286   0.0048   0.1215   0.0785   0.5901   0.5325   0.0284   0.0000   0.0041  -0.1223    0.242
     7   0.0282   0.0849   0.0000   0.2286   0.0054   0.1211   0.0821   0.5883   0.5309   0.0260   0.0000   0.0073  -0.1188    0.236
     8   0.0365   0.1098   0.0000   0.2286   0.0059   0.1201   0.0860   0.5837   0.5267   0.0241   0.0000   0.0101  -0.1151    0.231
     9   0.0453   0.1363   0.0000   0.2286   0.0062   0.1183   0.0901   0.5752   0.5191   0.0225   0.0000   0.0126  -0.1108    0.226
    10   0.0544   0.1638   0.0000   0.2286   0.0064   0.1155   0.0945   0.5618   0.5069   0.0211   0.0000   0.0152  -0.1055    0.220
    11   0.0637   0.1918   0.0000   0.2286   0.0064   0.1115   0.0991   0.5423   0.4894   0.0197   0.0000   0.0179  -0.0987    0.213
    12   0.0728   0.2193   0.0000   0.2286   0.0062   0.1060   0.1039   0.5158   0.4654   0.0181   0.0000   0.0207  -0.0903    0.205
    13   0.0816   0.2458   0.0000   0.2286   0.0059   0.0989   0.1083   0.4813   0.4344   0.0164   0.0000   0.0237  -0.0802    0.195
    14   0.0899   0.2707   0.0000   0.2286   0.0054   0.0901   0.1121   0.4384   0.3956   0.0145   0.0000   0.0265  -0.0683    0.183
    15   0.0974   0.2933   0.0000   0.2286   0.0048   0.0795   0.1147   0.3869   0.3492   0.0123   0.0000   0.0286  -0.0553    0.168
    16   0.1040   0.3130   0.0000   0.2286   0.0041   0.0672   0.1155   0.3273   0.2954   0.0099   0.0000   0.0293  -0.0420    0.151
    17   0.1094   0.3294   0.0000   0.2286   0.0033   0.0536   0.1142   0.2609   0.2354   0.0073   0.0000   0.0278  -0.0292    0.132
    18   0.1136   0.3421   0.0000   0.2286   0.0024   0.0388   0.1109   0.1893   0.1708   0.0046   0.0000   0.0233  -0.0182    0.114
    19   0.1165   0.3507   0.0000   0.2286   0.0015   0.0235   0.1063   0.1146   0.1034   0.0018   0.0000   0.0156  -0.0095    0.099
    20   0.1179   0.3551   0.0000   0.2286   0.0005   0.0078   0.1033   0.0385   0.0347  -0.0008   0.0000   0.0055  -0.0029    0.091

  Surface # 2     Wing (YDUP)                             
     # Chordwise = 10   # Spanwise = 20     First strip = 21
     Surface area Ssurf =    0.081290     Ave. chord Cave =    0.228600

 Forces referred to Sref, Cref, Bref about Xref, Yref, Zref
 Standard axis orientation,  X fwd, Z down         
     CLsurf  =   0.27920     Clsurf  =   0.06093
     CYsurf  =  -0.00775     Cmsurf  =   0.01187
     CDsurf  =   0.01370     Cnsurf  =   0.00824
     CDisurf =   0.01370     CDvsurf =   0.00000

 Forces referred to Ssurf, Cave 
     CLsurf  =   0.44685     CDsurf  =   0.02192

 Strip Forces referred to Strip Area, Chord
    j     Xle      Yle      Zle      Chord    Area     c_cl     ai     cl_norm    cl       cd       cdv    cm_c/4     cm_LE   C.P.x/c
    21   0.0002  -0.0005   0.0000   0.2286   0.0005   0.1213   0.0678   0.5571   0.5027   0.2451   0.0000  -0.0126   0.1379    0.275
    22   0.0016  -0.0049   0.0000   0.2286   0.0015   0.1213   0.0677   0.5860   0.5288   0.0497   0.0000  -0.0115   0.1368    0.272
    23   0.0045  -0.0135   0.0000   0.2286   0.0024   0.1214   0.0692   0.5879   0.5305   0.0387   0.0000  -0.0082   0.1338    0.265
    24   0.0087  -0.0262   0.0000   0.2286   0.0033   0.1215   0.0718   0.5890   0.5315   0.0346   0.0000  -0.0039   0.1298    0.257
    25   0.0141  -0.0426   0.0000   0.2286   0.0041   0.1216   0.0750   0.5900   0.5324   0.0312   0.0000   0.0003   0.1259    0.249
    26   0.0207  -0.0623   0.0000   0.2286   0.0048   0.1215   0.0785   0.5901   0.5325   0.0284   0.0000   0.0041   0.1223    0.242
    27   0.0282  -0.0849   0.0000   0.2286   0.0054   0.1211   0.0821   0.5883   0.5309   0.0260   0.0000   0.0073   0.1188    0.236
    28   0.0365  -0.1098   0.0000   0.2286   0.0059   0.1201   0.0860   0.5837   0.5267   0.0241   0.0000   0.0101   0.1151    0.231
    29   0.0453  -0.1363   0.0000   0.2286   0.0062   0.1183   0.0901   0.5752   0.5191   0.0225   0.0000   0.0126   0.1108    0.226
    30   0.0544  -0.1638   0.0000   0.2286   0.0064   0.1155   0.0945   0.5618   0.5069   0.0211   0.0000   0.0152   0.1055    0.220
    31   0.0637  -0.1918   0.0000   0.2286   0.0064   0.1115   0.0991   0.5423   0.4894   0.0197   0.0000   0.0179   0.0987    0.213
    32   0.0728  -0.2193   0.0000   0.2286   0.0062   0.1060   0.1039   0.5158   0.4654   0.0181   0.0000   0.0207   0.0903    0.205
    33   0.0816  -0.2458   0.0000   0.2286   0.0059   0.0989   0.1083   0.4813   0.4344   0.0164   0.0000   0.0237   0.0802    0.195
    34   0.0899  -0.2707   0.0000   0.2286   0.0054   0.0901   0.1121   0.4384   0.3956   0.0145   0.0000   0.0265   0.0683    0.183
    35   0.0974  -0.2933   0.0000   0.2286   0.0048   0.0795   0.1147   0.3869   0.3492   0.0123   0.0000   0.0286   0.0553    0.168
    36   0.1040  -0.3130   0.0000   0.2286   0.0041   0.0672   0.1155   0.3273   0.2954   0.0099   0.0000   0.0293   0.0420    0.151
    37   0.1094  -0.3294   0.0000   0.2286   0.0033   0.0536   0.1142   0.2609   0.2354   0.0073   0.0000   0.0278   0.0292    0.132
    38   0.1136  -0.3421   0.0000   0.2286   0.0024   0.0388   0.1109   0.1893   0.1708   0.0046   0.0000   0.0233   0.0182    0.114
    39   0.1165  -0.3507   0.0000   0.2286   0.0015   0.0235   0.1063   0.1146   0.1034   0.0018   0.0000   0.0156   0.0095    0.099
    40   0.1179  -0.3551   0.0000   0.2286   0.0005   0.0078   0.1033   0.0385   0.0347  -0.0008   0.0000   0.0055   0.0029    0.091
 ---------------------------------------------------------------
