 ---------------------------------------------------------------
 Surface and Strip Forces by surface

  Sref = 0.83600E-01   Cref = 0.15750       Bref = 0.60960    
  Xref = 0.10920       Yref =  0.0000       Zref =  0.0000    

  Surface # 1     Wing                                    
     # Chordwise = 10   # Spanwise = 20     First strip =  1
     Surface area Ssurf =    0.069677     Ave. chord Cave =    0.228600

 Forces referred to Sref, Cref, Bref about Xref, Yref, Zref
 Standard axis orientation,  X fwd, Z down         
     CLsurf  =   0.43450     Clsurf  =  -0.09486
     CYsurf  =   0.02397     Cmsurf  =  -0.02497
     CDsurf  =   0.02975     Cnsurf  =  -0.02268
     CDisurf =   0.02975     CDvsurf =   0.00000

 Forces referred to Ssurf, Cave 
     CLsurf  =   0.52132     CDsurf  =   0.03569

 Strip Forces referred to Strip Area, Chord
    j     Xle      Yle      Zle      Chord    Area     c_cl     ai     cl_norm    cl       cd       cdv    cm_c/4     cm_LE   C.P.x/c
     1   0.0002   0.0005   0.0000   0.2286   0.0004   0.1402   0.0835   0.6649   0.5302   0.5227   0.0000  -0.0263  -0.1598    0.300
     2   0.0022   0.0042   0.0000   0.2286   0.0013   0.1402   0.0855   0.7606   0.6065   0.0934   0.0000  -0.0247  -0.1584    0.291
     3   0.0060   0.0116   0.0000   0.2286   0.0021   0.1404   0.0896   0.7668   0.6114   0.0696   0.0000  -0.0199  -0.1543    0.283
     4   0.0115   0.0225   0.0000   0.2286   0.0029   0.1407   0.0948   0.7700   0.6139   0.0622   0.0000  -0.0133  -0.1487    0.272
     5   0.0188   0.0365   0.0000   0.2286   0.0036   0.1410   0.1006   0.7732   0.6165   0.0558   0.0000  -0.0065  -0.1429    0.261
     6   0.0275   0.0534   0.0000   0.2286   0.0042   0.1411   0.1065   0.7753   0.6182   0.0500   0.0000  -0.0003  -0.1376    0.251
     7   0.0374   0.0728   0.0000   0.2286   0.0047   0.1409   0.1125   0.7751   0.6180   0.0450   0.0000   0.0051  -0.1325    0.242
     8   0.0484   0.0941   0.0000   0.2286   0.0051   0.1400   0.1186   0.7709   0.6147   0.0407   0.0000   0.0099  -0.1274    0.234
     9   0.0601   0.1168   0.0000   0.2286   0.0053   0.1381   0.1249   0.7614   0.6071   0.0369   0.0000   0.0143  -0.1217    0.227
    10   0.0722   0.1404   0.0000   0.2286   0.0054   0.1350   0.1314   0.7448   0.5939   0.0334   0.0000   0.0185  -0.1148    0.219
    11   0.0845   0.1644   0.0000   0.2286   0.0054   0.1304   0.1379   0.7198   0.5740   0.0300   0.0000   0.0229  -0.1065    0.210
    12   0.0966   0.1880   0.0000   0.2286   0.0053   0.1240   0.1441   0.6850   0.5462   0.0265   0.0000   0.0274  -0.0963    0.200
    13   0.1083   0.2107   0.0000   0.2286   0.0051   0.1156   0.1497   0.6393   0.5097   0.0227   0.0000   0.0318  -0.0842    0.188
    14   0.1193   0.2320   0.0000   0.2286   0.0047   0.1052   0.1540   0.5821   0.4641   0.0186   0.0000   0.0357  -0.0706    0.173
    15   0.1292   0.2514   0.0000   0.2286   0.0042   0.0927   0.1565   0.5135   0.4094   0.0144   0.0000   0.0383  -0.0561    0.156
    16   0.1379   0.2683   0.0000   0.2286   0.0036   0.0784   0.1569   0.4344   0.3463   0.0101   0.0000   0.0388  -0.0417    0.138
    17   0.1452   0.2823   0.0000   0.2286   0.0029   0.0624   0.1551   0.3464   0.2762   0.0061   0.0000   0.0362  -0.0285    0.119
    18   0.1507   0.2932   0.0000   0.2286   0.0021   0.0453   0.1515   0.2517   0.2007   0.0024   0.0000   0.0299  -0.0175    0.101
    19   0.1545   0.3006   0.0000   0.2286   0.0013   0.0274   0.1471   0.1529   0.1219  -0.0009   0.0000   0.0198  -0.0090    0.087
    20   0.1565   0.3043   0.0000   0.2286   0.0004   0.0092   0.1446   0.0519   0.0414  -0.0036   0.0000   0.0069  -0.0028    0.083

  Surface # 2     Wing (YDUP)                             
     # Chordwise = 10   # Spanwise = 20     First strip = 21
     Surface area Ssurf =    0.069677     Ave. chord Cave =    0.228600

 Forces referred to Sref, Cref, Bref about Xref, Yref, Zref
 Standard axis orientation,  X fwd, Z down         
     CLsurf  =   0.43450     Clsurf  =   0.09486
     CYsurf  =  -0.02397     Cmsurf  =  -0.02497
     CDsurf  =   0.02975     Cnsurf  =   0.02268
     CDisurf =   0.02975     CDvsurf =   0.00000

 Forces referred to Ssurf, Cave 
     CLsurf  =   0.52132     CDsurf  =   0.03569

 Strip Forces referred to Strip Area, Chord
    j     Xle      Yle      Zle      Chord    Area     c_cl     ai     cl_norm    cl       cd       cdv    cm_c/4     cm_LE   C.P.x/c
    21   0.0002  -0.0005   0.0000   0.2286   0.0004   0.1402   0.0835   0.6649   0.5302   0.5227   0.0000  -0.0263   0.1598    0.300
    22   0.0022  -0.0042   0.0000   0.2286   0.0013   0.1402   0.0855   0.7606   0.6065   0.0934   0.0000  -0.0247   0.1584    0.291
    23   0.0060  -0.0116   0.0000   0.2286   0.0021   0.1404   0.0896   0.7668   0.6114   0.0696   0.0000  -0.0199   0.1543    0.283
    24   0.0115  -0.0225   0.0000   0.2286   0.0029   0.1407   0.0948   0.7700   0.6139   0.0622   0.0000  -0.0133   0.1487    0.272
    25   0.0188  -0.0365   0.0000   0.2286   0.0036   0.1410   0.1006   0.7732   0.6165   0.0558   0.0000  -0.0065   0.1429    0.261
    26   0.0275  -0.0534   0.0000   0.2286   0.0042   0.1411   0.1065   0.7753   0.6182   0.0500   0.0000  -0.0003   0.1376    0.251
    27   0.0374  -0.0728   0.0000   0.2286   0.0047   0.1409   0.1125   0.7751   0.6180   0.0450   0.0000   0.0051   0.1325    0.242
    28   0.0484  -0.0941   0.0000   0.2286   0.0051   0.1400   0.1186   0.7709   0.6147   0.0407   0.0000   0.0099   0.1274    0.234
    29   0.0601  -0.1168   0.0000   0.2286   0.0053   0.1381   0.1249   0.7614   0.6071   0.0369   0.0000   0.0143   0.1217    0.227
    30   0.0722  -0.1404   0.0000   0.2286   0.0054   0.1350   0.1314   0.7448   0.5939   0.0334   0.0000   0.0185   0.1148    0.219
    31   0.0845  -0.1644   0.0000   0.2286   0.0054   0.1304   0.1379   0.7198   0.5740   0.0300   0.0000   0.0229   0.1065    0.210
    32   0.0966  -0.1880   0.0000   0.2286   0.0053   0.1240   0.1441   0.6850   0.5462   0.0265   0.0000   0.0274   0.0963    0.200
    33   0.1083  -0.2107   0.0000   0.2286   0.0051   0.1156   0.1497   0.6393   0.5097   0.0227   0.0000   0.0318   0.0842    0.188
    34   0.1193  -0.2320   0.0000   0.2286   0.0047   0.1052   0.1540   0.5821   0.4641   0.0186   0.0000   0.0357   0.0706    0.173
    35   0.1292  -0.2514   0.0000   0.2286   0.0042   0.0927   0.1565   0.5135   0.4094   0.0144   0.0000   0.0383   0.0561    0.156
    36   0.1379  -0.2683   0.0000   0.2286   0.0036   0.0784   0.1569   0.4344   0.3463   0.0101   0.0000   0.0388   0.0417    0.138
    37   0.1452  -0.2823   0.0000   0.2286   0.0029   0.0624   0.1551   0.3464   0.2762   0.0061   0.0000   0.0362   0.0285    0.119
    38   0.1507  -0.2932   0.0000   0.2286   0.0021   0.0453   0.1515   0.2517   0.2007   0.0024   0.0000   0.0299   0.0175    0.101
    39   0.1545  -0.3006   0.0000   0.2286   0.0013   0.0274   0.1471   0.1529   0.1219  -0.0009   0.0000   0.0198   0.0090    0.087
    40   0.1565  -0.3043   0.0000   0.2286   0.0004   0.0092   0.1446   0.0519   0.0414  -0.0036   0.0000   0.0069   0.0028    0.083
 ---------------------------------------------------------------
