 ---------------------------------------------------------------
 Surface and Strip Forces by surface

  Sref = 0.10840       Cref = 0.18870       Bref = 0.60960    
  Xref = 0.10920       Yref =  0.0000       Zref =  0.0000    

  Surface # 1     Wing                                    
     # Chordwise = 10   # Spanwise = 20     First strip =  1
     Surface area Ssurf =    0.077419     Ave. chord Cave =    0.254000

 Forces referred to Sref, Cref, Bref about Xref, Yref, Zref
 Standard axis orientation,  X fwd, Z down         
     CLsurf  =   0.33510     Clsurf  =  -0.07181
     CYsurf  =   0.00408     Cmsurf  =   0.07136
     CDsurf  =   0.02162     Cnsurf  =  -0.00891
     CDisurf =   0.02162     CDvsurf =   0.00000

 Forces referred to Ssurf, Cave 
     CLsurf  =   0.46919     CDsurf  =   0.03027

 Strip Forces referred to Strip Area, Chord
    j     Xle      Yle      Zle      Chord    Area     c_cl     ai     cl_norm    cl       cd       cdv    cm_c/4     cm_LE   C.P.x/c
     1   0.0001   0.0005   0.0000   0.2540   0.0005   0.1475   0.1148   0.5682   0.5597   0.1748   0.0000   0.0081  -0.1360    0.236
     2   0.0005   0.0042   0.0000   0.2540   0.0014   0.1475   0.1144   0.5888   0.5800   0.0501   0.0000   0.0084  -0.1356    0.235
     3   0.0015   0.0116   0.0000   0.2540   0.0023   0.1474   0.1145   0.5899   0.5811   0.0424   0.0000   0.0095  -0.1345    0.234
     4   0.0028   0.0225   0.0000   0.2540   0.0032   0.1472   0.1151   0.5896   0.5807   0.0399   0.0000   0.0110  -0.1329    0.231
     5   0.0046   0.0365   0.0000   0.2540   0.0039   0.1468   0.1161   0.5881   0.5793   0.0380   0.0000   0.0127  -0.1308    0.228
     6   0.0067   0.0534   0.0000   0.2540   0.0046   0.1459   0.1175   0.5849   0.5762   0.0365   0.0000   0.0144  -0.1282    0.225
     7   0.0091   0.0728   0.0000   0.2540   0.0052   0.1445   0.1193   0.5793   0.5706   0.0352   0.0000   0.0161  -0.1251    0.222
     8   0.0118   0.0941   0.0000   0.2540   0.0056   0.1422   0.1215   0.5703   0.5617   0.0339   0.0000   0.0177  -0.1213    0.218
     9   0.0146   0.1168   0.0000   0.2540   0.0059   0.1389   0.1239   0.5572   0.5488   0.0328   0.0000   0.0194  -0.1164    0.215
    10   0.0176   0.1404   0.0000   0.2540   0.0061   0.1344   0.1267   0.5391   0.5311   0.0316   0.0000   0.0211  -0.1103    0.210
    11   0.0205   0.1644   0.0000   0.2540   0.0061   0.1285   0.1297   0.5155   0.5077   0.0302   0.0000   0.0229  -0.1028    0.205
    12   0.0235   0.1880   0.0000   0.2540   0.0059   0.1211   0.1327   0.4855   0.4783   0.0287   0.0000   0.0246  -0.0938    0.198
    13   0.0263   0.2107   0.0000   0.2540   0.0056   0.1120   0.1355   0.4490   0.4422   0.0268   0.0000   0.0262  -0.0833    0.191
    14   0.0290   0.2320   0.0000   0.2540   0.0052   0.1011   0.1378   0.4055   0.3995   0.0246   0.0000   0.0274  -0.0716    0.181
    15   0.0314   0.2514   0.0000   0.2540   0.0046   0.0887   0.1392   0.3554   0.3501   0.0219   0.0000   0.0277  -0.0591    0.171
    16   0.0335   0.2683   0.0000   0.2540   0.0039   0.0746   0.1395   0.2992   0.2947   0.0188   0.0000   0.0268  -0.0463    0.159
    17   0.0353   0.2823   0.0000   0.2540   0.0032   0.0593   0.1383   0.2377   0.2342   0.0151   0.0000   0.0242  -0.0339    0.147
    18   0.0366   0.2932   0.0000   0.2540   0.0023   0.0430   0.1358   0.1723   0.1697   0.0110   0.0000   0.0195  -0.0226    0.135
    19   0.0376   0.3006   0.0000   0.2540   0.0014   0.0260   0.1325   0.1043   0.1027   0.0063   0.0000   0.0128  -0.0127    0.125
    20   0.0380   0.3043   0.0000   0.2540   0.0005   0.0087   0.1303   0.0350   0.0345   0.0015   0.0000   0.0045  -0.0041    0.121

  Surface # 2     Wing (YDUP)                             
     # Chordwise = 10   # Spanwise = 20     First strip = 21
     Surface area Ssurf =    0.077419     Ave. chord Cave =    0.254000

 Forces referred to Sref, Cref, Bref about Xref, Yref, Zref
 Standard axis orientation,  X fwd, Z down         
     CLsurf  =   0.33510     Clsurf  =   0.07181
     CYsurf  =  -0.00408     Cmsurf  =   0.07136
     CDsurf  =   0.02162     Cnsurf  =   0.00891
     CDisurf =   0.02162     CDvsurf =   0.00000

 Forces referred to Ssurf, Cave 
     CLsurf  =   0.46919     CDsurf  =   0.03027

 Strip Forces referred to Strip Area, Chord
    j     Xle      Yle      Zle      Chord    Area     c_cl     ai     cl_norm    cl       cd       cdv    cm_c/4     cm_LE   C.P.x/c
    21   0.0001  -0.0005   0.0000   0.2540   0.0005   0.1475   0.1148   0.5682   0.5597   0.1748   0.0000   0.0081   0.1360    0.236
    22   0.0005  -0.0042   0.0000   0.2540   0.0014   0.1475   0.1144   0.5888   0.5800   0.0501   0.0000   0.0084   0.1356    0.235
    23   0.0015  -0.0116   0.0000   0.2540   0.0023   0.1474   0.1145   0.5899   0.5811   0.0424   0.0000   0.0095   0.1345    0.234
    24   0.0028  -0.0225   0.0000   0.2540   0.0032   0.1472   0.1151   0.5896   0.5807   0.0399   0.0000   0.0110   0.1329    0.231
    25   0.0046  -0.0365   0.0000   0.2540   0.0039   0.1468   0.1161   0.5881   0.5793   0.0380   0.0000   0.0127   0.1308    0.228
    26   0.0067  -0.0534   0.0000   0.2540   0.0046   0.1459   0.1175   0.5849   0.5762   0.0365   0.0000   0.0144   0.1282    0.225
    27   0.0091  -0.0728   0.0000   0.2540   0.0052   0.1445   0.1193   0.5793   0.5706   0.0352   0.0000   0.0161   0.1251    0.222
    28   0.0118  -0.0941   0.0000   0.2540   0.0056   0.1422   0.1215   0.5703   0.5617   0.0339   0.0000   0.0177   0.1213    0.218
    29   0.0146  -0.1168   0.0000   0.2540   0.0059   0.1389   0.1239   0.5572   0.5488   0.0328   0.0000   0.0194   0.1164    0.215
    30   0.0176  -0.1404   0.0000   0.2540   0.0061   0.1344   0.1267   0.5391   0.5311   0.0316   0.0000   0.0211   0.1103    0.210
    31   0.0205  -0.1644   0.0000   0.2540   0.0061   0.1285   0.1297   0.5155   0.5077   0.0302   0.0000   0.0229   0.1028    0.205
    32   0.0235  -0.1880   0.0000   0.2540   0.0059   0.1211   0.1327   0.4855   0.4783   0.0287   0.0000   0.0246   0.0938    0.198
    33   0.0263  -0.2107   0.0000   0.2540   0.0056   0.1120   0.1355   0.4490   0.4422   0.0268   0.0000   0.0262   0.0833    0.191
    34   0.0290  -0.2320   0.0000   0.2540   0.0052   0.1011   0.1378   0.4055   0.3995   0.0246   0.0000   0.0274   0.0716    0.181
    35   0.0314  -0.2514   0.0000   0.2540   0.0046   0.0887   0.1392   0.3554   0.3501   0.0219   0.0000   0.0277   0.0591    0.171
    36   0.0335  -0.2683   0.0000   0.2540   0.0039   0.0746   0.1395   0.2992   0.2947   0.0188   0.0000   0.0268   0.0463    0.159
    37   0.0353  -0.2823   0.0000   0.2540   0.0032   0.0593   0.1383   0.2377   0.2342   0.0151   0.0000   0.0242   0.0339    0.147
    38   0.0366  -0.2932   0.0000   0.2540   0.0023   0.0430   0.1358   0.1723   0.1697   0.0110   0.0000   0.0195   0.0226    0.135
    39   0.0376  -0.3006   0.0000   0.2540   0.0014   0.0260   0.1325   0.1043   0.1027   0.0063   0.0000   0.0128   0.0127    0.125
    40   0.0380  -0.3043   0.0000   0.2540   0.0005   0.0087   0.1303   0.0350   0.0345   0.0015   0.0000   0.0045   0.0041    0.121
 ---------------------------------------------------------------
