 ---------------------------------------------------------------
 Surface and Strip Forces by surface

  Sref = 0.25550       Cref = 0.27940       Bref = 0.91440    
  Xref = 0.10920       Yref =  0.0000       Zref =  0.0000    

  Surface # 1     Wing                                    
     # Chordwise = 10   # Spanwise = 20     First strip =  1
     Surface area Ssurf =    0.127742     Ave. chord Cave =    0.279400

 Forces referred to Sref, Cref, Bref about Xref, Yref, Zref
 Standard axis orientation,  X fwd, Z down         
     CLsurf  =   0.14217     Clsurf  =  -0.03084
     CYsurf  =   0.00119     Cmsurf  =   0.00778
     CDsurf  =   0.00411     Cnsurf  =  -0.00192
     CDisurf =   0.00411     CDvsurf =   0.00000

 Forces referred to Ssurf, Cave 
     CLsurf  =   0.28436     CDsurf  =   0.00823

 Strip Forces referred to Strip Area, Chord
    j     Xle      Yle      Zle      Chord    Area     c_cl     ai     cl_norm    cl       cd       cdv    cm_c/4     cm_LE   C.P.x/c
     1   0.0001   0.0007   0.0000   0.2794   0.0008   0.0964   0.0475   0.3516   0.3411   0.0648   0.0000  -0.0003  -0.0852    0.251
     2   0.0011   0.0063   0.0000   0.2794   0.0023   0.0964   0.0463   0.3554   0.3448   0.0153   0.0000   0.0002  -0.0848    0.250
     3   0.0031   0.0174   0.0000   0.2794   0.0038   0.0963   0.0461   0.3555   0.3449   0.0125   0.0000   0.0015  -0.0834    0.246
     4   0.0059   0.0337   0.0000   0.2794   0.0052   0.0963   0.0466   0.3554   0.3447   0.0115   0.0000   0.0032  -0.0817    0.241
     5   0.0097   0.0548   0.0000   0.2794   0.0065   0.0961   0.0476   0.3549   0.3443   0.0107   0.0000   0.0049  -0.0799    0.236
     6   0.0141   0.0801   0.0000   0.2794   0.0076   0.0958   0.0489   0.3538   0.3432   0.0100   0.0000   0.0064  -0.0782    0.231
     7   0.0192   0.1092   0.0000   0.2794   0.0085   0.0952   0.0504   0.3514   0.3409   0.0094   0.0000   0.0077  -0.0763    0.227
     8   0.0249   0.1411   0.0000   0.2794   0.0093   0.0941   0.0521   0.3474   0.3369   0.0090   0.0000   0.0088  -0.0742    0.224
     9   0.0309   0.1752   0.0000   0.2794   0.0097   0.0923   0.0541   0.3410   0.3308   0.0086   0.0000   0.0099  -0.0716    0.220
    10   0.0371   0.2107   0.0000   0.2794   0.0100   0.0898   0.0562   0.3318   0.3219   0.0083   0.0000   0.0111  -0.0682    0.216
    11   0.0435   0.2465   0.0000   0.2794   0.0100   0.0864   0.0586   0.3192   0.3096   0.0079   0.0000   0.0123  -0.0640    0.210
    12   0.0497   0.2820   0.0000   0.2794   0.0097   0.0819   0.0611   0.3026   0.2935   0.0076   0.0000   0.0137  -0.0587    0.203
    13   0.0557   0.3161   0.0000   0.2794   0.0093   0.0762   0.0634   0.2815   0.2731   0.0071   0.0000   0.0152  -0.0522    0.194
    14   0.0614   0.3480   0.0000   0.2794   0.0085   0.0692   0.0654   0.2556   0.2480   0.0065   0.0000   0.0166  -0.0446    0.183
    15   0.0665   0.3771   0.0000   0.2794   0.0076   0.0609   0.0666   0.2249   0.2181   0.0057   0.0000   0.0177  -0.0362    0.169
    16   0.0709   0.4024   0.0000   0.2794   0.0065   0.0513   0.0664   0.1895   0.1839   0.0048   0.0000   0.0181  -0.0274    0.151
    17   0.0747   0.4235   0.0000   0.2794   0.0052   0.0407   0.0646   0.1504   0.1459   0.0037   0.0000   0.0172  -0.0189    0.132
    18   0.0775   0.4398   0.0000   0.2794   0.0038   0.0294   0.0611   0.1085   0.1052   0.0025   0.0000   0.0145  -0.0116    0.112
    19   0.0795   0.4509   0.0000   0.2794   0.0023   0.0177   0.0563   0.0653   0.0633   0.0011   0.0000   0.0099  -0.0059    0.094
    20   0.0805   0.4565   0.0000   0.2794   0.0008   0.0059   0.0529   0.0218   0.0211  -0.0001   0.0000   0.0035  -0.0017    0.084

  Surface # 2     Wing (YDUP)                             
     # Chordwise = 10   # Spanwise = 20     First strip = 21
     Surface area Ssurf =    0.127742     Ave. chord Cave =    0.279400

 Forces referred to Sref, Cref, Bref about Xref, Yref, Zref
 Standard axis orientation,  X fwd, Z down         
     CLsurf  =   0.14217     Clsurf  =   0.03084
     CYsurf  =  -0.00119     Cmsurf  =   0.00778
     CDsurf  =   0.00411     Cnsurf  =   0.00192
     CDisurf =   0.00411     CDvsurf =   0.00000

 Forces referred to Ssurf, Cave 
     CLsurf  =   0.28436     CDsurf  =   0.00823

 Strip Forces referred to Strip Area, Chord
    j     Xle      Yle      Zle      Chord    Area     c_cl     ai     cl_norm    cl       cd       cdv    cm_c/4     cm_LE   C.P.x/c
    21   0.0001  -0.0007   0.0000   0.2794   0.0008   0.0964   0.0475   0.3516   0.3411   0.0648   0.0000  -0.0003   0.0852    0.251
    22   0.0011  -0.0063   0.0000   0.2794   0.0023   0.0964   0.0463   0.3554   0.3448   0.0153   0.0000   0.0002   0.0848    0.250
    23   0.0031  -0.0174   0.0000   0.2794   0.0038   0.0963   0.0461   0.3555   0.3449   0.0125   0.0000   0.0015   0.0834    0.246
    24   0.0059  -0.0337   0.0000   0.2794   0.0052   0.0963   0.0466   0.3554   0.3447   0.0115   0.0000   0.0032   0.0817    0.241
    25   0.0097  -0.0548   0.0000   0.2794   0.0065   0.0961   0.0476   0.3549   0.3443   0.0107   0.0000   0.0049   0.0799    0.236
    26   0.0141  -0.0801   0.0000   0.2794   0.0076   0.0958   0.0489   0.3538   0.3432   0.0100   0.0000   0.0064   0.0782    0.231
    27   0.0192  -0.1092   0.0000   0.2794   0.0085   0.0952   0.0504   0.3514   0.3409   0.0094   0.0000   0.0077   0.0763    0.227
    28   0.0249  -0.1411   0.0000   0.2794   0.0093   0.0941   0.0521   0.3474   0.3369   0.0090   0.0000   0.0088   0.0742    0.224
    29   0.0309  -0.1752   0.0000   0.2794   0.0097   0.0923   0.0541   0.3410   0.3308   0.0086   0.0000   0.0099   0.0716    0.220
    30   0.0371  -0.2107   0.0000   0.2794   0.0100   0.0898   0.0562   0.3318   0.3219   0.0083   0.0000   0.0111   0.0682    0.216
    31   0.0435  -0.2465   0.0000   0.2794   0.0100   0.0864   0.0586   0.3192   0.3096   0.0079   0.0000   0.0123   0.0640    0.210
    32   0.0497  -0.2820   0.0000   0.2794   0.0097   0.0819   0.0611   0.3026   0.2935   0.0076   0.0000   0.0137   0.0587    0.203
    33   0.0557  -0.3161   0.0000   0.2794   0.0093   0.0762   0.0634   0.2815   0.2731   0.0071   0.0000   0.0152   0.0522    0.194
    34   0.0614  -0.3480   0.0000   0.2794   0.0085   0.0692   0.0654   0.2556   0.2480   0.0065   0.0000   0.0166   0.0446    0.183
    35   0.0665  -0.3771   0.0000   0.2794   0.0076   0.0609   0.0666   0.2249   0.2181   0.0057   0.0000   0.0177   0.0362    0.169
    36   0.0709  -0.4024   0.0000   0.2794   0.0065   0.0513   0.0664   0.1895   0.1839   0.0048   0.0000   0.0181   0.0274    0.151
    37   0.0747  -0.4235   0.0000   0.2794   0.0052   0.0407   0.0646   0.1504   0.1459   0.0037   0.0000   0.0172   0.0189    0.132
    38   0.0775  -0.4398   0.0000   0.2794   0.0038   0.0294   0.0611   0.1085   0.1052   0.0025   0.0000   0.0145   0.0116    0.112
    39   0.0795  -0.4509   0.0000   0.2794   0.0023   0.0177   0.0563   0.0653   0.0633   0.0011   0.0000   0.0099   0.0059    0.094
    40   0.0805  -0.4565   0.0000   0.2794   0.0008   0.0059   0.0529   0.0218   0.0211  -0.0001   0.0000   0.0035   0.0017    0.084
 ---------------------------------------------------------------
