 ---------------------------------------------------------------
 Surface and Strip Forces by surface

  Sref = 0.12390       Cref = 0.20320       Bref = 0.60960    
  Xref = 0.10920       Yref =  0.0000       Zref =  0.0000    

  Surface # 1     Wing                                    
     # Chordwise = 10   # Spanwise = 20     First strip =  1
     Surface area Ssurf =    0.061935     Ave. chord Cave =    0.203200

 Forces referred to Sref, Cref, Bref about Xref, Yref, Zref
 Standard axis orientation,  X fwd, Z down         
     CLsurf  =   0.29318     Clsurf  =  -0.06309
     CYsurf  =   0.00297     Cmsurf  =   0.07707
     CDsurf  =   0.01876     Cnsurf  =  -0.00810
     CDisurf =   0.01876     CDvsurf =   0.00000

 Forces referred to Ssurf, Cave 
     CLsurf  =   0.58649     CDsurf  =   0.03753

 Strip Forces referred to Strip Area, Chord
    j     Xle      Yle      Zle      Chord    Area     c_cl     ai     cl_norm    cl       cd       cdv    cm_c/4     cm_LE   C.P.x/c
     1   0.0000   0.0005   0.0000   0.2032   0.0004   0.1456   0.1103   0.7049   0.6997   0.1577   0.0000   0.0071  -0.1714    0.240
     2   0.0004   0.0042   0.0000   0.2032   0.0011   0.1456   0.1103   0.7235   0.7182   0.0556   0.0000   0.0075  -0.1710    0.240
     3   0.0010   0.0116   0.0000   0.2032   0.0019   0.1456   0.1107   0.7245   0.7192   0.0492   0.0000   0.0086  -0.1698    0.238
     4   0.0020   0.0225   0.0000   0.2032   0.0025   0.1454   0.1116   0.7243   0.7189   0.0466   0.0000   0.0101  -0.1682    0.236
     5   0.0032   0.0365   0.0000   0.2032   0.0032   0.1451   0.1129   0.7228   0.7174   0.0448   0.0000   0.0117  -0.1662    0.234
     6   0.0047   0.0534   0.0000   0.2032   0.0037   0.1443   0.1146   0.7193   0.7140   0.0433   0.0000   0.0132  -0.1637    0.231
     7   0.0064   0.0728   0.0000   0.2032   0.0041   0.1430   0.1167   0.7131   0.7078   0.0421   0.0000   0.0147  -0.1607    0.229
     8   0.0082   0.0941   0.0000   0.2032   0.0045   0.1410   0.1192   0.7030   0.6978   0.0411   0.0000   0.0162  -0.1567    0.227
     9   0.0102   0.1168   0.0000   0.2032   0.0047   0.1380   0.1223   0.6881   0.6830   0.0403   0.0000   0.0177  -0.1515    0.224
    10   0.0123   0.1404   0.0000   0.2032   0.0048   0.1339   0.1259   0.6674   0.6625   0.0394   0.0000   0.0194  -0.1447    0.221
    11   0.0144   0.1644   0.0000   0.2032   0.0048   0.1284   0.1300   0.6400   0.6352   0.0383   0.0000   0.0213  -0.1361    0.216
    12   0.0165   0.1880   0.0000   0.2032   0.0047   0.1214   0.1345   0.6049   0.6005   0.0370   0.0000   0.0234  -0.1255    0.211
    13   0.0185   0.2107   0.0000   0.2032   0.0045   0.1127   0.1390   0.5616   0.5574   0.0353   0.0000   0.0255  -0.1128    0.204
    14   0.0203   0.2320   0.0000   0.2032   0.0041   0.1023   0.1431   0.5094   0.5056   0.0331   0.0000   0.0273  -0.0982    0.196
    15   0.0220   0.2514   0.0000   0.2032   0.0037   0.0901   0.1465   0.4483   0.4450   0.0301   0.0000   0.0285  -0.0820    0.186
    16   0.0235   0.2683   0.0000   0.2032   0.0032   0.0761   0.1486   0.3788   0.3761   0.0265   0.0000   0.0284  -0.0650    0.175
    17   0.0247   0.2823   0.0000   0.2032   0.0025   0.0607   0.1489   0.3020   0.2998   0.0219   0.0000   0.0264  -0.0482    0.162
    18   0.0257   0.2932   0.0000   0.2032   0.0019   0.0441   0.1473   0.2194   0.2178   0.0165   0.0000   0.0218  -0.0323    0.150
    19   0.0263   0.3006   0.0000   0.2032   0.0011   0.0267   0.1443   0.1329   0.1320   0.0101   0.0000   0.0146  -0.0182    0.139
    20   0.0267   0.3043   0.0000   0.2032   0.0004   0.0090   0.1419   0.0446   0.0443   0.0029   0.0000   0.0052  -0.0058    0.133

  Surface # 2     Wing (YDUP)                             
     # Chordwise = 10   # Spanwise = 20     First strip = 21
     Surface area Ssurf =    0.061935     Ave. chord Cave =    0.203200

 Forces referred to Sref, Cref, Bref about Xref, Yref, Zref
 Standard axis orientation,  X fwd, Z down         
     CLsurf  =   0.29318     Clsurf  =   0.06309
     CYsurf  =  -0.00297     Cmsurf  =   0.07707
     CDsurf  =   0.01876     Cnsurf  =   0.00810
     CDisurf =   0.01876     CDvsurf =   0.00000

 Forces referred to Ssurf, Cave 
     CLsurf  =   0.58649     CDsurf  =   0.03753

 Strip Forces referred to Strip Area, Chord
    j     Xle      Yle      Zle      Chord    Area     c_cl     ai     cl_norm    cl       cd       cdv    cm_c/4     cm_LE   C.P.x/c
    21   0.0000  -0.0005   0.0000   0.2032   0.0004   0.1456   0.1103   0.7049   0.6997   0.1577   0.0000   0.0071   0.1714    0.240
    22   0.0004  -0.0042   0.0000   0.2032   0.0011   0.1456   0.1103   0.7235   0.7182   0.0556   0.0000   0.0075   0.1710    0.240
    23   0.0010  -0.0116   0.0000   0.2032   0.0019   0.1456   0.1107   0.7245   0.7192   0.0492   0.0000   0.0086   0.1698    0.238
    24   0.0020  -0.0225   0.0000   0.2032   0.0025   0.1454   0.1116   0.7243   0.7189   0.0466   0.0000   0.0101   0.1682    0.236
    25   0.0032  -0.0365   0.0000   0.2032   0.0032   0.1451   0.1129   0.7228   0.7174   0.0448   0.0000   0.0117   0.1662    0.234
    26   0.0047  -0.0534   0.0000   0.2032   0.0037   0.1443   0.1146   0.7193   0.7140   0.0433   0.0000   0.0132   0.1637    0.231
    27   0.0064  -0.0728   0.0000   0.2032   0.0041   0.1430   0.1167   0.7131   0.7078   0.0421   0.0000   0.0147   0.1607    0.229
    28   0.0082  -0.0941   0.0000   0.2032   0.0045   0.1410   0.1192   0.7030   0.6978   0.0411   0.0000   0.0162   0.1567    0.227
    29   0.0102  -0.1168   0.0000   0.2032   0.0047   0.1380   0.1223   0.6881   0.6830   0.0403   0.0000   0.0177   0.1515    0.224
    30   0.0123  -0.1404   0.0000   0.2032   0.0048   0.1339   0.1259   0.6674   0.6625   0.0394   0.0000   0.0194   0.1447    0.221
    31   0.0144  -0.1644   0.0000   0.2032   0.0048   0.1284   0.1300   0.6400   0.6352   0.0383   0.0000   0.0213   0.1361    0.216
    32   0.0165  -0.1880   0.0000   0.2032   0.0047   0.1214   0.1345   0.6049   0.6005   0.0370   0.0000   0.0234   0.1255    0.211
    33   0.0185  -0.2107   0.0000   0.2032   0.0045   0.1127   0.1390   0.5616   0.5574   0.0353   0.0000   0.0255   0.1128    0.204
    34   0.0203  -0.2320   0.0000   0.2032   0.0041   0.1023   0.1431   0.5094   0.5056   0.0331   0.0000   0.0273   0.0982    0.196
    35   0.0220  -0.2514   0.0000   0.2032   0.0037   0.0901   0.1465   0.4483   0.4450   0.0301   0.0000   0.0285   0.0820    0.186
    36   0.0235  -0.2683   0.0000   0.2032   0.0032   0.0761   0.1486   0.3788   0.3761   0.0265   0.0000   0.0284   0.0650    0.175
    37   0.0247  -0.2823   0.0000   0.2032   0.0025   0.0607   0.1489   0.3020   0.2998   0.0219   0.0000   0.0264   0.0482    0.162
    38   0.0257  -0.2932   0.0000   0.2032   0.0019   0.0441   0.1473   0.2194   0.2178   0.0165   0.0000   0.0218   0.0323    0.150
    39   0.0263  -0.3006   0.0000   0.2032   0.0011   0.0267   0.1443   0.1329   0.1320   0.0101   0.0000   0.0146   0.0182    0.139
    40   0.0267  -0.3043   0.0000   0.2032   0.0004   0.0090   0.1419   0.0446   0.0443   0.0029   0.0000   0.0052   0.0058    0.133
 ---------------------------------------------------------------
