 ---------------------------------------------------------------
 Surface and Strip Forces by surface

  Sref = 0.13910       Cref = 0.20760       Bref = 0.71120    
  Xref = 0.10920       Yref =  0.0000       Zref =  0.0000    

  Surface # 1     Wing                                    
     # Chordwise = 10   # Spanwise = 20     First strip =  1
     Surface area Ssurf =    0.099355     Ave. chord Cave =    0.279400

 Forces referred to Sref, Cref, Bref about Xref, Yref, Zref
 Standard axis orientation,  X fwd, Z down         
     CLsurf  =   0.26114     Clsurf  =  -0.05605
     CYsurf  =   0.00219     Cmsurf  =   0.04221
     CDsurf  =   0.01233     Cnsurf  =  -0.00499
     CDisurf =   0.01233     CDvsurf =   0.00000

 Forces referred to Ssurf, Cave 
     CLsurf  =   0.36560     CDsurf  =   0.01726

 Strip Forces referred to Strip Area, Chord
    j     Xle      Yle      Zle      Chord    Area     c_cl     ai     cl_norm    cl       cd       cdv    cm_c/4     cm_LE   C.P.x/c
     1   0.0001   0.0005   0.0000   0.2794   0.0006   0.1264   0.0841   0.4501   0.4440   0.0983   0.0000   0.0064  -0.1060    0.236
     2   0.0006   0.0049   0.0000   0.2794   0.0018   0.1264   0.0835   0.4585   0.4523   0.0283   0.0000   0.0067  -0.1057    0.235
     3   0.0016   0.0135   0.0000   0.2794   0.0030   0.1264   0.0834   0.4588   0.4526   0.0240   0.0000   0.0075  -0.1048    0.233
     4   0.0031   0.0262   0.0000   0.2794   0.0041   0.1262   0.0837   0.4584   0.4522   0.0226   0.0000   0.0087  -0.1035    0.231
     5   0.0050   0.0426   0.0000   0.2794   0.0051   0.1258   0.0845   0.4571   0.4510   0.0216   0.0000   0.0101  -0.1018    0.228
     6   0.0073   0.0623   0.0000   0.2794   0.0059   0.1251   0.0856   0.4546   0.4485   0.0207   0.0000   0.0114  -0.0999    0.225
     7   0.0100   0.0849   0.0000   0.2794   0.0066   0.1239   0.0869   0.4503   0.4442   0.0200   0.0000   0.0127  -0.0975    0.221
     8   0.0129   0.1098   0.0000   0.2794   0.0072   0.1220   0.0886   0.4434   0.4374   0.0193   0.0000   0.0139  -0.0946    0.218
     9   0.0161   0.1363   0.0000   0.2794   0.0076   0.1192   0.0906   0.4333   0.4274   0.0187   0.0000   0.0152  -0.0908    0.214
    10   0.0193   0.1638   0.0000   0.2794   0.0078   0.1154   0.0928   0.4194   0.4138   0.0180   0.0000   0.0165  -0.0861    0.210
    11   0.0226   0.1918   0.0000   0.2794   0.0078   0.1104   0.0951   0.4012   0.3958   0.0173   0.0000   0.0179  -0.0803    0.205
    12   0.0258   0.2193   0.0000   0.2794   0.0076   0.1040   0.0975   0.3781   0.3730   0.0164   0.0000   0.0194  -0.0732    0.198
    13   0.0290   0.2458   0.0000   0.2794   0.0072   0.0962   0.0997   0.3497   0.3450   0.0154   0.0000   0.0207  -0.0650    0.190
    14   0.0319   0.2707   0.0000   0.2794   0.0066   0.0869   0.1014   0.3159   0.3117   0.0141   0.0000   0.0218  -0.0557    0.180
    15   0.0346   0.2933   0.0000   0.2794   0.0059   0.0762   0.1023   0.2768   0.2731   0.0126   0.0000   0.0222  -0.0456    0.169
    16   0.0369   0.3130   0.0000   0.2794   0.0051   0.0641   0.1021   0.2329   0.2297   0.0107   0.0000   0.0217  -0.0354    0.156
    17   0.0388   0.3294   0.0000   0.2794   0.0041   0.0509   0.1005   0.1848   0.1823   0.0086   0.0000   0.0197  -0.0256    0.142
    18   0.0403   0.3421   0.0000   0.2794   0.0030   0.0368   0.0975   0.1337   0.1319   0.0061   0.0000   0.0161  -0.0167    0.128
    19   0.0413   0.3507   0.0000   0.2794   0.0018   0.0222   0.0937   0.0808   0.0797   0.0034   0.0000   0.0106  -0.0092    0.117
    20   0.0418   0.3551   0.0000   0.2794   0.0006   0.0074   0.0912   0.0270   0.0267   0.0007   0.0000   0.0037  -0.0029    0.111

  Surface # 2     Wing (YDUP)                             
     # Chordwise = 10   # Spanwise = 20     First strip = 21
     Surface area Ssurf =    0.099355     Ave. chord Cave =    0.279400

 Forces referred to Sref, Cref, Bref about Xref, Yref, Zref
 Standard axis orientation,  X fwd, Z down         
     CLsurf  =   0.26114     Clsurf  =   0.05605
     CYsurf  =  -0.00219     Cmsurf  =   0.04221
     CDsurf  =   0.01233     Cnsurf  =   0.00499
     CDisurf =   0.01233     CDvsurf =   0.00000

 Forces referred to Ssurf, Cave 
     CLsurf  =   0.36560     CDsurf  =   0.01726

 Strip Forces referred to Strip Area, Chord
    j     Xle      Yle      Zle      Chord    Area     c_cl     ai     cl_norm    cl       cd       cdv    cm_c/4     cm_LE   C.P.x/c
    21   0.0001  -0.0005   0.0000   0.2794   0.0006   0.1264   0.0841   0.4501   0.4440   0.0983   0.0000   0.0064   0.1060    0.236
    22   0.0006  -0.0049   0.0000   0.2794   0.0018   0.1264   0.0835   0.4585   0.4523   0.0283   0.0000   0.0067   0.1057    0.235
    23   0.0016  -0.0135   0.0000   0.2794   0.0030   0.1264   0.0834   0.4588   0.4526   0.0240   0.0000   0.0075   0.1048    0.233
    24   0.0031  -0.0262   0.0000   0.2794   0.0041   0.1262   0.0837   0.4584   0.4522   0.0226   0.0000   0.0087   0.1035    0.231
    25   0.0050  -0.0426   0.0000   0.2794   0.0051   0.1258   0.0845   0.4571   0.4510   0.0216   0.0000   0.0101   0.1018    0.228
    26   0.0073  -0.0623   0.0000   0.2794   0.0059   0.1251   0.0856   0.4546   0.4485   0.0207   0.0000   0.0114   0.0999    0.225
    27   0.0100  -0.0849   0.0000   0.2794   0.0066   0.1239   0.0869   0.4503   0.4442   0.0200   0.0000   0.0127   0.0975    0.221
    28   0.0129  -0.1098   0.0000   0.2794   0.0072   0.1220   0.0886   0.4434   0.4374   0.0193   0.0000   0.0139   0.0946    0.218
    29   0.0161  -0.1363   0.0000   0.2794   0.0076   0.1192   0.0906   0.4333   0.4274   0.0187   0.0000   0.0152   0.0908    0.214
    30   0.0193  -0.1638   0.0000   0.2794   0.0078   0.1154   0.0928   0.4194   0.4138   0.0180   0.0000   0.0165   0.0861    0.210
    31   0.0226  -0.1918   0.0000   0.2794   0.0078   0.1104   0.0951   0.4012   0.3958   0.0173   0.0000   0.0179   0.0803    0.205
    32   0.0258  -0.2193   0.0000   0.2794   0.0076   0.1040   0.0975   0.3781   0.3730   0.0164   0.0000   0.0194   0.0732    0.198
    33   0.0290  -0.2458   0.0000   0.2794   0.0072   0.0962   0.0997   0.3497   0.3450   0.0154   0.0000   0.0207   0.0650    0.190
    34   0.0319  -0.2707   0.0000   0.2794   0.0066   0.0869   0.1014   0.3159   0.3117   0.0141   0.0000   0.0218   0.0557    0.180
    35   0.0346  -0.2933   0.0000   0.2794   0.0059   0.0762   0.1023   0.2768   0.2731   0.0126   0.0000   0.0222   0.0456    0.169
    36   0.0369  -0.3130   0.0000   0.2794   0.0051   0.0641   0.1021   0.2329   0.2297   0.0107   0.0000   0.0217   0.0354    0.156
    37   0.0388  -0.3294   0.0000   0.2794   0.0041   0.0509   0.1005   0.1848   0.1823   0.0086   0.0000   0.0197   0.0256    0.142
    38   0.0403  -0.3421   0.0000   0.2794   0.0030   0.0368   0.0975   0.1337   0.1319   0.0061   0.0000   0.0161   0.0167    0.128
    39   0.0413  -0.3507   0.0000   0.2794   0.0018   0.0222   0.0937   0.0808   0.0797   0.0034   0.0000   0.0106   0.0092    0.117
    40   0.0418  -0.3551   0.0000   0.2794   0.0006   0.0074   0.0912   0.0270   0.0267   0.0007   0.0000   0.0037   0.0029    0.111
 ---------------------------------------------------------------
