 ---------------------------------------------------------------
 Surface and Strip Forces by surface

  Sref = 0.12390       Cref = 0.17500       Bref = 0.81280    
  Xref = 0.10920       Yref =  0.0000       Zref =  0.0000    

  Surface # 1     Wing                                    
     # Chordwise = 10   # Spanwise = 20     First strip =  1
     Surface area Ssurf =    0.103226     Ave. chord Cave =    0.254000

 Forces referred to Sref, Cref, Bref about Xref, Yref, Zref
 Standard axis orientation,  X fwd, Z down         
     CLsurf  =   0.29318     Clsurf  =  -0.06343
     CYsurf  =   0.00229     Cmsurf  =   0.05535
     CDsurf  =   0.01060     Cnsurf  =  -0.00471
     CDisurf =   0.01060     CDvsurf =   0.00000

 Forces referred to Ssurf, Cave 
     CLsurf  =   0.35189     CDsurf  =   0.01273

 Strip Forces referred to Strip Area, Chord
    j     Xle      Yle      Zle      Chord    Area     c_cl     ai     cl_norm    cl       cd       cdv    cm_c/4     cm_LE   C.P.x/c
     1   0.0001   0.0006   0.0000   0.2540   0.0006   0.1090   0.0608   0.4305   0.4239   0.0734   0.0000   0.0025  -0.1039    0.244
     2   0.0007   0.0056   0.0000   0.2540   0.0019   0.1090   0.0602   0.4357   0.4291   0.0209   0.0000   0.0029  -0.1035    0.243
     3   0.0019   0.0155   0.0000   0.2540   0.0031   0.1089   0.0602   0.4359   0.4293   0.0178   0.0000   0.0040  -0.1024    0.241
     4   0.0037   0.0299   0.0000   0.2540   0.0042   0.1089   0.0607   0.4357   0.4290   0.0166   0.0000   0.0054  -0.1009    0.237
     5   0.0061   0.0487   0.0000   0.2540   0.0053   0.1086   0.0617   0.4349   0.4282   0.0157   0.0000   0.0069  -0.0993    0.234
     6   0.0089   0.0712   0.0000   0.2540   0.0062   0.1082   0.0629   0.4331   0.4265   0.0150   0.0000   0.0082  -0.0975    0.231
     7   0.0121   0.0970   0.0000   0.2540   0.0069   0.1073   0.0645   0.4297   0.4232   0.0144   0.0000   0.0094  -0.0955    0.228
     8   0.0157   0.1254   0.0000   0.2540   0.0075   0.1059   0.0663   0.4242   0.4177   0.0139   0.0000   0.0105  -0.0930    0.225
     9   0.0195   0.1558   0.0000   0.2540   0.0079   0.1038   0.0683   0.4158   0.4095   0.0135   0.0000   0.0117  -0.0898    0.222
    10   0.0234   0.1873   0.0000   0.2540   0.0081   0.1009   0.0707   0.4040   0.3978   0.0131   0.0000   0.0129  -0.0858    0.218
    11   0.0274   0.2191   0.0000   0.2540   0.0081   0.0969   0.0734   0.3880   0.3821   0.0127   0.0000   0.0142  -0.0806    0.213
    12   0.0313   0.2506   0.0000   0.2540   0.0079   0.0917   0.0762   0.3673   0.3617   0.0122   0.0000   0.0156  -0.0741    0.207
    13   0.0351   0.2810   0.0000   0.2540   0.0075   0.0853   0.0790   0.3414   0.3362   0.0116   0.0000   0.0172  -0.0662    0.199
    14   0.0387   0.3094   0.0000   0.2540   0.0069   0.0774   0.0815   0.3099   0.3052   0.0107   0.0000   0.0186  -0.0571    0.189
    15   0.0419   0.3352   0.0000   0.2540   0.0062   0.0681   0.0831   0.2727   0.2686   0.0097   0.0000   0.0197  -0.0470    0.177
    16   0.0447   0.3577   0.0000   0.2540   0.0053   0.0575   0.0836   0.2301   0.2266   0.0083   0.0000   0.0199  -0.0364    0.162
    17   0.0471   0.3765   0.0000   0.2540   0.0042   0.0457   0.0823   0.1830   0.1802   0.0067   0.0000   0.0188  -0.0260    0.146
    18   0.0489   0.3909   0.0000   0.2540   0.0031   0.0331   0.0793   0.1324   0.1304   0.0048   0.0000   0.0158  -0.0167    0.129
    19   0.0501   0.4008   0.0000   0.2540   0.0019   0.0200   0.0750   0.0799   0.0787   0.0026   0.0000   0.0107  -0.0089    0.115
    20   0.0507   0.4058   0.0000   0.2540   0.0006   0.0067   0.0719   0.0267   0.0263   0.0005   0.0000   0.0038  -0.0028    0.106

  Surface # 2     Wing (YDUP)                             
     # Chordwise = 10   # Spanwise = 20     First strip = 21
     Surface area Ssurf =    0.103226     Ave. chord Cave =    0.254000

 Forces referred to Sref, Cref, Bref about Xref, Yref, Zref
 Standard axis orientation,  X fwd, Z down         
     CLsurf  =   0.29318     Clsurf  =   0.06343
     CYsurf  =  -0.00229     Cmsurf  =   0.05535
     CDsurf  =   0.01060     Cnsurf  =   0.00471
     CDisurf =   0.01060     CDvsurf =   0.00000

 Forces referred to Ssurf, Cave 
     CLsurf  =   0.35189     CDsurf  =   0.01273

 Strip Forces referred to Strip Area, Chord
    j     Xle      Yle      Zle      Chord    Area     c_cl     ai     cl_norm    cl       cd       cdv    cm_c/4     cm_LE   C.P.x/c
    21   0.0001  -0.0006   0.0000   0.2540   0.0006   0.1090   0.0608   0.4305   0.4239   0.0734   0.0000   0.0025   0.1039    0.244
    22   0.0007  -0.0056   0.0000   0.2540   0.0019   0.1090   0.0602   0.4357   0.4291   0.0209   0.0000   0.0029   0.1035    0.243
    23   0.0019  -0.0155   0.0000   0.2540   0.0031   0.1089   0.0602   0.4359   0.4293   0.0178   0.0000   0.0040   0.1024    0.241
    24   0.0037  -0.0299   0.0000   0.2540   0.0042   0.1089   0.0607   0.4357   0.4290   0.0166   0.0000   0.0054   0.1009    0.237
    25   0.0061  -0.0487   0.0000   0.2540   0.0053   0.1086   0.0617   0.4349   0.4282   0.0157   0.0000   0.0069   0.0993    0.234
    26   0.0089  -0.0712   0.0000   0.2540   0.0062   0.1082   0.0629   0.4331   0.4265   0.0150   0.0000   0.0082   0.0975    0.231
    27   0.0121  -0.0970   0.0000   0.2540   0.0069   0.1073   0.0645   0.4297   0.4232   0.0144   0.0000   0.0094   0.0955    0.228
    28   0.0157  -0.1254   0.0000   0.2540   0.0075   0.1059   0.0663   0.4242   0.4177   0.0139   0.0000   0.0105   0.0930    0.225
    29   0.0195  -0.1558   0.0000   0.2540   0.0079   0.1038   0.0683   0.4158   0.4095   0.0135   0.0000   0.0117   0.0898    0.222
    30   0.0234  -0.1873   0.0000   0.2540   0.0081   0.1009   0.0707   0.4040   0.3978   0.0131   0.0000   0.0129   0.0858    0.218
    31   0.0274  -0.2191   0.0000   0.2540   0.0081   0.0969   0.0734   0.3880   0.3821   0.0127   0.0000   0.0142   0.0806    0.213
    32   0.0313  -0.2506   0.0000   0.2540   0.0079   0.0917   0.0762   0.3673   0.3617   0.0122   0.0000   0.0156   0.0741    0.207
    33   0.0351  -0.2810   0.0000   0.2540   0.0075   0.0853   0.0790   0.3414   0.3362   0.0116   0.0000   0.0172   0.0662    0.199
    34   0.0387  -0.3094   0.0000   0.2540   0.0069   0.0774   0.0815   0.3099   0.3052   0.0107   0.0000   0.0186   0.0571    0.189
    35   0.0419  -0.3352   0.0000   0.2540   0.0062   0.0681   0.0831   0.2727   0.2686   0.0097   0.0000   0.0197   0.0470    0.177
    36   0.0447  -0.3577   0.0000   0.2540   0.0053   0.0575   0.0836   0.2301   0.2266   0.0083   0.0000   0.0199   0.0364    0.162
    37   0.0471  -0.3765   0.0000   0.2540   0.0042   0.0457   0.0823   0.1830   0.1802   0.0067   0.0000   0.0188   0.0260    0.146
    38   0.0489  -0.3909   0.0000   0.2540   0.0031   0.0331   0.0793   0.1324   0.1304   0.0048   0.0000   0.0158   0.0167    0.129
    39   0.0501  -0.4008   0.0000   0.2540   0.0019   0.0200   0.0750   0.0799   0.0787   0.0026   0.0000   0.0107   0.0089    0.115
    40   0.0507  -0.4058   0.0000   0.2540   0.0006   0.0067   0.0719   0.0267   0.0263   0.0005   0.0000   0.0038   0.0028    0.106
 ---------------------------------------------------------------
