 ---------------------------------------------------------------
 Surface and Strip Forces by surface

  Sref = 0.20440       Cref = 0.25250       Bref = 0.81280    
  Xref = 0.10920       Yref =  0.0000       Zref =  0.0000    

  Surface # 1     Wing                                    
     # Chordwise = 10   # Spanwise = 20     First strip =  1
     Surface area Ssurf =    0.113548     Ave. chord Cave =    0.279400

 Forces referred to Sref, Cref, Bref about Xref, Yref, Zref
 Standard axis orientation,  X fwd, Z down         
     CLsurf  =   0.17771     Clsurf  =  -0.03818
     CYsurf  =   0.00036     Cmsurf  =   0.03153
     CDsurf  =   0.00630     Cnsurf  =  -0.00229
     CDisurf =   0.00630     CDvsurf =   0.00000

 Forces referred to Ssurf, Cave 
     CLsurf  =   0.31990     CDsurf  =   0.01133

 Strip Forces referred to Strip Area, Chord
    j     Xle      Yle      Zle      Chord    Area     c_cl     ai     cl_norm    cl       cd       cdv    cm_c/4     cm_LE   C.P.x/c
     1   0.0000   0.0006   0.0000   0.2794   0.0007   0.1107   0.0646   0.3959   0.3954   0.0288   0.0000   0.0089  -0.0901    0.227
     2   0.0002   0.0056   0.0000   0.2794   0.0021   0.1107   0.0643   0.3972   0.3967   0.0146   0.0000   0.0090  -0.0900    0.227
     3   0.0005   0.0155   0.0000   0.2794   0.0034   0.1107   0.0643   0.3971   0.3966   0.0137   0.0000   0.0093  -0.0897    0.227
     4   0.0010   0.0299   0.0000   0.2794   0.0047   0.1105   0.0644   0.3965   0.3961   0.0134   0.0000   0.0097  -0.0892    0.226
     5   0.0017   0.0487   0.0000   0.2794   0.0058   0.1102   0.0648   0.3953   0.3948   0.0131   0.0000   0.0101  -0.0884    0.224
     6   0.0025   0.0712   0.0000   0.2794   0.0068   0.1095   0.0654   0.3928   0.3924   0.0129   0.0000   0.0105  -0.0874    0.223
     7   0.0033   0.0970   0.0000   0.2794   0.0076   0.1084   0.0662   0.3888   0.3883   0.0128   0.0000   0.0110  -0.0859    0.222
     8   0.0043   0.1254   0.0000   0.2794   0.0082   0.1066   0.0673   0.3826   0.3822   0.0126   0.0000   0.0116  -0.0838    0.220
     9   0.0054   0.1558   0.0000   0.2794   0.0087   0.1042   0.0686   0.3738   0.3734   0.0125   0.0000   0.0122  -0.0810    0.217
    10   0.0065   0.1873   0.0000   0.2794   0.0089   0.1009   0.0703   0.3618   0.3614   0.0123   0.0000   0.0130  -0.0772    0.214
    11   0.0075   0.2191   0.0000   0.2794   0.0089   0.0965   0.0722   0.3462   0.3458   0.0120   0.0000   0.0138  -0.0725    0.210
    12   0.0086   0.2506   0.0000   0.2794   0.0087   0.0910   0.0743   0.3265   0.3261   0.0116   0.0000   0.0148  -0.0666    0.205
    13   0.0097   0.2810   0.0000   0.2794   0.0082   0.0843   0.0763   0.3023   0.3019   0.0111   0.0000   0.0159  -0.0595    0.197
    14   0.0107   0.3094   0.0000   0.2794   0.0076   0.0762   0.0780   0.2734   0.2731   0.0104   0.0000   0.0167  -0.0514    0.189
    15   0.0115   0.3352   0.0000   0.2794   0.0068   0.0669   0.0791   0.2398   0.2395   0.0095   0.0000   0.0173  -0.0425    0.178
    16   0.0123   0.3577   0.0000   0.2794   0.0058   0.0563   0.0791   0.2018   0.2016   0.0083   0.0000   0.0171  -0.0332    0.165
    17   0.0130   0.3765   0.0000   0.2794   0.0047   0.0447   0.0777   0.1602   0.1600   0.0068   0.0000   0.0159  -0.0241    0.151
    18   0.0135   0.3909   0.0000   0.2794   0.0034   0.0323   0.0748   0.1158   0.1156   0.0049   0.0000   0.0131  -0.0158    0.136
    19   0.0138   0.4008   0.0000   0.2794   0.0021   0.0195   0.0708   0.0698   0.0697   0.0029   0.0000   0.0088  -0.0086    0.124
    20   0.0140   0.4058   0.0000   0.2794   0.0007   0.0065   0.0680   0.0233   0.0233   0.0009   0.0000   0.0031  -0.0027    0.116

  Surface # 2     Wing (YDUP)                             
     # Chordwise = 10   # Spanwise = 20     First strip = 21
     Surface area Ssurf =    0.113548     Ave. chord Cave =    0.279400

 Forces referred to Sref, Cref, Bref about Xref, Yref, Zref
 Standard axis orientation,  X fwd, Z down         
     CLsurf  =   0.17771     Clsurf  =   0.03818
     CYsurf  =  -0.00036     Cmsurf  =   0.03153
     CDsurf  =   0.00630     Cnsurf  =   0.00229
     CDisurf =   0.00630     CDvsurf =   0.00000

 Forces referred to Ssurf, Cave 
     CLsurf  =   0.31990     CDsurf  =   0.01133

 Strip Forces referred to Strip Area, Chord
    j     Xle      Yle      Zle      Chord    Area     c_cl     ai     cl_norm    cl       cd       cdv    cm_c/4     cm_LE   C.P.x/c
    21   0.0000  -0.0006   0.0000   0.2794   0.0007   0.1107   0.0646   0.3959   0.3954   0.0288   0.0000   0.0089   0.0901    0.227
    22   0.0002  -0.0056   0.0000   0.2794   0.0021   0.1107   0.0643   0.3972   0.3967   0.0146   0.0000   0.0090   0.0900    0.227
    23   0.0005  -0.0155   0.0000   0.2794   0.0034   0.1107   0.0643   0.3971   0.3966   0.0137   0.0000   0.0093   0.0897    0.227
    24   0.0010  -0.0299   0.0000   0.2794   0.0047   0.1105   0.0644   0.3965   0.3961   0.0134   0.0000   0.0097   0.0892    0.226
    25   0.0017  -0.0487   0.0000   0.2794   0.0058   0.1102   0.0648   0.3953   0.3948   0.0131   0.0000   0.0101   0.0884    0.224
    26   0.0025  -0.0712   0.0000   0.2794   0.0068   0.1095   0.0654   0.3928   0.3924   0.0129   0.0000   0.0105   0.0874    0.223
    27   0.0033  -0.0970   0.0000   0.2794   0.0076   0.1084   0.0662   0.3888   0.3883   0.0128   0.0000   0.0110   0.0859    0.222
    28   0.0043  -0.1254   0.0000   0.2794   0.0082   0.1066   0.0673   0.3826   0.3822   0.0126   0.0000   0.0116   0.0838    0.220
    29   0.0054  -0.1558   0.0000   0.2794   0.0087   0.1042   0.0686   0.3738   0.3734   0.0125   0.0000   0.0122   0.0810    0.217
    30   0.0065  -0.1873   0.0000   0.2794   0.0089   0.1009   0.0703   0.3618   0.3614   0.0123   0.0000   0.0130   0.0772    0.214
    31   0.0075  -0.2191   0.0000   0.2794   0.0089   0.0965   0.0722   0.3462   0.3458   0.0120   0.0000   0.0138   0.0725    0.210
    32   0.0086  -0.2506   0.0000   0.2794   0.0087   0.0910   0.0743   0.3265   0.3261   0.0116   0.0000   0.0148   0.0666    0.205
    33   0.0097  -0.2810   0.0000   0.2794   0.0082   0.0843   0.0763   0.3023   0.3019   0.0111   0.0000   0.0159   0.0595    0.197
    34   0.0107  -0.3094   0.0000   0.2794   0.0076   0.0762   0.0780   0.2734   0.2731   0.0104   0.0000   0.0167   0.0514    0.189
    35   0.0115  -0.3352   0.0000   0.2794   0.0068   0.0669   0.0791   0.2398   0.2395   0.0095   0.0000   0.0173   0.0425    0.178
    36   0.0123  -0.3577   0.0000   0.2794   0.0058   0.0563   0.0791   0.2018   0.2016   0.0083   0.0000   0.0171   0.0332    0.165
    37   0.0130  -0.3765   0.0000   0.2794   0.0047   0.0447   0.0777   0.1602   0.1600   0.0068   0.0000   0.0159   0.0241    0.151
    38   0.0135  -0.3909   0.0000   0.2794   0.0034   0.0323   0.0748   0.1158   0.1156   0.0049   0.0000   0.0131   0.0158    0.136
    39   0.0138  -0.4008   0.0000   0.2794   0.0021   0.0195   0.0708   0.0698   0.0697   0.0029   0.0000   0.0088   0.0086    0.124
    40   0.0140  -0.4058   0.0000   0.2794   0.0007   0.0065   0.0680   0.0233   0.0233   0.0009   0.0000   0.0031   0.0027    0.116
 ---------------------------------------------------------------
