 ---------------------------------------------------------------
 Surface and Strip Forces by surface

  Sref = 0.74300E-01   Cref = 0.14000       Bref = 0.60960    
  Xref = 0.10920       Yref =  0.0000       Zref =  0.0000    

  Surface # 1     Wing                                    
     # Chordwise = 10   # Spanwise = 20     First strip =  1
     Surface area Ssurf =    0.061935     Ave. chord Cave =    0.203200

 Forces referred to Sref, Cref, Bref about Xref, Yref, Zref
 Standard axis orientation,  X fwd, Z down         
     CLsurf  =   0.48889     Clsurf  =  -0.10724
     CYsurf  =   0.02883     Cmsurf  =  -0.00880
     CDsurf  =   0.03338     Cnsurf  =  -0.02530
     CDisurf =   0.03338     CDvsurf =   0.00000

 Forces referred to Ssurf, Cave 
     CLsurf  =   0.58649     CDsurf  =   0.04004

 Strip Forces referred to Strip Area, Chord
    j     Xle      Yle      Zle      Chord    Area     c_cl     ai     cl_norm    cl       cd       cdv    cm_c/4     cm_LE   C.P.x/c
     1   0.0002   0.0005   0.0000   0.2032   0.0004   0.1381   0.0751   0.7275   0.5882   0.5483   0.0000  -0.0304  -0.1794    0.302
     2   0.0021   0.0042   0.0000   0.2032   0.0011   0.1382   0.0785   0.8319   0.6726   0.1030   0.0000  -0.0284  -0.1777    0.292
     3   0.0058   0.0116   0.0000   0.2032   0.0019   0.1384   0.0838   0.8389   0.6783   0.0787   0.0000  -0.0227  -0.1728    0.283
     4   0.0112   0.0225   0.0000   0.2032   0.0025   0.1388   0.0903   0.8434   0.6819   0.0698   0.0000  -0.0151  -0.1664    0.272
     5   0.0182   0.0365   0.0000   0.2032   0.0032   0.1393   0.0970   0.8482   0.6858   0.0620   0.0000  -0.0077  -0.1603    0.261
     6   0.0266   0.0534   0.0000   0.2032   0.0037   0.1396   0.1037   0.8520   0.6888   0.0553   0.0000  -0.0011  -0.1548    0.252
     7   0.0362   0.0728   0.0000   0.2032   0.0041   0.1396   0.1104   0.8533   0.6899   0.0497   0.0000   0.0044  -0.1499    0.244
     8   0.0468   0.0941   0.0000   0.2032   0.0045   0.1390   0.1171   0.8505   0.6876   0.0450   0.0000   0.0092  -0.1449    0.237
     9   0.0581   0.1168   0.0000   0.2032   0.0047   0.1375   0.1240   0.8419   0.6807   0.0411   0.0000   0.0135  -0.1393    0.230
    10   0.0699   0.1404   0.0000   0.2032   0.0048   0.1347   0.1313   0.8257   0.6676   0.0375   0.0000   0.0177  -0.1325    0.223
    11   0.0817   0.1644   0.0000   0.2032   0.0048   0.1305   0.1388   0.8004   0.6471   0.0340   0.0000   0.0221  -0.1239    0.216
    12   0.0935   0.1880   0.0000   0.2032   0.0047   0.1245   0.1464   0.7642   0.6179   0.0304   0.0000   0.0269  -0.1131    0.207
    13   0.1048   0.2107   0.0000   0.2032   0.0045   0.1165   0.1534   0.7157   0.5787   0.0264   0.0000   0.0318  -0.0999    0.195
    14   0.1154   0.2320   0.0000   0.2032   0.0041   0.1064   0.1593   0.6540   0.5287   0.0220   0.0000   0.0364  -0.0847    0.181
    15   0.1250   0.2514   0.0000   0.2032   0.0037   0.0941   0.1633   0.5788   0.4680   0.0173   0.0000   0.0399  -0.0680    0.165
    16   0.1334   0.2683   0.0000   0.2032   0.0032   0.0798   0.1649   0.4911   0.3971   0.0125   0.0000   0.0412  -0.0510    0.146
    17   0.1404   0.2823   0.0000   0.2032   0.0025   0.0637   0.1640   0.3926   0.3174   0.0078   0.0000   0.0391  -0.0351    0.127
    18   0.1458   0.2932   0.0000   0.2032   0.0019   0.0463   0.1608   0.2858   0.2311   0.0035   0.0000   0.0327  -0.0217    0.108
    19   0.1495   0.3006   0.0000   0.2032   0.0011   0.0280   0.1563   0.1737   0.1405  -0.0003   0.0000   0.0219  -0.0112    0.094
    20   0.1514   0.3043   0.0000   0.2032   0.0004   0.0094   0.1535   0.0590   0.0477  -0.0038   0.0000   0.0077  -0.0034    0.088

  Surface # 2     Wing (YDUP)                             
     # Chordwise = 10   # Spanwise = 20     First strip = 21
     Surface area Ssurf =    0.061935     Ave. chord Cave =    0.203200

 Forces referred to Sref, Cref, Bref about Xref, Yref, Zref
 Standard axis orientation,  X fwd, Z down         
     CLsurf  =   0.48889     Clsurf  =   0.10724
     CYsurf  =  -0.02883     Cmsurf  =  -0.00880
     CDsurf  =   0.03338     Cnsurf  =   0.02530
     CDisurf =   0.03338     CDvsurf =   0.00000

 Forces referred to Ssurf, Cave 
     CLsurf  =   0.58649     CDsurf  =   0.04004

 Strip Forces referred to Strip Area, Chord
    j     Xle      Yle      Zle      Chord    Area     c_cl     ai     cl_norm    cl       cd       cdv    cm_c/4     cm_LE   C.P.x/c
    21   0.0002  -0.0005   0.0000   0.2032   0.0004   0.1381   0.0751   0.7275   0.5882   0.5483   0.0000  -0.0304   0.1794    0.302
    22   0.0021  -0.0042   0.0000   0.2032   0.0011   0.1382   0.0785   0.8319   0.6726   0.1030   0.0000  -0.0284   0.1777    0.292
    23   0.0058  -0.0116   0.0000   0.2032   0.0019   0.1384   0.0838   0.8389   0.6783   0.0787   0.0000  -0.0227   0.1728    0.283
    24   0.0112  -0.0225   0.0000   0.2032   0.0025   0.1388   0.0903   0.8434   0.6819   0.0698   0.0000  -0.0151   0.1664    0.272
    25   0.0182  -0.0365   0.0000   0.2032   0.0032   0.1393   0.0970   0.8482   0.6858   0.0620   0.0000  -0.0077   0.1603    0.261
    26   0.0266  -0.0534   0.0000   0.2032   0.0037   0.1396   0.1037   0.8520   0.6888   0.0553   0.0000  -0.0011   0.1548    0.252
    27   0.0362  -0.0728   0.0000   0.2032   0.0041   0.1396   0.1104   0.8533   0.6899   0.0497   0.0000   0.0044   0.1499    0.244
    28   0.0468  -0.0941   0.0000   0.2032   0.0045   0.1390   0.1171   0.8505   0.6876   0.0450   0.0000   0.0092   0.1449    0.237
    29   0.0581  -0.1168   0.0000   0.2032   0.0047   0.1375   0.1240   0.8419   0.6807   0.0411   0.0000   0.0135   0.1393    0.230
    30   0.0699  -0.1404   0.0000   0.2032   0.0048   0.1347   0.1313   0.8257   0.6676   0.0375   0.0000   0.0177   0.1325    0.223
    31   0.0817  -0.1644   0.0000   0.2032   0.0048   0.1305   0.1388   0.8004   0.6471   0.0340   0.0000   0.0221   0.1239    0.216
    32   0.0935  -0.1880   0.0000   0.2032   0.0047   0.1245   0.1464   0.7642   0.6179   0.0304   0.0000   0.0269   0.1131    0.207
    33   0.1048  -0.2107   0.0000   0.2032   0.0045   0.1165   0.1534   0.7157   0.5787   0.0264   0.0000   0.0318   0.0999    0.195
    34   0.1154  -0.2320   0.0000   0.2032   0.0041   0.1064   0.1593   0.6540   0.5287   0.0220   0.0000   0.0364   0.0847    0.181
    35   0.1250  -0.2514   0.0000   0.2032   0.0037   0.0941   0.1633   0.5788   0.4680   0.0173   0.0000   0.0399   0.0680    0.165
    36   0.1334  -0.2683   0.0000   0.2032   0.0032   0.0798   0.1649   0.4911   0.3971   0.0125   0.0000   0.0412   0.0510    0.146
    37   0.1404  -0.2823   0.0000   0.2032   0.0025   0.0637   0.1640   0.3926   0.3174   0.0078   0.0000   0.0391   0.0351    0.127
    38   0.1458  -0.2932   0.0000   0.2032   0.0019   0.0463   0.1608   0.2858   0.2311   0.0035   0.0000   0.0327   0.0217    0.108
    39   0.1495  -0.3006   0.0000   0.2032   0.0011   0.0280   0.1563   0.1737   0.1405  -0.0003   0.0000   0.0219   0.0112    0.094
    40   0.1514  -0.3043   0.0000   0.2032   0.0004   0.0094   0.1535   0.0590   0.0477  -0.0038   0.0000   0.0077   0.0034    0.088
 ---------------------------------------------------------------
