 ---------------------------------------------------------------
 Surface and Strip Forces by surface

  Sref = 0.14860       Cref = 0.21000       Bref = 0.81280    
  Xref = 0.10920       Yref =  0.0000       Zref =  0.0000    

  Surface # 1     Wing                                    
     # Chordwise = 10   # Spanwise = 20     First strip =  1
     Surface area Ssurf =    0.123871     Ave. chord Cave =    0.304800

 Forces referred to Sref, Cref, Bref about Xref, Yref, Zref
 Standard axis orientation,  X fwd, Z down         
     CLsurf  =   0.24444     Clsurf  =  -0.05312
     CYsurf  =   0.00546     Cmsurf  =  -0.03294
     CDsurf  =   0.00934     Cnsurf  =  -0.00602
     CDisurf =   0.00934     CDvsurf =   0.00000

 Forces referred to Ssurf, Cave 
     CLsurf  =   0.29324     CDsurf  =   0.01121

 Strip Forces referred to Strip Area, Chord
    j     Xle      Yle      Zle      Chord    Area     c_cl     ai     cl_norm    cl       cd       cdv    cm_c/4     cm_LE   C.P.x/c
     1   0.0003   0.0006   0.0000   0.3048   0.0008   0.1075   0.0568   0.3974   0.3388   0.1669   0.0000  -0.0107  -0.0912    0.282
     2   0.0023   0.0056   0.0000   0.3048   0.0023   0.1075   0.0549   0.4122   0.3514   0.0286   0.0000  -0.0099  -0.0905    0.278
     3   0.0065   0.0155   0.0000   0.3048   0.0037   0.1074   0.0549   0.4130   0.3521   0.0210   0.0000  -0.0074  -0.0882    0.271
     4   0.0125   0.0299   0.0000   0.3048   0.0051   0.1075   0.0563   0.4133   0.3523   0.0188   0.0000  -0.0040  -0.0850    0.261
     5   0.0204   0.0487   0.0000   0.3048   0.0063   0.1075   0.0585   0.4135   0.3525   0.0170   0.0000  -0.0004  -0.0817    0.251
     6   0.0298   0.0712   0.0000   0.3048   0.0074   0.1073   0.0610   0.4132   0.3522   0.0154   0.0000   0.0029  -0.0786    0.242
     7   0.0406   0.0970   0.0000   0.3048   0.0083   0.1069   0.0638   0.4115   0.3508   0.0139   0.0000   0.0058  -0.0755    0.234
     8   0.0524   0.1254   0.0000   0.3048   0.0090   0.1059   0.0667   0.4079   0.3477   0.0127   0.0000   0.0083  -0.0724    0.226
     9   0.0651   0.1558   0.0000   0.3048   0.0095   0.1042   0.0698   0.4014   0.3422   0.0116   0.0000   0.0107  -0.0690    0.219
    10   0.0783   0.1873   0.0000   0.3048   0.0097   0.1015   0.0730   0.3913   0.3336   0.0106   0.0000   0.0129  -0.0649    0.211
    11   0.0916   0.2191   0.0000   0.3048   0.0097   0.0978   0.0761   0.3768   0.3212   0.0096   0.0000   0.0152  -0.0599    0.203
    12   0.1048   0.2506   0.0000   0.3048   0.0095   0.0927   0.0791   0.3573   0.3046   0.0085   0.0000   0.0176  -0.0539    0.192
    13   0.1175   0.2810   0.0000   0.3048   0.0090   0.0861   0.0817   0.3321   0.2831   0.0074   0.0000   0.0199  -0.0468    0.180
    14   0.1293   0.3094   0.0000   0.3048   0.0083   0.0781   0.0834   0.3010   0.2566   0.0062   0.0000   0.0220  -0.0388    0.164
    15   0.1401   0.3352   0.0000   0.3048   0.0074   0.0685   0.0838   0.2642   0.2252   0.0048   0.0000   0.0234  -0.0302    0.146
    16   0.1495   0.3577   0.0000   0.3048   0.0063   0.0576   0.0826   0.2222   0.1894   0.0035   0.0000   0.0236  -0.0218    0.125
    17   0.1574   0.3765   0.0000   0.3048   0.0051   0.0456   0.0797   0.1760   0.1500   0.0022   0.0000   0.0220  -0.0142    0.103
    18   0.1634   0.3909   0.0000   0.3048   0.0037   0.0329   0.0754   0.1270   0.1082   0.0009   0.0000   0.0182  -0.0081    0.082
    19   0.1676   0.4008   0.0000   0.3048   0.0023   0.0198   0.0705   0.0765   0.0652  -0.0004   0.0000   0.0121  -0.0038    0.065
    20   0.1696   0.4058   0.0000   0.3048   0.0008   0.0066   0.0676   0.0256   0.0218  -0.0012   0.0000   0.0042  -0.0011    0.057

  Surface # 2     Wing (YDUP)                             
     # Chordwise = 10   # Spanwise = 20     First strip = 21
     Surface area Ssurf =    0.123871     Ave. chord Cave =    0.304800

 Forces referred to Sref, Cref, Bref about Xref, Yref, Zref
 Standard axis orientation,  X fwd, Z down         
     CLsurf  =   0.24444     Clsurf  =   0.05312
     CYsurf  =  -0.00546     Cmsurf  =  -0.03294
     CDsurf  =   0.00934     Cnsurf  =   0.00602
     CDisurf =   0.00934     CDvsurf =   0.00000

 Forces referred to Ssurf, Cave 
     CLsurf  =   0.29324     CDsurf  =   0.01121

 Strip Forces referred to Strip Area, Chord
    j     Xle      Yle      Zle      Chord    Area     c_cl     ai     cl_norm    cl       cd       cdv    cm_c/4     cm_LE   C.P.x/c
    21   0.0003  -0.0006   0.0000   0.3048   0.0008   0.1075   0.0568   0.3974   0.3388   0.1669   0.0000  -0.0107   0.0912    0.282
    22   0.0023  -0.0056   0.0000   0.3048   0.0023   0.1075   0.0549   0.4122   0.3514   0.0286   0.0000  -0.0099   0.0905    0.278
    23   0.0065  -0.0155   0.0000   0.3048   0.0037   0.1074   0.0549   0.4130   0.3521   0.0210   0.0000  -0.0074   0.0882    0.271
    24   0.0125  -0.0299   0.0000   0.3048   0.0051   0.1075   0.0563   0.4133   0.3523   0.0188   0.0000  -0.0040   0.0850    0.261
    25   0.0204  -0.0487   0.0000   0.3048   0.0063   0.1075   0.0585   0.4135   0.3525   0.0170   0.0000  -0.0004   0.0817    0.251
    26   0.0298  -0.0712   0.0000   0.3048   0.0074   0.1073   0.0610   0.4132   0.3522   0.0154   0.0000   0.0029   0.0786    0.242
    27   0.0406  -0.0970   0.0000   0.3048   0.0083   0.1069   0.0638   0.4115   0.3508   0.0139   0.0000   0.0058   0.0755    0.234
    28   0.0524  -0.1254   0.0000   0.3048   0.0090   0.1059   0.0667   0.4079   0.3477   0.0127   0.0000   0.0083   0.0724    0.226
    29   0.0651  -0.1558   0.0000   0.3048   0.0095   0.1042   0.0698   0.4014   0.3422   0.0116   0.0000   0.0107   0.0690    0.219
    30   0.0783  -0.1873   0.0000   0.3048   0.0097   0.1015   0.0730   0.3913   0.3336   0.0106   0.0000   0.0129   0.0649    0.211
    31   0.0916  -0.2191   0.0000   0.3048   0.0097   0.0978   0.0761   0.3768   0.3212   0.0096   0.0000   0.0152   0.0599    0.203
    32   0.1048  -0.2506   0.0000   0.3048   0.0095   0.0927   0.0791   0.3573   0.3046   0.0085   0.0000   0.0176   0.0539    0.192
    33   0.1175  -0.2810   0.0000   0.3048   0.0090   0.0861   0.0817   0.3321   0.2831   0.0074   0.0000   0.0199   0.0468    0.180
    34   0.1293  -0.3094   0.0000   0.3048   0.0083   0.0781   0.0834   0.3010   0.2566   0.0062   0.0000   0.0220   0.0388    0.164
    35   0.1401  -0.3352   0.0000   0.3048   0.0074   0.0685   0.0838   0.2642   0.2252   0.0048   0.0000   0.0234   0.0302    0.146
    36   0.1495  -0.3577   0.0000   0.3048   0.0063   0.0576   0.0826   0.2222   0.1894   0.0035   0.0000   0.0236   0.0218    0.125
    37   0.1574  -0.3765   0.0000   0.3048   0.0051   0.0456   0.0797   0.1760   0.1500   0.0022   0.0000   0.0220   0.0142    0.103
    38   0.1634  -0.3909   0.0000   0.3048   0.0037   0.0329   0.0754   0.1270   0.1082   0.0009   0.0000   0.0182   0.0081    0.082
    39   0.1676  -0.4008   0.0000   0.3048   0.0023   0.0198   0.0705   0.0765   0.0652  -0.0004   0.0000   0.0121   0.0038    0.065
    40   0.1696  -0.4058   0.0000   0.3048   0.0008   0.0066   0.0676   0.0256   0.0218  -0.0012   0.0000   0.0042   0.0011    0.057
 ---------------------------------------------------------------
