 ---------------------------------------------------------------
 Surface and Strip Forces by surface

  Sref = 0.14860       Cref = 0.24890       Bref = 0.60960    
  Xref = 0.10920       Yref =  0.0000       Zref =  0.0000    

  Surface # 1     Wing                                    
     # Chordwise = 10   # Spanwise = 20     First strip =  1
     Surface area Ssurf =    0.092903     Ave. chord Cave =    0.304800

 Forces referred to Sref, Cref, Bref about Xref, Yref, Zref
 Standard axis orientation,  X fwd, Z down         
     CLsurf  =   0.24444     Clsurf  =  -0.05234
     CYsurf  =   0.00574     Cmsurf  =   0.01232
     CDsurf  =   0.01628     Cnsurf  =  -0.00853
     CDisurf =   0.01628     CDvsurf =   0.00000

 Forces referred to Ssurf, Cave 
     CLsurf  =   0.39099     CDsurf  =   0.02604

 Strip Forces referred to Strip Area, Chord
    j     Xle      Yle      Zle      Chord    Area     c_cl     ai     cl_norm    cl       cd       cdv    cm_c/4     cm_LE   C.P.x/c
     1   0.0001   0.0005   0.0000   0.3048   0.0006   0.1480   0.1157   0.4803   0.4470   0.2887   0.0000   0.0017  -0.1153    0.246
     2   0.0012   0.0042   0.0000   0.3048   0.0017   0.1479   0.1146   0.5182   0.4823   0.0570   0.0000   0.0022  -0.1149    0.246
     3   0.0032   0.0116   0.0000   0.3048   0.0028   0.1479   0.1143   0.5203   0.4843   0.0424   0.0000   0.0037  -0.1133    0.242
     4   0.0062   0.0225   0.0000   0.3048   0.0038   0.1477   0.1150   0.5203   0.4842   0.0386   0.0000   0.0062  -0.1108    0.237
     5   0.0101   0.0365   0.0000   0.3048   0.0047   0.1473   0.1163   0.5193   0.4833   0.0360   0.0000   0.0090  -0.1078    0.231
     6   0.0148   0.0534   0.0000   0.3048   0.0055   0.1465   0.1181   0.5168   0.4809   0.0337   0.0000   0.0118  -0.1044    0.225
     7   0.0201   0.0728   0.0000   0.3048   0.0062   0.1450   0.1203   0.5120   0.4766   0.0315   0.0000   0.0146  -0.1006    0.219
     8   0.0260   0.0941   0.0000   0.3048   0.0067   0.1428   0.1227   0.5043   0.4694   0.0296   0.0000   0.0172  -0.0963    0.213
     9   0.0323   0.1168   0.0000   0.3048   0.0071   0.1395   0.1253   0.4928   0.4587   0.0277   0.0000   0.0197  -0.0913    0.207
    10   0.0388   0.1404   0.0000   0.3048   0.0073   0.1349   0.1280   0.4768   0.4437   0.0258   0.0000   0.0221  -0.0853    0.200
    11   0.0454   0.1644   0.0000   0.3048   0.0073   0.1288   0.1306   0.4555   0.4240   0.0238   0.0000   0.0245  -0.0783    0.192
    12   0.0519   0.1880   0.0000   0.3048   0.0071   0.1212   0.1330   0.4286   0.3989   0.0218   0.0000   0.0266  -0.0702    0.183
    13   0.0582   0.2107   0.0000   0.3048   0.0067   0.1119   0.1349   0.3956   0.3682   0.0195   0.0000   0.0283  -0.0611    0.173
    14   0.0641   0.2320   0.0000   0.3048   0.0062   0.1008   0.1360   0.3567   0.3319   0.0171   0.0000   0.0294  -0.0514    0.161
    15   0.0694   0.2514   0.0000   0.3048   0.0055   0.0881   0.1361   0.3119   0.2903   0.0145   0.0000   0.0295  -0.0413    0.148
    16   0.0741   0.2683   0.0000   0.3048   0.0047   0.0740   0.1350   0.2620   0.2438   0.0118   0.0000   0.0281  -0.0314    0.135
    17   0.0780   0.2823   0.0000   0.3048   0.0038   0.0587   0.1327   0.2078   0.1934   0.0089   0.0000   0.0250  -0.0223    0.121
    18   0.0810   0.2932   0.0000   0.3048   0.0028   0.0424   0.1295   0.1504   0.1400   0.0058   0.0000   0.0198  -0.0144    0.108
    19   0.0830   0.3006   0.0000   0.3048   0.0017   0.0256   0.1259   0.0911   0.0847   0.0025   0.0000   0.0128  -0.0079    0.099
    20   0.0841   0.3043   0.0000   0.3048   0.0006   0.0086   0.1240   0.0307   0.0285  -0.0004   0.0000   0.0044  -0.0025    0.095

  Surface # 2     Wing (YDUP)                             
     # Chordwise = 10   # Spanwise = 20     First strip = 21
     Surface area Ssurf =    0.092903     Ave. chord Cave =    0.304800

 Forces referred to Sref, Cref, Bref about Xref, Yref, Zref
 Standard axis orientation,  X fwd, Z down         
     CLsurf  =   0.24444     Clsurf  =   0.05234
     CYsurf  =  -0.00574     Cmsurf  =   0.01232
     CDsurf  =   0.01628     Cnsurf  =   0.00853
     CDisurf =   0.01628     CDvsurf =   0.00000

 Forces referred to Ssurf, Cave 
     CLsurf  =   0.39099     CDsurf  =   0.02604

 Strip Forces referred to Strip Area, Chord
    j     Xle      Yle      Zle      Chord    Area     c_cl     ai     cl_norm    cl       cd       cdv    cm_c/4     cm_LE   C.P.x/c
    21   0.0001  -0.0005   0.0000   0.3048   0.0006   0.1480   0.1157   0.4803   0.4470   0.2887   0.0000   0.0017   0.1153    0.246
    22   0.0012  -0.0042   0.0000   0.3048   0.0017   0.1479   0.1146   0.5182   0.4823   0.0570   0.0000   0.0022   0.1149    0.246
    23   0.0032  -0.0116   0.0000   0.3048   0.0028   0.1479   0.1143   0.5203   0.4843   0.0424   0.0000   0.0037   0.1133    0.242
    24   0.0062  -0.0225   0.0000   0.3048   0.0038   0.1477   0.1150   0.5203   0.4842   0.0386   0.0000   0.0062   0.1108    0.237
    25   0.0101  -0.0365   0.0000   0.3048   0.0047   0.1473   0.1163   0.5193   0.4833   0.0360   0.0000   0.0090   0.1078    0.231
    26   0.0148  -0.0534   0.0000   0.3048   0.0055   0.1465   0.1181   0.5168   0.4809   0.0337   0.0000   0.0118   0.1044    0.225
    27   0.0201  -0.0728   0.0000   0.3048   0.0062   0.1450   0.1203   0.5120   0.4766   0.0315   0.0000   0.0146   0.1006    0.219
    28   0.0260  -0.0941   0.0000   0.3048   0.0067   0.1428   0.1227   0.5043   0.4694   0.0296   0.0000   0.0172   0.0963    0.213
    29   0.0323  -0.1168   0.0000   0.3048   0.0071   0.1395   0.1253   0.4928   0.4587   0.0277   0.0000   0.0197   0.0913    0.207
    30   0.0388  -0.1404   0.0000   0.3048   0.0073   0.1349   0.1280   0.4768   0.4437   0.0258   0.0000   0.0221   0.0853    0.200
    31   0.0454  -0.1644   0.0000   0.3048   0.0073   0.1288   0.1306   0.4555   0.4240   0.0238   0.0000   0.0245   0.0783    0.192
    32   0.0519  -0.1880   0.0000   0.3048   0.0071   0.1212   0.1330   0.4286   0.3989   0.0218   0.0000   0.0266   0.0702    0.183
    33   0.0582  -0.2107   0.0000   0.3048   0.0067   0.1119   0.1349   0.3956   0.3682   0.0195   0.0000   0.0283   0.0611    0.173
    34   0.0641  -0.2320   0.0000   0.3048   0.0062   0.1008   0.1360   0.3567   0.3319   0.0171   0.0000   0.0294   0.0514    0.161
    35   0.0694  -0.2514   0.0000   0.3048   0.0055   0.0881   0.1361   0.3119   0.2903   0.0145   0.0000   0.0295   0.0413    0.148
    36   0.0741  -0.2683   0.0000   0.3048   0.0047   0.0740   0.1350   0.2620   0.2438   0.0118   0.0000   0.0281   0.0314    0.135
    37   0.0780  -0.2823   0.0000   0.3048   0.0038   0.0587   0.1327   0.2078   0.1934   0.0089   0.0000   0.0250   0.0223    0.121
    38   0.0810  -0.2932   0.0000   0.3048   0.0028   0.0424   0.1295   0.1504   0.1400   0.0058   0.0000   0.0198   0.0144    0.108
    39   0.0830  -0.3006   0.0000   0.3048   0.0017   0.0256   0.1259   0.0911   0.0847   0.0025   0.0000   0.0128   0.0079    0.099
    40   0.0841  -0.3043   0.0000   0.3048   0.0006   0.0086   0.1240   0.0307   0.0285  -0.0004   0.0000   0.0044   0.0025    0.095
 ---------------------------------------------------------------
