 ---------------------------------------------------------------
 Surface and Strip Forces by surface

  Sref = 0.83600E-01   Cref = 0.15750       Bref = 0.60960    
  Xref = 0.10920       Yref =  0.0000       Zref =  0.0000    

  Surface # 1     Wing                                    
     # Chordwise = 10   # Spanwise = 20     First strip =  1
     Surface area Ssurf =    0.069677     Ave. chord Cave =    0.228600

 Forces referred to Sref, Cref, Bref about Xref, Yref, Zref
 Standard axis orientation,  X fwd, Z down         
     CLsurf  =   0.43450     Clsurf  =  -0.09446
     CYsurf  =   0.01923     Cmsurf  =   0.01223
     CDsurf  =   0.02942     Cnsurf  =  -0.01955
     CDisurf =   0.02942     CDvsurf =   0.00000

 Forces referred to Ssurf, Cave 
     CLsurf  =   0.52132     CDsurf  =   0.03530

 Strip Forces referred to Strip Area, Chord
    j     Xle      Yle      Zle      Chord    Area     c_cl     ai     cl_norm    cl       cd       cdv    cm_c/4     cm_LE   C.P.x/c
     1   0.0002   0.0005   0.0000   0.2286   0.0004   0.1419   0.0921   0.6422   0.5495   0.4613   0.0000  -0.0188  -0.1605    0.284
     2   0.0018   0.0042   0.0000   0.2286   0.0013   0.1420   0.0930   0.7190   0.6153   0.0866   0.0000  -0.0174  -0.1593    0.278
     3   0.0048   0.0116   0.0000   0.2286   0.0021   0.1420   0.0957   0.7238   0.6194   0.0651   0.0000  -0.0135  -0.1557    0.272
     4   0.0094   0.0225   0.0000   0.2286   0.0029   0.1422   0.0996   0.7260   0.6213   0.0582   0.0000  -0.0080  -0.1508    0.263
     5   0.0153   0.0365   0.0000   0.2286   0.0036   0.1423   0.1041   0.7278   0.6228   0.0526   0.0000  -0.0022  -0.1457    0.254
     6   0.0223   0.0534   0.0000   0.2286   0.0042   0.1422   0.1089   0.7283   0.6232   0.0476   0.0000   0.0030  -0.1407    0.245
     7   0.0304   0.0728   0.0000   0.2286   0.0047   0.1417   0.1139   0.7264   0.6216   0.0434   0.0000   0.0077  -0.1358    0.238
     8   0.0393   0.0941   0.0000   0.2286   0.0051   0.1404   0.1191   0.7208   0.6168   0.0397   0.0000   0.0119  -0.1307    0.231
     9   0.0488   0.1168   0.0000   0.2286   0.0053   0.1382   0.1245   0.7100   0.6076   0.0365   0.0000   0.0158  -0.1249    0.224
    10   0.0587   0.1404   0.0000   0.2286   0.0054   0.1348   0.1302   0.6929   0.5929   0.0335   0.0000   0.0196  -0.1180    0.217
    11   0.0687   0.1644   0.0000   0.2286   0.0054   0.1299   0.1359   0.6680   0.5716   0.0306   0.0000   0.0234  -0.1095    0.209
    12   0.0786   0.1880   0.0000   0.2286   0.0053   0.1233   0.1414   0.6343   0.5428   0.0275   0.0000   0.0273  -0.0992    0.200
    13   0.0881   0.2107   0.0000   0.2286   0.0051   0.1148   0.1464   0.5908   0.5055   0.0242   0.0000   0.0311  -0.0871    0.189
    14   0.0970   0.2320   0.0000   0.2286   0.0047   0.1043   0.1504   0.5370   0.4596   0.0206   0.0000   0.0344  -0.0735    0.175
    15   0.1051   0.2514   0.0000   0.2286   0.0042   0.0918   0.1528   0.4732   0.4049   0.0168   0.0000   0.0365  -0.0590    0.160
    16   0.1121   0.2683   0.0000   0.2286   0.0036   0.0776   0.1533   0.3999   0.3422   0.0129   0.0000   0.0366  -0.0445    0.143
    17   0.1180   0.2823   0.0000   0.2286   0.0029   0.0618   0.1518   0.3187   0.2727   0.0089   0.0000   0.0340  -0.0310    0.125
    18   0.1226   0.2932   0.0000   0.2286   0.0021   0.0448   0.1485   0.2315   0.1981   0.0051   0.0000   0.0279  -0.0194    0.109
    19   0.1256   0.3006   0.0000   0.2286   0.0013   0.0271   0.1443   0.1405   0.1202   0.0013   0.0000   0.0185  -0.0103    0.096
    20   0.1272   0.3043   0.0000   0.2286   0.0004   0.0091   0.1419   0.0475   0.0407  -0.0022   0.0000   0.0065  -0.0032    0.091

  Surface # 2     Wing (YDUP)                             
     # Chordwise = 10   # Spanwise = 20     First strip = 21
     Surface area Ssurf =    0.069677     Ave. chord Cave =    0.228600

 Forces referred to Sref, Cref, Bref about Xref, Yref, Zref
 Standard axis orientation,  X fwd, Z down         
     CLsurf  =   0.43450     Clsurf  =   0.09446
     CYsurf  =  -0.01923     Cmsurf  =   0.01223
     CDsurf  =   0.02942     Cnsurf  =   0.01955
     CDisurf =   0.02942     CDvsurf =   0.00000

 Forces referred to Ssurf, Cave 
     CLsurf  =   0.52132     CDsurf  =   0.03530

 Strip Forces referred to Strip Area, Chord
    j     Xle      Yle      Zle      Chord    Area     c_cl     ai     cl_norm    cl       cd       cdv    cm_c/4     cm_LE   C.P.x/c
    21   0.0002  -0.0005   0.0000   0.2286   0.0004   0.1419   0.0921   0.6422   0.5495   0.4613   0.0000  -0.0188   0.1605    0.284
    22   0.0018  -0.0042   0.0000   0.2286   0.0013   0.1420   0.0930   0.7190   0.6153   0.0866   0.0000  -0.0174   0.1593    0.278
    23   0.0048  -0.0116   0.0000   0.2286   0.0021   0.1420   0.0957   0.7238   0.6194   0.0651   0.0000  -0.0135   0.1557    0.272
    24   0.0094  -0.0225   0.0000   0.2286   0.0029   0.1422   0.0996   0.7260   0.6213   0.0582   0.0000  -0.0080   0.1508    0.263
    25   0.0153  -0.0365   0.0000   0.2286   0.0036   0.1423   0.1041   0.7278   0.6228   0.0526   0.0000  -0.0022   0.1457    0.254
    26   0.0223  -0.0534   0.0000   0.2286   0.0042   0.1422   0.1089   0.7283   0.6232   0.0476   0.0000   0.0030   0.1407    0.245
    27   0.0304  -0.0728   0.0000   0.2286   0.0047   0.1417   0.1139   0.7264   0.6216   0.0434   0.0000   0.0077   0.1358    0.238
    28   0.0393  -0.0941   0.0000   0.2286   0.0051   0.1404   0.1191   0.7208   0.6168   0.0397   0.0000   0.0119   0.1307    0.231
    29   0.0488  -0.1168   0.0000   0.2286   0.0053   0.1382   0.1245   0.7100   0.6076   0.0365   0.0000   0.0158   0.1249    0.224
    30   0.0587  -0.1404   0.0000   0.2286   0.0054   0.1348   0.1302   0.6929   0.5929   0.0335   0.0000   0.0196   0.1180    0.217
    31   0.0687  -0.1644   0.0000   0.2286   0.0054   0.1299   0.1359   0.6680   0.5716   0.0306   0.0000   0.0234   0.1095    0.209
    32   0.0786  -0.1880   0.0000   0.2286   0.0053   0.1233   0.1414   0.6343   0.5428   0.0275   0.0000   0.0273   0.0992    0.200
    33   0.0881  -0.2107   0.0000   0.2286   0.0051   0.1148   0.1464   0.5908   0.5055   0.0242   0.0000   0.0311   0.0871    0.189
    34   0.0970  -0.2320   0.0000   0.2286   0.0047   0.1043   0.1504   0.5370   0.4596   0.0206   0.0000   0.0344   0.0735    0.175
    35   0.1051  -0.2514   0.0000   0.2286   0.0042   0.0918   0.1528   0.4732   0.4049   0.0168   0.0000   0.0365   0.0590    0.160
    36   0.1121  -0.2683   0.0000   0.2286   0.0036   0.0776   0.1533   0.3999   0.3422   0.0129   0.0000   0.0366   0.0445    0.143
    37   0.1180  -0.2823   0.0000   0.2286   0.0029   0.0618   0.1518   0.3187   0.2727   0.0089   0.0000   0.0340   0.0310    0.125
    38   0.1226  -0.2932   0.0000   0.2286   0.0021   0.0448   0.1485   0.2315   0.1981   0.0051   0.0000   0.0279   0.0194    0.109
    39   0.1256  -0.3006   0.0000   0.2286   0.0013   0.0271   0.1443   0.1405   0.1202   0.0013   0.0000   0.0185   0.0103    0.096
    40   0.1272  -0.3043   0.0000   0.2286   0.0004   0.0091   0.1419   0.0475   0.0407  -0.0022   0.0000   0.0065   0.0032    0.091
 ---------------------------------------------------------------
