 ---------------------------------------------------------------
 Surface and Strip Forces by surface

  Sref = 0.11380       Cref = 0.16980       Bref = 0.71120    
  Xref = 0.10920       Yref =  0.0000       Zref =  0.0000    

  Surface # 1     Wing                                    
     # Chordwise = 10   # Spanwise = 20     First strip =  1
     Surface area Ssurf =    0.081290     Ave. chord Cave =    0.228600

 Forces referred to Sref, Cref, Bref about Xref, Yref, Zref
 Standard axis orientation,  X fwd, Z down         
     CLsurf  =   0.31919     Clsurf  =  -0.06889
     CYsurf  =   0.00257     Cmsurf  =   0.08478
     CDsurf  =   0.01500     Cnsurf  =  -0.00650
     CDisurf =   0.01500     CDvsurf =   0.00000

 Forces referred to Ssurf, Cave 
     CLsurf  =   0.44685     CDsurf  =   0.02099

 Strip Forces referred to Strip Area, Chord
    j     Xle      Yle      Zle      Chord    Area     c_cl     ai     cl_norm    cl       cd       cdv    cm_c/4     cm_LE   C.P.x/c
     1   0.0001   0.0005   0.0000   0.2286   0.0005   0.1249   0.0803   0.5431   0.5382   0.0966   0.0000   0.0050  -0.1309    0.241
     2   0.0005   0.0049   0.0000   0.2286   0.0015   0.1249   0.0800   0.5517   0.5467   0.0319   0.0000   0.0054  -0.1306    0.240
     3   0.0013   0.0135   0.0000   0.2286   0.0024   0.1248   0.0802   0.5520   0.5470   0.0280   0.0000   0.0064  -0.1295    0.238
     4   0.0025   0.0262   0.0000   0.2286   0.0033   0.1247   0.0809   0.5517   0.5467   0.0264   0.0000   0.0077  -0.1281    0.236
     5   0.0041   0.0426   0.0000   0.2286   0.0041   0.1244   0.0819   0.5506   0.5456   0.0252   0.0000   0.0091  -0.1264    0.233
     6   0.0060   0.0623   0.0000   0.2286   0.0048   0.1238   0.0832   0.5480   0.5430   0.0243   0.0000   0.0104  -0.1244    0.231
     7   0.0082   0.0849   0.0000   0.2286   0.0054   0.1227   0.0849   0.5434   0.5384   0.0236   0.0000   0.0116  -0.1220    0.228
     8   0.0106   0.1098   0.0000   0.2286   0.0059   0.1211   0.0869   0.5359   0.5311   0.0230   0.0000   0.0128  -0.1190    0.226
     9   0.0131   0.1363   0.0000   0.2286   0.0062   0.1185   0.0894   0.5248   0.5201   0.0224   0.0000   0.0141  -0.1151    0.223
    10   0.0158   0.1638   0.0000   0.2286   0.0064   0.1151   0.0922   0.5094   0.5048   0.0219   0.0000   0.0154  -0.1099    0.219
    11   0.0185   0.1918   0.0000   0.2286   0.0064   0.1104   0.0954   0.4888   0.4844   0.0213   0.0000   0.0169  -0.1034    0.215
    12   0.0212   0.2193   0.0000   0.2286   0.0062   0.1045   0.0989   0.4623   0.4582   0.0206   0.0000   0.0186  -0.0952    0.209
    13   0.0237   0.2458   0.0000   0.2286   0.0059   0.0970   0.1023   0.4294   0.4255   0.0196   0.0000   0.0203  -0.0854    0.202
    14   0.0261   0.2707   0.0000   0.2286   0.0054   0.0881   0.1054   0.3897   0.3861   0.0184   0.0000   0.0219  -0.0741    0.193
    15   0.0283   0.2933   0.0000   0.2286   0.0048   0.0775   0.1078   0.3430   0.3399   0.0167   0.0000   0.0230  -0.0615    0.182
    16   0.0302   0.3130   0.0000   0.2286   0.0041   0.0655   0.1089   0.2897   0.2871   0.0145   0.0000   0.0231  -0.0483    0.170
    17   0.0318   0.3294   0.0000   0.2286   0.0033   0.0522   0.1083   0.2307   0.2286   0.0119   0.0000   0.0216  -0.0353    0.156
    18   0.0330   0.3421   0.0000   0.2286   0.0024   0.0378   0.1060   0.1673   0.1658   0.0088   0.0000   0.0180  -0.0233    0.141
    19   0.0338   0.3507   0.0000   0.2286   0.0015   0.0229   0.1022   0.1012   0.1003   0.0052   0.0000   0.0121  -0.0129    0.129
    20   0.0342   0.3551   0.0000   0.2286   0.0005   0.0077   0.0994   0.0339   0.0336   0.0014   0.0000   0.0043  -0.0041    0.122

  Surface # 2     Wing (YDUP)                             
     # Chordwise = 10   # Spanwise = 20     First strip = 21
     Surface area Ssurf =    0.081290     Ave. chord Cave =    0.228600

 Forces referred to Sref, Cref, Bref about Xref, Yref, Zref
 Standard axis orientation,  X fwd, Z down         
     CLsurf  =   0.31919     Clsurf  =   0.06889
     CYsurf  =  -0.00257     Cmsurf  =   0.08478
     CDsurf  =   0.01500     Cnsurf  =   0.00650
     CDisurf =   0.01500     CDvsurf =   0.00000

 Forces referred to Ssurf, Cave 
     CLsurf  =   0.44685     CDsurf  =   0.02099

 Strip Forces referred to Strip Area, Chord
    j     Xle      Yle      Zle      Chord    Area     c_cl     ai     cl_norm    cl       cd       cdv    cm_c/4     cm_LE   C.P.x/c
    21   0.0001  -0.0005   0.0000   0.2286   0.0005   0.1249   0.0803   0.5431   0.5382   0.0966   0.0000   0.0050   0.1309    0.241
    22   0.0005  -0.0049   0.0000   0.2286   0.0015   0.1249   0.0800   0.5517   0.5467   0.0319   0.0000   0.0054   0.1306    0.240
    23   0.0013  -0.0135   0.0000   0.2286   0.0024   0.1248   0.0802   0.5520   0.5470   0.0280   0.0000   0.0064   0.1295    0.238
    24   0.0025  -0.0262   0.0000   0.2286   0.0033   0.1247   0.0809   0.5517   0.5467   0.0264   0.0000   0.0077   0.1281    0.236
    25   0.0041  -0.0426   0.0000   0.2286   0.0041   0.1244   0.0819   0.5506   0.5456   0.0252   0.0000   0.0091   0.1264    0.233
    26   0.0060  -0.0623   0.0000   0.2286   0.0048   0.1238   0.0832   0.5480   0.5430   0.0243   0.0000   0.0104   0.1244    0.231
    27   0.0082  -0.0849   0.0000   0.2286   0.0054   0.1227   0.0849   0.5434   0.5384   0.0236   0.0000   0.0116   0.1220    0.228
    28   0.0106  -0.1098   0.0000   0.2286   0.0059   0.1211   0.0869   0.5359   0.5311   0.0230   0.0000   0.0128   0.1190    0.226
    29   0.0131  -0.1363   0.0000   0.2286   0.0062   0.1185   0.0894   0.5248   0.5201   0.0224   0.0000   0.0141   0.1151    0.223
    30   0.0158  -0.1638   0.0000   0.2286   0.0064   0.1151   0.0922   0.5094   0.5048   0.0219   0.0000   0.0154   0.1099    0.219
    31   0.0185  -0.1918   0.0000   0.2286   0.0064   0.1104   0.0954   0.4888   0.4844   0.0213   0.0000   0.0169   0.1034    0.215
    32   0.0212  -0.2193   0.0000   0.2286   0.0062   0.1045   0.0989   0.4623   0.4582   0.0206   0.0000   0.0186   0.0952    0.209
    33   0.0237  -0.2458   0.0000   0.2286   0.0059   0.0970   0.1023   0.4294   0.4255   0.0196   0.0000   0.0203   0.0854    0.202
    34   0.0261  -0.2707   0.0000   0.2286   0.0054   0.0881   0.1054   0.3897   0.3861   0.0184   0.0000   0.0219   0.0741    0.193
    35   0.0283  -0.2933   0.0000   0.2286   0.0048   0.0775   0.1078   0.3430   0.3399   0.0167   0.0000   0.0230   0.0615    0.182
    36   0.0302  -0.3130   0.0000   0.2286   0.0041   0.0655   0.1089   0.2897   0.2871   0.0145   0.0000   0.0231   0.0483    0.170
    37   0.0318  -0.3294   0.0000   0.2286   0.0033   0.0522   0.1083   0.2307   0.2286   0.0119   0.0000   0.0216   0.0353    0.156
    38   0.0330  -0.3421   0.0000   0.2286   0.0024   0.0378   0.1060   0.1673   0.1658   0.0088   0.0000   0.0180   0.0233    0.141
    39   0.0338  -0.3507   0.0000   0.2286   0.0015   0.0229   0.1022   0.1012   0.1003   0.0052   0.0000   0.0121   0.0129    0.129
    40   0.0342  -0.3551   0.0000   0.2286   0.0005   0.0077   0.0994   0.0339   0.0336   0.0014   0.0000   0.0043   0.0041    0.122
 ---------------------------------------------------------------
