 ---------------------------------------------------------------
 Surface and Strip Forces by surface

  Sref = 0.11560       Cref = 0.16590       Bref = 0.71120    
  Xref = 0.10920       Yref =  0.0000       Zref =  0.0000    

  Surface # 1     Wing                                    
     # Chordwise = 10   # Spanwise = 20     First strip =  1
     Surface area Ssurf =    0.072258     Ave. chord Cave =    0.203200

 Forces referred to Sref, Cref, Bref about Xref, Yref, Zref
 Standard axis orientation,  X fwd, Z down         
     CLsurf  =   0.31422     Clsurf  =  -0.06892
     CYsurf  =   0.00947     Cmsurf  =   0.02537
     CDsurf  =   0.01540     Cnsurf  =  -0.00956
     CDisurf =   0.01540     CDvsurf =   0.00000

 Forces referred to Ssurf, Cave 
     CLsurf  =   0.50270     CDsurf  =   0.02463

 Strip Forces referred to Strip Area, Chord
    j     Xle      Yle      Zle      Chord    Area     c_cl     ai     cl_norm    cl       cd       cdv    cm_c/4     cm_LE   C.P.x/c
     1   0.0002   0.0005   0.0000   0.2032   0.0004   0.1197   0.0625   0.6159   0.5582   0.2587   0.0000  -0.0154  -0.1547    0.278
     2   0.0016   0.0049   0.0000   0.2032   0.0013   0.1197   0.0631   0.6480   0.5873   0.0552   0.0000  -0.0140  -0.1534    0.274
     3   0.0044   0.0135   0.0000   0.2032   0.0022   0.1198   0.0654   0.6503   0.5894   0.0437   0.0000  -0.0101  -0.1498    0.267
     4   0.0085   0.0262   0.0000   0.2032   0.0030   0.1200   0.0687   0.6522   0.5911   0.0387   0.0000  -0.0052  -0.1454    0.259
     5   0.0138   0.0426   0.0000   0.2032   0.0037   0.1202   0.0726   0.6540   0.5928   0.0346   0.0000  -0.0005  -0.1412    0.251
     6   0.0203   0.0623   0.0000   0.2032   0.0043   0.1203   0.0765   0.6550   0.5936   0.0313   0.0000   0.0035  -0.1375    0.244
     7   0.0276   0.0849   0.0000   0.2032   0.0048   0.1201   0.0806   0.6541   0.5928   0.0287   0.0000   0.0067  -0.1341    0.239
     8   0.0357   0.1098   0.0000   0.2032   0.0052   0.1193   0.0848   0.6501   0.5892   0.0267   0.0000   0.0095  -0.1306    0.234
     9   0.0443   0.1363   0.0000   0.2032   0.0055   0.1178   0.0893   0.6420   0.5819   0.0250   0.0000   0.0120  -0.1264    0.229
    10   0.0533   0.1638   0.0000   0.2032   0.0057   0.1153   0.0942   0.6285   0.5696   0.0236   0.0000   0.0145  -0.1211    0.225
    11   0.0623   0.1918   0.0000   0.2032   0.0057   0.1116   0.0995   0.6084   0.5514   0.0222   0.0000   0.0172  -0.1142    0.219
    12   0.0713   0.2193   0.0000   0.2032   0.0055   0.1064   0.1052   0.5806   0.5262   0.0207   0.0000   0.0202  -0.1053    0.212
    13   0.0799   0.2458   0.0000   0.2032   0.0052   0.0997   0.1107   0.5437   0.4928   0.0190   0.0000   0.0235  -0.0943    0.202
    14   0.0880   0.2707   0.0000   0.2032   0.0048   0.0911   0.1158   0.4971   0.4505   0.0170   0.0000   0.0268  -0.0811    0.191
    15   0.0953   0.2933   0.0000   0.2032   0.0043   0.0807   0.1196   0.4403   0.3991   0.0146   0.0000   0.0295  -0.0663    0.176
    16   0.1018   0.3130   0.0000   0.2032   0.0037   0.0685   0.1215   0.3738   0.3387   0.0119   0.0000   0.0309  -0.0508    0.159
    17   0.1071   0.3294   0.0000   0.2032   0.0030   0.0547   0.1210   0.2987   0.2707   0.0090   0.0000   0.0298  -0.0357    0.140
    18   0.1112   0.3421   0.0000   0.2032   0.0022   0.0398   0.1182   0.2171   0.1968   0.0059   0.0000   0.0254  -0.0223    0.121
    19   0.1140   0.3507   0.0000   0.2032   0.0013   0.0241   0.1137   0.1316   0.1193   0.0025   0.0000   0.0173  -0.0117    0.105
    20   0.1154   0.3551   0.0000   0.2032   0.0004   0.0080   0.1104   0.0442   0.0401  -0.0007   0.0000   0.0061  -0.0036    0.097

  Surface # 2     Wing (YDUP)                             
     # Chordwise = 10   # Spanwise = 20     First strip = 21
     Surface area Ssurf =    0.072258     Ave. chord Cave =    0.203200

 Forces referred to Sref, Cref, Bref about Xref, Yref, Zref
 Standard axis orientation,  X fwd, Z down         
     CLsurf  =   0.31422     Clsurf  =   0.06892
     CYsurf  =  -0.00947     Cmsurf  =   0.02537
     CDsurf  =   0.01540     Cnsurf  =   0.00956
     CDisurf =   0.01540     CDvsurf =   0.00000

 Forces referred to Ssurf, Cave 
     CLsurf  =   0.50270     CDsurf  =   0.02463

 Strip Forces referred to Strip Area, Chord
    j     Xle      Yle      Zle      Chord    Area     c_cl     ai     cl_norm    cl       cd       cdv    cm_c/4     cm_LE   C.P.x/c
    21   0.0002  -0.0005   0.0000   0.2032   0.0004   0.1197   0.0625   0.6159   0.5582   0.2587   0.0000  -0.0154   0.1547    0.278
    22   0.0016  -0.0049   0.0000   0.2032   0.0013   0.1197   0.0631   0.6480   0.5873   0.0552   0.0000  -0.0140   0.1534    0.274
    23   0.0044  -0.0135   0.0000   0.2032   0.0022   0.1198   0.0654   0.6503   0.5894   0.0437   0.0000  -0.0101   0.1498    0.267
    24   0.0085  -0.0262   0.0000   0.2032   0.0030   0.1200   0.0687   0.6522   0.5911   0.0387   0.0000  -0.0052   0.1454    0.259
    25   0.0138  -0.0426   0.0000   0.2032   0.0037   0.1202   0.0726   0.6540   0.5928   0.0346   0.0000  -0.0005   0.1412    0.251
    26   0.0203  -0.0623   0.0000   0.2032   0.0043   0.1203   0.0765   0.6550   0.5936   0.0313   0.0000   0.0035   0.1375    0.244
    27   0.0276  -0.0849   0.0000   0.2032   0.0048   0.1201   0.0806   0.6541   0.5928   0.0287   0.0000   0.0067   0.1341    0.239
    28   0.0357  -0.1098   0.0000   0.2032   0.0052   0.1193   0.0848   0.6501   0.5892   0.0267   0.0000   0.0095   0.1306    0.234
    29   0.0443  -0.1363   0.0000   0.2032   0.0055   0.1178   0.0893   0.6420   0.5819   0.0250   0.0000   0.0120   0.1264    0.229
    30   0.0533  -0.1638   0.0000   0.2032   0.0057   0.1153   0.0942   0.6285   0.5696   0.0236   0.0000   0.0145   0.1211    0.225
    31   0.0623  -0.1918   0.0000   0.2032   0.0057   0.1116   0.0995   0.6084   0.5514   0.0222   0.0000   0.0172   0.1142    0.219
    32   0.0713  -0.2193   0.0000   0.2032   0.0055   0.1064   0.1052   0.5806   0.5262   0.0207   0.0000   0.0202   0.1053    0.212
    33   0.0799  -0.2458   0.0000   0.2032   0.0052   0.0997   0.1107   0.5437   0.4928   0.0190   0.0000   0.0235   0.0943    0.202
    34   0.0880  -0.2707   0.0000   0.2032   0.0048   0.0911   0.1158   0.4971   0.4505   0.0170   0.0000   0.0268   0.0811    0.191
    35   0.0953  -0.2933   0.0000   0.2032   0.0043   0.0807   0.1196   0.4403   0.3991   0.0146   0.0000   0.0295   0.0663    0.176
    36   0.1018  -0.3130   0.0000   0.2032   0.0037   0.0685   0.1215   0.3738   0.3387   0.0119   0.0000   0.0309   0.0508    0.159
    37   0.1071  -0.3294   0.0000   0.2032   0.0030   0.0547   0.1210   0.2987   0.2707   0.0090   0.0000   0.0298   0.0357    0.140
    38   0.1112  -0.3421   0.0000   0.2032   0.0022   0.0398   0.1182   0.2171   0.1968   0.0059   0.0000   0.0254   0.0223    0.121
    39   0.1140  -0.3507   0.0000   0.2032   0.0013   0.0241   0.1137   0.1316   0.1193   0.0025   0.0000   0.0173   0.0117    0.105
    40   0.1154  -0.3551   0.0000   0.2032   0.0004   0.0080   0.1104   0.0442   0.0401  -0.0007   0.0000   0.0061   0.0036    0.097
 ---------------------------------------------------------------
