 ---------------------------------------------------------------
 Surface and Strip Forces by surface

  Sref = 0.25550       Cref = 0.27940       Bref = 0.91440    
  Xref = 0.10920       Yref =  0.0000       Zref =  0.0000    

  Surface # 1     Wing                                    
     # Chordwise = 10   # Spanwise = 20     First strip =  1
     Surface area Ssurf =    0.127742     Ave. chord Cave =    0.279400

 Forces referred to Sref, Cref, Bref about Xref, Yref, Zref
 Standard axis orientation,  X fwd, Z down         
     CLsurf  =   0.14217     Clsurf  =  -0.03072
     CYsurf  =   0.00060     Cmsurf  =   0.01683
     CDsurf  =   0.00403     Cnsurf  =  -0.00166
     CDisurf =   0.00403     CDvsurf =   0.00000

 Forces referred to Ssurf, Cave 
     CLsurf  =   0.28436     CDsurf  =   0.00806

 Strip Forces referred to Strip Area, Chord
    j     Xle      Yle      Zle      Chord    Area     c_cl     ai     cl_norm    cl       cd       cdv    cm_c/4     cm_LE   C.P.x/c
     1   0.0001   0.0007   0.0000   0.2794   0.0008   0.0974   0.0492   0.3493   0.3466   0.0376   0.0000   0.0044  -0.0824    0.237
     2   0.0006   0.0063   0.0000   0.2794   0.0023   0.0974   0.0486   0.3512   0.3485   0.0122   0.0000   0.0046  -0.0822    0.237
     3   0.0015   0.0174   0.0000   0.2794   0.0038   0.0973   0.0485   0.3511   0.3485   0.0107   0.0000   0.0053  -0.0815    0.235
     4   0.0029   0.0337   0.0000   0.2794   0.0052   0.0972   0.0487   0.3508   0.3481   0.0101   0.0000   0.0062  -0.0805    0.232
     5   0.0048   0.0548   0.0000   0.2794   0.0065   0.0970   0.0493   0.3499   0.3473   0.0097   0.0000   0.0071  -0.0794    0.230
     6   0.0070   0.0801   0.0000   0.2794   0.0076   0.0965   0.0501   0.3483   0.3456   0.0093   0.0000   0.0079  -0.0781    0.227
     7   0.0096   0.1092   0.0000   0.2794   0.0085   0.0957   0.0511   0.3453   0.3427   0.0090   0.0000   0.0087  -0.0766    0.225
     8   0.0123   0.1411   0.0000   0.2794   0.0093   0.0943   0.0524   0.3406   0.3380   0.0088   0.0000   0.0094  -0.0747    0.222
     9   0.0153   0.1752   0.0000   0.2794   0.0097   0.0924   0.0539   0.3336   0.3310   0.0086   0.0000   0.0101  -0.0723    0.219
    10   0.0184   0.2107   0.0000   0.2794   0.0100   0.0897   0.0557   0.3238   0.3214   0.0085   0.0000   0.0110  -0.0690    0.216
    11   0.0216   0.2465   0.0000   0.2794   0.0100   0.0861   0.0577   0.3108   0.3085   0.0082   0.0000   0.0119  -0.0649    0.211
    12   0.0247   0.2820   0.0000   0.2794   0.0097   0.0815   0.0599   0.2940   0.2918   0.0080   0.0000   0.0130  -0.0596    0.205
    13   0.0277   0.3161   0.0000   0.2794   0.0093   0.0757   0.0620   0.2731   0.2710   0.0076   0.0000   0.0142  -0.0533    0.198
    14   0.0304   0.3480   0.0000   0.2794   0.0085   0.0686   0.0639   0.2477   0.2458   0.0071   0.0000   0.0153  -0.0459    0.188
    15   0.0330   0.3771   0.0000   0.2794   0.0076   0.0603   0.0650   0.2177   0.2160   0.0064   0.0000   0.0162  -0.0377    0.175
    16   0.0352   0.4024   0.0000   0.2794   0.0065   0.0508   0.0650   0.1834   0.1821   0.0055   0.0000   0.0164  -0.0290    0.160
    17   0.0371   0.4235   0.0000   0.2794   0.0052   0.0403   0.0635   0.1455   0.1444   0.0044   0.0000   0.0155  -0.0205    0.143
    18   0.0385   0.4398   0.0000   0.2794   0.0038   0.0291   0.0603   0.1051   0.1043   0.0031   0.0000   0.0131  -0.0129    0.125
    19   0.0394   0.4509   0.0000   0.2794   0.0023   0.0175   0.0558   0.0632   0.0627   0.0017   0.0000   0.0089  -0.0068    0.109
    20   0.0399   0.4565   0.0000   0.2794   0.0008   0.0058   0.0524   0.0211   0.0209   0.0003   0.0000   0.0032  -0.0021    0.099

  Surface # 2     Wing (YDUP)                             
     # Chordwise = 10   # Spanwise = 20     First strip = 21
     Surface area Ssurf =    0.127742     Ave. chord Cave =    0.279400

 Forces referred to Sref, Cref, Bref about Xref, Yref, Zref
 Standard axis orientation,  X fwd, Z down         
     CLsurf  =   0.14217     Clsurf  =   0.03072
     CYsurf  =  -0.00060     Cmsurf  =   0.01683
     CDsurf  =   0.00403     Cnsurf  =   0.00166
     CDisurf =   0.00403     CDvsurf =   0.00000

 Forces referred to Ssurf, Cave 
     CLsurf  =   0.28436     CDsurf  =   0.00806

 Strip Forces referred to Strip Area, Chord
    j     Xle      Yle      Zle      Chord    Area     c_cl     ai     cl_norm    cl       cd       cdv    cm_c/4     cm_LE   C.P.x/c
    21   0.0001  -0.0007   0.0000   0.2794   0.0008   0.0974   0.0492   0.3493   0.3466   0.0376   0.0000   0.0044   0.0824    0.237
    22   0.0006  -0.0063   0.0000   0.2794   0.0023   0.0974   0.0486   0.3512   0.3485   0.0122   0.0000   0.0046   0.0822    0.237
    23   0.0015  -0.0174   0.0000   0.2794   0.0038   0.0973   0.0485   0.3511   0.3485   0.0107   0.0000   0.0053   0.0815    0.235
    24   0.0029  -0.0337   0.0000   0.2794   0.0052   0.0972   0.0487   0.3508   0.3481   0.0101   0.0000   0.0062   0.0805    0.232
    25   0.0048  -0.0548   0.0000   0.2794   0.0065   0.0970   0.0493   0.3499   0.3473   0.0097   0.0000   0.0071   0.0794    0.230
    26   0.0070  -0.0801   0.0000   0.2794   0.0076   0.0965   0.0501   0.3483   0.3456   0.0093   0.0000   0.0079   0.0781    0.227
    27   0.0096  -0.1092   0.0000   0.2794   0.0085   0.0957   0.0511   0.3453   0.3427   0.0090   0.0000   0.0087   0.0766    0.225
    28   0.0123  -0.1411   0.0000   0.2794   0.0093   0.0943   0.0524   0.3406   0.3380   0.0088   0.0000   0.0094   0.0747    0.222
    29   0.0153  -0.1752   0.0000   0.2794   0.0097   0.0924   0.0539   0.3336   0.3310   0.0086   0.0000   0.0101   0.0723    0.219
    30   0.0184  -0.2107   0.0000   0.2794   0.0100   0.0897   0.0557   0.3238   0.3214   0.0085   0.0000   0.0110   0.0690    0.216
    31   0.0216  -0.2465   0.0000   0.2794   0.0100   0.0861   0.0577   0.3108   0.3085   0.0082   0.0000   0.0119   0.0649    0.211
    32   0.0247  -0.2820   0.0000   0.2794   0.0097   0.0815   0.0599   0.2940   0.2918   0.0080   0.0000   0.0130   0.0596    0.205
    33   0.0277  -0.3161   0.0000   0.2794   0.0093   0.0757   0.0620   0.2731   0.2710   0.0076   0.0000   0.0142   0.0533    0.198
    34   0.0304  -0.3480   0.0000   0.2794   0.0085   0.0686   0.0639   0.2477   0.2458   0.0071   0.0000   0.0153   0.0459    0.188
    35   0.0330  -0.3771   0.0000   0.2794   0.0076   0.0603   0.0650   0.2177   0.2160   0.0064   0.0000   0.0162   0.0377    0.175
    36   0.0352  -0.4024   0.0000   0.2794   0.0065   0.0508   0.0650   0.1834   0.1821   0.0055   0.0000   0.0164   0.0290    0.160
    37   0.0371  -0.4235   0.0000   0.2794   0.0052   0.0403   0.0635   0.1455   0.1444   0.0044   0.0000   0.0155   0.0205    0.143
    38   0.0385  -0.4398   0.0000   0.2794   0.0038   0.0291   0.0603   0.1051   0.1043   0.0031   0.0000   0.0131   0.0129    0.125
    39   0.0394  -0.4509   0.0000   0.2794   0.0023   0.0175   0.0558   0.0632   0.0627   0.0017   0.0000   0.0089   0.0068    0.109
    40   0.0399  -0.4565   0.0000   0.2794   0.0008   0.0058   0.0524   0.0211   0.0209   0.0003   0.0000   0.0032   0.0021    0.099
 ---------------------------------------------------------------
