 ---------------------------------------------------------------
 Surface and Strip Forces by surface

  Sref = 0.14450       Cref = 0.18870       Bref = 0.81280    
  Xref = 0.10920       Yref =  0.0000       Zref =  0.0000    

  Surface # 1     Wing                                    
     # Chordwise = 10   # Spanwise = 20     First strip =  1
     Surface area Ssurf =    0.103226     Ave. chord Cave =    0.254000

 Forces referred to Sref, Cref, Bref about Xref, Yref, Zref
 Standard axis orientation,  X fwd, Z down         
     CLsurf  =   0.25138     Clsurf  =  -0.05501
     CYsurf  =   0.00570     Cmsurf  =  -0.01324
     CDsurf  =   0.00950     Cnsurf  =  -0.00590
     CDisurf =   0.00950     CDvsurf =   0.00000

 Forces referred to Ssurf, Cave 
     CLsurf  =   0.35189     CDsurf  =   0.01330

 Strip Forces referred to Strip Area, Chord
    j     Xle      Yle      Zle      Chord    Area     c_cl     ai     cl_norm    cl       cd       cdv    cm_c/4     cm_LE   C.P.x/c
     1   0.0002   0.0006   0.0000   0.2540   0.0006   0.1058   0.0517   0.4540   0.4020   0.1645   0.0000  -0.0119  -0.1091    0.280
     2   0.0020   0.0056   0.0000   0.2540   0.0019   0.1058   0.0506   0.4691   0.4154   0.0315   0.0000  -0.0108  -0.1081    0.276
     3   0.0056   0.0155   0.0000   0.2540   0.0031   0.1058   0.0515   0.4701   0.4163   0.0243   0.0000  -0.0079  -0.1053    0.269
     4   0.0108   0.0299   0.0000   0.2540   0.0042   0.1059   0.0535   0.4709   0.4170   0.0217   0.0000  -0.0040  -0.1018    0.260
     5   0.0176   0.0487   0.0000   0.2540   0.0053   0.1061   0.0562   0.4717   0.4177   0.0194   0.0000  -0.0002  -0.0984    0.251
     6   0.0258   0.0712   0.0000   0.2540   0.0062   0.1061   0.0591   0.4720   0.4179   0.0175   0.0000   0.0031  -0.0953    0.243
     7   0.0351   0.0970   0.0000   0.2540   0.0069   0.1058   0.0622   0.4709   0.4170   0.0159   0.0000   0.0058  -0.0924    0.236
     8   0.0454   0.1254   0.0000   0.2540   0.0075   0.1050   0.0654   0.4677   0.4141   0.0147   0.0000   0.0082  -0.0895    0.230
     9   0.0563   0.1558   0.0000   0.2540   0.0079   0.1036   0.0688   0.4614   0.4085   0.0136   0.0000   0.0103  -0.0862    0.225
    10   0.0677   0.1873   0.0000   0.2540   0.0081   0.1013   0.0725   0.4511   0.3994   0.0126   0.0000   0.0124  -0.0821    0.219
    11   0.0793   0.2191   0.0000   0.2540   0.0081   0.0979   0.0763   0.4360   0.3860   0.0117   0.0000   0.0146  -0.0768    0.212
    12   0.0907   0.2506   0.0000   0.2540   0.0079   0.0932   0.0802   0.4151   0.3676   0.0107   0.0000   0.0170  -0.0702    0.204
    13   0.1016   0.2810   0.0000   0.2540   0.0075   0.0870   0.0839   0.3877   0.3433   0.0096   0.0000   0.0196  -0.0621    0.193
    14   0.1119   0.3094   0.0000   0.2540   0.0069   0.0793   0.0869   0.3533   0.3128   0.0084   0.0000   0.0221  -0.0526    0.179
    15   0.1212   0.3352   0.0000   0.2540   0.0062   0.0699   0.0887   0.3117   0.2760   0.0069   0.0000   0.0240  -0.0421    0.163
    16   0.1294   0.3577   0.0000   0.2540   0.0053   0.0591   0.0888   0.2634   0.2332   0.0054   0.0000   0.0249  -0.0313    0.143
    17   0.1362   0.3765   0.0000   0.2540   0.0042   0.0470   0.0869   0.2095   0.1855   0.0038   0.0000   0.0238  -0.0211    0.122
    18   0.1414   0.3909   0.0000   0.2540   0.0031   0.0340   0.0830   0.1516   0.1342   0.0021   0.0000   0.0201  -0.0126    0.100
    19   0.1450   0.4008   0.0000   0.2540   0.0019   0.0205   0.0779   0.0915   0.0810   0.0004   0.0000   0.0136  -0.0062    0.083
    20   0.1468   0.4058   0.0000   0.2540   0.0006   0.0068   0.0746   0.0306   0.0271  -0.0010   0.0000   0.0048  -0.0018    0.073

  Surface # 2     Wing (YDUP)                             
     # Chordwise = 10   # Spanwise = 20     First strip = 21
     Surface area Ssurf =    0.103226     Ave. chord Cave =    0.254000

 Forces referred to Sref, Cref, Bref about Xref, Yref, Zref
 Standard axis orientation,  X fwd, Z down         
     CLsurf  =   0.25138     Clsurf  =   0.05501
     CYsurf  =  -0.00570     Cmsurf  =  -0.01324
     CDsurf  =   0.00950     Cnsurf  =   0.00590
     CDisurf =   0.00950     CDvsurf =   0.00000

 Forces referred to Ssurf, Cave 
     CLsurf  =   0.35189     CDsurf  =   0.01330

 Strip Forces referred to Strip Area, Chord
    j     Xle      Yle      Zle      Chord    Area     c_cl     ai     cl_norm    cl       cd       cdv    cm_c/4     cm_LE   C.P.x/c
    21   0.0002  -0.0006   0.0000   0.2540   0.0006   0.1058   0.0517   0.4540   0.4020   0.1645   0.0000  -0.0119   0.1091    0.280
    22   0.0020  -0.0056   0.0000   0.2540   0.0019   0.1058   0.0506   0.4691   0.4154   0.0315   0.0000  -0.0108   0.1081    0.276
    23   0.0056  -0.0155   0.0000   0.2540   0.0031   0.1058   0.0515   0.4701   0.4163   0.0243   0.0000  -0.0079   0.1053    0.269
    24   0.0108  -0.0299   0.0000   0.2540   0.0042   0.1059   0.0535   0.4709   0.4170   0.0217   0.0000  -0.0040   0.1018    0.260
    25   0.0176  -0.0487   0.0000   0.2540   0.0053   0.1061   0.0562   0.4717   0.4177   0.0194   0.0000  -0.0002   0.0984    0.251
    26   0.0258  -0.0712   0.0000   0.2540   0.0062   0.1061   0.0591   0.4720   0.4179   0.0175   0.0000   0.0031   0.0953    0.243
    27   0.0351  -0.0970   0.0000   0.2540   0.0069   0.1058   0.0622   0.4709   0.4170   0.0159   0.0000   0.0058   0.0924    0.236
    28   0.0454  -0.1254   0.0000   0.2540   0.0075   0.1050   0.0654   0.4677   0.4141   0.0147   0.0000   0.0082   0.0895    0.230
    29   0.0563  -0.1558   0.0000   0.2540   0.0079   0.1036   0.0688   0.4614   0.4085   0.0136   0.0000   0.0103   0.0862    0.225
    30   0.0677  -0.1873   0.0000   0.2540   0.0081   0.1013   0.0725   0.4511   0.3994   0.0126   0.0000   0.0124   0.0821    0.219
    31   0.0793  -0.2191   0.0000   0.2540   0.0081   0.0979   0.0763   0.4360   0.3860   0.0117   0.0000   0.0146   0.0768    0.212
    32   0.0907  -0.2506   0.0000   0.2540   0.0079   0.0932   0.0802   0.4151   0.3676   0.0107   0.0000   0.0170   0.0702    0.204
    33   0.1016  -0.2810   0.0000   0.2540   0.0075   0.0870   0.0839   0.3877   0.3433   0.0096   0.0000   0.0196   0.0621    0.193
    34   0.1119  -0.3094   0.0000   0.2540   0.0069   0.0793   0.0869   0.3533   0.3128   0.0084   0.0000   0.0221   0.0526    0.179
    35   0.1212  -0.3352   0.0000   0.2540   0.0062   0.0699   0.0887   0.3117   0.2760   0.0069   0.0000   0.0240   0.0421    0.163
    36   0.1294  -0.3577   0.0000   0.2540   0.0053   0.0591   0.0888   0.2634   0.2332   0.0054   0.0000   0.0249   0.0313    0.143
    37   0.1362  -0.3765   0.0000   0.2540   0.0042   0.0470   0.0869   0.2095   0.1855   0.0038   0.0000   0.0238   0.0211    0.122
    38   0.1414  -0.3909   0.0000   0.2540   0.0031   0.0340   0.0830   0.1516   0.1342   0.0021   0.0000   0.0201   0.0126    0.100
    39   0.1450  -0.4008   0.0000   0.2540   0.0019   0.0205   0.0779   0.0915   0.0810   0.0004   0.0000   0.0136   0.0062    0.083
    40   0.1468  -0.4058   0.0000   0.2540   0.0006   0.0068   0.0746   0.0306   0.0271  -0.0010   0.0000   0.0048   0.0018    0.073
 ---------------------------------------------------------------
