 ---------------------------------------------------------------
 Surface and Strip Forces by surface

  Sref = 0.12540       Cref = 0.20660       Bref = 0.60960    
  Xref = 0.10920       Yref =  0.0000       Zref =  0.0000    

  Surface # 1     Wing                                    
     # Chordwise = 10   # Spanwise = 20     First strip =  1
     Surface area Ssurf =    0.069677     Ave. chord Cave =    0.228600

 Forces referred to Sref, Cref, Bref about Xref, Yref, Zref
 Standard axis orientation,  X fwd, Z down         
     CLsurf  =   0.28967     Clsurf  =  -0.06224
     CYsurf  =   0.00381     Cmsurf  =   0.06200
     CDsurf  =   0.01868     Cnsurf  =  -0.00802
     CDisurf =   0.01868     CDvsurf =   0.00000

 Forces referred to Ssurf, Cave 
     CLsurf  =   0.52132     CDsurf  =   0.03362

 Strip Forces referred to Strip Area, Chord
    j     Xle      Yle      Zle      Chord    Area     c_cl     ai     cl_norm    cl       cd       cdv    cm_c/4     cm_LE   C.P.x/c
     1   0.0001   0.0005   0.0000   0.2286   0.0004   0.1464   0.1116   0.6267   0.6174   0.1881   0.0000   0.0060  -0.1529    0.240
     2   0.0005   0.0042   0.0000   0.2286   0.0013   0.1464   0.1114   0.6498   0.6401   0.0552   0.0000   0.0064  -0.1525    0.240
     3   0.0015   0.0116   0.0000   0.2286   0.0021   0.1463   0.1118   0.6511   0.6413   0.0469   0.0000   0.0077  -0.1512    0.238
     4   0.0028   0.0225   0.0000   0.2286   0.0029   0.1462   0.1127   0.6509   0.6412   0.0440   0.0000   0.0094  -0.1492    0.235
     5   0.0046   0.0365   0.0000   0.2286   0.0036   0.1458   0.1140   0.6496   0.6399   0.0418   0.0000   0.0114  -0.1469    0.232
     6   0.0067   0.0534   0.0000   0.2286   0.0042   0.1450   0.1157   0.6465   0.6369   0.0401   0.0000   0.0133  -0.1442    0.229
     7   0.0091   0.0728   0.0000   0.2286   0.0047   0.1437   0.1179   0.6408   0.6312   0.0386   0.0000   0.0151  -0.1410    0.226
     8   0.0118   0.0941   0.0000   0.2286   0.0051   0.1416   0.1204   0.6315   0.6221   0.0373   0.0000   0.0168  -0.1370    0.223
     9   0.0146   0.1168   0.0000   0.2286   0.0053   0.1385   0.1233   0.6178   0.6086   0.0361   0.0000   0.0186  -0.1319    0.219
    10   0.0176   0.1404   0.0000   0.2286   0.0054   0.1342   0.1266   0.5987   0.5898   0.0349   0.0000   0.0204  -0.1254    0.215
    11   0.0205   0.1644   0.0000   0.2286   0.0054   0.1286   0.1302   0.5734   0.5649   0.0336   0.0000   0.0224  -0.1173    0.210
    12   0.0235   0.1880   0.0000   0.2286   0.0053   0.1214   0.1340   0.5412   0.5331   0.0320   0.0000   0.0244  -0.1075    0.204
    13   0.0263   0.2107   0.0000   0.2286   0.0051   0.1125   0.1376   0.5015   0.4940   0.0301   0.0000   0.0264  -0.0959    0.197
    14   0.0290   0.2320   0.0000   0.2286   0.0047   0.1018   0.1408   0.4539   0.4471   0.0278   0.0000   0.0279  -0.0828    0.188
    15   0.0314   0.2514   0.0000   0.2286   0.0042   0.0894   0.1431   0.3987   0.3927   0.0249   0.0000   0.0287  -0.0686    0.177
    16   0.0335   0.2683   0.0000   0.2286   0.0036   0.0755   0.1441   0.3362   0.3312   0.0215   0.0000   0.0282  -0.0539    0.165
    17   0.0353   0.2823   0.0000   0.2286   0.0029   0.0601   0.1435   0.2675   0.2635   0.0175   0.0000   0.0258  -0.0396    0.152
    18   0.0366   0.2932   0.0000   0.2286   0.0021   0.0436   0.1413   0.1941   0.1912   0.0129   0.0000   0.0210  -0.0264    0.140
    19   0.0376   0.3006   0.0000   0.2286   0.0013   0.0264   0.1380   0.1176   0.1158   0.0075   0.0000   0.0139  -0.0148    0.130
    20   0.0380   0.3043   0.0000   0.2286   0.0004   0.0088   0.1357   0.0395   0.0389   0.0019   0.0000   0.0049  -0.0047    0.124

  Surface # 2     Wing (YDUP)                             
     # Chordwise = 10   # Spanwise = 20     First strip = 21
     Surface area Ssurf =    0.069677     Ave. chord Cave =    0.228600

 Forces referred to Sref, Cref, Bref about Xref, Yref, Zref
 Standard axis orientation,  X fwd, Z down         
     CLsurf  =   0.28967     Clsurf  =   0.06224
     CYsurf  =  -0.00381     Cmsurf  =   0.06200
     CDsurf  =   0.01868     Cnsurf  =   0.00802
     CDisurf =   0.01868     CDvsurf =   0.00000

 Forces referred to Ssurf, Cave 
     CLsurf  =   0.52132     CDsurf  =   0.03362

 Strip Forces referred to Strip Area, Chord
    j     Xle      Yle      Zle      Chord    Area     c_cl     ai     cl_norm    cl       cd       cdv    cm_c/4     cm_LE   C.P.x/c
    21   0.0001  -0.0005   0.0000   0.2286   0.0004   0.1464   0.1116   0.6267   0.6174   0.1881   0.0000   0.0060   0.1529    0.240
    22   0.0005  -0.0042   0.0000   0.2286   0.0013   0.1464   0.1114   0.6498   0.6401   0.0552   0.0000   0.0064   0.1525    0.240
    23   0.0015  -0.0116   0.0000   0.2286   0.0021   0.1463   0.1118   0.6511   0.6413   0.0469   0.0000   0.0077   0.1512    0.238
    24   0.0028  -0.0225   0.0000   0.2286   0.0029   0.1462   0.1127   0.6509   0.6412   0.0440   0.0000   0.0094   0.1492    0.235
    25   0.0046  -0.0365   0.0000   0.2286   0.0036   0.1458   0.1140   0.6496   0.6399   0.0418   0.0000   0.0114   0.1469    0.232
    26   0.0067  -0.0534   0.0000   0.2286   0.0042   0.1450   0.1157   0.6465   0.6369   0.0401   0.0000   0.0133   0.1442    0.229
    27   0.0091  -0.0728   0.0000   0.2286   0.0047   0.1437   0.1179   0.6408   0.6312   0.0386   0.0000   0.0151   0.1410    0.226
    28   0.0118  -0.0941   0.0000   0.2286   0.0051   0.1416   0.1204   0.6315   0.6221   0.0373   0.0000   0.0168   0.1370    0.223
    29   0.0146  -0.1168   0.0000   0.2286   0.0053   0.1385   0.1233   0.6178   0.6086   0.0361   0.0000   0.0186   0.1319    0.219
    30   0.0176  -0.1404   0.0000   0.2286   0.0054   0.1342   0.1266   0.5987   0.5898   0.0349   0.0000   0.0204   0.1254    0.215
    31   0.0205  -0.1644   0.0000   0.2286   0.0054   0.1286   0.1302   0.5734   0.5649   0.0336   0.0000   0.0224   0.1173    0.210
    32   0.0235  -0.1880   0.0000   0.2286   0.0053   0.1214   0.1340   0.5412   0.5331   0.0320   0.0000   0.0244   0.1075    0.204
    33   0.0263  -0.2107   0.0000   0.2286   0.0051   0.1125   0.1376   0.5015   0.4940   0.0301   0.0000   0.0264   0.0959    0.197
    34   0.0290  -0.2320   0.0000   0.2286   0.0047   0.1018   0.1408   0.4539   0.4471   0.0278   0.0000   0.0279   0.0828    0.188
    35   0.0314  -0.2514   0.0000   0.2286   0.0042   0.0894   0.1431   0.3987   0.3927   0.0249   0.0000   0.0287   0.0686    0.177
    36   0.0335  -0.2683   0.0000   0.2286   0.0036   0.0755   0.1441   0.3362   0.3312   0.0215   0.0000   0.0282   0.0539    0.165
    37   0.0353  -0.2823   0.0000   0.2286   0.0029   0.0601   0.1435   0.2675   0.2635   0.0175   0.0000   0.0258   0.0396    0.152
    38   0.0366  -0.2932   0.0000   0.2286   0.0021   0.0436   0.1413   0.1941   0.1912   0.0129   0.0000   0.0210   0.0264    0.140
    39   0.0376  -0.3006   0.0000   0.2286   0.0013   0.0264   0.1380   0.1176   0.1158   0.0075   0.0000   0.0139   0.0148    0.130
    40   0.0380  -0.3043   0.0000   0.2286   0.0004   0.0088   0.1357   0.0395   0.0389   0.0019   0.0000   0.0049   0.0047    0.124
 ---------------------------------------------------------------
