 ---------------------------------------------------------------
 Surface and Strip Forces by surface

  Sref = 0.14860       Cref = 0.24890       Bref = 0.60960    
  Xref = 0.10920       Yref =  0.0000       Zref =  0.0000    

  Surface # 1     Wing                                    
     # Chordwise = 10   # Spanwise = 20     First strip =  1
     Surface area Ssurf =    0.092903     Ave. chord Cave =    0.304800

 Forces referred to Sref, Cref, Bref about Xref, Yref, Zref
 Standard axis orientation,  X fwd, Z down         
     CLsurf  =   0.24444     Clsurf  =  -0.05260
     CYsurf  =   0.00961     Cmsurf  =  -0.01323
     CDsurf  =   0.01675     Cnsurf  =  -0.01188
     CDisurf =   0.01675     CDvsurf =   0.00000

 Forces referred to Ssurf, Cave 
     CLsurf  =   0.39099     CDsurf  =   0.02680

 Strip Forces referred to Strip Area, Chord
    j     Xle      Yle      Zle      Chord    Area     c_cl     ai     cl_norm    cl       cd       cdv    cm_c/4     cm_LE   C.P.x/c
     1   0.0002   0.0005   0.0000   0.3048   0.0006   0.1461   0.1082   0.5081   0.4202   0.4197   0.0000  -0.0107  -0.1184    0.275
     2   0.0020   0.0042   0.0000   0.3048   0.0017   0.1461   0.1070   0.5732   0.4741   0.0705   0.0000  -0.0099  -0.1177    0.271
     3   0.0054   0.0116   0.0000   0.3048   0.0028   0.1461   0.1075   0.5771   0.4773   0.0492   0.0000  -0.0073  -0.1153    0.265
     4   0.0104   0.0225   0.0000   0.3048   0.0038   0.1460   0.1093   0.5778   0.4779   0.0441   0.0000  -0.0034  -0.1117    0.257
     5   0.0169   0.0365   0.0000   0.3048   0.0047   0.1458   0.1119   0.5777   0.4777   0.0405   0.0000   0.0011  -0.1075    0.248
     6   0.0248   0.0534   0.0000   0.3048   0.0055   0.1453   0.1151   0.5762   0.4765   0.0370   0.0000   0.0056  -0.1030    0.238
     7   0.0338   0.0728   0.0000   0.3048   0.0062   0.1442   0.1186   0.5725   0.4735   0.0338   0.0000   0.0098  -0.0984    0.229
     8   0.0436   0.0941   0.0000   0.3048   0.0067   0.1423   0.1223   0.5656   0.4677   0.0308   0.0000   0.0138  -0.0934    0.221
     9   0.0542   0.1168   0.0000   0.3048   0.0071   0.1394   0.1260   0.5544   0.4585   0.0280   0.0000   0.0175  -0.0879    0.212
    10   0.0652   0.1404   0.0000   0.3048   0.0073   0.1352   0.1298   0.5380   0.4449   0.0253   0.0000   0.0210  -0.0815    0.203
    11   0.0762   0.1644   0.0000   0.3048   0.0073   0.1295   0.1333   0.5155   0.4263   0.0226   0.0000   0.0244  -0.0742    0.193
    12   0.0872   0.1880   0.0000   0.3048   0.0071   0.1221   0.1363   0.4863   0.4021   0.0198   0.0000   0.0276  -0.0658    0.181
    13   0.0978   0.2107   0.0000   0.3048   0.0067   0.1129   0.1386   0.4498   0.3720   0.0169   0.0000   0.0303  -0.0565    0.169
    14   0.1076   0.2320   0.0000   0.3048   0.0062   0.1018   0.1399   0.4062   0.3359   0.0139   0.0000   0.0322  -0.0466    0.154
    15   0.1166   0.2514   0.0000   0.3048   0.0055   0.0891   0.1399   0.3556   0.2941   0.0109   0.0000   0.0328  -0.0365    0.138
    16   0.1245   0.2683   0.0000   0.3048   0.0047   0.0748   0.1384   0.2989   0.2472   0.0080   0.0000   0.0317  -0.0269    0.122
    17   0.1310   0.2823   0.0000   0.3048   0.0038   0.0593   0.1356   0.2372   0.1961   0.0051   0.0000   0.0284  -0.0184    0.105
    18   0.1360   0.2932   0.0000   0.3048   0.0028   0.0429   0.1319   0.1718   0.1421   0.0024   0.0000   0.0227  -0.0113    0.090
    19   0.1394   0.3006   0.0000   0.3048   0.0017   0.0259   0.1279   0.1041   0.0861  -0.0003   0.0000   0.0147  -0.0060    0.079
    20   0.1412   0.3043   0.0000   0.3048   0.0006   0.0087   0.1261   0.0352   0.0291  -0.0022   0.0000   0.0051  -0.0018    0.076

  Surface # 2     Wing (YDUP)                             
     # Chordwise = 10   # Spanwise = 20     First strip = 21
     Surface area Ssurf =    0.092903     Ave. chord Cave =    0.304800

 Forces referred to Sref, Cref, Bref about Xref, Yref, Zref
 Standard axis orientation,  X fwd, Z down         
     CLsurf  =   0.24444     Clsurf  =   0.05260
     CYsurf  =  -0.00961     Cmsurf  =  -0.01323
     CDsurf  =   0.01675     Cnsurf  =   0.01188
     CDisurf =   0.01675     CDvsurf =   0.00000

 Forces referred to Ssurf, Cave 
     CLsurf  =   0.39099     CDsurf  =   0.02680

 Strip Forces referred to Strip Area, Chord
    j     Xle      Yle      Zle      Chord    Area     c_cl     ai     cl_norm    cl       cd       cdv    cm_c/4     cm_LE   C.P.x/c
    21   0.0002  -0.0005   0.0000   0.3048   0.0006   0.1461   0.1082   0.5081   0.4202   0.4197   0.0000  -0.0107   0.1184    0.275
    22   0.0020  -0.0042   0.0000   0.3048   0.0017   0.1461   0.1070   0.5732   0.4741   0.0705   0.0000  -0.0099   0.1177    0.271
    23   0.0054  -0.0116   0.0000   0.3048   0.0028   0.1461   0.1075   0.5771   0.4773   0.0492   0.0000  -0.0073   0.1153    0.265
    24   0.0104  -0.0225   0.0000   0.3048   0.0038   0.1460   0.1093   0.5778   0.4779   0.0441   0.0000  -0.0034   0.1117    0.257
    25   0.0169  -0.0365   0.0000   0.3048   0.0047   0.1458   0.1119   0.5777   0.4777   0.0405   0.0000   0.0011   0.1075    0.248
    26   0.0248  -0.0534   0.0000   0.3048   0.0055   0.1453   0.1151   0.5762   0.4765   0.0370   0.0000   0.0056   0.1030    0.238
    27   0.0338  -0.0728   0.0000   0.3048   0.0062   0.1442   0.1186   0.5725   0.4735   0.0338   0.0000   0.0098   0.0984    0.229
    28   0.0436  -0.0941   0.0000   0.3048   0.0067   0.1423   0.1223   0.5656   0.4677   0.0308   0.0000   0.0138   0.0934    0.221
    29   0.0542  -0.1168   0.0000   0.3048   0.0071   0.1394   0.1260   0.5544   0.4585   0.0280   0.0000   0.0175   0.0879    0.212
    30   0.0652  -0.1404   0.0000   0.3048   0.0073   0.1352   0.1298   0.5380   0.4449   0.0253   0.0000   0.0210   0.0815    0.203
    31   0.0762  -0.1644   0.0000   0.3048   0.0073   0.1295   0.1333   0.5155   0.4263   0.0226   0.0000   0.0244   0.0742    0.193
    32   0.0872  -0.1880   0.0000   0.3048   0.0071   0.1221   0.1363   0.4863   0.4021   0.0198   0.0000   0.0276   0.0658    0.181
    33   0.0978  -0.2107   0.0000   0.3048   0.0067   0.1129   0.1386   0.4498   0.3720   0.0169   0.0000   0.0303   0.0565    0.169
    34   0.1076  -0.2320   0.0000   0.3048   0.0062   0.1018   0.1399   0.4062   0.3359   0.0139   0.0000   0.0322   0.0466    0.154
    35   0.1166  -0.2514   0.0000   0.3048   0.0055   0.0891   0.1399   0.3556   0.2941   0.0109   0.0000   0.0328   0.0365    0.138
    36   0.1245  -0.2683   0.0000   0.3048   0.0047   0.0748   0.1384   0.2989   0.2472   0.0080   0.0000   0.0317   0.0269    0.122
    37   0.1310  -0.2823   0.0000   0.3048   0.0038   0.0593   0.1356   0.2372   0.1961   0.0051   0.0000   0.0284   0.0184    0.105
    38   0.1360  -0.2932   0.0000   0.3048   0.0028   0.0429   0.1319   0.1718   0.1421   0.0024   0.0000   0.0227   0.0113    0.090
    39   0.1394  -0.3006   0.0000   0.3048   0.0017   0.0259   0.1279   0.1041   0.0861  -0.0003   0.0000   0.0147   0.0060    0.079
    40   0.1412  -0.3043   0.0000   0.3048   0.0006   0.0087   0.1261   0.0352   0.0291  -0.0022   0.0000   0.0051   0.0018    0.076
 ---------------------------------------------------------------
