 ---------------------------------------------------------------
 Surface and Strip Forces by surface

  Sref = 0.14860       Cref = 0.16590       Bref = 0.91440    
  Xref = 0.10920       Yref =  0.0000       Zref =  0.0000    

  Surface # 1     Wing                                    
     # Chordwise = 10   # Spanwise = 20     First strip =  1
     Surface area Ssurf =    0.092903     Ave. chord Cave =    0.203200

 Forces referred to Sref, Cref, Bref about Xref, Yref, Zref
 Standard axis orientation,  X fwd, Z down         
     CLsurf  =   0.24444     Clsurf  =  -0.05467
     CYsurf  =   0.00663     Cmsurf  =  -0.02963
     CDsurf  =   0.00738     Cnsurf  =  -0.00557
     CDisurf =   0.00738     CDvsurf =   0.00000

 Forces referred to Ssurf, Cave 
     CLsurf  =   0.39099     CDsurf  =   0.01180

 Strip Forces referred to Strip Area, Chord
    j     Xle      Yle      Zle      Chord    Area     c_cl     ai     cl_norm    cl       cd       cdv    cm_c/4     cm_LE   C.P.x/c
     1   0.0003   0.0007   0.0000   0.2032   0.0006   0.0893   0.0281   0.4987   0.4281   0.1398   0.0000  -0.0187  -0.1190    0.294
     2   0.0026   0.0063   0.0000   0.2032   0.0017   0.0893   0.0282   0.5113   0.4389   0.0294   0.0000  -0.0167  -0.1172    0.288
     3   0.0071   0.0174   0.0000   0.2032   0.0028   0.0895   0.0308   0.5129   0.4403   0.0236   0.0000  -0.0119  -0.1129    0.277
     4   0.0138   0.0337   0.0000   0.2032   0.0038   0.0899   0.0346   0.5156   0.4426   0.0202   0.0000  -0.0065  -0.1085    0.265
     5   0.0224   0.0548   0.0000   0.2032   0.0047   0.0904   0.0385   0.5190   0.4455   0.0174   0.0000  -0.0020  -0.1049    0.254
     6   0.0327   0.0801   0.0000   0.2032   0.0055   0.0910   0.0422   0.5223   0.4483   0.0152   0.0000   0.0014  -0.1023    0.247
     7   0.0446   0.1092   0.0000   0.2032   0.0062   0.0913   0.0457   0.5245   0.4502   0.0136   0.0000   0.0039  -0.1004    0.241
     8   0.0576   0.1411   0.0000   0.2032   0.0067   0.0913   0.0490   0.5246   0.4503   0.0124   0.0000   0.0058  -0.0986    0.237
     9   0.0716   0.1752   0.0000   0.2032   0.0071   0.0908   0.0526   0.5217   0.4478   0.0116   0.0000   0.0074  -0.0966    0.233
    10   0.0860   0.2107   0.0000   0.2032   0.0073   0.0896   0.0566   0.5149   0.4420   0.0109   0.0000   0.0090  -0.0937    0.230
    11   0.1007   0.2465   0.0000   0.2032   0.0073   0.0875   0.0611   0.5030   0.4317   0.0103   0.0000   0.0108  -0.0897    0.225
    12   0.1151   0.2820   0.0000   0.2032   0.0071   0.0844   0.0663   0.4848   0.4161   0.0096   0.0000   0.0130  -0.0840    0.219
    13   0.1291   0.3161   0.0000   0.2032   0.0067   0.0798   0.0718   0.4589   0.3939   0.0088   0.0000   0.0158  -0.0763    0.210
    14   0.1421   0.3480   0.0000   0.2032   0.0062   0.0738   0.0772   0.4240   0.3640   0.0078   0.0000   0.0190  -0.0664    0.198
    15   0.1540   0.3771   0.0000   0.2032   0.0055   0.0659   0.0815   0.3791   0.3254   0.0065   0.0000   0.0223  -0.0545    0.181
    16   0.1643   0.4024   0.0000   0.2032   0.0047   0.0564   0.0840   0.3240   0.2781   0.0050   0.0000   0.0249  -0.0411    0.160
    17   0.1729   0.4235   0.0000   0.2032   0.0038   0.0452   0.0836   0.2599   0.2231   0.0034   0.0000   0.0256  -0.0278    0.135
    18   0.1796   0.4398   0.0000   0.2032   0.0028   0.0328   0.0802   0.1889   0.1621   0.0018   0.0000   0.0230  -0.0161    0.108
    19   0.1841   0.4509   0.0000   0.2032   0.0017   0.0198   0.0744   0.1141   0.0979   0.0001   0.0000   0.0163  -0.0075    0.084
    20   0.1864   0.4565   0.0000   0.2032   0.0006   0.0066   0.0697   0.0382   0.0328  -0.0012   0.0000   0.0059  -0.0021    0.070

  Surface # 2     Wing (YDUP)                             
     # Chordwise = 10   # Spanwise = 20     First strip = 21
     Surface area Ssurf =    0.092903     Ave. chord Cave =    0.203200

 Forces referred to Sref, Cref, Bref about Xref, Yref, Zref
 Standard axis orientation,  X fwd, Z down         
     CLsurf  =   0.24444     Clsurf  =   0.05467
     CYsurf  =  -0.00663     Cmsurf  =  -0.02963
     CDsurf  =   0.00738     Cnsurf  =   0.00557
     CDisurf =   0.00738     CDvsurf =   0.00000

 Forces referred to Ssurf, Cave 
     CLsurf  =   0.39099     CDsurf  =   0.01180

 Strip Forces referred to Strip Area, Chord
    j     Xle      Yle      Zle      Chord    Area     c_cl     ai     cl_norm    cl       cd       cdv    cm_c/4     cm_LE   C.P.x/c
    21   0.0003  -0.0007   0.0000   0.2032   0.0006   0.0893   0.0281   0.4987   0.4281   0.1398   0.0000  -0.0187   0.1190    0.294
    22   0.0026  -0.0063   0.0000   0.2032   0.0017   0.0893   0.0282   0.5113   0.4389   0.0294   0.0000  -0.0167   0.1172    0.288
    23   0.0071  -0.0174   0.0000   0.2032   0.0028   0.0895   0.0308   0.5129   0.4403   0.0236   0.0000  -0.0119   0.1129    0.277
    24   0.0138  -0.0337   0.0000   0.2032   0.0038   0.0899   0.0346   0.5156   0.4426   0.0202   0.0000  -0.0065   0.1085    0.265
    25   0.0224  -0.0548   0.0000   0.2032   0.0047   0.0904   0.0385   0.5190   0.4455   0.0174   0.0000  -0.0020   0.1049    0.254
    26   0.0327  -0.0801   0.0000   0.2032   0.0055   0.0910   0.0422   0.5223   0.4483   0.0152   0.0000   0.0014   0.1023    0.247
    27   0.0446  -0.1092   0.0000   0.2032   0.0062   0.0913   0.0457   0.5245   0.4502   0.0136   0.0000   0.0039   0.1004    0.241
    28   0.0576  -0.1411   0.0000   0.2032   0.0067   0.0913   0.0490   0.5246   0.4503   0.0124   0.0000   0.0058   0.0986    0.237
    29   0.0716  -0.1752   0.0000   0.2032   0.0071   0.0908   0.0526   0.5217   0.4478   0.0116   0.0000   0.0074   0.0966    0.233
    30   0.0860  -0.2107   0.0000   0.2032   0.0073   0.0896   0.0566   0.5149   0.4420   0.0109   0.0000   0.0090   0.0937    0.230
    31   0.1007  -0.2465   0.0000   0.2032   0.0073   0.0875   0.0611   0.5030   0.4317   0.0103   0.0000   0.0108   0.0897    0.225
    32   0.1151  -0.2820   0.0000   0.2032   0.0071   0.0844   0.0663   0.4848   0.4161   0.0096   0.0000   0.0130   0.0840    0.219
    33   0.1291  -0.3161   0.0000   0.2032   0.0067   0.0798   0.0718   0.4589   0.3939   0.0088   0.0000   0.0158   0.0763    0.210
    34   0.1421  -0.3480   0.0000   0.2032   0.0062   0.0738   0.0772   0.4240   0.3640   0.0078   0.0000   0.0190   0.0664    0.198
    35   0.1540  -0.3771   0.0000   0.2032   0.0055   0.0659   0.0815   0.3791   0.3254   0.0065   0.0000   0.0223   0.0545    0.181
    36   0.1643  -0.4024   0.0000   0.2032   0.0047   0.0564   0.0840   0.3240   0.2781   0.0050   0.0000   0.0249   0.0411    0.160
    37   0.1729  -0.4235   0.0000   0.2032   0.0038   0.0452   0.0836   0.2599   0.2231   0.0034   0.0000   0.0256   0.0278    0.135
    38   0.1796  -0.4398   0.0000   0.2032   0.0028   0.0328   0.0802   0.1889   0.1621   0.0018   0.0000   0.0230   0.0161    0.108
    39   0.1841  -0.4509   0.0000   0.2032   0.0017   0.0198   0.0744   0.1141   0.0979   0.0001   0.0000   0.0163   0.0075    0.084
    40   0.1864  -0.4565   0.0000   0.2032   0.0006   0.0066   0.0697   0.0382   0.0328  -0.0012   0.0000   0.0059   0.0021    0.070
 ---------------------------------------------------------------
