 ---------------------------------------------------------------
 Surface and Strip Forces by surface

  Sref = 0.14630       Cref = 0.16980       Bref = 0.91440    
  Xref = 0.10920       Yref =  0.0000       Zref =  0.0000    

  Surface # 1     Wing                                    
     # Chordwise = 10   # Spanwise = 20     First strip =  1
     Surface area Ssurf =    0.104516     Ave. chord Cave =    0.228600

 Forces referred to Sref, Cref, Bref about Xref, Yref, Zref
 Standard axis orientation,  X fwd, Z down         
     CLsurf  =   0.24829     Clsurf  =  -0.05461
     CYsurf  =   0.00360     Cmsurf  =   0.01238
     CDsurf  =   0.00729     Cnsurf  =  -0.00422
     CDisurf =   0.00729     CDvsurf =   0.00000

 Forces referred to Ssurf, Cave 
     CLsurf  =   0.34755     CDsurf  =   0.01021

 Strip Forces referred to Strip Area, Chord
    j     Xle      Yle      Zle      Chord    Area     c_cl     ai     cl_norm    cl       cd       cdv    cm_c/4     cm_LE   C.P.x/c
     1   0.0002   0.0007   0.0000   0.2286   0.0006   0.0934   0.0402   0.4270   0.4018   0.0942   0.0000  -0.0073  -0.1061    0.268
     2   0.0016   0.0063   0.0000   0.2286   0.0019   0.0934   0.0392   0.4337   0.4082   0.0212   0.0000  -0.0063  -0.1051    0.265
     3   0.0044   0.0174   0.0000   0.2286   0.0031   0.0934   0.0399   0.4343   0.4087   0.0172   0.0000  -0.0037  -0.1027    0.259
     4   0.0085   0.0337   0.0000   0.2286   0.0043   0.0935   0.0415   0.4349   0.4093   0.0152   0.0000  -0.0007  -0.0998    0.252
     5   0.0138   0.0548   0.0000   0.2286   0.0053   0.0936   0.0436   0.4356   0.4099   0.0137   0.0000   0.0021  -0.0973    0.245
     6   0.0201   0.0801   0.0000   0.2286   0.0062   0.0936   0.0458   0.4358   0.4101   0.0124   0.0000   0.0043  -0.0951    0.239
     7   0.0274   0.1092   0.0000   0.2286   0.0070   0.0934   0.0481   0.4348   0.4091   0.0115   0.0000   0.0061  -0.0931    0.235
     8   0.0355   0.1411   0.0000   0.2286   0.0076   0.0928   0.0505   0.4319   0.4064   0.0108   0.0000   0.0076  -0.0911    0.231
     9   0.0440   0.1752   0.0000   0.2286   0.0080   0.0916   0.0532   0.4264   0.4012   0.0103   0.0000   0.0089  -0.0885    0.228
    10   0.0529   0.2107   0.0000   0.2286   0.0082   0.0897   0.0562   0.4175   0.3929   0.0099   0.0000   0.0102  -0.0852    0.224
    11   0.0620   0.2465   0.0000   0.2286   0.0082   0.0869   0.0596   0.4044   0.3806   0.0095   0.0000   0.0117  -0.0807    0.219
    12   0.0709   0.2820   0.0000   0.2286   0.0080   0.0830   0.0633   0.3863   0.3635   0.0090   0.0000   0.0135  -0.0749    0.213
    13   0.0794   0.3161   0.0000   0.2286   0.0076   0.0778   0.0671   0.3623   0.3410   0.0085   0.0000   0.0155  -0.0675    0.204
    14   0.0875   0.3480   0.0000   0.2286   0.0070   0.0713   0.0706   0.3318   0.3122   0.0078   0.0000   0.0177  -0.0584    0.193
    15   0.0948   0.3771   0.0000   0.2286   0.0062   0.0632   0.0734   0.2942   0.2768   0.0068   0.0000   0.0198  -0.0478    0.179
    16   0.1011   0.4024   0.0000   0.2286   0.0053   0.0536   0.0746   0.2497   0.2350   0.0057   0.0000   0.0211  -0.0365    0.160
    17   0.1064   0.4235   0.0000   0.2286   0.0043   0.0428   0.0736   0.1993   0.1875   0.0044   0.0000   0.0208  -0.0252    0.139
    18   0.1105   0.4398   0.0000   0.2286   0.0031   0.0310   0.0703   0.1444   0.1359   0.0029   0.0000   0.0182  -0.0152    0.116
    19   0.1133   0.4509   0.0000   0.2286   0.0019   0.0187   0.0652   0.0870   0.0819   0.0012   0.0000   0.0126  -0.0076    0.096
    20   0.1147   0.4565   0.0000   0.2286   0.0006   0.0062   0.0611   0.0291   0.0274  -0.0003   0.0000   0.0045  -0.0022    0.084

  Surface # 2     Wing (YDUP)                             
     # Chordwise = 10   # Spanwise = 20     First strip = 21
     Surface area Ssurf =    0.104516     Ave. chord Cave =    0.228600

 Forces referred to Sref, Cref, Bref about Xref, Yref, Zref
 Standard axis orientation,  X fwd, Z down         
     CLsurf  =   0.24829     Clsurf  =   0.05461
     CYsurf  =  -0.00360     Cmsurf  =   0.01238
     CDsurf  =   0.00729     Cnsurf  =   0.00422
     CDisurf =   0.00729     CDvsurf =   0.00000

 Forces referred to Ssurf, Cave 
     CLsurf  =   0.34755     CDsurf  =   0.01021

 Strip Forces referred to Strip Area, Chord
    j     Xle      Yle      Zle      Chord    Area     c_cl     ai     cl_norm    cl       cd       cdv    cm_c/4     cm_LE   C.P.x/c
    21   0.0002  -0.0007   0.0000   0.2286   0.0006   0.0934   0.0402   0.4270   0.4018   0.0942   0.0000  -0.0073   0.1061    0.268
    22   0.0016  -0.0063   0.0000   0.2286   0.0019   0.0934   0.0392   0.4337   0.4082   0.0212   0.0000  -0.0063   0.1051    0.265
    23   0.0044  -0.0174   0.0000   0.2286   0.0031   0.0934   0.0399   0.4343   0.4087   0.0172   0.0000  -0.0037   0.1027    0.259
    24   0.0085  -0.0337   0.0000   0.2286   0.0043   0.0935   0.0415   0.4349   0.4093   0.0152   0.0000  -0.0007   0.0998    0.252
    25   0.0138  -0.0548   0.0000   0.2286   0.0053   0.0936   0.0436   0.4356   0.4099   0.0137   0.0000   0.0021   0.0973    0.245
    26   0.0201  -0.0801   0.0000   0.2286   0.0062   0.0936   0.0458   0.4358   0.4101   0.0124   0.0000   0.0043   0.0951    0.239
    27   0.0274  -0.1092   0.0000   0.2286   0.0070   0.0934   0.0481   0.4348   0.4091   0.0115   0.0000   0.0061   0.0931    0.235
    28   0.0355  -0.1411   0.0000   0.2286   0.0076   0.0928   0.0505   0.4319   0.4064   0.0108   0.0000   0.0076   0.0911    0.231
    29   0.0440  -0.1752   0.0000   0.2286   0.0080   0.0916   0.0532   0.4264   0.4012   0.0103   0.0000   0.0089   0.0885    0.228
    30   0.0529  -0.2107   0.0000   0.2286   0.0082   0.0897   0.0562   0.4175   0.3929   0.0099   0.0000   0.0102   0.0852    0.224
    31   0.0620  -0.2465   0.0000   0.2286   0.0082   0.0869   0.0596   0.4044   0.3806   0.0095   0.0000   0.0117   0.0807    0.219
    32   0.0709  -0.2820   0.0000   0.2286   0.0080   0.0830   0.0633   0.3863   0.3635   0.0090   0.0000   0.0135   0.0749    0.213
    33   0.0794  -0.3161   0.0000   0.2286   0.0076   0.0778   0.0671   0.3623   0.3410   0.0085   0.0000   0.0155   0.0675    0.204
    34   0.0875  -0.3480   0.0000   0.2286   0.0070   0.0713   0.0706   0.3318   0.3122   0.0078   0.0000   0.0177   0.0584    0.193
    35   0.0948  -0.3771   0.0000   0.2286   0.0062   0.0632   0.0734   0.2942   0.2768   0.0068   0.0000   0.0198   0.0478    0.179
    36   0.1011  -0.4024   0.0000   0.2286   0.0053   0.0536   0.0746   0.2497   0.2350   0.0057   0.0000   0.0211   0.0365    0.160
    37   0.1064  -0.4235   0.0000   0.2286   0.0043   0.0428   0.0736   0.1993   0.1875   0.0044   0.0000   0.0208   0.0252    0.139
    38   0.1105  -0.4398   0.0000   0.2286   0.0031   0.0310   0.0703   0.1444   0.1359   0.0029   0.0000   0.0182   0.0152    0.116
    39   0.1133  -0.4509   0.0000   0.2286   0.0019   0.0187   0.0652   0.0870   0.0819   0.0012   0.0000   0.0126   0.0076    0.096
    40   0.1147  -0.4565   0.0000   0.2286   0.0006   0.0062   0.0611   0.0291   0.0274  -0.0003   0.0000   0.0045   0.0022    0.084
 ---------------------------------------------------------------
