 ---------------------------------------------------------------
 Surface and Strip Forces by surface

  Sref = 0.16720       Cref = 0.20660       Bref = 0.81280    
  Xref = 0.10920       Yref =  0.0000       Zref =  0.0000    

  Surface # 1     Wing                                    
     # Chordwise = 10   # Spanwise = 20     First strip =  1
     Surface area Ssurf =    0.092903     Ave. chord Cave =    0.228600

 Forces referred to Sref, Cref, Bref about Xref, Yref, Zref
 Standard axis orientation,  X fwd, Z down         
     CLsurf  =   0.21725     Clsurf  =  -0.04763
     CYsurf  =   0.00442     Cmsurf  =   0.00674
     CDsurf  =   0.00812     Cnsurf  =  -0.00480
     CDisurf =   0.00812     CDvsurf =   0.00000

 Forces referred to Ssurf, Cave 
     CLsurf  =   0.39099     CDsurf  =   0.01461

 Strip Forces referred to Strip Area, Chord
    j     Xle      Yle      Zle      Chord    Area     c_cl     ai     cl_norm    cl       cd       cdv    cm_c/4     cm_LE   C.P.x/c
     1   0.0002   0.0006   0.0000   0.2286   0.0006   0.1054   0.0508   0.4865   0.4478   0.1507   0.0000  -0.0102  -0.1203    0.273
     2   0.0017   0.0056   0.0000   0.2286   0.0017   0.1054   0.0502   0.5002   0.4604   0.0320   0.0000  -0.0091  -0.1193    0.270
     3   0.0046   0.0155   0.0000   0.2286   0.0028   0.1055   0.0512   0.5012   0.4613   0.0254   0.0000  -0.0061  -0.1165    0.263
     4   0.0089   0.0299   0.0000   0.2286   0.0038   0.1056   0.0533   0.5021   0.4621   0.0226   0.0000  -0.0025  -0.1131    0.255
     5   0.0144   0.0487   0.0000   0.2286   0.0047   0.1057   0.0559   0.5030   0.4629   0.0203   0.0000   0.0010  -0.1099    0.248
     6   0.0211   0.0712   0.0000   0.2286   0.0055   0.1057   0.0588   0.5032   0.4631   0.0184   0.0000   0.0040  -0.1070    0.241
     7   0.0287   0.0970   0.0000   0.2286   0.0062   0.1054   0.0617   0.5020   0.4620   0.0169   0.0000   0.0064  -0.1044    0.236
     8   0.0371   0.1254   0.0000   0.2286   0.0067   0.1047   0.0648   0.4985   0.4588   0.0158   0.0000   0.0085  -0.1016    0.232
     9   0.0461   0.1558   0.0000   0.2286   0.0071   0.1033   0.0681   0.4919   0.4527   0.0149   0.0000   0.0103  -0.0984    0.227
    10   0.0554   0.1873   0.0000   0.2286   0.0073   0.1010   0.0718   0.4812   0.4428   0.0141   0.0000   0.0122  -0.0942    0.222
    11   0.0649   0.2191   0.0000   0.2286   0.0073   0.0977   0.0758   0.4654   0.4284   0.0133   0.0000   0.0142  -0.0888    0.217
    12   0.0742   0.2506   0.0000   0.2286   0.0071   0.0931   0.0800   0.4438   0.4084   0.0125   0.0000   0.0165  -0.0819    0.210
    13   0.0832   0.2810   0.0000   0.2286   0.0067   0.0872   0.0842   0.4153   0.3822   0.0115   0.0000   0.0190  -0.0732    0.200
    14   0.0916   0.3094   0.0000   0.2286   0.0062   0.0796   0.0879   0.3793   0.3491   0.0103   0.0000   0.0215  -0.0629    0.188
    15   0.0992   0.3352   0.0000   0.2286   0.0055   0.0704   0.0906   0.3356   0.3089   0.0089   0.0000   0.0237  -0.0512    0.173
    16   0.1059   0.3577   0.0000   0.2286   0.0047   0.0597   0.0916   0.2844   0.2617   0.0073   0.0000   0.0248  -0.0388    0.155
    17   0.1114   0.3765   0.0000   0.2286   0.0038   0.0476   0.0904   0.2268   0.2087   0.0055   0.0000   0.0240  -0.0269    0.135
    18   0.1157   0.3909   0.0000   0.2286   0.0028   0.0345   0.0871   0.1644   0.1513   0.0035   0.0000   0.0205  -0.0165    0.114
    19   0.1186   0.4008   0.0000   0.2286   0.0017   0.0208   0.0822   0.0993   0.0914   0.0014   0.0000   0.0140  -0.0084    0.096
    20   0.1201   0.4058   0.0000   0.2286   0.0006   0.0069   0.0786   0.0333   0.0306  -0.0005   0.0000   0.0050  -0.0025    0.087

  Surface # 2     Wing (YDUP)                             
     # Chordwise = 10   # Spanwise = 20     First strip = 21
     Surface area Ssurf =    0.092903     Ave. chord Cave =    0.228600

 Forces referred to Sref, Cref, Bref about Xref, Yref, Zref
 Standard axis orientation,  X fwd, Z down         
     CLsurf  =   0.21725     Clsurf  =   0.04763
     CYsurf  =  -0.00442     Cmsurf  =   0.00674
     CDsurf  =   0.00812     Cnsurf  =   0.00480
     CDisurf =   0.00812     CDvsurf =   0.00000

 Forces referred to Ssurf, Cave 
     CLsurf  =   0.39099     CDsurf  =   0.01461

 Strip Forces referred to Strip Area, Chord
    j     Xle      Yle      Zle      Chord    Area     c_cl     ai     cl_norm    cl       cd       cdv    cm_c/4     cm_LE   C.P.x/c
    21   0.0002  -0.0006   0.0000   0.2286   0.0006   0.1054   0.0508   0.4865   0.4478   0.1507   0.0000  -0.0102   0.1203    0.273
    22   0.0017  -0.0056   0.0000   0.2286   0.0017   0.1054   0.0502   0.5002   0.4604   0.0320   0.0000  -0.0091   0.1193    0.270
    23   0.0046  -0.0155   0.0000   0.2286   0.0028   0.1055   0.0512   0.5012   0.4613   0.0254   0.0000  -0.0061   0.1165    0.263
    24   0.0089  -0.0299   0.0000   0.2286   0.0038   0.1056   0.0533   0.5021   0.4621   0.0226   0.0000  -0.0025   0.1131    0.255
    25   0.0144  -0.0487   0.0000   0.2286   0.0047   0.1057   0.0559   0.5030   0.4629   0.0203   0.0000   0.0010   0.1099    0.248
    26   0.0211  -0.0712   0.0000   0.2286   0.0055   0.1057   0.0588   0.5032   0.4631   0.0184   0.0000   0.0040   0.1070    0.241
    27   0.0287  -0.0970   0.0000   0.2286   0.0062   0.1054   0.0617   0.5020   0.4620   0.0169   0.0000   0.0064   0.1044    0.236
    28   0.0371  -0.1254   0.0000   0.2286   0.0067   0.1047   0.0648   0.4985   0.4588   0.0158   0.0000   0.0085   0.1016    0.232
    29   0.0461  -0.1558   0.0000   0.2286   0.0071   0.1033   0.0681   0.4919   0.4527   0.0149   0.0000   0.0103   0.0984    0.227
    30   0.0554  -0.1873   0.0000   0.2286   0.0073   0.1010   0.0718   0.4812   0.4428   0.0141   0.0000   0.0122   0.0942    0.222
    31   0.0649  -0.2191   0.0000   0.2286   0.0073   0.0977   0.0758   0.4654   0.4284   0.0133   0.0000   0.0142   0.0888    0.217
    32   0.0742  -0.2506   0.0000   0.2286   0.0071   0.0931   0.0800   0.4438   0.4084   0.0125   0.0000   0.0165   0.0819    0.210
    33   0.0832  -0.2810   0.0000   0.2286   0.0067   0.0872   0.0842   0.4153   0.3822   0.0115   0.0000   0.0190   0.0732    0.200
    34   0.0916  -0.3094   0.0000   0.2286   0.0062   0.0796   0.0879   0.3793   0.3491   0.0103   0.0000   0.0215   0.0629    0.188
    35   0.0992  -0.3352   0.0000   0.2286   0.0055   0.0704   0.0906   0.3356   0.3089   0.0089   0.0000   0.0237   0.0512    0.173
    36   0.1059  -0.3577   0.0000   0.2286   0.0047   0.0597   0.0916   0.2844   0.2617   0.0073   0.0000   0.0248   0.0388    0.155
    37   0.1114  -0.3765   0.0000   0.2286   0.0038   0.0476   0.0904   0.2268   0.2087   0.0055   0.0000   0.0240   0.0269    0.135
    38   0.1157  -0.3909   0.0000   0.2286   0.0028   0.0345   0.0871   0.1644   0.1513   0.0035   0.0000   0.0205   0.0165    0.114
    39   0.1186  -0.4008   0.0000   0.2286   0.0017   0.0208   0.0822   0.0993   0.0914   0.0014   0.0000   0.0140   0.0084    0.096
    40   0.1201  -0.4058   0.0000   0.2286   0.0006   0.0069   0.0786   0.0333   0.0306  -0.0005   0.0000   0.0050   0.0025    0.087
 ---------------------------------------------------------------
