 ---------------------------------------------------------------
 Surface and Strip Forces by surface

  Sref = 0.18580       Cref = 0.20740       Bref = 0.91440    
  Xref = 0.10920       Yref =  0.0000       Zref =  0.0000    

  Surface # 1     Wing                                    
     # Chordwise = 10   # Spanwise = 20     First strip =  1
     Surface area Ssurf =    0.116129     Ave. chord Cave =    0.254000

 Forces referred to Sref, Cref, Bref about Xref, Yref, Zref
 Standard axis orientation,  X fwd, Z down         
     CLsurf  =   0.19550     Clsurf  =  -0.04294
     CYsurf  =   0.00332     Cmsurf  =  -0.01015
     CDsurf  =   0.00581     Cnsurf  =  -0.00350
     CDisurf =   0.00581     CDvsurf =   0.00000

 Forces referred to Ssurf, Cave 
     CLsurf  =   0.31279     CDsurf  =   0.00930

 Strip Forces referred to Strip Area, Chord
    j     Xle      Yle      Zle      Chord    Area     c_cl     ai     cl_norm    cl       cd       cdv    cm_c/4     cm_LE   C.P.x/c
     1   0.0002   0.0007   0.0000   0.2540   0.0007   0.0935   0.0405   0.3980   0.3605   0.1077   0.0000  -0.0096  -0.0967    0.276
     2   0.0020   0.0063   0.0000   0.2540   0.0021   0.0935   0.0391   0.4057   0.3676   0.0214   0.0000  -0.0085  -0.0957    0.273
     3   0.0056   0.0174   0.0000   0.2540   0.0035   0.0935   0.0396   0.4063   0.3680   0.0168   0.0000  -0.0058  -0.0931    0.266
     4   0.0109   0.0337   0.0000   0.2540   0.0048   0.0936   0.0413   0.4069   0.3686   0.0149   0.0000  -0.0025  -0.0900    0.257
     5   0.0177   0.0548   0.0000   0.2540   0.0059   0.0938   0.0435   0.4077   0.3693   0.0133   0.0000   0.0007  -0.0871    0.248
     6   0.0259   0.0801   0.0000   0.2540   0.0069   0.0938   0.0459   0.4080   0.3696   0.0119   0.0000   0.0034  -0.0847    0.241
     7   0.0353   0.1092   0.0000   0.2540   0.0078   0.0936   0.0484   0.4073   0.3690   0.0109   0.0000   0.0055  -0.0825    0.235
     8   0.0457   0.1411   0.0000   0.2540   0.0084   0.0930   0.0510   0.4048   0.3667   0.0101   0.0000   0.0073  -0.0802    0.230
     9   0.0567   0.1752   0.0000   0.2540   0.0089   0.0919   0.0538   0.3997   0.3621   0.0094   0.0000   0.0088  -0.0776    0.226
    10   0.0681   0.2107   0.0000   0.2540   0.0091   0.0899   0.0569   0.3914   0.3545   0.0089   0.0000   0.0104  -0.0743    0.221
    11   0.0798   0.2465   0.0000   0.2540   0.0091   0.0871   0.0602   0.3789   0.3433   0.0083   0.0000   0.0121  -0.0700    0.215
    12   0.0912   0.2820   0.0000   0.2540   0.0089   0.0831   0.0637   0.3615   0.3275   0.0077   0.0000   0.0140  -0.0644    0.207
    13   0.1022   0.3161   0.0000   0.2540   0.0084   0.0778   0.0672   0.3385   0.3067   0.0071   0.0000   0.0162  -0.0574    0.197
    14   0.1126   0.3480   0.0000   0.2540   0.0078   0.0710   0.0702   0.3092   0.2801   0.0062   0.0000   0.0184  -0.0490    0.184
    15   0.1220   0.3771   0.0000   0.2540   0.0069   0.0628   0.0721   0.2734   0.2477   0.0053   0.0000   0.0204  -0.0394    0.168
    16   0.1302   0.4024   0.0000   0.2540   0.0059   0.0531   0.0724   0.2314   0.2096   0.0042   0.0000   0.0215  -0.0293    0.147
    17   0.1370   0.4235   0.0000   0.2540   0.0048   0.0423   0.0707   0.1840   0.1667   0.0030   0.0000   0.0210  -0.0196    0.124
    18   0.1423   0.4398   0.0000   0.2540   0.0035   0.0305   0.0667   0.1330   0.1205   0.0017   0.0000   0.0180  -0.0114    0.100
    19   0.1459   0.4509   0.0000   0.2540   0.0021   0.0184   0.0614   0.0801   0.0725   0.0003   0.0000   0.0124  -0.0054    0.080
    20   0.1477   0.4565   0.0000   0.2540   0.0007   0.0061   0.0576   0.0267   0.0242  -0.0007   0.0000   0.0044  -0.0015    0.068

  Surface # 2     Wing (YDUP)                             
     # Chordwise = 10   # Spanwise = 20     First strip = 21
     Surface area Ssurf =    0.116129     Ave. chord Cave =    0.254000

 Forces referred to Sref, Cref, Bref about Xref, Yref, Zref
 Standard axis orientation,  X fwd, Z down         
     CLsurf  =   0.19550     Clsurf  =   0.04294
     CYsurf  =  -0.00332     Cmsurf  =  -0.01015
     CDsurf  =   0.00581     Cnsurf  =   0.00350
     CDisurf =   0.00581     CDvsurf =   0.00000

 Forces referred to Ssurf, Cave 
     CLsurf  =   0.31279     CDsurf  =   0.00930

 Strip Forces referred to Strip Area, Chord
    j     Xle      Yle      Zle      Chord    Area     c_cl     ai     cl_norm    cl       cd       cdv    cm_c/4     cm_LE   C.P.x/c
    21   0.0002  -0.0007   0.0000   0.2540   0.0007   0.0935   0.0405   0.3980   0.3605   0.1077   0.0000  -0.0096   0.0967    0.276
    22   0.0020  -0.0063   0.0000   0.2540   0.0021   0.0935   0.0391   0.4057   0.3676   0.0214   0.0000  -0.0085   0.0957    0.273
    23   0.0056  -0.0174   0.0000   0.2540   0.0035   0.0935   0.0396   0.4063   0.3680   0.0168   0.0000  -0.0058   0.0931    0.266
    24   0.0109  -0.0337   0.0000   0.2540   0.0048   0.0936   0.0413   0.4069   0.3686   0.0149   0.0000  -0.0025   0.0900    0.257
    25   0.0177  -0.0548   0.0000   0.2540   0.0059   0.0938   0.0435   0.4077   0.3693   0.0133   0.0000   0.0007   0.0871    0.248
    26   0.0259  -0.0801   0.0000   0.2540   0.0069   0.0938   0.0459   0.4080   0.3696   0.0119   0.0000   0.0034   0.0847    0.241
    27   0.0353  -0.1092   0.0000   0.2540   0.0078   0.0936   0.0484   0.4073   0.3690   0.0109   0.0000   0.0055   0.0825    0.235
    28   0.0457  -0.1411   0.0000   0.2540   0.0084   0.0930   0.0510   0.4048   0.3667   0.0101   0.0000   0.0073   0.0802    0.230
    29   0.0567  -0.1752   0.0000   0.2540   0.0089   0.0919   0.0538   0.3997   0.3621   0.0094   0.0000   0.0088   0.0776    0.226
    30   0.0681  -0.2107   0.0000   0.2540   0.0091   0.0899   0.0569   0.3914   0.3545   0.0089   0.0000   0.0104   0.0743    0.221
    31   0.0798  -0.2465   0.0000   0.2540   0.0091   0.0871   0.0602   0.3789   0.3433   0.0083   0.0000   0.0121   0.0700    0.215
    32   0.0912  -0.2820   0.0000   0.2540   0.0089   0.0831   0.0637   0.3615   0.3275   0.0077   0.0000   0.0140   0.0644    0.207
    33   0.1022  -0.3161   0.0000   0.2540   0.0084   0.0778   0.0672   0.3385   0.3067   0.0071   0.0000   0.0162   0.0574    0.197
    34   0.1126  -0.3480   0.0000   0.2540   0.0078   0.0710   0.0702   0.3092   0.2801   0.0062   0.0000   0.0184   0.0490    0.184
    35   0.1220  -0.3771   0.0000   0.2540   0.0069   0.0628   0.0721   0.2734   0.2477   0.0053   0.0000   0.0204   0.0394    0.168
    36   0.1302  -0.4024   0.0000   0.2540   0.0059   0.0531   0.0724   0.2314   0.2096   0.0042   0.0000   0.0215   0.0293    0.147
    37   0.1370  -0.4235   0.0000   0.2540   0.0048   0.0423   0.0707   0.1840   0.1667   0.0030   0.0000   0.0210   0.0196    0.124
    38   0.1423  -0.4398   0.0000   0.2540   0.0035   0.0305   0.0667   0.1330   0.1205   0.0017   0.0000   0.0180   0.0114    0.100
    39   0.1459  -0.4509   0.0000   0.2540   0.0021   0.0184   0.0614   0.0801   0.0725   0.0003   0.0000   0.0124   0.0054    0.080
    40   0.1477  -0.4565   0.0000   0.2540   0.0007   0.0061   0.0576   0.0267   0.0242  -0.0007   0.0000   0.0044   0.0015    0.068
 ---------------------------------------------------------------
