 ---------------------------------------------------------------
 Surface and Strip Forces by surface

  Sref = 0.14860       Cref = 0.18360       Bref = 0.81280    
  Xref = 0.10920       Yref =  0.0000       Zref =  0.0000    

  Surface # 1     Wing                                    
     # Chordwise = 10   # Spanwise = 20     First strip =  1
     Surface area Ssurf =    0.082580     Ave. chord Cave =    0.203200

 Forces referred to Sref, Cref, Bref about Xref, Yref, Zref
 Standard axis orientation,  X fwd, Z down         
     CLsurf  =   0.24444     Clsurf  =  -0.05390
     CYsurf  =   0.00549     Cmsurf  =   0.01512
     CDsurf  =   0.00914     Cnsurf  =  -0.00570
     CDisurf =   0.00914     CDvsurf =   0.00000

 Forces referred to Ssurf, Cave 
     CLsurf  =   0.43987     CDsurf  =   0.01645

 Strip Forces referred to Strip Area, Chord
    j     Xle      Yle      Zle      Chord    Area     c_cl     ai     cl_norm    cl       cd       cdv    cm_c/4     cm_LE   C.P.x/c
     1   0.0002   0.0006   0.0000   0.2032   0.0005   0.1040   0.0465   0.5388   0.4968   0.1598   0.0000  -0.0125  -0.1348    0.275
     2   0.0016   0.0056   0.0000   0.2032   0.0015   0.1040   0.0464   0.5543   0.5110   0.0358   0.0000  -0.0111  -0.1334    0.272
     3   0.0045   0.0155   0.0000   0.2032   0.0025   0.1041   0.0482   0.5556   0.5123   0.0287   0.0000  -0.0076  -0.1301    0.265
     4   0.0088   0.0299   0.0000   0.2032   0.0034   0.1043   0.0509   0.5571   0.5136   0.0253   0.0000  -0.0033  -0.1263    0.257
     5   0.0143   0.0487   0.0000   0.2032   0.0042   0.1045   0.0540   0.5587   0.5151   0.0225   0.0000   0.0005  -0.1229    0.249
     6   0.0209   0.0712   0.0000   0.2032   0.0049   0.1047   0.0572   0.5598   0.5161   0.0203   0.0000   0.0036  -0.1201    0.243
     7   0.0284   0.0970   0.0000   0.2032   0.0055   0.1045   0.0605   0.5593   0.5157   0.0187   0.0000   0.0060  -0.1176    0.238
     8   0.0368   0.1254   0.0000   0.2032   0.0060   0.1040   0.0638   0.5564   0.5130   0.0174   0.0000   0.0080  -0.1150    0.234
     9   0.0456   0.1558   0.0000   0.2032   0.0063   0.1028   0.0674   0.5502   0.5072   0.0165   0.0000   0.0098  -0.1119    0.231
    10   0.0549   0.1873   0.0000   0.2032   0.0065   0.1008   0.0714   0.5395   0.4974   0.0157   0.0000   0.0116  -0.1078    0.227
    11   0.0642   0.2191   0.0000   0.2032   0.0065   0.0978   0.0759   0.5234   0.4826   0.0150   0.0000   0.0136  -0.1024    0.222
    12   0.0735   0.2506   0.0000   0.2032   0.0063   0.0935   0.0809   0.5008   0.4617   0.0142   0.0000   0.0160  -0.0951    0.215
    13   0.0823   0.2810   0.0000   0.2032   0.0060   0.0879   0.0860   0.4704   0.4337   0.0133   0.0000   0.0187  -0.0858    0.207
    14   0.0907   0.3094   0.0000   0.2032   0.0055   0.0806   0.0908   0.4315   0.3978   0.0121   0.0000   0.0216  -0.0744    0.196
    15   0.0982   0.3352   0.0000   0.2032   0.0049   0.0716   0.0947   0.3834   0.3534   0.0106   0.0000   0.0243  -0.0613    0.181
    16   0.1048   0.3577   0.0000   0.2032   0.0042   0.0609   0.0968   0.3262   0.3007   0.0088   0.0000   0.0260  -0.0470    0.164
    17   0.1103   0.3765   0.0000   0.2032   0.0034   0.0487   0.0965   0.2610   0.2406   0.0067   0.0000   0.0257  -0.0328    0.143
    18   0.1146   0.3909   0.0000   0.2032   0.0025   0.0354   0.0936   0.1897   0.1749   0.0045   0.0000   0.0224  -0.0203    0.122
    19   0.1175   0.4008   0.0000   0.2032   0.0015   0.0214   0.0887   0.1147   0.1058   0.0020   0.0000   0.0155  -0.0103    0.103
    20   0.1189   0.4058   0.0000   0.2032   0.0005   0.0071   0.0848   0.0385   0.0355  -0.0004   0.0000   0.0056  -0.0031    0.093

  Surface # 2     Wing (YDUP)                             
     # Chordwise = 10   # Spanwise = 20     First strip = 21
     Surface area Ssurf =    0.082580     Ave. chord Cave =    0.203200

 Forces referred to Sref, Cref, Bref about Xref, Yref, Zref
 Standard axis orientation,  X fwd, Z down         
     CLsurf  =   0.24444     Clsurf  =   0.05390
     CYsurf  =  -0.00549     Cmsurf  =   0.01512
     CDsurf  =   0.00914     Cnsurf  =   0.00570
     CDisurf =   0.00914     CDvsurf =   0.00000

 Forces referred to Ssurf, Cave 
     CLsurf  =   0.43987     CDsurf  =   0.01645

 Strip Forces referred to Strip Area, Chord
    j     Xle      Yle      Zle      Chord    Area     c_cl     ai     cl_norm    cl       cd       cdv    cm_c/4     cm_LE   C.P.x/c
    21   0.0002  -0.0006   0.0000   0.2032   0.0005   0.1040   0.0465   0.5388   0.4968   0.1598   0.0000  -0.0125   0.1348    0.275
    22   0.0016  -0.0056   0.0000   0.2032   0.0015   0.1040   0.0464   0.5543   0.5110   0.0358   0.0000  -0.0111   0.1334    0.272
    23   0.0045  -0.0155   0.0000   0.2032   0.0025   0.1041   0.0482   0.5556   0.5123   0.0287   0.0000  -0.0076   0.1301    0.265
    24   0.0088  -0.0299   0.0000   0.2032   0.0034   0.1043   0.0509   0.5571   0.5136   0.0253   0.0000  -0.0033   0.1263    0.257
    25   0.0143  -0.0487   0.0000   0.2032   0.0042   0.1045   0.0540   0.5587   0.5151   0.0225   0.0000   0.0005   0.1229    0.249
    26   0.0209  -0.0712   0.0000   0.2032   0.0049   0.1047   0.0572   0.5598   0.5161   0.0203   0.0000   0.0036   0.1201    0.243
    27   0.0284  -0.0970   0.0000   0.2032   0.0055   0.1045   0.0605   0.5593   0.5157   0.0187   0.0000   0.0060   0.1176    0.238
    28   0.0368  -0.1254   0.0000   0.2032   0.0060   0.1040   0.0638   0.5564   0.5130   0.0174   0.0000   0.0080   0.1150    0.234
    29   0.0456  -0.1558   0.0000   0.2032   0.0063   0.1028   0.0674   0.5502   0.5072   0.0165   0.0000   0.0098   0.1119    0.231
    30   0.0549  -0.1873   0.0000   0.2032   0.0065   0.1008   0.0714   0.5395   0.4974   0.0157   0.0000   0.0116   0.1078    0.227
    31   0.0642  -0.2191   0.0000   0.2032   0.0065   0.0978   0.0759   0.5234   0.4826   0.0150   0.0000   0.0136   0.1024    0.222
    32   0.0735  -0.2506   0.0000   0.2032   0.0063   0.0935   0.0809   0.5008   0.4617   0.0142   0.0000   0.0160   0.0951    0.215
    33   0.0823  -0.2810   0.0000   0.2032   0.0060   0.0879   0.0860   0.4704   0.4337   0.0133   0.0000   0.0187   0.0858    0.207
    34   0.0907  -0.3094   0.0000   0.2032   0.0055   0.0806   0.0908   0.4315   0.3978   0.0121   0.0000   0.0216   0.0744    0.196
    35   0.0982  -0.3352   0.0000   0.2032   0.0049   0.0716   0.0947   0.3834   0.3534   0.0106   0.0000   0.0243   0.0613    0.181
    36   0.1048  -0.3577   0.0000   0.2032   0.0042   0.0609   0.0968   0.3262   0.3007   0.0088   0.0000   0.0260   0.0470    0.164
    37   0.1103  -0.3765   0.0000   0.2032   0.0034   0.0487   0.0965   0.2610   0.2406   0.0067   0.0000   0.0257   0.0328    0.143
    38   0.1146  -0.3909   0.0000   0.2032   0.0025   0.0354   0.0936   0.1897   0.1749   0.0045   0.0000   0.0224   0.0203    0.122
    39   0.1175  -0.4008   0.0000   0.2032   0.0015   0.0214   0.0887   0.1147   0.1058   0.0020   0.0000   0.0155   0.0103    0.103
    40   0.1189  -0.4058   0.0000   0.2032   0.0005   0.0071   0.0848   0.0385   0.0355  -0.0004   0.0000   0.0056   0.0031    0.093
 ---------------------------------------------------------------
