 ---------------------------------------------------------------
 Surface and Strip Forces by surface

  Sref = 0.99100E-01   Cref = 0.16590       Bref = 0.60960    
  Xref = 0.10920       Yref =  0.0000       Zref =  0.0000    

  Surface # 1     Wing                                    
     # Chordwise = 10   # Spanwise = 20     First strip =  1
     Surface area Ssurf =    0.061935     Ave. chord Cave =    0.203200

 Forces referred to Sref, Cref, Bref about Xref, Yref, Zref
 Standard axis orientation,  X fwd, Z down         
     CLsurf  =   0.36654     Clsurf  =  -0.07911
     CYsurf  =   0.00651     Cmsurf  =   0.09855
     CDsurf  =   0.02377     Cnsurf  =  -0.01123
     CDisurf =   0.02377     CDvsurf =   0.00000

 Forces referred to Ssurf, Cave 
     CLsurf  =   0.58649     CDsurf  =   0.03804

 Strip Forces referred to Strip Area, Chord
    j     Xle      Yle      Zle      Chord    Area     c_cl     ai     cl_norm    cl       cd       cdv    cm_c/4     cm_LE   C.P.x/c
     1   0.0001   0.0005   0.0000   0.2032   0.0004   0.1445   0.1058   0.6951   0.6794   0.2397   0.0000   0.0007  -0.1750    0.249
     2   0.0006   0.0042   0.0000   0.2032   0.0011   0.1445   0.1059   0.7274   0.7111   0.0658   0.0000   0.0014  -0.1744    0.248
     3   0.0018   0.0116   0.0000   0.2032   0.0019   0.1445   0.1068   0.7294   0.7130   0.0550   0.0000   0.0033  -0.1725    0.245
     4   0.0035   0.0225   0.0000   0.2032   0.0025   0.1445   0.1084   0.7298   0.7134   0.0509   0.0000   0.0059  -0.1698    0.242
     5   0.0056   0.0365   0.0000   0.2032   0.0032   0.1442   0.1104   0.7291   0.7127   0.0477   0.0000   0.0086  -0.1669    0.238
     6   0.0082   0.0534   0.0000   0.2032   0.0037   0.1436   0.1128   0.7266   0.7103   0.0452   0.0000   0.0110  -0.1637    0.234
     7   0.0112   0.0728   0.0000   0.2032   0.0041   0.1425   0.1157   0.7214   0.7052   0.0432   0.0000   0.0133  -0.1602    0.231
     8   0.0145   0.0941   0.0000   0.2032   0.0045   0.1407   0.1189   0.7123   0.6963   0.0416   0.0000   0.0154  -0.1559    0.228
     9   0.0180   0.1168   0.0000   0.2032   0.0047   0.1380   0.1226   0.6985   0.6828   0.0402   0.0000   0.0175  -0.1504    0.224
    10   0.0217   0.1404   0.0000   0.2032   0.0048   0.1340   0.1268   0.6786   0.6634   0.0388   0.0000   0.0197  -0.1435    0.220
    11   0.0253   0.1644   0.0000   0.2032   0.0048   0.1287   0.1314   0.6518   0.6371   0.0374   0.0000   0.0221  -0.1347    0.215
    12   0.0290   0.1880   0.0000   0.2032   0.0047   0.1219   0.1363   0.6170   0.6032   0.0357   0.0000   0.0245  -0.1239    0.209
    13   0.0325   0.2107   0.0000   0.2032   0.0045   0.1133   0.1411   0.5735   0.5606   0.0336   0.0000   0.0271  -0.1110    0.202
    14   0.0358   0.2320   0.0000   0.2032   0.0041   0.1029   0.1455   0.5208   0.5091   0.0311   0.0000   0.0293  -0.0962    0.192
    15   0.0388   0.2514   0.0000   0.2032   0.0037   0.0907   0.1489   0.4587   0.4484   0.0280   0.0000   0.0308  -0.0798    0.181
    16   0.0414   0.2683   0.0000   0.2032   0.0032   0.0767   0.1509   0.3878   0.3791   0.0242   0.0000   0.0308  -0.0628    0.169
    17   0.0435   0.2823   0.0000   0.2032   0.0025   0.0612   0.1510   0.3093   0.3023   0.0197   0.0000   0.0287  -0.0460    0.155
    18   0.0452   0.2932   0.0000   0.2032   0.0019   0.0444   0.1491   0.2247   0.2197   0.0145   0.0000   0.0238  -0.0305    0.142
    19   0.0464   0.3006   0.0000   0.2032   0.0011   0.0269   0.1458   0.1362   0.1332   0.0085   0.0000   0.0159  -0.0170    0.131
    20   0.0469   0.3043   0.0000   0.2032   0.0004   0.0090   0.1434   0.0458   0.0447   0.0019   0.0000   0.0056  -0.0054    0.125

  Surface # 2     Wing (YDUP)                             
     # Chordwise = 10   # Spanwise = 20     First strip = 21
     Surface area Ssurf =    0.061935     Ave. chord Cave =    0.203200

 Forces referred to Sref, Cref, Bref about Xref, Yref, Zref
 Standard axis orientation,  X fwd, Z down         
     CLsurf  =   0.36654     Clsurf  =   0.07911
     CYsurf  =  -0.00651     Cmsurf  =   0.09855
     CDsurf  =   0.02377     Cnsurf  =   0.01123
     CDisurf =   0.02377     CDvsurf =   0.00000

 Forces referred to Ssurf, Cave 
     CLsurf  =   0.58649     CDsurf  =   0.03804

 Strip Forces referred to Strip Area, Chord
    j     Xle      Yle      Zle      Chord    Area     c_cl     ai     cl_norm    cl       cd       cdv    cm_c/4     cm_LE   C.P.x/c
    21   0.0001  -0.0005   0.0000   0.2032   0.0004   0.1445   0.1058   0.6951   0.6794   0.2397   0.0000   0.0007   0.1750    0.249
    22   0.0006  -0.0042   0.0000   0.2032   0.0011   0.1445   0.1059   0.7274   0.7111   0.0658   0.0000   0.0014   0.1744    0.248
    23   0.0018  -0.0116   0.0000   0.2032   0.0019   0.1445   0.1068   0.7294   0.7130   0.0550   0.0000   0.0033   0.1725    0.245
    24   0.0035  -0.0225   0.0000   0.2032   0.0025   0.1445   0.1084   0.7298   0.7134   0.0509   0.0000   0.0059   0.1698    0.242
    25   0.0056  -0.0365   0.0000   0.2032   0.0032   0.1442   0.1104   0.7291   0.7127   0.0477   0.0000   0.0086   0.1669    0.238
    26   0.0082  -0.0534   0.0000   0.2032   0.0037   0.1436   0.1128   0.7266   0.7103   0.0452   0.0000   0.0110   0.1637    0.234
    27   0.0112  -0.0728   0.0000   0.2032   0.0041   0.1425   0.1157   0.7214   0.7052   0.0432   0.0000   0.0133   0.1602    0.231
    28   0.0145  -0.0941   0.0000   0.2032   0.0045   0.1407   0.1189   0.7123   0.6963   0.0416   0.0000   0.0154   0.1559    0.228
    29   0.0180  -0.1168   0.0000   0.2032   0.0047   0.1380   0.1226   0.6985   0.6828   0.0402   0.0000   0.0175   0.1504    0.224
    30   0.0217  -0.1404   0.0000   0.2032   0.0048   0.1340   0.1268   0.6786   0.6634   0.0388   0.0000   0.0197   0.1435    0.220
    31   0.0253  -0.1644   0.0000   0.2032   0.0048   0.1287   0.1314   0.6518   0.6371   0.0374   0.0000   0.0221   0.1347    0.215
    32   0.0290  -0.1880   0.0000   0.2032   0.0047   0.1219   0.1363   0.6170   0.6032   0.0357   0.0000   0.0245   0.1239    0.209
    33   0.0325  -0.2107   0.0000   0.2032   0.0045   0.1133   0.1411   0.5735   0.5606   0.0336   0.0000   0.0271   0.1110    0.202
    34   0.0358  -0.2320   0.0000   0.2032   0.0041   0.1029   0.1455   0.5208   0.5091   0.0311   0.0000   0.0293   0.0962    0.192
    35   0.0388  -0.2514   0.0000   0.2032   0.0037   0.0907   0.1489   0.4587   0.4484   0.0280   0.0000   0.0308   0.0798    0.181
    36   0.0414  -0.2683   0.0000   0.2032   0.0032   0.0767   0.1509   0.3878   0.3791   0.0242   0.0000   0.0308   0.0628    0.169
    37   0.0435  -0.2823   0.0000   0.2032   0.0025   0.0612   0.1510   0.3093   0.3023   0.0197   0.0000   0.0287   0.0460    0.155
    38   0.0452  -0.2932   0.0000   0.2032   0.0019   0.0444   0.1491   0.2247   0.2197   0.0145   0.0000   0.0238   0.0305    0.142
    39   0.0464  -0.3006   0.0000   0.2032   0.0011   0.0269   0.1458   0.1362   0.1332   0.0085   0.0000   0.0159   0.0170    0.131
    40   0.0469  -0.3043   0.0000   0.2032   0.0004   0.0090   0.1434   0.0458   0.0447   0.0019   0.0000   0.0056   0.0054    0.125
 ---------------------------------------------------------------
