 ---------------------------------------------------------------
 Surface and Strip Forces by surface

  Sref = 0.18580       Cref = 0.20320       Bref = 0.91440    
  Xref = 0.10920       Yref =  0.0000       Zref =  0.0000    

  Surface # 1     Wing                                    
     # Chordwise = 10   # Spanwise = 20     First strip =  1
     Surface area Ssurf =    0.092903     Ave. chord Cave =    0.203200

 Forces referred to Sref, Cref, Bref about Xref, Yref, Zref
 Standard axis orientation,  X fwd, Z down         
     CLsurf  =   0.19550     Clsurf  =  -0.04359
     CYsurf  =   0.00468     Cmsurf  =  -0.01027
     CDsurf  =   0.00586     Cnsurf  =  -0.00418
     CDisurf =   0.00586     CDvsurf =   0.00000

 Forces referred to Ssurf, Cave 
     CLsurf  =   0.39099     CDsurf  =   0.01172

 Strip Forces referred to Strip Area, Chord
    j     Xle      Yle      Zle      Chord    Area     c_cl     ai     cl_norm    cl       cd       cdv    cm_c/4     cm_LE   C.P.x/c
     1   0.0003   0.0007   0.0000   0.2032   0.0006   0.0901   0.0307   0.4898   0.4331   0.1300   0.0000  -0.0161  -0.1193    0.287
     2   0.0023   0.0063   0.0000   0.2032   0.0017   0.0901   0.0305   0.5010   0.4429   0.0280   0.0000  -0.0143  -0.1176    0.282
     3   0.0063   0.0174   0.0000   0.2032   0.0028   0.0903   0.0327   0.5024   0.4442   0.0225   0.0000  -0.0100  -0.1137    0.272
     4   0.0123   0.0337   0.0000   0.2032   0.0038   0.0906   0.0360   0.5045   0.4461   0.0194   0.0000  -0.0051  -0.1096    0.262
     5   0.0199   0.0548   0.0000   0.2032   0.0047   0.0910   0.0395   0.5073   0.4485   0.0168   0.0000  -0.0010  -0.1062    0.252
     6   0.0292   0.0801   0.0000   0.2032   0.0055   0.0915   0.0429   0.5098   0.4508   0.0148   0.0000   0.0022  -0.1037    0.245
     7   0.0397   0.1092   0.0000   0.2032   0.0062   0.0917   0.0461   0.5113   0.4520   0.0133   0.0000   0.0045  -0.1018    0.240
     8   0.0514   0.1411   0.0000   0.2032   0.0067   0.0916   0.0493   0.5107   0.4515   0.0123   0.0000   0.0062  -0.1000    0.236
     9   0.0638   0.1752   0.0000   0.2032   0.0071   0.0909   0.0526   0.5071   0.4483   0.0115   0.0000   0.0078  -0.0978    0.233
    10   0.0767   0.2107   0.0000   0.2032   0.0073   0.0896   0.0564   0.4997   0.4418   0.0109   0.0000   0.0093  -0.0948    0.229
    11   0.0897   0.2465   0.0000   0.2032   0.0073   0.0874   0.0607   0.4874   0.4309   0.0104   0.0000   0.0110  -0.0906    0.224
    12   0.1026   0.2820   0.0000   0.2032   0.0071   0.0841   0.0656   0.4690   0.4146   0.0098   0.0000   0.0131  -0.0848    0.218
    13   0.1150   0.3161   0.0000   0.2032   0.0067   0.0794   0.0708   0.4433   0.3919   0.0091   0.0000   0.0157  -0.0771    0.210
    14   0.1267   0.3480   0.0000   0.2032   0.0062   0.0733   0.0759   0.4090   0.3616   0.0081   0.0000   0.0187  -0.0672    0.198
    15   0.1372   0.3771   0.0000   0.2032   0.0055   0.0655   0.0801   0.3653   0.3230   0.0070   0.0000   0.0218  -0.0552    0.183
    16   0.1465   0.4024   0.0000   0.2032   0.0047   0.0559   0.0825   0.3120   0.2758   0.0055   0.0000   0.0242  -0.0419    0.162
    17   0.1541   0.4235   0.0000   0.2032   0.0038   0.0448   0.0822   0.2501   0.2211   0.0040   0.0000   0.0247  -0.0286    0.138
    18   0.1601   0.4398   0.0000   0.2032   0.0028   0.0326   0.0789   0.1818   0.1607   0.0023   0.0000   0.0222  -0.0168    0.112
    19   0.1641   0.4509   0.0000   0.2032   0.0017   0.0196   0.0733   0.1098   0.0971   0.0006   0.0000   0.0157  -0.0080    0.089
    20   0.1661   0.4565   0.0000   0.2032   0.0006   0.0065   0.0687   0.0367   0.0325  -0.0009   0.0000   0.0057  -0.0022    0.075

  Surface # 2     Wing (YDUP)                             
     # Chordwise = 10   # Spanwise = 20     First strip = 21
     Surface area Ssurf =    0.092903     Ave. chord Cave =    0.203200

 Forces referred to Sref, Cref, Bref about Xref, Yref, Zref
 Standard axis orientation,  X fwd, Z down         
     CLsurf  =   0.19550     Clsurf  =   0.04359
     CYsurf  =  -0.00468     Cmsurf  =  -0.01027
     CDsurf  =   0.00586     Cnsurf  =   0.00418
     CDisurf =   0.00586     CDvsurf =   0.00000

 Forces referred to Ssurf, Cave 
     CLsurf  =   0.39099     CDsurf  =   0.01172

 Strip Forces referred to Strip Area, Chord
    j     Xle      Yle      Zle      Chord    Area     c_cl     ai     cl_norm    cl       cd       cdv    cm_c/4     cm_LE   C.P.x/c
    21   0.0003  -0.0007   0.0000   0.2032   0.0006   0.0901   0.0307   0.4898   0.4331   0.1300   0.0000  -0.0161   0.1193    0.287
    22   0.0023  -0.0063   0.0000   0.2032   0.0017   0.0901   0.0305   0.5010   0.4429   0.0280   0.0000  -0.0143   0.1176    0.282
    23   0.0063  -0.0174   0.0000   0.2032   0.0028   0.0903   0.0327   0.5024   0.4442   0.0225   0.0000  -0.0100   0.1137    0.272
    24   0.0123  -0.0337   0.0000   0.2032   0.0038   0.0906   0.0360   0.5045   0.4461   0.0194   0.0000  -0.0051   0.1096    0.262
    25   0.0199  -0.0548   0.0000   0.2032   0.0047   0.0910   0.0395   0.5073   0.4485   0.0168   0.0000  -0.0010   0.1062    0.252
    26   0.0292  -0.0801   0.0000   0.2032   0.0055   0.0915   0.0429   0.5098   0.4508   0.0148   0.0000   0.0022   0.1037    0.245
    27   0.0397  -0.1092   0.0000   0.2032   0.0062   0.0917   0.0461   0.5113   0.4520   0.0133   0.0000   0.0045   0.1018    0.240
    28   0.0514  -0.1411   0.0000   0.2032   0.0067   0.0916   0.0493   0.5107   0.4515   0.0123   0.0000   0.0062   0.1000    0.236
    29   0.0638  -0.1752   0.0000   0.2032   0.0071   0.0909   0.0526   0.5071   0.4483   0.0115   0.0000   0.0078   0.0978    0.233
    30   0.0767  -0.2107   0.0000   0.2032   0.0073   0.0896   0.0564   0.4997   0.4418   0.0109   0.0000   0.0093   0.0948    0.229
    31   0.0897  -0.2465   0.0000   0.2032   0.0073   0.0874   0.0607   0.4874   0.4309   0.0104   0.0000   0.0110   0.0906    0.224
    32   0.1026  -0.2820   0.0000   0.2032   0.0071   0.0841   0.0656   0.4690   0.4146   0.0098   0.0000   0.0131   0.0848    0.218
    33   0.1150  -0.3161   0.0000   0.2032   0.0067   0.0794   0.0708   0.4433   0.3919   0.0091   0.0000   0.0157   0.0771    0.210
    34   0.1267  -0.3480   0.0000   0.2032   0.0062   0.0733   0.0759   0.4090   0.3616   0.0081   0.0000   0.0187   0.0672    0.198
    35   0.1372  -0.3771   0.0000   0.2032   0.0055   0.0655   0.0801   0.3653   0.3230   0.0070   0.0000   0.0218   0.0552    0.183
    36   0.1465  -0.4024   0.0000   0.2032   0.0047   0.0559   0.0825   0.3120   0.2758   0.0055   0.0000   0.0242   0.0419    0.162
    37   0.1541  -0.4235   0.0000   0.2032   0.0038   0.0448   0.0822   0.2501   0.2211   0.0040   0.0000   0.0247   0.0286    0.138
    38   0.1601  -0.4398   0.0000   0.2032   0.0028   0.0326   0.0789   0.1818   0.1607   0.0023   0.0000   0.0222   0.0168    0.112
    39   0.1641  -0.4509   0.0000   0.2032   0.0017   0.0196   0.0733   0.1098   0.0971   0.0006   0.0000   0.0157   0.0080    0.089
    40   0.1661  -0.4565   0.0000   0.2032   0.0006   0.0065   0.0687   0.0367   0.0325  -0.0009   0.0000   0.0057   0.0022    0.075
 ---------------------------------------------------------------
