 ---------------------------------------------------------------
 Surface and Strip Forces by surface

  Sref = 0.13210       Cref = 0.16590       Bref = 0.81280    
  Xref = 0.10920       Yref =  0.0000       Zref =  0.0000    

  Surface # 1     Wing                                    
     # Chordwise = 10   # Spanwise = 20     First strip =  1
     Surface area Ssurf =    0.082580     Ave. chord Cave =    0.203200

 Forces referred to Sref, Cref, Bref about Xref, Yref, Zref
 Standard axis orientation,  X fwd, Z down         
     CLsurf  =   0.27498     Clsurf  =  -0.06006
     CYsurf  =   0.00287     Cmsurf  =   0.06575
     CDsurf  =   0.00999     Cnsurf  =  -0.00519
     CDisurf =   0.00999     CDvsurf =   0.00000

 Forces referred to Ssurf, Cave 
     CLsurf  =   0.43987     CDsurf  =   0.01598

 Strip Forces referred to Strip Area, Chord
    j     Xle      Yle      Zle      Chord    Area     c_cl     ai     cl_norm    cl       cd       cdv    cm_c/4     cm_LE   C.P.x/c
     1   0.0001   0.0006   0.0000   0.2032   0.0005   0.1067   0.0553   0.5278   0.5181   0.0907   0.0000  -0.0012  -0.1312    0.252
     2   0.0008   0.0056   0.0000   0.2032   0.0015   0.1067   0.0550   0.5352   0.5253   0.0265   0.0000  -0.0005  -0.1306    0.251
     3   0.0021   0.0155   0.0000   0.2032   0.0025   0.1067   0.0555   0.5356   0.5258   0.0226   0.0000   0.0012  -0.1288    0.248
     4   0.0041   0.0299   0.0000   0.2032   0.0034   0.1067   0.0567   0.5359   0.5260   0.0207   0.0000   0.0033  -0.1268    0.244
     5   0.0067   0.0487   0.0000   0.2032   0.0042   0.1066   0.0583   0.5357   0.5258   0.0192   0.0000   0.0052  -0.1248    0.240
     6   0.0098   0.0712   0.0000   0.2032   0.0049   0.1064   0.0601   0.5345   0.5247   0.0182   0.0000   0.0069  -0.1228    0.237
     7   0.0133   0.0970   0.0000   0.2032   0.0055   0.1058   0.0621   0.5316   0.5219   0.0174   0.0000   0.0082  -0.1208    0.234
     8   0.0173   0.1254   0.0000   0.2032   0.0060   0.1047   0.0644   0.5263   0.5167   0.0168   0.0000   0.0094  -0.1183    0.232
     9   0.0214   0.1558   0.0000   0.2032   0.0063   0.1030   0.0671   0.5178   0.5083   0.0164   0.0000   0.0106  -0.1151    0.229
    10   0.0258   0.1873   0.0000   0.2032   0.0065   0.1005   0.0702   0.5053   0.4960   0.0161   0.0000   0.0118  -0.1108    0.226
    11   0.0301   0.2191   0.0000   0.2032   0.0065   0.0970   0.0738   0.4878   0.4788   0.0158   0.0000   0.0133  -0.1051    0.222
    12   0.0345   0.2506   0.0000   0.2032   0.0063   0.0924   0.0779   0.4645   0.4560   0.0154   0.0000   0.0150  -0.0978    0.217
    13   0.0386   0.2810   0.0000   0.2032   0.0060   0.0865   0.0822   0.4346   0.4266   0.0149   0.0000   0.0170  -0.0886    0.210
    14   0.0426   0.3094   0.0000   0.2032   0.0055   0.0791   0.0863   0.3972   0.3899   0.0140   0.0000   0.0191  -0.0774    0.201
    15   0.0461   0.3352   0.0000   0.2032   0.0049   0.0701   0.0898   0.3520   0.3455   0.0129   0.0000   0.0210  -0.0646    0.189
    16   0.0492   0.3577   0.0000   0.2032   0.0042   0.0595   0.0920   0.2990   0.2935   0.0113   0.0000   0.0221  -0.0507    0.175
    17   0.0518   0.3765   0.0000   0.2032   0.0034   0.0476   0.0921   0.2391   0.2347   0.0093   0.0000   0.0216  -0.0366    0.158
    18   0.0538   0.3909   0.0000   0.2032   0.0025   0.0346   0.0899   0.1737   0.1705   0.0068   0.0000   0.0188  -0.0236    0.140
    19   0.0551   0.4008   0.0000   0.2032   0.0015   0.0209   0.0856   0.1051   0.1032   0.0039   0.0000   0.0130  -0.0126    0.124
    20   0.0558   0.4058   0.0000   0.2032   0.0005   0.0070   0.0820   0.0352   0.0345   0.0008   0.0000   0.0047  -0.0039    0.114

  Surface # 2     Wing (YDUP)                             
     # Chordwise = 10   # Spanwise = 20     First strip = 21
     Surface area Ssurf =    0.082580     Ave. chord Cave =    0.203200

 Forces referred to Sref, Cref, Bref about Xref, Yref, Zref
 Standard axis orientation,  X fwd, Z down         
     CLsurf  =   0.27498     Clsurf  =   0.06006
     CYsurf  =  -0.00287     Cmsurf  =   0.06575
     CDsurf  =   0.00999     Cnsurf  =   0.00519
     CDisurf =   0.00999     CDvsurf =   0.00000

 Forces referred to Ssurf, Cave 
     CLsurf  =   0.43987     CDsurf  =   0.01598

 Strip Forces referred to Strip Area, Chord
    j     Xle      Yle      Zle      Chord    Area     c_cl     ai     cl_norm    cl       cd       cdv    cm_c/4     cm_LE   C.P.x/c
    21   0.0001  -0.0006   0.0000   0.2032   0.0005   0.1067   0.0553   0.5278   0.5181   0.0907   0.0000  -0.0012   0.1312    0.252
    22   0.0008  -0.0056   0.0000   0.2032   0.0015   0.1067   0.0550   0.5352   0.5253   0.0265   0.0000  -0.0005   0.1306    0.251
    23   0.0021  -0.0155   0.0000   0.2032   0.0025   0.1067   0.0555   0.5356   0.5258   0.0226   0.0000   0.0012   0.1288    0.248
    24   0.0041  -0.0299   0.0000   0.2032   0.0034   0.1067   0.0567   0.5359   0.5260   0.0207   0.0000   0.0033   0.1268    0.244
    25   0.0067  -0.0487   0.0000   0.2032   0.0042   0.1066   0.0583   0.5357   0.5258   0.0192   0.0000   0.0052   0.1248    0.240
    26   0.0098  -0.0712   0.0000   0.2032   0.0049   0.1064   0.0601   0.5345   0.5247   0.0182   0.0000   0.0069   0.1228    0.237
    27   0.0133  -0.0970   0.0000   0.2032   0.0055   0.1058   0.0621   0.5316   0.5219   0.0174   0.0000   0.0082   0.1208    0.234
    28   0.0173  -0.1254   0.0000   0.2032   0.0060   0.1047   0.0644   0.5263   0.5167   0.0168   0.0000   0.0094   0.1183    0.232
    29   0.0214  -0.1558   0.0000   0.2032   0.0063   0.1030   0.0671   0.5178   0.5083   0.0164   0.0000   0.0106   0.1151    0.229
    30   0.0258  -0.1873   0.0000   0.2032   0.0065   0.1005   0.0702   0.5053   0.4960   0.0161   0.0000   0.0118   0.1108    0.226
    31   0.0301  -0.2191   0.0000   0.2032   0.0065   0.0970   0.0738   0.4878   0.4788   0.0158   0.0000   0.0133   0.1051    0.222
    32   0.0345  -0.2506   0.0000   0.2032   0.0063   0.0924   0.0779   0.4645   0.4560   0.0154   0.0000   0.0150   0.0978    0.217
    33   0.0386  -0.2810   0.0000   0.2032   0.0060   0.0865   0.0822   0.4346   0.4266   0.0149   0.0000   0.0170   0.0886    0.210
    34   0.0426  -0.3094   0.0000   0.2032   0.0055   0.0791   0.0863   0.3972   0.3899   0.0140   0.0000   0.0191   0.0774    0.201
    35   0.0461  -0.3352   0.0000   0.2032   0.0049   0.0701   0.0898   0.3520   0.3455   0.0129   0.0000   0.0210   0.0646    0.189
    36   0.0492  -0.3577   0.0000   0.2032   0.0042   0.0595   0.0920   0.2990   0.2935   0.0113   0.0000   0.0221   0.0507    0.175
    37   0.0518  -0.3765   0.0000   0.2032   0.0034   0.0476   0.0921   0.2391   0.2347   0.0093   0.0000   0.0216   0.0366    0.158
    38   0.0538  -0.3909   0.0000   0.2032   0.0025   0.0346   0.0899   0.1737   0.1705   0.0068   0.0000   0.0188   0.0236    0.140
    39   0.0551  -0.4008   0.0000   0.2032   0.0015   0.0209   0.0856   0.1051   0.1032   0.0039   0.0000   0.0130   0.0126    0.124
    40   0.0558  -0.4058   0.0000   0.2032   0.0005   0.0070   0.0820   0.0352   0.0345   0.0008   0.0000   0.0047   0.0039    0.114
 ---------------------------------------------------------------
