 ---------------------------------------------------------------
 Surface and Strip Forces by surface

  Sref = 0.97500E-01   Cref = 0.16980       Bref = 0.60960    
  Xref = 0.10920       Yref =  0.0000       Zref =  0.0000    

  Surface # 1     Wing                                    
     # Chordwise = 10   # Spanwise = 20     First strip =  1
     Surface area Ssurf =    0.069677     Ave. chord Cave =    0.228600

 Forces referred to Sref, Cref, Bref about Xref, Yref, Zref
 Standard axis orientation,  X fwd, Z down         
     CLsurf  =   0.37256     Clsurf  =  -0.08056
     CYsurf  =   0.01129     Cmsurf  =   0.04881
     CDsurf  =   0.02476     Cnsurf  =  -0.01363
     CDisurf =   0.02476     CDvsurf =   0.00000

 Forces referred to Ssurf, Cave 
     CLsurf  =   0.52132     CDsurf  =   0.03465

 Strip Forces referred to Strip Area, Chord
    j     Xle      Yle      Zle      Chord    Area     c_cl     ai     cl_norm    cl       cd       cdv    cm_c/4     cm_LE   C.P.x/c
     1   0.0001   0.0005   0.0000   0.2286   0.0004   0.1440   0.1019   0.6244   0.5778   0.3565   0.0000  -0.0080  -0.1590    0.264
     2   0.0012   0.0042   0.0000   0.2286   0.0013   0.1440   0.1020   0.6771   0.6265   0.0747   0.0000  -0.0071  -0.1581    0.261
     3   0.0033   0.0116   0.0000   0.2286   0.0021   0.1441   0.1033   0.6803   0.6295   0.0579   0.0000  -0.0043  -0.1555    0.257
     4   0.0065   0.0225   0.0000   0.2286   0.0029   0.1441   0.1056   0.6814   0.6305   0.0523   0.0000  -0.0004  -0.1517    0.251
     5   0.0105   0.0365   0.0000   0.2286   0.0036   0.1439   0.1086   0.6816   0.6307   0.0480   0.0000   0.0038  -0.1476    0.244
     6   0.0154   0.0534   0.0000   0.2286   0.0042   0.1435   0.1120   0.6804   0.6295   0.0443   0.0000   0.0077  -0.1434    0.238
     7   0.0210   0.0728   0.0000   0.2286   0.0047   0.1426   0.1157   0.6766   0.6261   0.0412   0.0000   0.0112  -0.1391    0.232
     8   0.0272   0.0941   0.0000   0.2286   0.0051   0.1410   0.1197   0.6693   0.6193   0.0385   0.0000   0.0144  -0.1343    0.227
     9   0.0337   0.1168   0.0000   0.2286   0.0053   0.1384   0.1240   0.6572   0.6081   0.0362   0.0000   0.0174  -0.1287    0.221
    10   0.0405   0.1404   0.0000   0.2286   0.0054   0.1346   0.1286   0.6393   0.5915   0.0339   0.0000   0.0204  -0.1218    0.215
    11   0.0475   0.1644   0.0000   0.2286   0.0054   0.1293   0.1333   0.6145   0.5686   0.0317   0.0000   0.0235  -0.1133    0.209
    12   0.0543   0.1880   0.0000   0.2286   0.0053   0.1224   0.1380   0.5818   0.5384   0.0293   0.0000   0.0265  -0.1031    0.201
    13   0.0608   0.2107   0.0000   0.2286   0.0051   0.1137   0.1423   0.5406   0.5002   0.0266   0.0000   0.0295  -0.0911    0.191
    14   0.0670   0.2320   0.0000   0.2286   0.0047   0.1031   0.1459   0.4905   0.4538   0.0237   0.0000   0.0320  -0.0777    0.180
    15   0.0726   0.2514   0.0000   0.2286   0.0042   0.0907   0.1482   0.4315   0.3992   0.0203   0.0000   0.0334  -0.0632    0.166
    16   0.0775   0.2683   0.0000   0.2286   0.0036   0.0766   0.1490   0.3643   0.3371   0.0167   0.0000   0.0332  -0.0486    0.151
    17   0.0815   0.2823   0.0000   0.2286   0.0029   0.0610   0.1478   0.2901   0.2684   0.0128   0.0000   0.0306  -0.0347    0.136
    18   0.0847   0.2932   0.0000   0.2286   0.0021   0.0442   0.1450   0.2106   0.1948   0.0086   0.0000   0.0251  -0.0224    0.121
    19   0.0868   0.3006   0.0000   0.2286   0.0013   0.0268   0.1412   0.1277   0.1181   0.0041   0.0000   0.0166  -0.0122    0.110
    20   0.0879   0.3043   0.0000   0.2286   0.0004   0.0090   0.1388   0.0430   0.0398  -0.0003   0.0000   0.0058  -0.0038    0.105

  Surface # 2     Wing (YDUP)                             
     # Chordwise = 10   # Spanwise = 20     First strip = 21
     Surface area Ssurf =    0.069677     Ave. chord Cave =    0.228600

 Forces referred to Sref, Cref, Bref about Xref, Yref, Zref
 Standard axis orientation,  X fwd, Z down         
     CLsurf  =   0.37256     Clsurf  =   0.08056
     CYsurf  =  -0.01129     Cmsurf  =   0.04881
     CDsurf  =   0.02476     Cnsurf  =   0.01363
     CDisurf =   0.02476     CDvsurf =   0.00000

 Forces referred to Ssurf, Cave 
     CLsurf  =   0.52132     CDsurf  =   0.03465

 Strip Forces referred to Strip Area, Chord
    j     Xle      Yle      Zle      Chord    Area     c_cl     ai     cl_norm    cl       cd       cdv    cm_c/4     cm_LE   C.P.x/c
    21   0.0001  -0.0005   0.0000   0.2286   0.0004   0.1440   0.1019   0.6244   0.5778   0.3565   0.0000  -0.0080   0.1590    0.264
    22   0.0012  -0.0042   0.0000   0.2286   0.0013   0.1440   0.1020   0.6771   0.6265   0.0747   0.0000  -0.0071   0.1581    0.261
    23   0.0033  -0.0116   0.0000   0.2286   0.0021   0.1441   0.1033   0.6803   0.6295   0.0579   0.0000  -0.0043   0.1555    0.257
    24   0.0065  -0.0225   0.0000   0.2286   0.0029   0.1441   0.1056   0.6814   0.6305   0.0523   0.0000  -0.0004   0.1517    0.251
    25   0.0105  -0.0365   0.0000   0.2286   0.0036   0.1439   0.1086   0.6816   0.6307   0.0480   0.0000   0.0038   0.1476    0.244
    26   0.0154  -0.0534   0.0000   0.2286   0.0042   0.1435   0.1120   0.6804   0.6295   0.0443   0.0000   0.0077   0.1434    0.238
    27   0.0210  -0.0728   0.0000   0.2286   0.0047   0.1426   0.1157   0.6766   0.6261   0.0412   0.0000   0.0112   0.1391    0.232
    28   0.0272  -0.0941   0.0000   0.2286   0.0051   0.1410   0.1197   0.6693   0.6193   0.0385   0.0000   0.0144   0.1343    0.227
    29   0.0337  -0.1168   0.0000   0.2286   0.0053   0.1384   0.1240   0.6572   0.6081   0.0362   0.0000   0.0174   0.1287    0.221
    30   0.0405  -0.1404   0.0000   0.2286   0.0054   0.1346   0.1286   0.6393   0.5915   0.0339   0.0000   0.0204   0.1218    0.215
    31   0.0475  -0.1644   0.0000   0.2286   0.0054   0.1293   0.1333   0.6145   0.5686   0.0317   0.0000   0.0235   0.1133    0.209
    32   0.0543  -0.1880   0.0000   0.2286   0.0053   0.1224   0.1380   0.5818   0.5384   0.0293   0.0000   0.0265   0.1031    0.201
    33   0.0608  -0.2107   0.0000   0.2286   0.0051   0.1137   0.1423   0.5406   0.5002   0.0266   0.0000   0.0295   0.0911    0.191
    34   0.0670  -0.2320   0.0000   0.2286   0.0047   0.1031   0.1459   0.4905   0.4538   0.0237   0.0000   0.0320   0.0777    0.180
    35   0.0726  -0.2514   0.0000   0.2286   0.0042   0.0907   0.1482   0.4315   0.3992   0.0203   0.0000   0.0334   0.0632    0.166
    36   0.0775  -0.2683   0.0000   0.2286   0.0036   0.0766   0.1490   0.3643   0.3371   0.0167   0.0000   0.0332   0.0486    0.151
    37   0.0815  -0.2823   0.0000   0.2286   0.0029   0.0610   0.1478   0.2901   0.2684   0.0128   0.0000   0.0306   0.0347    0.136
    38   0.0847  -0.2932   0.0000   0.2286   0.0021   0.0442   0.1450   0.2106   0.1948   0.0086   0.0000   0.0251   0.0224    0.121
    39   0.0868  -0.3006   0.0000   0.2286   0.0013   0.0268   0.1412   0.1277   0.1181   0.0041   0.0000   0.0166   0.0122    0.110
    40   0.0879  -0.3043   0.0000   0.2286   0.0004   0.0090   0.1388   0.0430   0.0398  -0.0003   0.0000   0.0058   0.0038    0.105
 ---------------------------------------------------------------
