 ---------------------------------------------------------------
 Surface and Strip Forces by surface

  Sref = 0.15330       Cref = 0.19250       Bref = 0.91440    
  Xref = 0.10920       Yref =  0.0000       Zref =  0.0000    

  Surface # 1     Wing                                    
     # Chordwise = 10   # Spanwise = 20     First strip =  1
     Surface area Ssurf =    0.127742     Ave. chord Cave =    0.279400

 Forces referred to Sref, Cref, Bref about Xref, Yref, Zref
 Standard axis orientation,  X fwd, Z down         
     CLsurf  =   0.23695     Clsurf  =  -0.05223
     CYsurf  =   0.00564     Cmsurf  =  -0.06042
     CDsurf  =   0.00723     Cnsurf  =  -0.00528
     CDisurf =   0.00723     CDvsurf =   0.00000

 Forces referred to Ssurf, Cave 
     CLsurf  =   0.28436     CDsurf  =   0.00867

 Strip Forces referred to Strip Area, Chord
    j     Xle      Yle      Zle      Chord    Area     c_cl     ai     cl_norm    cl       cd       cdv    cm_c/4     cm_LE   C.P.x/c
     1   0.0003   0.0007   0.0000   0.2794   0.0008   0.0924   0.0374   0.3963   0.3210   0.1351   0.0000  -0.0156  -0.0884    0.299
     2   0.0031   0.0063   0.0000   0.2794   0.0023   0.0924   0.0356   0.4072   0.3298   0.0232   0.0000  -0.0144  -0.0873    0.294
     3   0.0085   0.0174   0.0000   0.2794   0.0038   0.0924   0.0365   0.4080   0.3305   0.0176   0.0000  -0.0110  -0.0843    0.283
     4   0.0164   0.0337   0.0000   0.2794   0.0052   0.0926   0.0388   0.4091   0.3314   0.0156   0.0000  -0.0067  -0.0806    0.270
     5   0.0266   0.0548   0.0000   0.2794   0.0065   0.0929   0.0417   0.4105   0.3325   0.0138   0.0000  -0.0027  -0.0772    0.258
     6   0.0390   0.0801   0.0000   0.2794   0.0076   0.0932   0.0448   0.4118   0.3336   0.0121   0.0000   0.0008  -0.0743    0.248
     7   0.0531   0.1092   0.0000   0.2794   0.0085   0.0932   0.0479   0.4122   0.3339   0.0108   0.0000   0.0036  -0.0718    0.239
     8   0.0686   0.1411   0.0000   0.2794   0.0093   0.0929   0.0511   0.4108   0.3328   0.0097   0.0000   0.0059  -0.0695    0.232
     9   0.0852   0.1752   0.0000   0.2794   0.0097   0.0920   0.0544   0.4068   0.3295   0.0088   0.0000   0.0079  -0.0669    0.226
    10   0.1024   0.2107   0.0000   0.2794   0.0100   0.0903   0.0579   0.3993   0.3234   0.0080   0.0000   0.0099  -0.0637    0.219
    11   0.1199   0.2465   0.0000   0.2794   0.0100   0.0876   0.0616   0.3874   0.3138   0.0072   0.0000   0.0120  -0.0597    0.212
    12   0.1371   0.2820   0.0000   0.2794   0.0097   0.0837   0.0654   0.3703   0.2999   0.0064   0.0000   0.0143  -0.0545    0.202
    13   0.1537   0.3161   0.0000   0.2794   0.0093   0.0784   0.0689   0.3469   0.2810   0.0056   0.0000   0.0169  -0.0479    0.190
    14   0.1692   0.3480   0.0000   0.2794   0.0085   0.0716   0.0716   0.3168   0.2566   0.0045   0.0000   0.0195  -0.0401    0.174
    15   0.1833   0.3771   0.0000   0.2794   0.0076   0.0632   0.0730   0.2798   0.2266   0.0034   0.0000   0.0217  -0.0313    0.154
    16   0.1957   0.4024   0.0000   0.2794   0.0065   0.0534   0.0725   0.2363   0.1914   0.0022   0.0000   0.0229  -0.0223    0.130
    17   0.2059   0.4235   0.0000   0.2794   0.0052   0.0423   0.0698   0.1875   0.1519   0.0011   0.0000   0.0223  -0.0140    0.103
    18   0.2138   0.4398   0.0000   0.2794   0.0038   0.0305   0.0651   0.1352   0.1095   0.0001   0.0000   0.0190  -0.0074    0.076
    19   0.2192   0.4509   0.0000   0.2794   0.0023   0.0183   0.0593   0.0813   0.0659  -0.0009   0.0000   0.0129  -0.0031    0.054
    20   0.2220   0.4565   0.0000   0.2794   0.0008   0.0061   0.0557   0.0272   0.0220  -0.0014   0.0000   0.0046  -0.0008    0.042

  Surface # 2     Wing (YDUP)                             
     # Chordwise = 10   # Spanwise = 20     First strip = 21
     Surface area Ssurf =    0.127742     Ave. chord Cave =    0.279400

 Forces referred to Sref, Cref, Bref about Xref, Yref, Zref
 Standard axis orientation,  X fwd, Z down         
     CLsurf  =   0.23695     Clsurf  =   0.05223
     CYsurf  =  -0.00564     Cmsurf  =  -0.06042
     CDsurf  =   0.00723     Cnsurf  =   0.00528
     CDisurf =   0.00723     CDvsurf =   0.00000

 Forces referred to Ssurf, Cave 
     CLsurf  =   0.28436     CDsurf  =   0.00867

 Strip Forces referred to Strip Area, Chord
    j     Xle      Yle      Zle      Chord    Area     c_cl     ai     cl_norm    cl       cd       cdv    cm_c/4     cm_LE   C.P.x/c
    21   0.0003  -0.0007   0.0000   0.2794   0.0008   0.0924   0.0374   0.3963   0.3210   0.1351   0.0000  -0.0156   0.0884    0.299
    22   0.0031  -0.0063   0.0000   0.2794   0.0023   0.0924   0.0356   0.4072   0.3298   0.0232   0.0000  -0.0144   0.0873    0.294
    23   0.0085  -0.0174   0.0000   0.2794   0.0038   0.0924   0.0365   0.4080   0.3305   0.0176   0.0000  -0.0110   0.0843    0.283
    24   0.0164  -0.0337   0.0000   0.2794   0.0052   0.0926   0.0388   0.4091   0.3314   0.0156   0.0000  -0.0067   0.0806    0.270
    25   0.0266  -0.0548   0.0000   0.2794   0.0065   0.0929   0.0417   0.4105   0.3325   0.0138   0.0000  -0.0027   0.0772    0.258
    26   0.0390  -0.0801   0.0000   0.2794   0.0076   0.0932   0.0448   0.4118   0.3336   0.0121   0.0000   0.0008   0.0743    0.248
    27   0.0531  -0.1092   0.0000   0.2794   0.0085   0.0932   0.0479   0.4122   0.3339   0.0108   0.0000   0.0036   0.0718    0.239
    28   0.0686  -0.1411   0.0000   0.2794   0.0093   0.0929   0.0511   0.4108   0.3328   0.0097   0.0000   0.0059   0.0695    0.232
    29   0.0852  -0.1752   0.0000   0.2794   0.0097   0.0920   0.0544   0.4068   0.3295   0.0088   0.0000   0.0079   0.0669    0.226
    30   0.1024  -0.2107   0.0000   0.2794   0.0100   0.0903   0.0579   0.3993   0.3234   0.0080   0.0000   0.0099   0.0637    0.219
    31   0.1199  -0.2465   0.0000   0.2794   0.0100   0.0876   0.0616   0.3874   0.3138   0.0072   0.0000   0.0120   0.0597    0.212
    32   0.1371  -0.2820   0.0000   0.2794   0.0097   0.0837   0.0654   0.3703   0.2999   0.0064   0.0000   0.0143   0.0545    0.202
    33   0.1537  -0.3161   0.0000   0.2794   0.0093   0.0784   0.0689   0.3469   0.2810   0.0056   0.0000   0.0169   0.0479    0.190
    34   0.1692  -0.3480   0.0000   0.2794   0.0085   0.0716   0.0716   0.3168   0.2566   0.0045   0.0000   0.0195   0.0401    0.174
    35   0.1833  -0.3771   0.0000   0.2794   0.0076   0.0632   0.0730   0.2798   0.2266   0.0034   0.0000   0.0217   0.0313    0.154
    36   0.1957  -0.4024   0.0000   0.2794   0.0065   0.0534   0.0725   0.2363   0.1914   0.0022   0.0000   0.0229   0.0223    0.130
    37   0.2059  -0.4235   0.0000   0.2794   0.0052   0.0423   0.0698   0.1875   0.1519   0.0011   0.0000   0.0223   0.0140    0.103
    38   0.2138  -0.4398   0.0000   0.2794   0.0038   0.0305   0.0651   0.1352   0.1095   0.0001   0.0000   0.0190   0.0074    0.076
    39   0.2192  -0.4509   0.0000   0.2794   0.0023   0.0183   0.0593   0.0813   0.0659  -0.0009   0.0000   0.0129   0.0031    0.054
    40   0.2220  -0.4565   0.0000   0.2794   0.0008   0.0061   0.0557   0.0272   0.0220  -0.0014   0.0000   0.0046   0.0008    0.042
 ---------------------------------------------------------------
