 ---------------------------------------------------------------
 Surface and Strip Forces by surface

  Sref = 0.12540       Cref = 0.15750       Bref = 0.91440    
  Xref = 0.10920       Yref =  0.0000       Zref =  0.0000    

  Surface # 1     Wing                                    
     # Chordwise = 10   # Spanwise = 20     First strip =  1
     Surface area Ssurf =    0.104516     Ave. chord Cave =    0.228600

 Forces referred to Sref, Cref, Bref about Xref, Yref, Zref
 Standard axis orientation,  X fwd, Z down         
     CLsurf  =   0.28967     Clsurf  =  -0.06417
     CYsurf  =   0.00624     Cmsurf  =  -0.02914
     CDsurf  =   0.00868     Cnsurf  =  -0.00584
     CDisurf =   0.00868     CDvsurf =   0.00000

 Forces referred to Ssurf, Cave 
     CLsurf  =   0.34755     CDsurf  =   0.01041

 Strip Forces referred to Strip Area, Chord
    j     Xle      Yle      Zle      Chord    Area     c_cl     ai     cl_norm    cl       cd       cdv    cm_c/4     cm_LE   C.P.x/c
     1   0.0003   0.0007   0.0000   0.2286   0.0006   0.0915   0.0349   0.4435   0.3910   0.1235   0.0000  -0.0139  -0.1070    0.286
     2   0.0023   0.0063   0.0000   0.2286   0.0019   0.0915   0.0340   0.4534   0.3998   0.0249   0.0000  -0.0125  -0.1057    0.281
     3   0.0064   0.0174   0.0000   0.2286   0.0031   0.0916   0.0354   0.4544   0.4006   0.0198   0.0000  -0.0089  -0.1024    0.272
     4   0.0124   0.0337   0.0000   0.2286   0.0043   0.0919   0.0380   0.4558   0.4019   0.0173   0.0000  -0.0046  -0.0986    0.261
     5   0.0201   0.0548   0.0000   0.2286   0.0053   0.0922   0.0410   0.4576   0.4035   0.0152   0.0000  -0.0008  -0.0953    0.252
     6   0.0295   0.0801   0.0000   0.2286   0.0062   0.0925   0.0441   0.4592   0.4049   0.0134   0.0000   0.0023  -0.0927    0.244
     7   0.0402   0.1092   0.0000   0.2286   0.0070   0.0925   0.0471   0.4597   0.4053   0.0121   0.0000   0.0047  -0.0906    0.239
     8   0.0519   0.1411   0.0000   0.2286   0.0076   0.0922   0.0501   0.4583   0.4041   0.0111   0.0000   0.0065  -0.0886    0.234
     9   0.0645   0.1752   0.0000   0.2286   0.0080   0.0914   0.0533   0.4541   0.4004   0.0104   0.0000   0.0081  -0.0862    0.230
    10   0.0775   0.2107   0.0000   0.2286   0.0082   0.0898   0.0568   0.4464   0.3936   0.0098   0.0000   0.0098  -0.0830    0.225
    11   0.0907   0.2465   0.0000   0.2286   0.0082   0.0873   0.0608   0.4340   0.3827   0.0092   0.0000   0.0116  -0.0788    0.220
    12   0.1037   0.2820   0.0000   0.2286   0.0080   0.0837   0.0651   0.4161   0.3669   0.0085   0.0000   0.0137  -0.0731    0.213
    13   0.1163   0.3161   0.0000   0.2286   0.0076   0.0788   0.0695   0.3916   0.3453   0.0078   0.0000   0.0161  -0.0657    0.203
    14   0.1280   0.3480   0.0000   0.2286   0.0070   0.0723   0.0735   0.3596   0.3170   0.0069   0.0000   0.0188  -0.0566    0.191
    15   0.1387   0.3771   0.0000   0.2286   0.0062   0.0643   0.0765   0.3195   0.2817   0.0058   0.0000   0.0214  -0.0459    0.174
    16   0.1481   0.4024   0.0000   0.2286   0.0053   0.0546   0.0777   0.2716   0.2395   0.0045   0.0000   0.0232  -0.0343    0.153
    17   0.1558   0.4235   0.0000   0.2286   0.0043   0.0436   0.0764   0.2168   0.1912   0.0031   0.0000   0.0231  -0.0230    0.129
    18   0.1618   0.4398   0.0000   0.2286   0.0031   0.0316   0.0726   0.1571   0.1385   0.0017   0.0000   0.0203  -0.0133    0.103
    19   0.1659   0.4509   0.0000   0.2286   0.0019   0.0190   0.0670   0.0947   0.0835   0.0002   0.0000   0.0141  -0.0063    0.081
    20   0.1679   0.4565   0.0000   0.2286   0.0006   0.0063   0.0628   0.0317   0.0279  -0.0009   0.0000   0.0051  -0.0017    0.068

  Surface # 2     Wing (YDUP)                             
     # Chordwise = 10   # Spanwise = 20     First strip = 21
     Surface area Ssurf =    0.104516     Ave. chord Cave =    0.228600

 Forces referred to Sref, Cref, Bref about Xref, Yref, Zref
 Standard axis orientation,  X fwd, Z down         
     CLsurf  =   0.28967     Clsurf  =   0.06417
     CYsurf  =  -0.00624     Cmsurf  =  -0.02914
     CDsurf  =   0.00868     Cnsurf  =   0.00584
     CDisurf =   0.00868     CDvsurf =   0.00000

 Forces referred to Ssurf, Cave 
     CLsurf  =   0.34755     CDsurf  =   0.01041

 Strip Forces referred to Strip Area, Chord
    j     Xle      Yle      Zle      Chord    Area     c_cl     ai     cl_norm    cl       cd       cdv    cm_c/4     cm_LE   C.P.x/c
    21   0.0003  -0.0007   0.0000   0.2286   0.0006   0.0915   0.0349   0.4435   0.3910   0.1235   0.0000  -0.0139   0.1070    0.286
    22   0.0023  -0.0063   0.0000   0.2286   0.0019   0.0915   0.0340   0.4534   0.3998   0.0249   0.0000  -0.0125   0.1057    0.281
    23   0.0064  -0.0174   0.0000   0.2286   0.0031   0.0916   0.0354   0.4544   0.4006   0.0198   0.0000  -0.0089   0.1024    0.272
    24   0.0124  -0.0337   0.0000   0.2286   0.0043   0.0919   0.0380   0.4558   0.4019   0.0173   0.0000  -0.0046   0.0986    0.261
    25   0.0201  -0.0548   0.0000   0.2286   0.0053   0.0922   0.0410   0.4576   0.4035   0.0152   0.0000  -0.0008   0.0953    0.252
    26   0.0295  -0.0801   0.0000   0.2286   0.0062   0.0925   0.0441   0.4592   0.4049   0.0134   0.0000   0.0023   0.0927    0.244
    27   0.0402  -0.1092   0.0000   0.2286   0.0070   0.0925   0.0471   0.4597   0.4053   0.0121   0.0000   0.0047   0.0906    0.239
    28   0.0519  -0.1411   0.0000   0.2286   0.0076   0.0922   0.0501   0.4583   0.4041   0.0111   0.0000   0.0065   0.0886    0.234
    29   0.0645  -0.1752   0.0000   0.2286   0.0080   0.0914   0.0533   0.4541   0.4004   0.0104   0.0000   0.0081   0.0862    0.230
    30   0.0775  -0.2107   0.0000   0.2286   0.0082   0.0898   0.0568   0.4464   0.3936   0.0098   0.0000   0.0098   0.0830    0.225
    31   0.0907  -0.2465   0.0000   0.2286   0.0082   0.0873   0.0608   0.4340   0.3827   0.0092   0.0000   0.0116   0.0788    0.220
    32   0.1037  -0.2820   0.0000   0.2286   0.0080   0.0837   0.0651   0.4161   0.3669   0.0085   0.0000   0.0137   0.0731    0.213
    33   0.1163  -0.3161   0.0000   0.2286   0.0076   0.0788   0.0695   0.3916   0.3453   0.0078   0.0000   0.0161   0.0657    0.203
    34   0.1280  -0.3480   0.0000   0.2286   0.0070   0.0723   0.0735   0.3596   0.3170   0.0069   0.0000   0.0188   0.0566    0.191
    35   0.1387  -0.3771   0.0000   0.2286   0.0062   0.0643   0.0765   0.3195   0.2817   0.0058   0.0000   0.0214   0.0459    0.174
    36   0.1481  -0.4024   0.0000   0.2286   0.0053   0.0546   0.0777   0.2716   0.2395   0.0045   0.0000   0.0232   0.0343    0.153
    37   0.1558  -0.4235   0.0000   0.2286   0.0043   0.0436   0.0764   0.2168   0.1912   0.0031   0.0000   0.0231   0.0230    0.129
    38   0.1618  -0.4398   0.0000   0.2286   0.0031   0.0316   0.0726   0.1571   0.1385   0.0017   0.0000   0.0203   0.0133    0.103
    39   0.1659  -0.4509   0.0000   0.2286   0.0019   0.0190   0.0670   0.0947   0.0835   0.0002   0.0000   0.0141   0.0063    0.081
    40   0.1679  -0.4565   0.0000   0.2286   0.0006   0.0063   0.0628   0.0317   0.0279  -0.0009   0.0000   0.0051   0.0017    0.068
 ---------------------------------------------------------------
