 ---------------------------------------------------------------
 Surface and Strip Forces by surface

  Sref = 0.16720       Cref = 0.18360       Bref = 0.91440    
  Xref = 0.10920       Yref =  0.0000       Zref =  0.0000    

  Surface # 1     Wing                                    
     # Chordwise = 10   # Spanwise = 20     First strip =  1
     Surface area Ssurf =    0.092903     Ave. chord Cave =    0.203200

 Forces referred to Sref, Cref, Bref about Xref, Yref, Zref
 Standard axis orientation,  X fwd, Z down         
     CLsurf  =   0.21725     Clsurf  =  -0.04763
     CYsurf  =   0.00153     Cmsurf  =   0.04958
     CDsurf  =   0.00621     Cnsurf  =  -0.00331
     CDisurf =   0.00621     CDvsurf =   0.00000

 Forces referred to Ssurf, Cave 
     CLsurf  =   0.39099     CDsurf  =   0.01117

 Strip Forces referred to Strip Area, Chord
    j     Xle      Yle      Zle      Chord    Area     c_cl     ai     cl_norm    cl       cd       cdv    cm_c/4     cm_LE   C.P.x/c
     1   0.0001   0.0007   0.0000   0.2032   0.0006   0.0945   0.0433   0.4674   0.4619   0.0537   0.0000   0.0002  -0.1153    0.250
     2   0.0007   0.0063   0.0000   0.2032   0.0017   0.0945   0.0429   0.4708   0.4653   0.0173   0.0000   0.0008  -0.1147    0.248
     3   0.0019   0.0174   0.0000   0.2032   0.0028   0.0945   0.0433   0.4710   0.4655   0.0150   0.0000   0.0022  -0.1134    0.245
     4   0.0037   0.0337   0.0000   0.2032   0.0038   0.0945   0.0442   0.4712   0.4656   0.0138   0.0000   0.0038  -0.1118    0.242
     5   0.0060   0.0548   0.0000   0.2032   0.0047   0.0944   0.0454   0.4709   0.4654   0.0129   0.0000   0.0052  -0.1103    0.239
     6   0.0088   0.0801   0.0000   0.2032   0.0055   0.0942   0.0468   0.4699   0.4643   0.0123   0.0000   0.0064  -0.1088    0.236
     7   0.0120   0.1092   0.0000   0.2032   0.0062   0.0937   0.0484   0.4674   0.4619   0.0118   0.0000   0.0073  -0.1073    0.234
     8   0.0155   0.1411   0.0000   0.2032   0.0067   0.0928   0.0502   0.4630   0.4575   0.0116   0.0000   0.0081  -0.1054    0.232
     9   0.0192   0.1752   0.0000   0.2032   0.0071   0.0913   0.0523   0.4558   0.4504   0.0114   0.0000   0.0089  -0.1029    0.230
    10   0.0231   0.2107   0.0000   0.2032   0.0073   0.0892   0.0549   0.4452   0.4400   0.0113   0.0000   0.0098  -0.0994    0.228
    11   0.0271   0.2465   0.0000   0.2032   0.0073   0.0863   0.0580   0.4305   0.4254   0.0112   0.0000   0.0109  -0.0947    0.224
    12   0.0310   0.2820   0.0000   0.2032   0.0071   0.0823   0.0616   0.4108   0.4060   0.0111   0.0000   0.0123  -0.0885    0.220
    13   0.0347   0.3161   0.0000   0.2032   0.0067   0.0772   0.0655   0.3853   0.3807   0.0108   0.0000   0.0139  -0.0806    0.213
    14   0.0382   0.3480   0.0000   0.2032   0.0062   0.0708   0.0694   0.3531   0.3490   0.0104   0.0000   0.0158  -0.0709    0.205
    15   0.0414   0.3771   0.0000   0.2032   0.0055   0.0629   0.0729   0.3138   0.3101   0.0097   0.0000   0.0176  -0.0595    0.193
    16   0.0442   0.4024   0.0000   0.2032   0.0047   0.0536   0.0751   0.2672   0.2640   0.0086   0.0000   0.0188  -0.0468    0.179
    17   0.0465   0.4235   0.0000   0.2032   0.0038   0.0429   0.0754   0.2139   0.2114   0.0072   0.0000   0.0188  -0.0337    0.161
    18   0.0483   0.4398   0.0000   0.2032   0.0028   0.0312   0.0732   0.1555   0.1536   0.0053   0.0000   0.0167  -0.0215    0.141
    19   0.0495   0.4509   0.0000   0.2032   0.0017   0.0188   0.0687   0.0939   0.0928   0.0030   0.0000   0.0118  -0.0113    0.123
    20   0.0501   0.4565   0.0000   0.2032   0.0006   0.0063   0.0645   0.0314   0.0310   0.0007   0.0000   0.0043  -0.0034    0.111

  Surface # 2     Wing (YDUP)                             
     # Chordwise = 10   # Spanwise = 20     First strip = 21
     Surface area Ssurf =    0.092903     Ave. chord Cave =    0.203200

 Forces referred to Sref, Cref, Bref about Xref, Yref, Zref
 Standard axis orientation,  X fwd, Z down         
     CLsurf  =   0.21725     Clsurf  =   0.04763
     CYsurf  =  -0.00153     Cmsurf  =   0.04958
     CDsurf  =   0.00621     Cnsurf  =   0.00331
     CDisurf =   0.00621     CDvsurf =   0.00000

 Forces referred to Ssurf, Cave 
     CLsurf  =   0.39099     CDsurf  =   0.01117

 Strip Forces referred to Strip Area, Chord
    j     Xle      Yle      Zle      Chord    Area     c_cl     ai     cl_norm    cl       cd       cdv    cm_c/4     cm_LE   C.P.x/c
    21   0.0001  -0.0007   0.0000   0.2032   0.0006   0.0945   0.0433   0.4674   0.4619   0.0537   0.0000   0.0002   0.1153    0.250
    22   0.0007  -0.0063   0.0000   0.2032   0.0017   0.0945   0.0429   0.4708   0.4653   0.0173   0.0000   0.0008   0.1147    0.248
    23   0.0019  -0.0174   0.0000   0.2032   0.0028   0.0945   0.0433   0.4710   0.4655   0.0150   0.0000   0.0022   0.1134    0.245
    24   0.0037  -0.0337   0.0000   0.2032   0.0038   0.0945   0.0442   0.4712   0.4656   0.0138   0.0000   0.0038   0.1118    0.242
    25   0.0060  -0.0548   0.0000   0.2032   0.0047   0.0944   0.0454   0.4709   0.4654   0.0129   0.0000   0.0052   0.1103    0.239
    26   0.0088  -0.0801   0.0000   0.2032   0.0055   0.0942   0.0468   0.4699   0.4643   0.0123   0.0000   0.0064   0.1088    0.236
    27   0.0120  -0.1092   0.0000   0.2032   0.0062   0.0937   0.0484   0.4674   0.4619   0.0118   0.0000   0.0073   0.1073    0.234
    28   0.0155  -0.1411   0.0000   0.2032   0.0067   0.0928   0.0502   0.4630   0.4575   0.0116   0.0000   0.0081   0.1054    0.232
    29   0.0192  -0.1752   0.0000   0.2032   0.0071   0.0913   0.0523   0.4558   0.4504   0.0114   0.0000   0.0089   0.1029    0.230
    30   0.0231  -0.2107   0.0000   0.2032   0.0073   0.0892   0.0549   0.4452   0.4400   0.0113   0.0000   0.0098   0.0994    0.228
    31   0.0271  -0.2465   0.0000   0.2032   0.0073   0.0863   0.0580   0.4305   0.4254   0.0112   0.0000   0.0109   0.0947    0.224
    32   0.0310  -0.2820   0.0000   0.2032   0.0071   0.0823   0.0616   0.4108   0.4060   0.0111   0.0000   0.0123   0.0885    0.220
    33   0.0347  -0.3161   0.0000   0.2032   0.0067   0.0772   0.0655   0.3853   0.3807   0.0108   0.0000   0.0139   0.0806    0.213
    34   0.0382  -0.3480   0.0000   0.2032   0.0062   0.0708   0.0694   0.3531   0.3490   0.0104   0.0000   0.0158   0.0709    0.205
    35   0.0414  -0.3771   0.0000   0.2032   0.0055   0.0629   0.0729   0.3138   0.3101   0.0097   0.0000   0.0176   0.0595    0.193
    36   0.0442  -0.4024   0.0000   0.2032   0.0047   0.0536   0.0751   0.2672   0.2640   0.0086   0.0000   0.0188   0.0468    0.179
    37   0.0465  -0.4235   0.0000   0.2032   0.0038   0.0429   0.0754   0.2139   0.2114   0.0072   0.0000   0.0188   0.0337    0.161
    38   0.0483  -0.4398   0.0000   0.2032   0.0028   0.0312   0.0732   0.1555   0.1536   0.0053   0.0000   0.0167   0.0215    0.141
    39   0.0495  -0.4509   0.0000   0.2032   0.0017   0.0188   0.0687   0.0939   0.0928   0.0030   0.0000   0.0118   0.0113    0.123
    40   0.0501  -0.4565   0.0000   0.2032   0.0006   0.0063   0.0645   0.0314   0.0310   0.0007   0.0000   0.0043   0.0034    0.111
 ---------------------------------------------------------------
