 ---------------------------------------------------------------
 Surface and Strip Forces by surface

  Sref = 0.11560       Cref = 0.16590       Bref = 0.71120    
  Xref = 0.10920       Yref =  0.0000       Zref =  0.0000    

  Surface # 1     Wing                                    
     # Chordwise = 10   # Spanwise = 20     First strip =  1
     Surface area Ssurf =    0.072258     Ave. chord Cave =    0.203200

 Forces referred to Sref, Cref, Bref about Xref, Yref, Zref
 Standard axis orientation,  X fwd, Z down         
     CLsurf  =   0.31422     Clsurf  =  -0.06858
     CYsurf  =   0.00675     Cmsurf  =   0.05317
     CDsurf  =   0.01517     Cnsurf  =  -0.00836
     CDisurf =   0.01517     CDvsurf =   0.00000

 Forces referred to Ssurf, Cave 
     CLsurf  =   0.50270     CDsurf  =   0.02427

 Strip Forces referred to Strip Area, Chord
    j     Xle      Yle      Zle      Chord    Area     c_cl     ai     cl_norm    cl       cd       cdv    cm_c/4     cm_LE   C.P.x/c
     1   0.0001   0.0005   0.0000   0.2032   0.0004   0.1214   0.0691   0.6052   0.5745   0.2036   0.0000  -0.0081  -0.1533    0.264
     2   0.0011   0.0049   0.0000   0.2032   0.0013   0.1214   0.0691   0.6283   0.5965   0.0483   0.0000  -0.0070  -0.1522    0.262
     3   0.0032   0.0135   0.0000   0.2032   0.0022   0.1214   0.0705   0.6299   0.5980   0.0391   0.0000  -0.0041  -0.1495    0.257
     4   0.0061   0.0262   0.0000   0.2032   0.0030   0.1215   0.0728   0.6309   0.5989   0.0351   0.0000  -0.0005  -0.1461    0.251
     5   0.0099   0.0426   0.0000   0.2032   0.0037   0.1215   0.0755   0.6315   0.5995   0.0320   0.0000   0.0030  -0.1427    0.245
     6   0.0145   0.0623   0.0000   0.2032   0.0043   0.1214   0.0785   0.6310   0.5990   0.0295   0.0000   0.0060  -0.1396    0.240
     7   0.0198   0.0849   0.0000   0.2032   0.0048   0.1208   0.0818   0.6285   0.5967   0.0276   0.0000   0.0085  -0.1365    0.236
     8   0.0256   0.1098   0.0000   0.2032   0.0052   0.1198   0.0852   0.6231   0.5915   0.0261   0.0000   0.0107  -0.1331    0.232
     9   0.0318   0.1363   0.0000   0.2032   0.0055   0.1179   0.0890   0.6136   0.5825   0.0249   0.0000   0.0128  -0.1288    0.228
    10   0.0382   0.1638   0.0000   0.2032   0.0057   0.1151   0.0933   0.5991   0.5687   0.0239   0.0000   0.0149  -0.1234    0.224
    11   0.0448   0.1918   0.0000   0.2032   0.0057   0.1111   0.0980   0.5783   0.5491   0.0228   0.0000   0.0171  -0.1164    0.219
    12   0.0512   0.2193   0.0000   0.2032   0.0055   0.1058   0.1030   0.5504   0.5226   0.0217   0.0000   0.0197  -0.1075    0.212
    13   0.0574   0.2458   0.0000   0.2032   0.0052   0.0988   0.1080   0.5144   0.4883   0.0203   0.0000   0.0224  -0.0965    0.204
    14   0.0632   0.2707   0.0000   0.2032   0.0048   0.0902   0.1126   0.4694   0.4456   0.0186   0.0000   0.0252  -0.0835    0.194
    15   0.0685   0.2933   0.0000   0.2032   0.0043   0.0798   0.1162   0.4152   0.3941   0.0165   0.0000   0.0274  -0.0689    0.180
    16   0.0731   0.3130   0.0000   0.2032   0.0037   0.0677   0.1182   0.3521   0.3343   0.0140   0.0000   0.0284  -0.0534    0.165
    17   0.0769   0.3294   0.0000   0.2032   0.0030   0.0540   0.1180   0.2812   0.2670   0.0111   0.0000   0.0273  -0.0382    0.148
    18   0.0798   0.3421   0.0000   0.2032   0.0022   0.0393   0.1156   0.2044   0.1940   0.0078   0.0000   0.0232  -0.0245    0.131
    19   0.0819   0.3507   0.0000   0.2032   0.0013   0.0238   0.1114   0.1238   0.1175   0.0041   0.0000   0.0158  -0.0131    0.116
    20   0.0829   0.3551   0.0000   0.2032   0.0004   0.0079   0.1082   0.0416   0.0395   0.0003   0.0000   0.0056  -0.0041    0.108

  Surface # 2     Wing (YDUP)                             
     # Chordwise = 10   # Spanwise = 20     First strip = 21
     Surface area Ssurf =    0.072258     Ave. chord Cave =    0.203200

 Forces referred to Sref, Cref, Bref about Xref, Yref, Zref
 Standard axis orientation,  X fwd, Z down         
     CLsurf  =   0.31422     Clsurf  =   0.06858
     CYsurf  =  -0.00675     Cmsurf  =   0.05317
     CDsurf  =   0.01517     Cnsurf  =   0.00836
     CDisurf =   0.01517     CDvsurf =   0.00000

 Forces referred to Ssurf, Cave 
     CLsurf  =   0.50270     CDsurf  =   0.02427

 Strip Forces referred to Strip Area, Chord
    j     Xle      Yle      Zle      Chord    Area     c_cl     ai     cl_norm    cl       cd       cdv    cm_c/4     cm_LE   C.P.x/c
    21   0.0001  -0.0005   0.0000   0.2032   0.0004   0.1214   0.0691   0.6052   0.5745   0.2036   0.0000  -0.0081   0.1533    0.264
    22   0.0011  -0.0049   0.0000   0.2032   0.0013   0.1214   0.0691   0.6283   0.5965   0.0483   0.0000  -0.0070   0.1522    0.262
    23   0.0032  -0.0135   0.0000   0.2032   0.0022   0.1214   0.0705   0.6299   0.5980   0.0391   0.0000  -0.0041   0.1495    0.257
    24   0.0061  -0.0262   0.0000   0.2032   0.0030   0.1215   0.0728   0.6309   0.5989   0.0351   0.0000  -0.0005   0.1461    0.251
    25   0.0099  -0.0426   0.0000   0.2032   0.0037   0.1215   0.0755   0.6315   0.5995   0.0320   0.0000   0.0030   0.1427    0.245
    26   0.0145  -0.0623   0.0000   0.2032   0.0043   0.1214   0.0785   0.6310   0.5990   0.0295   0.0000   0.0060   0.1396    0.240
    27   0.0198  -0.0849   0.0000   0.2032   0.0048   0.1208   0.0818   0.6285   0.5967   0.0276   0.0000   0.0085   0.1365    0.236
    28   0.0256  -0.1098   0.0000   0.2032   0.0052   0.1198   0.0852   0.6231   0.5915   0.0261   0.0000   0.0107   0.1331    0.232
    29   0.0318  -0.1363   0.0000   0.2032   0.0055   0.1179   0.0890   0.6136   0.5825   0.0249   0.0000   0.0128   0.1288    0.228
    30   0.0382  -0.1638   0.0000   0.2032   0.0057   0.1151   0.0933   0.5991   0.5687   0.0239   0.0000   0.0149   0.1234    0.224
    31   0.0448  -0.1918   0.0000   0.2032   0.0057   0.1111   0.0980   0.5783   0.5491   0.0228   0.0000   0.0171   0.1164    0.219
    32   0.0512  -0.2193   0.0000   0.2032   0.0055   0.1058   0.1030   0.5504   0.5226   0.0217   0.0000   0.0197   0.1075    0.212
    33   0.0574  -0.2458   0.0000   0.2032   0.0052   0.0988   0.1080   0.5144   0.4883   0.0203   0.0000   0.0224   0.0965    0.204
    34   0.0632  -0.2707   0.0000   0.2032   0.0048   0.0902   0.1126   0.4694   0.4456   0.0186   0.0000   0.0252   0.0835    0.194
    35   0.0685  -0.2933   0.0000   0.2032   0.0043   0.0798   0.1162   0.4152   0.3941   0.0165   0.0000   0.0274   0.0689    0.180
    36   0.0731  -0.3130   0.0000   0.2032   0.0037   0.0677   0.1182   0.3521   0.3343   0.0140   0.0000   0.0284   0.0534    0.165
    37   0.0769  -0.3294   0.0000   0.2032   0.0030   0.0540   0.1180   0.2812   0.2670   0.0111   0.0000   0.0273   0.0382    0.148
    38   0.0798  -0.3421   0.0000   0.2032   0.0022   0.0393   0.1156   0.2044   0.1940   0.0078   0.0000   0.0232   0.0245    0.131
    39   0.0819  -0.3507   0.0000   0.2032   0.0013   0.0238   0.1114   0.1238   0.1175   0.0041   0.0000   0.0158   0.0131    0.116
    40   0.0829  -0.3551   0.0000   0.2032   0.0004   0.0079   0.1082   0.0416   0.0395   0.0003   0.0000   0.0056   0.0041    0.108
 ---------------------------------------------------------------
