 ---------------------------------------------------------------
 Surface and Strip Forces by surface

  Sref = 0.13010       Cref = 0.18360       Bref = 0.71120    
  Xref = 0.10920       Yref =  0.0000       Zref =  0.0000    

  Surface # 1     Wing                                    
     # Chordwise = 10   # Spanwise = 20     First strip =  1
     Surface area Ssurf =    0.072258     Ave. chord Cave =    0.203200

 Forces referred to Sref, Cref, Bref about Xref, Yref, Zref
 Standard axis orientation,  X fwd, Z down         
     CLsurf  =   0.27920     Clsurf  =  -0.06147
     CYsurf  =   0.01026     Cmsurf  =   0.00371
     CDsurf  =   0.01382     Cnsurf  =  -0.00939
     CDisurf =   0.01382     CDvsurf =   0.00000

 Forces referred to Ssurf, Cave 
     CLsurf  =   0.50270     CDsurf  =   0.02488

 Strip Forces referred to Strip Area, Chord
    j     Xle      Yle      Zle      Chord    Area     c_cl     ai     cl_norm    cl       cd       cdv    cm_c/4     cm_LE   C.P.x/c
     1   0.0002   0.0005   0.0000   0.2032   0.0004   0.1184   0.0571   0.6288   0.5465   0.2935   0.0000  -0.0206  -0.1548    0.288
     2   0.0019   0.0049   0.0000   0.2032   0.0013   0.1184   0.0583   0.6677   0.5803   0.0596   0.0000  -0.0189  -0.1532    0.283
     3   0.0053   0.0135   0.0000   0.2032   0.0022   0.1186   0.0614   0.6707   0.5829   0.0467   0.0000  -0.0142  -0.1491    0.274
     4   0.0103   0.0262   0.0000   0.2032   0.0030   0.1189   0.0657   0.6733   0.5852   0.0412   0.0000  -0.0085  -0.1440    0.264
     5   0.0167   0.0426   0.0000   0.2032   0.0037   0.1192   0.0704   0.6761   0.5877   0.0365   0.0000  -0.0030  -0.1394    0.255
     6   0.0245   0.0623   0.0000   0.2032   0.0043   0.1195   0.0750   0.6783   0.5895   0.0326   0.0000   0.0016  -0.1354    0.247
     7   0.0333   0.0849   0.0000   0.2032   0.0048   0.1195   0.0797   0.6786   0.5898   0.0296   0.0000   0.0054  -0.1318    0.241
     8   0.0431   0.1098   0.0000   0.2032   0.0052   0.1189   0.0844   0.6759   0.5875   0.0271   0.0000   0.0085  -0.1283    0.236
     9   0.0535   0.1363   0.0000   0.2032   0.0055   0.1176   0.0894   0.6688   0.5813   0.0252   0.0000   0.0113  -0.1242    0.231
    10   0.0643   0.1638   0.0000   0.2032   0.0057   0.1154   0.0948   0.6561   0.5703   0.0235   0.0000   0.0140  -0.1191    0.225
    11   0.0753   0.1918   0.0000   0.2032   0.0057   0.1119   0.1007   0.6365   0.5532   0.0218   0.0000   0.0170  -0.1123    0.219
    12   0.0861   0.2193   0.0000   0.2032   0.0055   0.1070   0.1068   0.6085   0.5289   0.0201   0.0000   0.0204  -0.1035    0.211
    13   0.0965   0.2458   0.0000   0.2032   0.0052   0.1003   0.1128   0.5709   0.4962   0.0181   0.0000   0.0240  -0.0925    0.202
    14   0.1063   0.2707   0.0000   0.2032   0.0048   0.0918   0.1182   0.5227   0.4543   0.0159   0.0000   0.0277  -0.0794    0.189
    15   0.1151   0.2933   0.0000   0.2032   0.0043   0.0814   0.1222   0.4635   0.4029   0.0132   0.0000   0.0309  -0.0645    0.173
    16   0.1229   0.3130   0.0000   0.2032   0.0037   0.0691   0.1241   0.3938   0.3422   0.0104   0.0000   0.0325  -0.0489    0.155
    17   0.1293   0.3294   0.0000   0.2032   0.0030   0.0552   0.1234   0.3148   0.2736   0.0074   0.0000   0.0316  -0.0339    0.135
    18   0.1343   0.3421   0.0000   0.2032   0.0022   0.0401   0.1203   0.2289   0.1990   0.0044   0.0000   0.0270  -0.0208    0.114
    19   0.1377   0.3507   0.0000   0.2032   0.0013   0.0243   0.1155   0.1388   0.1206   0.0013   0.0000   0.0184  -0.0107    0.097
    20   0.1394   0.3551   0.0000   0.2032   0.0004   0.0081   0.1122   0.0467   0.0406  -0.0014   0.0000   0.0065  -0.0032    0.089

  Surface # 2     Wing (YDUP)                             
     # Chordwise = 10   # Spanwise = 20     First strip = 21
     Surface area Ssurf =    0.072258     Ave. chord Cave =    0.203200

 Forces referred to Sref, Cref, Bref about Xref, Yref, Zref
 Standard axis orientation,  X fwd, Z down         
     CLsurf  =   0.27920     Clsurf  =   0.06147
     CYsurf  =  -0.01026     Cmsurf  =   0.00371
     CDsurf  =   0.01382     Cnsurf  =   0.00939
     CDisurf =   0.01382     CDvsurf =   0.00000

 Forces referred to Ssurf, Cave 
     CLsurf  =   0.50270     CDsurf  =   0.02488

 Strip Forces referred to Strip Area, Chord
    j     Xle      Yle      Zle      Chord    Area     c_cl     ai     cl_norm    cl       cd       cdv    cm_c/4     cm_LE   C.P.x/c
    21   0.0002  -0.0005   0.0000   0.2032   0.0004   0.1184   0.0571   0.6288   0.5465   0.2935   0.0000  -0.0206   0.1548    0.288
    22   0.0019  -0.0049   0.0000   0.2032   0.0013   0.1184   0.0583   0.6677   0.5803   0.0596   0.0000  -0.0189   0.1532    0.283
    23   0.0053  -0.0135   0.0000   0.2032   0.0022   0.1186   0.0614   0.6707   0.5829   0.0467   0.0000  -0.0142   0.1491    0.274
    24   0.0103  -0.0262   0.0000   0.2032   0.0030   0.1189   0.0657   0.6733   0.5852   0.0412   0.0000  -0.0085   0.1440    0.264
    25   0.0167  -0.0426   0.0000   0.2032   0.0037   0.1192   0.0704   0.6761   0.5877   0.0365   0.0000  -0.0030   0.1394    0.255
    26   0.0245  -0.0623   0.0000   0.2032   0.0043   0.1195   0.0750   0.6783   0.5895   0.0326   0.0000   0.0016   0.1354    0.247
    27   0.0333  -0.0849   0.0000   0.2032   0.0048   0.1195   0.0797   0.6786   0.5898   0.0296   0.0000   0.0054   0.1318    0.241
    28   0.0431  -0.1098   0.0000   0.2032   0.0052   0.1189   0.0844   0.6759   0.5875   0.0271   0.0000   0.0085   0.1283    0.236
    29   0.0535  -0.1363   0.0000   0.2032   0.0055   0.1176   0.0894   0.6688   0.5813   0.0252   0.0000   0.0113   0.1242    0.231
    30   0.0643  -0.1638   0.0000   0.2032   0.0057   0.1154   0.0948   0.6561   0.5703   0.0235   0.0000   0.0140   0.1191    0.225
    31   0.0753  -0.1918   0.0000   0.2032   0.0057   0.1119   0.1007   0.6365   0.5532   0.0218   0.0000   0.0170   0.1123    0.219
    32   0.0861  -0.2193   0.0000   0.2032   0.0055   0.1070   0.1068   0.6085   0.5289   0.0201   0.0000   0.0204   0.1035    0.211
    33   0.0965  -0.2458   0.0000   0.2032   0.0052   0.1003   0.1128   0.5709   0.4962   0.0181   0.0000   0.0240   0.0925    0.202
    34   0.1063  -0.2707   0.0000   0.2032   0.0048   0.0918   0.1182   0.5227   0.4543   0.0159   0.0000   0.0277   0.0794    0.189
    35   0.1151  -0.2933   0.0000   0.2032   0.0043   0.0814   0.1222   0.4635   0.4029   0.0132   0.0000   0.0309   0.0645    0.173
    36   0.1229  -0.3130   0.0000   0.2032   0.0037   0.0691   0.1241   0.3938   0.3422   0.0104   0.0000   0.0325   0.0489    0.155
    37   0.1293  -0.3294   0.0000   0.2032   0.0030   0.0552   0.1234   0.3148   0.2736   0.0074   0.0000   0.0316   0.0339    0.135
    38   0.1343  -0.3421   0.0000   0.2032   0.0022   0.0401   0.1203   0.2289   0.1990   0.0044   0.0000   0.0270   0.0208    0.114
    39   0.1377  -0.3507   0.0000   0.2032   0.0013   0.0243   0.1155   0.1388   0.1206   0.0013   0.0000   0.0184   0.0107    0.097
    40   0.1394  -0.3551   0.0000   0.2032   0.0004   0.0081   0.1122   0.0467   0.0406  -0.0014   0.0000   0.0065   0.0032    0.089
 ---------------------------------------------------------------
