 ---------------------------------------------------------------
 Surface and Strip Forces by surface

  Sref = 0.18580       Cref = 0.20740       Bref = 0.91440    
  Xref = 0.10920       Yref =  0.0000       Zref =  0.0000    

  Surface # 1     Wing                                    
     # Chordwise = 10   # Spanwise = 20     First strip =  1
     Surface area Ssurf =    0.116129     Ave. chord Cave =    0.254000

 Forces referred to Sref, Cref, Bref about Xref, Yref, Zref
 Standard axis orientation,  X fwd, Z down         
     CLsurf  =   0.19550     Clsurf  =  -0.04272
     CYsurf  =   0.00236     Cmsurf  =   0.00769
     CDsurf  =   0.00572     Cnsurf  =  -0.00304
     CDisurf =   0.00572     CDvsurf =   0.00000

 Forces referred to Ssurf, Cave 
     CLsurf  =   0.31279     CDsurf  =   0.00915

 Strip Forces referred to Strip Area, Chord
    j     Xle      Yle      Zle      Chord    Area     c_cl     ai     cl_norm    cl       cd       cdv    cm_c/4     cm_LE   C.P.x/c
     1   0.0002   0.0007   0.0000   0.2540   0.0007   0.0948   0.0437   0.3872   0.3675   0.0840   0.0000  -0.0046  -0.0953    0.262
     2   0.0015   0.0063   0.0000   0.2540   0.0021   0.0948   0.0425   0.3927   0.3728   0.0186   0.0000  -0.0038  -0.0946    0.260
     3   0.0040   0.0174   0.0000   0.2540   0.0035   0.0948   0.0427   0.3930   0.3731   0.0150   0.0000  -0.0018  -0.0927    0.255
     4   0.0078   0.0337   0.0000   0.2540   0.0048   0.0948   0.0438   0.3932   0.3733   0.0135   0.0000   0.0006  -0.0903    0.248
     5   0.0127   0.0548   0.0000   0.2540   0.0059   0.0948   0.0453   0.3933   0.3734   0.0122   0.0000   0.0030  -0.0880    0.242
     6   0.0186   0.0801   0.0000   0.2540   0.0069   0.0946   0.0472   0.3928   0.3729   0.0112   0.0000   0.0050  -0.0859    0.237
     7   0.0253   0.1092   0.0000   0.2540   0.0078   0.0942   0.0492   0.3912   0.3714   0.0104   0.0000   0.0067  -0.0839    0.232
     8   0.0327   0.1411   0.0000   0.2540   0.0084   0.0934   0.0513   0.3878   0.3681   0.0099   0.0000   0.0081  -0.0817    0.228
     9   0.0406   0.1752   0.0000   0.2540   0.0089   0.0920   0.0537   0.3819   0.3626   0.0094   0.0000   0.0094  -0.0791    0.224
    10   0.0488   0.2107   0.0000   0.2540   0.0091   0.0898   0.0564   0.3729   0.3540   0.0090   0.0000   0.0107  -0.0757    0.220
    11   0.0572   0.2465   0.0000   0.2540   0.0091   0.0867   0.0593   0.3601   0.3418   0.0086   0.0000   0.0121  -0.0713    0.215
    12   0.0654   0.2820   0.0000   0.2540   0.0089   0.0825   0.0624   0.3427   0.3253   0.0081   0.0000   0.0138  -0.0657    0.208
    13   0.0733   0.3161   0.0000   0.2540   0.0084   0.0771   0.0655   0.3201   0.3039   0.0076   0.0000   0.0156  -0.0587    0.199
    14   0.0807   0.3480   0.0000   0.2540   0.0078   0.0703   0.0682   0.2919   0.2771   0.0069   0.0000   0.0174  -0.0504    0.187
    15   0.0874   0.3771   0.0000   0.2540   0.0069   0.0621   0.0700   0.2578   0.2447   0.0060   0.0000   0.0190  -0.0410    0.172
    16   0.0933   0.4024   0.0000   0.2540   0.0059   0.0525   0.0705   0.2180   0.2069   0.0050   0.0000   0.0199  -0.0310    0.154
    17   0.0982   0.4235   0.0000   0.2540   0.0048   0.0417   0.0689   0.1734   0.1646   0.0038   0.0000   0.0192  -0.0213    0.133
    18   0.1020   0.4398   0.0000   0.2540   0.0035   0.0302   0.0654   0.1253   0.1190   0.0025   0.0000   0.0165  -0.0128    0.111
    19   0.1045   0.4509   0.0000   0.2540   0.0021   0.0182   0.0603   0.0755   0.0716   0.0010   0.0000   0.0113  -0.0064    0.092
    20   0.1058   0.4565   0.0000   0.2540   0.0007   0.0060   0.0566   0.0252   0.0239  -0.0003   0.0000   0.0040  -0.0019    0.081

  Surface # 2     Wing (YDUP)                             
     # Chordwise = 10   # Spanwise = 20     First strip = 21
     Surface area Ssurf =    0.116129     Ave. chord Cave =    0.254000

 Forces referred to Sref, Cref, Bref about Xref, Yref, Zref
 Standard axis orientation,  X fwd, Z down         
     CLsurf  =   0.19550     Clsurf  =   0.04272
     CYsurf  =  -0.00236     Cmsurf  =   0.00769
     CDsurf  =   0.00572     Cnsurf  =   0.00304
     CDisurf =   0.00572     CDvsurf =   0.00000

 Forces referred to Ssurf, Cave 
     CLsurf  =   0.31279     CDsurf  =   0.00915

 Strip Forces referred to Strip Area, Chord
    j     Xle      Yle      Zle      Chord    Area     c_cl     ai     cl_norm    cl       cd       cdv    cm_c/4     cm_LE   C.P.x/c
    21   0.0002  -0.0007   0.0000   0.2540   0.0007   0.0948   0.0437   0.3872   0.3675   0.0840   0.0000  -0.0046   0.0953    0.262
    22   0.0015  -0.0063   0.0000   0.2540   0.0021   0.0948   0.0425   0.3927   0.3728   0.0186   0.0000  -0.0038   0.0946    0.260
    23   0.0040  -0.0174   0.0000   0.2540   0.0035   0.0948   0.0427   0.3930   0.3731   0.0150   0.0000  -0.0018   0.0927    0.255
    24   0.0078  -0.0337   0.0000   0.2540   0.0048   0.0948   0.0438   0.3932   0.3733   0.0135   0.0000   0.0006   0.0903    0.248
    25   0.0127  -0.0548   0.0000   0.2540   0.0059   0.0948   0.0453   0.3933   0.3734   0.0122   0.0000   0.0030   0.0880    0.242
    26   0.0186  -0.0801   0.0000   0.2540   0.0069   0.0946   0.0472   0.3928   0.3729   0.0112   0.0000   0.0050   0.0859    0.237
    27   0.0253  -0.1092   0.0000   0.2540   0.0078   0.0942   0.0492   0.3912   0.3714   0.0104   0.0000   0.0067   0.0839    0.232
    28   0.0327  -0.1411   0.0000   0.2540   0.0084   0.0934   0.0513   0.3878   0.3681   0.0099   0.0000   0.0081   0.0817    0.228
    29   0.0406  -0.1752   0.0000   0.2540   0.0089   0.0920   0.0537   0.3819   0.3626   0.0094   0.0000   0.0094   0.0791    0.224
    30   0.0488  -0.2107   0.0000   0.2540   0.0091   0.0898   0.0564   0.3729   0.3540   0.0090   0.0000   0.0107   0.0757    0.220
    31   0.0572  -0.2465   0.0000   0.2540   0.0091   0.0867   0.0593   0.3601   0.3418   0.0086   0.0000   0.0121   0.0713    0.215
    32   0.0654  -0.2820   0.0000   0.2540   0.0089   0.0825   0.0624   0.3427   0.3253   0.0081   0.0000   0.0138   0.0657    0.208
    33   0.0733  -0.3161   0.0000   0.2540   0.0084   0.0771   0.0655   0.3201   0.3039   0.0076   0.0000   0.0156   0.0587    0.199
    34   0.0807  -0.3480   0.0000   0.2540   0.0078   0.0703   0.0682   0.2919   0.2771   0.0069   0.0000   0.0174   0.0504    0.187
    35   0.0874  -0.3771   0.0000   0.2540   0.0069   0.0621   0.0700   0.2578   0.2447   0.0060   0.0000   0.0190   0.0410    0.172
    36   0.0933  -0.4024   0.0000   0.2540   0.0059   0.0525   0.0705   0.2180   0.2069   0.0050   0.0000   0.0199   0.0310    0.154
    37   0.0982  -0.4235   0.0000   0.2540   0.0048   0.0417   0.0689   0.1734   0.1646   0.0038   0.0000   0.0192   0.0213    0.133
    38   0.1020  -0.4398   0.0000   0.2540   0.0035   0.0302   0.0654   0.1253   0.1190   0.0025   0.0000   0.0165   0.0128    0.111
    39   0.1045  -0.4509   0.0000   0.2540   0.0021   0.0182   0.0603   0.0755   0.0716   0.0010   0.0000   0.0113   0.0064    0.092
    40   0.1058  -0.4565   0.0000   0.2540   0.0007   0.0060   0.0566   0.0252   0.0239  -0.0003   0.0000   0.0040   0.0019    0.081
 ---------------------------------------------------------------
