 ---------------------------------------------------------------
 Surface and Strip Forces by surface

  Sref = 0.24770       Cref = 0.30480       Bref = 0.81280    
  Xref = 0.10920       Yref =  0.0000       Zref =  0.0000    

  Surface # 1     Wing                                    
     # Chordwise = 10   # Spanwise = 20     First strip =  1
     Surface area Ssurf =    0.123871     Ave. chord Cave =    0.304800

 Forces referred to Sref, Cref, Bref about Xref, Yref, Zref
 Standard axis orientation,  X fwd, Z down         
     CLsurf  =   0.14665     Clsurf  =  -0.03167
     CYsurf  =   0.00209     Cmsurf  =  -0.00032
     CDsurf  =   0.00547     Cnsurf  =  -0.00280
     CDisurf =   0.00547     CDvsurf =   0.00000

 Forces referred to Ssurf, Cave 
     CLsurf  =   0.29324     CDsurf  =   0.01093

 Strip Forces referred to Strip Area, Chord
    j     Xle      Yle      Zle      Chord    Area     c_cl     ai     cl_norm    cl       cd       cdv    cm_c/4     cm_LE   C.P.x/c
     1   0.0002   0.0006   0.0000   0.3048   0.0008   0.1092   0.0614   0.3735   0.3487   0.1208   0.0000  -0.0029  -0.0893    0.258
     2   0.0015   0.0056   0.0000   0.3048   0.0023   0.1092   0.0599   0.3829   0.3574   0.0238   0.0000  -0.0024  -0.0888    0.257
     3   0.0041   0.0155   0.0000   0.3048   0.0037   0.1091   0.0595   0.3833   0.3578   0.0182   0.0000  -0.0008  -0.0872    0.252
     4   0.0080   0.0299   0.0000   0.3048   0.0051   0.1090   0.0602   0.3831   0.3577   0.0166   0.0000   0.0015  -0.0849    0.246
     5   0.0130   0.0487   0.0000   0.3048   0.0063   0.1089   0.0614   0.3826   0.3572   0.0152   0.0000   0.0040  -0.0824    0.239
     6   0.0191   0.0712   0.0000   0.3048   0.0074   0.1085   0.0631   0.3813   0.3560   0.0141   0.0000   0.0062  -0.0799    0.233
     7   0.0260   0.0970   0.0000   0.3048   0.0083   0.1077   0.0650   0.3787   0.3535   0.0131   0.0000   0.0083  -0.0773    0.227
     8   0.0336   0.1254   0.0000   0.3048   0.0090   0.1064   0.0672   0.3741   0.3493   0.0122   0.0000   0.0101  -0.0745    0.221
     9   0.0417   0.1558   0.0000   0.3048   0.0095   0.1043   0.0695   0.3669   0.3425   0.0115   0.0000   0.0119  -0.0712    0.215
    10   0.0502   0.1873   0.0000   0.3048   0.0097   0.1013   0.0720   0.3564   0.3328   0.0107   0.0000   0.0136  -0.0671    0.209
    11   0.0587   0.2191   0.0000   0.3048   0.0097   0.0972   0.0745   0.3421   0.3194   0.0100   0.0000   0.0153  -0.0622    0.202
    12   0.0672   0.2506   0.0000   0.3048   0.0095   0.0919   0.0769   0.3234   0.3019   0.0092   0.0000   0.0171  -0.0563    0.193
    13   0.0753   0.2810   0.0000   0.3048   0.0090   0.0852   0.0790   0.2999   0.2799   0.0084   0.0000   0.0189  -0.0493    0.183
    14   0.0829   0.3094   0.0000   0.3048   0.0083   0.0771   0.0805   0.2713   0.2533   0.0074   0.0000   0.0204  -0.0414    0.170
    15   0.0898   0.3352   0.0000   0.3048   0.0074   0.0676   0.0809   0.2378   0.2220   0.0062   0.0000   0.0213  -0.0330    0.154
    16   0.0959   0.3577   0.0000   0.3048   0.0063   0.0568   0.0800   0.1999   0.1866   0.0050   0.0000   0.0212  -0.0245    0.136
    17   0.1009   0.3765   0.0000   0.3048   0.0051   0.0450   0.0776   0.1583   0.1478   0.0037   0.0000   0.0196  -0.0167    0.117
    18   0.1048   0.3909   0.0000   0.3048   0.0037   0.0324   0.0738   0.1142   0.1067   0.0022   0.0000   0.0161  -0.0101    0.099
    19   0.1074   0.4008   0.0000   0.3048   0.0023   0.0195   0.0692   0.0688   0.0643   0.0007   0.0000   0.0107  -0.0051    0.084
    20   0.1087   0.4058   0.0000   0.3048   0.0008   0.0065   0.0665   0.0230   0.0215  -0.0005   0.0000   0.0037  -0.0015    0.076

  Surface # 2     Wing (YDUP)                             
     # Chordwise = 10   # Spanwise = 20     First strip = 21
     Surface area Ssurf =    0.123871     Ave. chord Cave =    0.304800

 Forces referred to Sref, Cref, Bref about Xref, Yref, Zref
 Standard axis orientation,  X fwd, Z down         
     CLsurf  =   0.14665     Clsurf  =   0.03167
     CYsurf  =  -0.00209     Cmsurf  =  -0.00032
     CDsurf  =   0.00547     Cnsurf  =   0.00280
     CDisurf =   0.00547     CDvsurf =   0.00000

 Forces referred to Ssurf, Cave 
     CLsurf  =   0.29324     CDsurf  =   0.01093

 Strip Forces referred to Strip Area, Chord
    j     Xle      Yle      Zle      Chord    Area     c_cl     ai     cl_norm    cl       cd       cdv    cm_c/4     cm_LE   C.P.x/c
    21   0.0002  -0.0006   0.0000   0.3048   0.0008   0.1092   0.0614   0.3735   0.3487   0.1208   0.0000  -0.0029   0.0893    0.258
    22   0.0015  -0.0056   0.0000   0.3048   0.0023   0.1092   0.0599   0.3829   0.3574   0.0238   0.0000  -0.0024   0.0888    0.257
    23   0.0041  -0.0155   0.0000   0.3048   0.0037   0.1091   0.0595   0.3833   0.3578   0.0182   0.0000  -0.0008   0.0872    0.252
    24   0.0080  -0.0299   0.0000   0.3048   0.0051   0.1090   0.0602   0.3831   0.3577   0.0166   0.0000   0.0015   0.0849    0.246
    25   0.0130  -0.0487   0.0000   0.3048   0.0063   0.1089   0.0614   0.3826   0.3572   0.0152   0.0000   0.0040   0.0824    0.239
    26   0.0191  -0.0712   0.0000   0.3048   0.0074   0.1085   0.0631   0.3813   0.3560   0.0141   0.0000   0.0062   0.0799    0.233
    27   0.0260  -0.0970   0.0000   0.3048   0.0083   0.1077   0.0650   0.3787   0.3535   0.0131   0.0000   0.0083   0.0773    0.227
    28   0.0336  -0.1254   0.0000   0.3048   0.0090   0.1064   0.0672   0.3741   0.3493   0.0122   0.0000   0.0101   0.0745    0.221
    29   0.0417  -0.1558   0.0000   0.3048   0.0095   0.1043   0.0695   0.3669   0.3425   0.0115   0.0000   0.0119   0.0712    0.215
    30   0.0502  -0.1873   0.0000   0.3048   0.0097   0.1013   0.0720   0.3564   0.3328   0.0107   0.0000   0.0136   0.0671    0.209
    31   0.0587  -0.2191   0.0000   0.3048   0.0097   0.0972   0.0745   0.3421   0.3194   0.0100   0.0000   0.0153   0.0622    0.202
    32   0.0672  -0.2506   0.0000   0.3048   0.0095   0.0919   0.0769   0.3234   0.3019   0.0092   0.0000   0.0171   0.0563    0.193
    33   0.0753  -0.2810   0.0000   0.3048   0.0090   0.0852   0.0790   0.2999   0.2799   0.0084   0.0000   0.0189   0.0493    0.183
    34   0.0829  -0.3094   0.0000   0.3048   0.0083   0.0771   0.0805   0.2713   0.2533   0.0074   0.0000   0.0204   0.0414    0.170
    35   0.0898  -0.3352   0.0000   0.3048   0.0074   0.0676   0.0809   0.2378   0.2220   0.0062   0.0000   0.0213   0.0330    0.154
    36   0.0959  -0.3577   0.0000   0.3048   0.0063   0.0568   0.0800   0.1999   0.1866   0.0050   0.0000   0.0212   0.0245    0.136
    37   0.1009  -0.3765   0.0000   0.3048   0.0051   0.0450   0.0776   0.1583   0.1478   0.0037   0.0000   0.0196   0.0167    0.117
    38   0.1048  -0.3909   0.0000   0.3048   0.0037   0.0324   0.0738   0.1142   0.1067   0.0022   0.0000   0.0161   0.0101    0.099
    39   0.1074  -0.4008   0.0000   0.3048   0.0023   0.0195   0.0692   0.0688   0.0643   0.0007   0.0000   0.0107   0.0051    0.084
    40   0.1087  -0.4058   0.0000   0.3048   0.0008   0.0065   0.0665   0.0230   0.0215  -0.0005   0.0000   0.0037   0.0015    0.076
 ---------------------------------------------------------------
