 ---------------------------------------------------------------
 Surface and Strip Forces by surface

  Sref = 0.17340       Cref = 0.22640       Bref = 0.81280    
  Xref = 0.10920       Yref =  0.0000       Zref =  0.0000    

  Surface # 1     Wing                                    
     # Chordwise = 10   # Spanwise = 20     First strip =  1
     Surface area Ssurf =    0.123871     Ave. chord Cave =    0.304800

 Forces referred to Sref, Cref, Bref about Xref, Yref, Zref
 Standard axis orientation,  X fwd, Z down         
     CLsurf  =   0.20948     Clsurf  =  -0.04513
     CYsurf  =   0.00223     Cmsurf  =   0.01074
     CDsurf  =   0.00771     Cnsurf  =  -0.00354
     CDisurf =   0.00771     CDvsurf =   0.00000

 Forces referred to Ssurf, Cave 
     CLsurf  =   0.29324     CDsurf  =   0.01079

 Strip Forces referred to Strip Area, Chord
    j     Xle      Yle      Zle      Chord    Area     c_cl     ai     cl_norm    cl       cd       cdv    cm_c/4     cm_LE   C.P.x/c
     1   0.0001   0.0006   0.0000   0.3048   0.0008   0.1099   0.0630   0.3672   0.3532   0.0960   0.0000   0.0007  -0.0877    0.248
     2   0.0011   0.0056   0.0000   0.3048   0.0023   0.1098   0.0617   0.3742   0.3599   0.0211   0.0000   0.0011  -0.0873    0.247
     3   0.0031   0.0155   0.0000   0.3048   0.0037   0.1098   0.0614   0.3744   0.3601   0.0167   0.0000   0.0023  -0.0860    0.243
     4   0.0060   0.0299   0.0000   0.3048   0.0051   0.1097   0.0618   0.3742   0.3599   0.0154   0.0000   0.0041  -0.0842    0.239
     5   0.0097   0.0487   0.0000   0.3048   0.0063   0.1094   0.0627   0.3734   0.3592   0.0144   0.0000   0.0059  -0.0822    0.233
     6   0.0142   0.0712   0.0000   0.3048   0.0074   0.1089   0.0640   0.3718   0.3576   0.0135   0.0000   0.0077  -0.0800    0.228
     7   0.0194   0.0970   0.0000   0.3048   0.0083   0.1080   0.0656   0.3688   0.3547   0.0127   0.0000   0.0093  -0.0777    0.224
     8   0.0251   0.1254   0.0000   0.3048   0.0090   0.1065   0.0674   0.3638   0.3499   0.0120   0.0000   0.0108  -0.0751    0.219
     9   0.0312   0.1558   0.0000   0.3048   0.0095   0.1043   0.0694   0.3563   0.3427   0.0114   0.0000   0.0122  -0.0719    0.214
    10   0.0375   0.1873   0.0000   0.3048   0.0097   0.1012   0.0715   0.3456   0.3324   0.0109   0.0000   0.0137  -0.0680    0.209
    11   0.0438   0.2191   0.0000   0.3048   0.0097   0.0970   0.0738   0.3313   0.3186   0.0103   0.0000   0.0152  -0.0631    0.202
    12   0.0501   0.2506   0.0000   0.3048   0.0095   0.0916   0.0760   0.3127   0.3008   0.0096   0.0000   0.0167  -0.0573    0.194
    13   0.0562   0.2810   0.0000   0.3048   0.0090   0.0848   0.0779   0.2897   0.2786   0.0088   0.0000   0.0182  -0.0504    0.185
    14   0.0619   0.3094   0.0000   0.3048   0.0083   0.0767   0.0793   0.2619   0.2519   0.0079   0.0000   0.0194  -0.0426    0.173
    15   0.0671   0.3352   0.0000   0.3048   0.0074   0.0672   0.0798   0.2295   0.2207   0.0069   0.0000   0.0202  -0.0343    0.159
    16   0.0716   0.3577   0.0000   0.3048   0.0063   0.0565   0.0790   0.1928   0.1855   0.0057   0.0000   0.0200  -0.0258    0.142
    17   0.0753   0.3765   0.0000   0.3048   0.0051   0.0447   0.0768   0.1527   0.1469   0.0043   0.0000   0.0184  -0.0179    0.125
    18   0.0782   0.3909   0.0000   0.3048   0.0037   0.0323   0.0732   0.1102   0.1060   0.0028   0.0000   0.0151  -0.0111    0.108
    19   0.0802   0.4008   0.0000   0.3048   0.0023   0.0194   0.0688   0.0664   0.0639   0.0012   0.0000   0.0100  -0.0058    0.093
    20   0.0812   0.4058   0.0000   0.3048   0.0008   0.0065   0.0661   0.0222   0.0214  -0.0002   0.0000   0.0035  -0.0018    0.086

  Surface # 2     Wing (YDUP)                             
     # Chordwise = 10   # Spanwise = 20     First strip = 21
     Surface area Ssurf =    0.123871     Ave. chord Cave =    0.304800

 Forces referred to Sref, Cref, Bref about Xref, Yref, Zref
 Standard axis orientation,  X fwd, Z down         
     CLsurf  =   0.20948     Clsurf  =   0.04513
     CYsurf  =  -0.00223     Cmsurf  =   0.01074
     CDsurf  =   0.00771     Cnsurf  =   0.00354
     CDisurf =   0.00771     CDvsurf =   0.00000

 Forces referred to Ssurf, Cave 
     CLsurf  =   0.29324     CDsurf  =   0.01079

 Strip Forces referred to Strip Area, Chord
    j     Xle      Yle      Zle      Chord    Area     c_cl     ai     cl_norm    cl       cd       cdv    cm_c/4     cm_LE   C.P.x/c
    21   0.0001  -0.0006   0.0000   0.3048   0.0008   0.1099   0.0630   0.3672   0.3532   0.0960   0.0000   0.0007   0.0877    0.248
    22   0.0011  -0.0056   0.0000   0.3048   0.0023   0.1098   0.0617   0.3742   0.3599   0.0211   0.0000   0.0011   0.0873    0.247
    23   0.0031  -0.0155   0.0000   0.3048   0.0037   0.1098   0.0614   0.3744   0.3601   0.0167   0.0000   0.0023   0.0860    0.243
    24   0.0060  -0.0299   0.0000   0.3048   0.0051   0.1097   0.0618   0.3742   0.3599   0.0154   0.0000   0.0041   0.0842    0.239
    25   0.0097  -0.0487   0.0000   0.3048   0.0063   0.1094   0.0627   0.3734   0.3592   0.0144   0.0000   0.0059   0.0822    0.233
    26   0.0142  -0.0712   0.0000   0.3048   0.0074   0.1089   0.0640   0.3718   0.3576   0.0135   0.0000   0.0077   0.0800    0.228
    27   0.0194  -0.0970   0.0000   0.3048   0.0083   0.1080   0.0656   0.3688   0.3547   0.0127   0.0000   0.0093   0.0777    0.224
    28   0.0251  -0.1254   0.0000   0.3048   0.0090   0.1065   0.0674   0.3638   0.3499   0.0120   0.0000   0.0108   0.0751    0.219
    29   0.0312  -0.1558   0.0000   0.3048   0.0095   0.1043   0.0694   0.3563   0.3427   0.0114   0.0000   0.0122   0.0719    0.214
    30   0.0375  -0.1873   0.0000   0.3048   0.0097   0.1012   0.0715   0.3456   0.3324   0.0109   0.0000   0.0137   0.0680    0.209
    31   0.0438  -0.2191   0.0000   0.3048   0.0097   0.0970   0.0738   0.3313   0.3186   0.0103   0.0000   0.0152   0.0631    0.202
    32   0.0501  -0.2506   0.0000   0.3048   0.0095   0.0916   0.0760   0.3127   0.3008   0.0096   0.0000   0.0167   0.0573    0.194
    33   0.0562  -0.2810   0.0000   0.3048   0.0090   0.0848   0.0779   0.2897   0.2786   0.0088   0.0000   0.0182   0.0504    0.185
    34   0.0619  -0.3094   0.0000   0.3048   0.0083   0.0767   0.0793   0.2619   0.2519   0.0079   0.0000   0.0194   0.0426    0.173
    35   0.0671  -0.3352   0.0000   0.3048   0.0074   0.0672   0.0798   0.2295   0.2207   0.0069   0.0000   0.0202   0.0343    0.159
    36   0.0716  -0.3577   0.0000   0.3048   0.0063   0.0565   0.0790   0.1928   0.1855   0.0057   0.0000   0.0200   0.0258    0.142
    37   0.0753  -0.3765   0.0000   0.3048   0.0051   0.0447   0.0768   0.1527   0.1469   0.0043   0.0000   0.0184   0.0179    0.125
    38   0.0782  -0.3909   0.0000   0.3048   0.0037   0.0323   0.0732   0.1102   0.1060   0.0028   0.0000   0.0151   0.0111    0.108
    39   0.0802  -0.4008   0.0000   0.3048   0.0023   0.0194   0.0688   0.0664   0.0639   0.0012   0.0000   0.0100   0.0058    0.093
    40   0.0812  -0.4058   0.0000   0.3048   0.0008   0.0065   0.0661   0.0222   0.0214  -0.0002   0.0000   0.0035   0.0018    0.086
 ---------------------------------------------------------------
