 ---------------------------------------------------------------
 Surface and Strip Forces by surface

  Sref = 0.14630       Cref = 0.20660       Bref = 0.71120    
  Xref = 0.10920       Yref =  0.0000       Zref =  0.0000    

  Surface # 1     Wing                                    
     # Chordwise = 10   # Spanwise = 20     First strip =  1
     Surface area Ssurf =    0.081290     Ave. chord Cave =    0.228600

 Forces referred to Sref, Cref, Bref about Xref, Yref, Zref
 Standard axis orientation,  X fwd, Z down         
     CLsurf  =   0.24829     Clsurf  =  -0.05386
     CYsurf  =   0.00430     Cmsurf  =   0.03323
     CDsurf  =   0.01193     Cnsurf  =  -0.00604
     CDisurf =   0.01193     CDvsurf =   0.00000

 Forces referred to Ssurf, Cave 
     CLsurf  =   0.44685     CDsurf  =   0.02147

 Strip Forces referred to Strip Area, Chord
    j     Xle      Yle      Zle      Chord    Area     c_cl     ai     cl_norm    cl       cd       cdv    cm_c/4     cm_LE   C.P.x/c
     1   0.0001   0.0005   0.0000   0.2286   0.0005   0.1233   0.0750   0.5432   0.5210   0.1735   0.0000  -0.0035  -0.1354    0.257
     2   0.0010   0.0049   0.0000   0.2286   0.0015   0.1233   0.0746   0.5614   0.5384   0.0413   0.0000  -0.0027  -0.1346    0.255
     3   0.0028   0.0135   0.0000   0.2286   0.0024   0.1233   0.0752   0.5624   0.5394   0.0334   0.0000  -0.0006  -0.1326    0.251
     4   0.0055   0.0262   0.0000   0.2286   0.0033   0.1232   0.0767   0.5627   0.5397   0.0305   0.0000   0.0021  -0.1298    0.246
     5   0.0089   0.0426   0.0000   0.2286   0.0041   0.1231   0.0787   0.5625   0.5395   0.0281   0.0000   0.0049  -0.1270    0.241
     6   0.0130   0.0623   0.0000   0.2286   0.0048   0.1228   0.0810   0.5611   0.5382   0.0262   0.0000   0.0075  -0.1241    0.236
     7   0.0177   0.0849   0.0000   0.2286   0.0054   0.1220   0.0836   0.5578   0.5350   0.0247   0.0000   0.0097  -0.1211    0.232
     8   0.0229   0.1098   0.0000   0.2286   0.0059   0.1206   0.0865   0.5517   0.5291   0.0235   0.0000   0.0117  -0.1177    0.228
     9   0.0284   0.1363   0.0000   0.2286   0.0062   0.1184   0.0897   0.5418   0.5197   0.0224   0.0000   0.0136  -0.1135    0.224
    10   0.0341   0.1638   0.0000   0.2286   0.0064   0.1153   0.0933   0.5274   0.5058   0.0214   0.0000   0.0156  -0.1082    0.219
    11   0.0400   0.1918   0.0000   0.2286   0.0064   0.1109   0.0972   0.5075   0.4867   0.0204   0.0000   0.0177  -0.1015    0.214
    12   0.0457   0.2193   0.0000   0.2286   0.0062   0.1052   0.1012   0.4812   0.4615   0.0193   0.0000   0.0199  -0.0931    0.207
    13   0.0512   0.2458   0.0000   0.2286   0.0059   0.0979   0.1051   0.4479   0.4296   0.0180   0.0000   0.0222  -0.0831    0.198
    14   0.0564   0.2707   0.0000   0.2286   0.0054   0.0890   0.1085   0.4072   0.3905   0.0165   0.0000   0.0243  -0.0715    0.188
    15   0.0611   0.2933   0.0000   0.2286   0.0048   0.0784   0.1109   0.3588   0.3441   0.0146   0.0000   0.0259  -0.0586    0.175
    16   0.0652   0.3130   0.0000   0.2286   0.0041   0.0663   0.1119   0.3033   0.2908   0.0123   0.0000   0.0262  -0.0453    0.160
    17   0.0686   0.3294   0.0000   0.2286   0.0033   0.0528   0.1109   0.2416   0.2317   0.0098   0.0000   0.0246  -0.0324    0.144
    18   0.0713   0.3421   0.0000   0.2286   0.0024   0.0383   0.1081   0.1752   0.1680   0.0069   0.0000   0.0206  -0.0208    0.127
    19   0.0731   0.3507   0.0000   0.2286   0.0015   0.0232   0.1040   0.1060   0.1017   0.0036   0.0000   0.0138  -0.0112    0.114
    20   0.0740   0.3551   0.0000   0.2286   0.0005   0.0077   0.1011   0.0356   0.0341   0.0003   0.0000   0.0049  -0.0035    0.107

  Surface # 2     Wing (YDUP)                             
     # Chordwise = 10   # Spanwise = 20     First strip = 21
     Surface area Ssurf =    0.081290     Ave. chord Cave =    0.228600

 Forces referred to Sref, Cref, Bref about Xref, Yref, Zref
 Standard axis orientation,  X fwd, Z down         
     CLsurf  =   0.24829     Clsurf  =   0.05386
     CYsurf  =  -0.00430     Cmsurf  =   0.03323
     CDsurf  =   0.01193     Cnsurf  =   0.00604
     CDisurf =   0.01193     CDvsurf =   0.00000

 Forces referred to Ssurf, Cave 
     CLsurf  =   0.44685     CDsurf  =   0.02147

 Strip Forces referred to Strip Area, Chord
    j     Xle      Yle      Zle      Chord    Area     c_cl     ai     cl_norm    cl       cd       cdv    cm_c/4     cm_LE   C.P.x/c
    21   0.0001  -0.0005   0.0000   0.2286   0.0005   0.1233   0.0750   0.5432   0.5210   0.1735   0.0000  -0.0035   0.1354    0.257
    22   0.0010  -0.0049   0.0000   0.2286   0.0015   0.1233   0.0746   0.5614   0.5384   0.0413   0.0000  -0.0027   0.1346    0.255
    23   0.0028  -0.0135   0.0000   0.2286   0.0024   0.1233   0.0752   0.5624   0.5394   0.0334   0.0000  -0.0006   0.1326    0.251
    24   0.0055  -0.0262   0.0000   0.2286   0.0033   0.1232   0.0767   0.5627   0.5397   0.0305   0.0000   0.0021   0.1298    0.246
    25   0.0089  -0.0426   0.0000   0.2286   0.0041   0.1231   0.0787   0.5625   0.5395   0.0281   0.0000   0.0049   0.1270    0.241
    26   0.0130  -0.0623   0.0000   0.2286   0.0048   0.1228   0.0810   0.5611   0.5382   0.0262   0.0000   0.0075   0.1241    0.236
    27   0.0177  -0.0849   0.0000   0.2286   0.0054   0.1220   0.0836   0.5578   0.5350   0.0247   0.0000   0.0097   0.1211    0.232
    28   0.0229  -0.1098   0.0000   0.2286   0.0059   0.1206   0.0865   0.5517   0.5291   0.0235   0.0000   0.0117   0.1177    0.228
    29   0.0284  -0.1363   0.0000   0.2286   0.0062   0.1184   0.0897   0.5418   0.5197   0.0224   0.0000   0.0136   0.1135    0.224
    30   0.0341  -0.1638   0.0000   0.2286   0.0064   0.1153   0.0933   0.5274   0.5058   0.0214   0.0000   0.0156   0.1082    0.219
    31   0.0400  -0.1918   0.0000   0.2286   0.0064   0.1109   0.0972   0.5075   0.4867   0.0204   0.0000   0.0177   0.1015    0.214
    32   0.0457  -0.2193   0.0000   0.2286   0.0062   0.1052   0.1012   0.4812   0.4615   0.0193   0.0000   0.0199   0.0931    0.207
    33   0.0512  -0.2458   0.0000   0.2286   0.0059   0.0979   0.1051   0.4479   0.4296   0.0180   0.0000   0.0222   0.0831    0.198
    34   0.0564  -0.2707   0.0000   0.2286   0.0054   0.0890   0.1085   0.4072   0.3905   0.0165   0.0000   0.0243   0.0715    0.188
    35   0.0611  -0.2933   0.0000   0.2286   0.0048   0.0784   0.1109   0.3588   0.3441   0.0146   0.0000   0.0259   0.0586    0.175
    36   0.0652  -0.3130   0.0000   0.2286   0.0041   0.0663   0.1119   0.3033   0.2908   0.0123   0.0000   0.0262   0.0453    0.160
    37   0.0686  -0.3294   0.0000   0.2286   0.0033   0.0528   0.1109   0.2416   0.2317   0.0098   0.0000   0.0246   0.0324    0.144
    38   0.0713  -0.3421   0.0000   0.2286   0.0024   0.0383   0.1081   0.1752   0.1680   0.0069   0.0000   0.0206   0.0208    0.127
    39   0.0731  -0.3507   0.0000   0.2286   0.0015   0.0232   0.1040   0.1060   0.1017   0.0036   0.0000   0.0138   0.0112    0.114
    40   0.0740  -0.3551   0.0000   0.2286   0.0005   0.0077   0.1011   0.0356   0.0341   0.0003   0.0000   0.0049   0.0035    0.107
 ---------------------------------------------------------------
