 ---------------------------------------------------------------
 Surface and Strip Forces by surface

  Sref = 0.13010       Cref = 0.18360       Bref = 0.71120    
  Xref = 0.10920       Yref =  0.0000       Zref =  0.0000    

  Surface # 1     Wing                                    
     # Chordwise = 10   # Spanwise = 20     First strip =  1
     Surface area Ssurf =    0.072258     Ave. chord Cave =    0.203200

 Forces referred to Sref, Cref, Bref about Xref, Yref, Zref
 Standard axis orientation,  X fwd, Z down         
     CLsurf  =   0.27920     Clsurf  =  -0.06114
     CYsurf  =   0.00765     Cmsurf  =   0.02739
     CDsurf  =   0.01362     Cnsurf  =  -0.00815
     CDisurf =   0.01362     CDvsurf =   0.00000

 Forces referred to Ssurf, Cave 
     CLsurf  =   0.50270     CDsurf  =   0.02452

 Strip Forces referred to Strip Area, Chord
    j     Xle      Yle      Zle      Chord    Area     c_cl     ai     cl_norm    cl       cd       cdv    cm_c/4     cm_LE   C.P.x/c
     1   0.0002   0.0005   0.0000   0.2032   0.0004   0.1202   0.0646   0.6116   0.5632   0.2425   0.0000  -0.0132  -0.1545    0.273
     2   0.0015   0.0049   0.0000   0.2032   0.0013   0.1203   0.0650   0.6409   0.5902   0.0532   0.0000  -0.0118  -0.1532    0.270
     3   0.0040   0.0135   0.0000   0.2032   0.0022   0.1203   0.0670   0.6430   0.5921   0.0423   0.0000  -0.0082  -0.1498    0.264
     4   0.0078   0.0262   0.0000   0.2032   0.0030   0.1205   0.0700   0.6446   0.5936   0.0376   0.0000  -0.0037  -0.1457    0.256
     5   0.0126   0.0426   0.0000   0.2032   0.0037   0.1206   0.0735   0.6460   0.5949   0.0338   0.0000   0.0006  -0.1418    0.249
     6   0.0185   0.0623   0.0000   0.2032   0.0043   0.1207   0.0772   0.6465   0.5954   0.0307   0.0000   0.0042  -0.1382    0.243
     7   0.0252   0.0849   0.0000   0.2032   0.0048   0.1203   0.0810   0.6451   0.5940   0.0284   0.0000   0.0073  -0.1349    0.238
     8   0.0325   0.1098   0.0000   0.2032   0.0052   0.1194   0.0849   0.6407   0.5900   0.0265   0.0000   0.0099  -0.1314    0.233
     9   0.0404   0.1363   0.0000   0.2032   0.0055   0.1178   0.0892   0.6321   0.5821   0.0250   0.0000   0.0123  -0.1272    0.229
    10   0.0486   0.1638   0.0000   0.2032   0.0057   0.1152   0.0939   0.6183   0.5694   0.0237   0.0000   0.0146  -0.1219    0.224
    11   0.0568   0.1918   0.0000   0.2032   0.0057   0.1114   0.0990   0.5980   0.5507   0.0224   0.0000   0.0172  -0.1149    0.219
    12   0.0650   0.2193   0.0000   0.2032   0.0055   0.1062   0.1045   0.5702   0.5250   0.0210   0.0000   0.0201  -0.1060    0.212
    13   0.0729   0.2458   0.0000   0.2032   0.0052   0.0994   0.1099   0.5336   0.4914   0.0194   0.0000   0.0232  -0.0950    0.203
    14   0.0802   0.2707   0.0000   0.2032   0.0048   0.0908   0.1148   0.4876   0.4490   0.0175   0.0000   0.0263  -0.0819    0.191
    15   0.0869   0.2933   0.0000   0.2032   0.0043   0.0804   0.1185   0.4317   0.3975   0.0152   0.0000   0.0289  -0.0671    0.177
    16   0.0928   0.3130   0.0000   0.2032   0.0037   0.0682   0.1204   0.3663   0.3373   0.0126   0.0000   0.0301  -0.0516    0.161
    17   0.0976   0.3294   0.0000   0.2032   0.0030   0.0545   0.1201   0.2927   0.2695   0.0096   0.0000   0.0290  -0.0364    0.142
    18   0.1014   0.3421   0.0000   0.2032   0.0022   0.0396   0.1173   0.2128   0.1959   0.0065   0.0000   0.0247  -0.0230    0.124
    19   0.1039   0.3507   0.0000   0.2032   0.0013   0.0240   0.1129   0.1289   0.1187   0.0030   0.0000   0.0168  -0.0121    0.108
    20   0.1052   0.3551   0.0000   0.2032   0.0004   0.0080   0.1097   0.0433   0.0399  -0.0004   0.0000   0.0060  -0.0037    0.100

  Surface # 2     Wing (YDUP)                             
     # Chordwise = 10   # Spanwise = 20     First strip = 21
     Surface area Ssurf =    0.072258     Ave. chord Cave =    0.203200

 Forces referred to Sref, Cref, Bref about Xref, Yref, Zref
 Standard axis orientation,  X fwd, Z down         
     CLsurf  =   0.27920     Clsurf  =   0.06114
     CYsurf  =  -0.00765     Cmsurf  =   0.02739
     CDsurf  =   0.01362     Cnsurf  =   0.00815
     CDisurf =   0.01362     CDvsurf =   0.00000

 Forces referred to Ssurf, Cave 
     CLsurf  =   0.50270     CDsurf  =   0.02452

 Strip Forces referred to Strip Area, Chord
    j     Xle      Yle      Zle      Chord    Area     c_cl     ai     cl_norm    cl       cd       cdv    cm_c/4     cm_LE   C.P.x/c
    21   0.0002  -0.0005   0.0000   0.2032   0.0004   0.1202   0.0646   0.6116   0.5632   0.2425   0.0000  -0.0132   0.1545    0.273
    22   0.0015  -0.0049   0.0000   0.2032   0.0013   0.1203   0.0650   0.6409   0.5902   0.0532   0.0000  -0.0118   0.1532    0.270
    23   0.0040  -0.0135   0.0000   0.2032   0.0022   0.1203   0.0670   0.6430   0.5921   0.0423   0.0000  -0.0082   0.1498    0.264
    24   0.0078  -0.0262   0.0000   0.2032   0.0030   0.1205   0.0700   0.6446   0.5936   0.0376   0.0000  -0.0037   0.1457    0.256
    25   0.0126  -0.0426   0.0000   0.2032   0.0037   0.1206   0.0735   0.6460   0.5949   0.0338   0.0000   0.0006   0.1418    0.249
    26   0.0185  -0.0623   0.0000   0.2032   0.0043   0.1207   0.0772   0.6465   0.5954   0.0307   0.0000   0.0042   0.1382    0.243
    27   0.0252  -0.0849   0.0000   0.2032   0.0048   0.1203   0.0810   0.6451   0.5940   0.0284   0.0000   0.0073   0.1349    0.238
    28   0.0325  -0.1098   0.0000   0.2032   0.0052   0.1194   0.0849   0.6407   0.5900   0.0265   0.0000   0.0099   0.1314    0.233
    29   0.0404  -0.1363   0.0000   0.2032   0.0055   0.1178   0.0892   0.6321   0.5821   0.0250   0.0000   0.0123   0.1272    0.229
    30   0.0486  -0.1638   0.0000   0.2032   0.0057   0.1152   0.0939   0.6183   0.5694   0.0237   0.0000   0.0146   0.1219    0.224
    31   0.0568  -0.1918   0.0000   0.2032   0.0057   0.1114   0.0990   0.5980   0.5507   0.0224   0.0000   0.0172   0.1149    0.219
    32   0.0650  -0.2193   0.0000   0.2032   0.0055   0.1062   0.1045   0.5702   0.5250   0.0210   0.0000   0.0201   0.1060    0.212
    33   0.0729  -0.2458   0.0000   0.2032   0.0052   0.0994   0.1099   0.5336   0.4914   0.0194   0.0000   0.0232   0.0950    0.203
    34   0.0802  -0.2707   0.0000   0.2032   0.0048   0.0908   0.1148   0.4876   0.4490   0.0175   0.0000   0.0263   0.0819    0.191
    35   0.0869  -0.2933   0.0000   0.2032   0.0043   0.0804   0.1185   0.4317   0.3975   0.0152   0.0000   0.0289   0.0671    0.177
    36   0.0928  -0.3130   0.0000   0.2032   0.0037   0.0682   0.1204   0.3663   0.3373   0.0126   0.0000   0.0301   0.0516    0.161
    37   0.0976  -0.3294   0.0000   0.2032   0.0030   0.0545   0.1201   0.2927   0.2695   0.0096   0.0000   0.0290   0.0364    0.142
    38   0.1014  -0.3421   0.0000   0.2032   0.0022   0.0396   0.1173   0.2128   0.1959   0.0065   0.0000   0.0247   0.0230    0.124
    39   0.1039  -0.3507   0.0000   0.2032   0.0013   0.0240   0.1129   0.1289   0.1187   0.0030   0.0000   0.0168   0.0121    0.108
    40   0.1052  -0.3551   0.0000   0.2032   0.0004   0.0080   0.1097   0.0433   0.0399  -0.0004   0.0000   0.0060   0.0037    0.100
 ---------------------------------------------------------------
