 ---------------------------------------------------------------
 Surface and Strip Forces by surface

  Sref = 0.10120       Cref = 0.15090       Bref = 0.71120    
  Xref = 0.10920       Yref =  0.0000       Zref =  0.0000    

  Surface # 1     Wing                                    
     # Chordwise = 10   # Spanwise = 20     First strip =  1
     Surface area Ssurf =    0.072258     Ave. chord Cave =    0.203200

 Forces referred to Sref, Cref, Bref about Xref, Yref, Zref
 Standard axis orientation,  X fwd, Z down         
     CLsurf  =   0.35894     Clsurf  =  -0.07808
     CYsurf  =   0.00571     Cmsurf  =   0.08938
     CDsurf  =   0.01714     Cnsurf  =  -0.00876
     CDisurf =   0.01714     CDvsurf =   0.00000

 Forces referred to Ssurf, Cave 
     CLsurf  =   0.50270     CDsurf  =   0.02400

 Strip Forces referred to Strip Area, Chord
    j     Xle      Yle      Zle      Chord    Area     c_cl     ai     cl_norm    cl       cd       cdv    cm_c/4     cm_LE   C.P.x/c
     1   0.0001   0.0005   0.0000   0.2032   0.0004   0.1224   0.0730   0.6028   0.5856   0.1625   0.0000  -0.0031  -0.1515    0.255
     2   0.0009   0.0049   0.0000   0.2032   0.0013   0.1224   0.0729   0.6201   0.6024   0.0430   0.0000  -0.0023  -0.1507    0.254
     3   0.0023   0.0135   0.0000   0.2032   0.0022   0.1224   0.0738   0.6212   0.6034   0.0358   0.0000  -0.0001  -0.1485    0.250
     4   0.0045   0.0262   0.0000   0.2032   0.0030   0.1224   0.0754   0.6217   0.6039   0.0326   0.0000   0.0026  -0.1459    0.246
     5   0.0074   0.0426   0.0000   0.2032   0.0037   0.1223   0.0775   0.6215   0.6038   0.0302   0.0000   0.0053  -0.1431    0.241
     6   0.0108   0.0623   0.0000   0.2032   0.0043   0.1220   0.0799   0.6202   0.6025   0.0283   0.0000   0.0076  -0.1404    0.237
     7   0.0147   0.0849   0.0000   0.2032   0.0048   0.1213   0.0825   0.6168   0.5992   0.0269   0.0000   0.0096  -0.1376    0.234
     8   0.0190   0.1098   0.0000   0.2032   0.0052   0.1200   0.0855   0.6104   0.5929   0.0258   0.0000   0.0114  -0.1343    0.231
     9   0.0236   0.1363   0.0000   0.2032   0.0055   0.1180   0.0889   0.6000   0.5829   0.0249   0.0000   0.0131  -0.1301    0.228
    10   0.0284   0.1638   0.0000   0.2032   0.0057   0.1150   0.0927   0.5848   0.5680   0.0241   0.0000   0.0149  -0.1247    0.224
    11   0.0332   0.1918   0.0000   0.2032   0.0057   0.1108   0.0970   0.5636   0.5475   0.0233   0.0000   0.0169  -0.1177    0.219
    12   0.0380   0.2193   0.0000   0.2032   0.0055   0.1053   0.1016   0.5355   0.5202   0.0224   0.0000   0.0191  -0.1088    0.213
    13   0.0426   0.2458   0.0000   0.2032   0.0052   0.0983   0.1063   0.4997   0.4854   0.0212   0.0000   0.0215  -0.0979    0.206
    14   0.0469   0.2707   0.0000   0.2032   0.0048   0.0896   0.1107   0.4555   0.4425   0.0197   0.0000   0.0239  -0.0850    0.196
    15   0.0508   0.2933   0.0000   0.2032   0.0043   0.0792   0.1142   0.4025   0.3910   0.0178   0.0000   0.0258  -0.0705    0.184
    16   0.0542   0.3130   0.0000   0.2032   0.0037   0.0671   0.1162   0.3412   0.3315   0.0154   0.0000   0.0266  -0.0552    0.170
    17   0.0571   0.3294   0.0000   0.2032   0.0030   0.0536   0.1162   0.2725   0.2647   0.0125   0.0000   0.0255  -0.0399    0.154
    18   0.0593   0.3421   0.0000   0.2032   0.0022   0.0390   0.1140   0.1980   0.1923   0.0091   0.0000   0.0216  -0.0259    0.138
    19   0.0607   0.3507   0.0000   0.2032   0.0013   0.0236   0.1101   0.1199   0.1165   0.0051   0.0000   0.0147  -0.0141    0.124
    20   0.0615   0.3551   0.0000   0.2032   0.0004   0.0079   0.1069   0.0402   0.0391   0.0009   0.0000   0.0052  -0.0044    0.116

  Surface # 2     Wing (YDUP)                             
     # Chordwise = 10   # Spanwise = 20     First strip = 21
     Surface area Ssurf =    0.072258     Ave. chord Cave =    0.203200

 Forces referred to Sref, Cref, Bref about Xref, Yref, Zref
 Standard axis orientation,  X fwd, Z down         
     CLsurf  =   0.35894     Clsurf  =   0.07808
     CYsurf  =  -0.00571     Cmsurf  =   0.08938
     CDsurf  =   0.01714     Cnsurf  =   0.00876
     CDisurf =   0.01714     CDvsurf =   0.00000

 Forces referred to Ssurf, Cave 
     CLsurf  =   0.50270     CDsurf  =   0.02400

 Strip Forces referred to Strip Area, Chord
    j     Xle      Yle      Zle      Chord    Area     c_cl     ai     cl_norm    cl       cd       cdv    cm_c/4     cm_LE   C.P.x/c
    21   0.0001  -0.0005   0.0000   0.2032   0.0004   0.1224   0.0730   0.6028   0.5856   0.1625   0.0000  -0.0031   0.1515    0.255
    22   0.0009  -0.0049   0.0000   0.2032   0.0013   0.1224   0.0729   0.6201   0.6024   0.0430   0.0000  -0.0023   0.1507    0.254
    23   0.0023  -0.0135   0.0000   0.2032   0.0022   0.1224   0.0738   0.6212   0.6034   0.0358   0.0000  -0.0001   0.1485    0.250
    24   0.0045  -0.0262   0.0000   0.2032   0.0030   0.1224   0.0754   0.6217   0.6039   0.0326   0.0000   0.0026   0.1459    0.246
    25   0.0074  -0.0426   0.0000   0.2032   0.0037   0.1223   0.0775   0.6215   0.6038   0.0302   0.0000   0.0053   0.1431    0.241
    26   0.0108  -0.0623   0.0000   0.2032   0.0043   0.1220   0.0799   0.6202   0.6025   0.0283   0.0000   0.0076   0.1404    0.237
    27   0.0147  -0.0849   0.0000   0.2032   0.0048   0.1213   0.0825   0.6168   0.5992   0.0269   0.0000   0.0096   0.1376    0.234
    28   0.0190  -0.1098   0.0000   0.2032   0.0052   0.1200   0.0855   0.6104   0.5929   0.0258   0.0000   0.0114   0.1343    0.231
    29   0.0236  -0.1363   0.0000   0.2032   0.0055   0.1180   0.0889   0.6000   0.5829   0.0249   0.0000   0.0131   0.1301    0.228
    30   0.0284  -0.1638   0.0000   0.2032   0.0057   0.1150   0.0927   0.5848   0.5680   0.0241   0.0000   0.0149   0.1247    0.224
    31   0.0332  -0.1918   0.0000   0.2032   0.0057   0.1108   0.0970   0.5636   0.5475   0.0233   0.0000   0.0169   0.1177    0.219
    32   0.0380  -0.2193   0.0000   0.2032   0.0055   0.1053   0.1016   0.5355   0.5202   0.0224   0.0000   0.0191   0.1088    0.213
    33   0.0426  -0.2458   0.0000   0.2032   0.0052   0.0983   0.1063   0.4997   0.4854   0.0212   0.0000   0.0215   0.0979    0.206
    34   0.0469  -0.2707   0.0000   0.2032   0.0048   0.0896   0.1107   0.4555   0.4425   0.0197   0.0000   0.0239   0.0850    0.196
    35   0.0508  -0.2933   0.0000   0.2032   0.0043   0.0792   0.1142   0.4025   0.3910   0.0178   0.0000   0.0258   0.0705    0.184
    36   0.0542  -0.3130   0.0000   0.2032   0.0037   0.0671   0.1162   0.3412   0.3315   0.0154   0.0000   0.0266   0.0552    0.170
    37   0.0571  -0.3294   0.0000   0.2032   0.0030   0.0536   0.1162   0.2725   0.2647   0.0125   0.0000   0.0255   0.0399    0.154
    38   0.0593  -0.3421   0.0000   0.2032   0.0022   0.0390   0.1140   0.1980   0.1923   0.0091   0.0000   0.0216   0.0259    0.138
    39   0.0607  -0.3507   0.0000   0.2032   0.0013   0.0236   0.1101   0.1199   0.1165   0.0051   0.0000   0.0147   0.0141    0.124
    40   0.0615  -0.3551   0.0000   0.2032   0.0004   0.0079   0.1069   0.0402   0.0391   0.0009   0.0000   0.0052   0.0044    0.116
 ---------------------------------------------------------------
