 ---------------------------------------------------------------
 Surface and Strip Forces by surface

  Sref = 0.99100E-01   Cref = 0.16590       Bref = 0.60960    
  Xref = 0.10920       Yref =  0.0000       Zref =  0.0000    

  Surface # 1     Wing                                    
     # Chordwise = 10   # Spanwise = 20     First strip =  1
     Surface area Ssurf =    0.061935     Ave. chord Cave =    0.203200

 Forces referred to Sref, Cref, Bref about Xref, Yref, Zref
 Standard axis orientation,  X fwd, Z down         
     CLsurf  =   0.36654     Clsurf  =  -0.08014
     CYsurf  =   0.01851     Cmsurf  =   0.01510
     CDsurf  =   0.02483     Cnsurf  =  -0.01716
     CDisurf =   0.02483     CDvsurf =   0.00000

 Forces referred to Ssurf, Cave 
     CLsurf  =   0.58649     CDsurf  =   0.03973

 Strip Forces referred to Strip Area, Chord
    j     Xle      Yle      Zle      Chord    Area     c_cl     ai     cl_norm    cl       cd       cdv    cm_c/4     cm_LE   C.P.x/c
     1   0.0002   0.0005   0.0000   0.2032   0.0004   0.1395   0.0821   0.7119   0.6042   0.5040   0.0000  -0.0248  -0.1804    0.291
     2   0.0018   0.0042   0.0000   0.2032   0.0011   0.1395   0.0845   0.8016   0.6804   0.0977   0.0000  -0.0230  -0.1788    0.284
     3   0.0050   0.0116   0.0000   0.2032   0.0019   0.1397   0.0887   0.8076   0.6854   0.0749   0.0000  -0.0180  -0.1744    0.276
     4   0.0097   0.0225   0.0000   0.2032   0.0025   0.1400   0.0940   0.8111   0.6884   0.0666   0.0000  -0.0113  -0.1686    0.266
     5   0.0157   0.0365   0.0000   0.2032   0.0032   0.1403   0.0997   0.8145   0.6914   0.0595   0.0000  -0.0047  -0.1629    0.257
     6   0.0230   0.0534   0.0000   0.2032   0.0037   0.1405   0.1055   0.8168   0.6933   0.0534   0.0000   0.0012  -0.1576    0.248
     7   0.0313   0.0728   0.0000   0.2032   0.0041   0.1402   0.1114   0.8166   0.6931   0.0484   0.0000   0.0062  -0.1528    0.241
     8   0.0405   0.0941   0.0000   0.2032   0.0045   0.1394   0.1175   0.8124   0.6895   0.0443   0.0000   0.0106  -0.1478    0.235
     9   0.0503   0.1168   0.0000   0.2032   0.0047   0.1376   0.1238   0.8026   0.6812   0.0407   0.0000   0.0146  -0.1421    0.229
    10   0.0605   0.1404   0.0000   0.2032   0.0048   0.1346   0.1304   0.7857   0.6669   0.0375   0.0000   0.0185  -0.1351    0.222
    11   0.0708   0.1644   0.0000   0.2032   0.0048   0.1302   0.1373   0.7601   0.6452   0.0344   0.0000   0.0226  -0.1263    0.215
    12   0.0810   0.1880   0.0000   0.2032   0.0047   0.1240   0.1443   0.7245   0.6149   0.0312   0.0000   0.0269  -0.1154    0.206
    13   0.0908   0.2107   0.0000   0.2032   0.0045   0.1159   0.1508   0.6774   0.5749   0.0276   0.0000   0.0313  -0.1022    0.196
    14   0.1000   0.2320   0.0000   0.2032   0.0041   0.1057   0.1563   0.6181   0.5246   0.0236   0.0000   0.0354  -0.0869    0.182
    15   0.1083   0.2514   0.0000   0.2032   0.0037   0.0934   0.1602   0.5465   0.4639   0.0193   0.0000   0.0385  -0.0702    0.167
    16   0.1156   0.2683   0.0000   0.2032   0.0032   0.0791   0.1618   0.4633   0.3932   0.0147   0.0000   0.0395  -0.0531    0.150
    17   0.1216   0.2823   0.0000   0.2032   0.0025   0.0631   0.1611   0.3701   0.3142   0.0102   0.0000   0.0373  -0.0371    0.131
    18   0.1263   0.2932   0.0000   0.2032   0.0019   0.0459   0.1581   0.2693   0.2286   0.0058   0.0000   0.0312  -0.0232    0.114
    19   0.1295   0.3006   0.0000   0.2032   0.0011   0.0278   0.1538   0.1636   0.1389   0.0015   0.0000   0.0209  -0.0122    0.100
    20   0.1311   0.3043   0.0000   0.2032   0.0004   0.0093   0.1511   0.0555   0.0471  -0.0026   0.0000   0.0073  -0.0038    0.094

  Surface # 2     Wing (YDUP)                             
     # Chordwise = 10   # Spanwise = 20     First strip = 21
     Surface area Ssurf =    0.061935     Ave. chord Cave =    0.203200

 Forces referred to Sref, Cref, Bref about Xref, Yref, Zref
 Standard axis orientation,  X fwd, Z down         
     CLsurf  =   0.36654     Clsurf  =   0.08014
     CYsurf  =  -0.01851     Cmsurf  =   0.01510
     CDsurf  =   0.02483     Cnsurf  =   0.01716
     CDisurf =   0.02483     CDvsurf =   0.00000

 Forces referred to Ssurf, Cave 
     CLsurf  =   0.58649     CDsurf  =   0.03973

 Strip Forces referred to Strip Area, Chord
    j     Xle      Yle      Zle      Chord    Area     c_cl     ai     cl_norm    cl       cd       cdv    cm_c/4     cm_LE   C.P.x/c
    21   0.0002  -0.0005   0.0000   0.2032   0.0004   0.1395   0.0821   0.7119   0.6042   0.5040   0.0000  -0.0248   0.1804    0.291
    22   0.0018  -0.0042   0.0000   0.2032   0.0011   0.1395   0.0845   0.8016   0.6804   0.0977   0.0000  -0.0230   0.1788    0.284
    23   0.0050  -0.0116   0.0000   0.2032   0.0019   0.1397   0.0887   0.8076   0.6854   0.0749   0.0000  -0.0180   0.1744    0.276
    24   0.0097  -0.0225   0.0000   0.2032   0.0025   0.1400   0.0940   0.8111   0.6884   0.0666   0.0000  -0.0113   0.1686    0.266
    25   0.0157  -0.0365   0.0000   0.2032   0.0032   0.1403   0.0997   0.8145   0.6914   0.0595   0.0000  -0.0047   0.1629    0.257
    26   0.0230  -0.0534   0.0000   0.2032   0.0037   0.1405   0.1055   0.8168   0.6933   0.0534   0.0000   0.0012   0.1576    0.248
    27   0.0313  -0.0728   0.0000   0.2032   0.0041   0.1402   0.1114   0.8166   0.6931   0.0484   0.0000   0.0062   0.1528    0.241
    28   0.0405  -0.0941   0.0000   0.2032   0.0045   0.1394   0.1175   0.8124   0.6895   0.0443   0.0000   0.0106   0.1478    0.235
    29   0.0503  -0.1168   0.0000   0.2032   0.0047   0.1376   0.1238   0.8026   0.6812   0.0407   0.0000   0.0146   0.1421    0.229
    30   0.0605  -0.1404   0.0000   0.2032   0.0048   0.1346   0.1304   0.7857   0.6669   0.0375   0.0000   0.0185   0.1351    0.222
    31   0.0708  -0.1644   0.0000   0.2032   0.0048   0.1302   0.1373   0.7601   0.6452   0.0344   0.0000   0.0226   0.1263    0.215
    32   0.0810  -0.1880   0.0000   0.2032   0.0047   0.1240   0.1443   0.7245   0.6149   0.0312   0.0000   0.0269   0.1154    0.206
    33   0.0908  -0.2107   0.0000   0.2032   0.0045   0.1159   0.1508   0.6774   0.5749   0.0276   0.0000   0.0313   0.1022    0.196
    34   0.1000  -0.2320   0.0000   0.2032   0.0041   0.1057   0.1563   0.6181   0.5246   0.0236   0.0000   0.0354   0.0869    0.182
    35   0.1083  -0.2514   0.0000   0.2032   0.0037   0.0934   0.1602   0.5465   0.4639   0.0193   0.0000   0.0385   0.0702    0.167
    36   0.1156  -0.2683   0.0000   0.2032   0.0032   0.0791   0.1618   0.4633   0.3932   0.0147   0.0000   0.0395   0.0531    0.150
    37   0.1216  -0.2823   0.0000   0.2032   0.0025   0.0631   0.1611   0.3701   0.3142   0.0102   0.0000   0.0373   0.0371    0.131
    38   0.1263  -0.2932   0.0000   0.2032   0.0019   0.0459   0.1581   0.2693   0.2286   0.0058   0.0000   0.0312   0.0232    0.114
    39   0.1295  -0.3006   0.0000   0.2032   0.0011   0.0278   0.1538   0.1636   0.1389   0.0015   0.0000   0.0209   0.0122    0.100
    40   0.1311  -0.3043   0.0000   0.2032   0.0004   0.0093   0.1511   0.0555   0.0471  -0.0026   0.0000   0.0073   0.0038    0.094
 ---------------------------------------------------------------
