 ---------------------------------------------------------------
 Surface and Strip Forces by surface

  Sref = 0.16260       Cref = 0.22860       Bref = 0.71120    
  Xref = 0.10920       Yref =  0.0000       Zref =  0.0000    

  Surface # 1     Wing                                    
     # Chordwise = 10   # Spanwise = 20     First strip =  1
     Surface area Ssurf =    0.081290     Ave. chord Cave =    0.228600

 Forces referred to Sref, Cref, Bref about Xref, Yref, Zref
 Standard axis orientation,  X fwd, Z down         
     CLsurf  =   0.22340     Clsurf  =  -0.04860
     CYsurf  =   0.00499     Cmsurf  =   0.01779
     CDsurf  =   0.01085     Cnsurf  =  -0.00596
     CDisurf =   0.01085     CDvsurf =   0.00000

 Forces referred to Ssurf, Cave 
     CLsurf  =   0.44685     CDsurf  =   0.02170

 Strip Forces referred to Strip Area, Chord
    j     Xle      Yle      Zle      Chord    Area     c_cl     ai     cl_norm    cl       cd       cdv    cm_c/4     cm_LE   C.P.x/c
     1   0.0001   0.0005   0.0000   0.2286   0.0005   0.1223   0.0717   0.5482   0.5121   0.2098   0.0000  -0.0079  -0.1369    0.265
     2   0.0013   0.0049   0.0000   0.2286   0.0015   0.1223   0.0714   0.5715   0.5338   0.0456   0.0000  -0.0070  -0.1360    0.263
     3   0.0036   0.0135   0.0000   0.2286   0.0024   0.1224   0.0724   0.5729   0.5352   0.0361   0.0000  -0.0043  -0.1334    0.258
     4   0.0070   0.0262   0.0000   0.2286   0.0033   0.1224   0.0744   0.5736   0.5359   0.0325   0.0000  -0.0008  -0.1301    0.252
     5   0.0114   0.0426   0.0000   0.2286   0.0041   0.1224   0.0769   0.5739   0.5361   0.0296   0.0000   0.0027  -0.1267    0.245
     6   0.0167   0.0623   0.0000   0.2286   0.0048   0.1222   0.0798   0.5732   0.5355   0.0273   0.0000   0.0058  -0.1234    0.239
     7   0.0228   0.0849   0.0000   0.2286   0.0054   0.1216   0.0829   0.5706   0.5330   0.0253   0.0000   0.0086  -0.1201    0.234
     8   0.0294   0.1098   0.0000   0.2286   0.0059   0.1204   0.0863   0.5652   0.5280   0.0238   0.0000   0.0110  -0.1165    0.229
     9   0.0365   0.1363   0.0000   0.2286   0.0062   0.1184   0.0899   0.5560   0.5194   0.0224   0.0000   0.0132  -0.1123    0.225
    10   0.0439   0.1638   0.0000   0.2286   0.0064   0.1154   0.0939   0.5421   0.5064   0.0212   0.0000   0.0155  -0.1069    0.219
    11   0.0514   0.1918   0.0000   0.2286   0.0064   0.1112   0.0981   0.5224   0.4880   0.0200   0.0000   0.0178  -0.1002    0.213
    12   0.0588   0.2193   0.0000   0.2286   0.0062   0.1056   0.1025   0.4961   0.4634   0.0187   0.0000   0.0204  -0.0918    0.206
    13   0.0659   0.2458   0.0000   0.2286   0.0059   0.0984   0.1066   0.4623   0.4319   0.0172   0.0000   0.0230  -0.0817    0.197
    14   0.0725   0.2707   0.0000   0.2286   0.0054   0.0895   0.1102   0.4206   0.3929   0.0155   0.0000   0.0255  -0.0700    0.185
    15   0.0786   0.2933   0.0000   0.2286   0.0048   0.0789   0.1127   0.3709   0.3465   0.0135   0.0000   0.0273  -0.0570    0.171
    16   0.0839   0.3130   0.0000   0.2286   0.0041   0.0667   0.1135   0.3136   0.2930   0.0111   0.0000   0.0278  -0.0437    0.155
    17   0.0883   0.3294   0.0000   0.2286   0.0033   0.0532   0.1124   0.2499   0.2334   0.0086   0.0000   0.0262  -0.0309    0.138
    18   0.0917   0.3421   0.0000   0.2286   0.0024   0.0385   0.1094   0.1813   0.1693   0.0058   0.0000   0.0219  -0.0195    0.121
    19   0.0940   0.3507   0.0000   0.2286   0.0015   0.0233   0.1051   0.1097   0.1025   0.0027   0.0000   0.0147  -0.0104    0.106
    20   0.0952   0.3551   0.0000   0.2286   0.0005   0.0078   0.1021   0.0368   0.0344  -0.0002   0.0000   0.0052  -0.0032    0.099

  Surface # 2     Wing (YDUP)                             
     # Chordwise = 10   # Spanwise = 20     First strip = 21
     Surface area Ssurf =    0.081290     Ave. chord Cave =    0.228600

 Forces referred to Sref, Cref, Bref about Xref, Yref, Zref
 Standard axis orientation,  X fwd, Z down         
     CLsurf  =   0.22340     Clsurf  =   0.04860
     CYsurf  =  -0.00499     Cmsurf  =   0.01779
     CDsurf  =   0.01085     Cnsurf  =   0.00596
     CDisurf =   0.01085     CDvsurf =   0.00000

 Forces referred to Ssurf, Cave 
     CLsurf  =   0.44685     CDsurf  =   0.02170

 Strip Forces referred to Strip Area, Chord
    j     Xle      Yle      Zle      Chord    Area     c_cl     ai     cl_norm    cl       cd       cdv    cm_c/4     cm_LE   C.P.x/c
    21   0.0001  -0.0005   0.0000   0.2286   0.0005   0.1223   0.0717   0.5482   0.5121   0.2098   0.0000  -0.0079   0.1369    0.265
    22   0.0013  -0.0049   0.0000   0.2286   0.0015   0.1223   0.0714   0.5715   0.5338   0.0456   0.0000  -0.0070   0.1360    0.263
    23   0.0036  -0.0135   0.0000   0.2286   0.0024   0.1224   0.0724   0.5729   0.5352   0.0361   0.0000  -0.0043   0.1334    0.258
    24   0.0070  -0.0262   0.0000   0.2286   0.0033   0.1224   0.0744   0.5736   0.5359   0.0325   0.0000  -0.0008   0.1301    0.252
    25   0.0114  -0.0426   0.0000   0.2286   0.0041   0.1224   0.0769   0.5739   0.5361   0.0296   0.0000   0.0027   0.1267    0.245
    26   0.0167  -0.0623   0.0000   0.2286   0.0048   0.1222   0.0798   0.5732   0.5355   0.0273   0.0000   0.0058   0.1234    0.239
    27   0.0228  -0.0849   0.0000   0.2286   0.0054   0.1216   0.0829   0.5706   0.5330   0.0253   0.0000   0.0086   0.1201    0.234
    28   0.0294  -0.1098   0.0000   0.2286   0.0059   0.1204   0.0863   0.5652   0.5280   0.0238   0.0000   0.0110   0.1165    0.229
    29   0.0365  -0.1363   0.0000   0.2286   0.0062   0.1184   0.0899   0.5560   0.5194   0.0224   0.0000   0.0132   0.1123    0.225
    30   0.0439  -0.1638   0.0000   0.2286   0.0064   0.1154   0.0939   0.5421   0.5064   0.0212   0.0000   0.0155   0.1069    0.219
    31   0.0514  -0.1918   0.0000   0.2286   0.0064   0.1112   0.0981   0.5224   0.4880   0.0200   0.0000   0.0178   0.1002    0.213
    32   0.0588  -0.2193   0.0000   0.2286   0.0062   0.1056   0.1025   0.4961   0.4634   0.0187   0.0000   0.0204   0.0918    0.206
    33   0.0659  -0.2458   0.0000   0.2286   0.0059   0.0984   0.1066   0.4623   0.4319   0.0172   0.0000   0.0230   0.0817    0.197
    34   0.0725  -0.2707   0.0000   0.2286   0.0054   0.0895   0.1102   0.4206   0.3929   0.0155   0.0000   0.0255   0.0700    0.185
    35   0.0786  -0.2933   0.0000   0.2286   0.0048   0.0789   0.1127   0.3709   0.3465   0.0135   0.0000   0.0273   0.0570    0.171
    36   0.0839  -0.3130   0.0000   0.2286   0.0041   0.0667   0.1135   0.3136   0.2930   0.0111   0.0000   0.0278   0.0437    0.155
    37   0.0883  -0.3294   0.0000   0.2286   0.0033   0.0532   0.1124   0.2499   0.2334   0.0086   0.0000   0.0262   0.0309    0.138
    38   0.0917  -0.3421   0.0000   0.2286   0.0024   0.0385   0.1094   0.1813   0.1693   0.0058   0.0000   0.0219   0.0195    0.121
    39   0.0940  -0.3507   0.0000   0.2286   0.0015   0.0233   0.1051   0.1097   0.1025   0.0027   0.0000   0.0147   0.0104    0.106
    40   0.0952  -0.3551   0.0000   0.2286   0.0005   0.0078   0.1021   0.0368   0.0344  -0.0002   0.0000   0.0052   0.0032    0.099
 ---------------------------------------------------------------
