 ---------------------------------------------------------------
 Surface and Strip Forces by surface

  Sref = 0.13940       Cref = 0.22950       Bref = 0.60960    
  Xref = 0.10920       Yref =  0.0000       Zref =  0.0000    

  Surface # 1     Wing                                    
     # Chordwise = 10   # Spanwise = 20     First strip =  1
     Surface area Ssurf =    0.077419     Ave. chord Cave =    0.254000

 Forces referred to Sref, Cref, Bref about Xref, Yref, Zref
 Standard axis orientation,  X fwd, Z down         
     CLsurf  =   0.26058     Clsurf  =  -0.05569
     CYsurf  =   0.00107     Cmsurf  =   0.05800
     CDsurf  =   0.01650     Cnsurf  =  -0.00584
     CDisurf =   0.01650     CDvsurf =   0.00000

 Forces referred to Ssurf, Cave 
     CLsurf  =   0.46919     CDsurf  =   0.02972

 Strip Forces referred to Strip Area, Chord
    j     Xle      Yle      Zle      Chord    Area     c_cl     ai     cl_norm    cl       cd       cdv    cm_c/4     cm_LE   C.P.x/c
     1   0.0000   0.0005   0.0000   0.2540   0.0005   0.1483   0.1177   0.5792   0.5783   0.0824   0.0000   0.0145  -0.1314    0.225
     2   0.0002   0.0042   0.0000   0.2540   0.0014   0.1483   0.1176   0.5862   0.5852   0.0395   0.0000   0.0146  -0.1313    0.225
     3   0.0005   0.0116   0.0000   0.2540   0.0023   0.1482   0.1176   0.5864   0.5854   0.0368   0.0000   0.0150  -0.1308    0.224
     4   0.0009   0.0225   0.0000   0.2540   0.0032   0.1480   0.1179   0.5856   0.5846   0.0359   0.0000   0.0155  -0.1301    0.223
     5   0.0015   0.0365   0.0000   0.2540   0.0039   0.1475   0.1184   0.5836   0.5827   0.0352   0.0000   0.0162  -0.1289    0.222
     6   0.0022   0.0534   0.0000   0.2540   0.0046   0.1465   0.1192   0.5798   0.5788   0.0347   0.0000   0.0169  -0.1272    0.221
     7   0.0030   0.0728   0.0000   0.2540   0.0052   0.1449   0.1203   0.5734   0.5725   0.0341   0.0000   0.0177  -0.1249    0.219
     8   0.0039   0.0941   0.0000   0.2540   0.0056   0.1424   0.1218   0.5637   0.5627   0.0335   0.0000   0.0185  -0.1216    0.217
     9   0.0049   0.1168   0.0000   0.2540   0.0059   0.1390   0.1237   0.5499   0.5489   0.0329   0.0000   0.0195  -0.1171    0.214
    10   0.0059   0.1404   0.0000   0.2540   0.0061   0.1343   0.1259   0.5312   0.5303   0.0322   0.0000   0.0207  -0.1114    0.211
    11   0.0068   0.1644   0.0000   0.2540   0.0061   0.1282   0.1284   0.5072   0.5063   0.0312   0.0000   0.0219  -0.1042    0.207
    12   0.0078   0.1880   0.0000   0.2540   0.0059   0.1206   0.1311   0.4771   0.4763   0.0300   0.0000   0.0231  -0.0955    0.201
    13   0.0088   0.2107   0.0000   0.2540   0.0056   0.1114   0.1336   0.4406   0.4399   0.0285   0.0000   0.0243  -0.0853    0.195
    14   0.0097   0.2320   0.0000   0.2540   0.0052   0.1006   0.1358   0.3977   0.3970   0.0265   0.0000   0.0251  -0.0739    0.187
    15   0.0105   0.2514   0.0000   0.2540   0.0046   0.0882   0.1372   0.3483   0.3477   0.0239   0.0000   0.0252  -0.0615    0.178
    16   0.0112   0.2683   0.0000   0.2540   0.0039   0.0742   0.1376   0.2931   0.2926   0.0209   0.0000   0.0242  -0.0487    0.167
    17   0.0118   0.2823   0.0000   0.2540   0.0032   0.0590   0.1367   0.2328   0.2324   0.0171   0.0000   0.0218  -0.0362    0.156
    18   0.0122   0.2932   0.0000   0.2540   0.0023   0.0427   0.1345   0.1687   0.1684   0.0128   0.0000   0.0176  -0.0244    0.145
    19   0.0125   0.3006   0.0000   0.2540   0.0014   0.0259   0.1314   0.1021   0.1019   0.0078   0.0000   0.0116  -0.0139    0.137
    20   0.0127   0.3043   0.0000   0.2540   0.0005   0.0087   0.1293   0.0342   0.0341   0.0024   0.0000   0.0040  -0.0045    0.132

  Surface # 2     Wing (YDUP)                             
     # Chordwise = 10   # Spanwise = 20     First strip = 21
     Surface area Ssurf =    0.077419     Ave. chord Cave =    0.254000

 Forces referred to Sref, Cref, Bref about Xref, Yref, Zref
 Standard axis orientation,  X fwd, Z down         
     CLsurf  =   0.26058     Clsurf  =   0.05569
     CYsurf  =  -0.00107     Cmsurf  =   0.05800
     CDsurf  =   0.01650     Cnsurf  =   0.00584
     CDisurf =   0.01650     CDvsurf =   0.00000

 Forces referred to Ssurf, Cave 
     CLsurf  =   0.46919     CDsurf  =   0.02972

 Strip Forces referred to Strip Area, Chord
    j     Xle      Yle      Zle      Chord    Area     c_cl     ai     cl_norm    cl       cd       cdv    cm_c/4     cm_LE   C.P.x/c
    21   0.0000  -0.0005   0.0000   0.2540   0.0005   0.1483   0.1177   0.5792   0.5783   0.0824   0.0000   0.0145   0.1314    0.225
    22   0.0002  -0.0042   0.0000   0.2540   0.0014   0.1483   0.1176   0.5862   0.5852   0.0395   0.0000   0.0146   0.1313    0.225
    23   0.0005  -0.0116   0.0000   0.2540   0.0023   0.1482   0.1176   0.5864   0.5854   0.0368   0.0000   0.0150   0.1308    0.224
    24   0.0009  -0.0225   0.0000   0.2540   0.0032   0.1480   0.1179   0.5856   0.5846   0.0359   0.0000   0.0155   0.1301    0.223
    25   0.0015  -0.0365   0.0000   0.2540   0.0039   0.1475   0.1184   0.5836   0.5827   0.0352   0.0000   0.0162   0.1289    0.222
    26   0.0022  -0.0534   0.0000   0.2540   0.0046   0.1465   0.1192   0.5798   0.5788   0.0347   0.0000   0.0169   0.1272    0.221
    27   0.0030  -0.0728   0.0000   0.2540   0.0052   0.1449   0.1203   0.5734   0.5725   0.0341   0.0000   0.0177   0.1249    0.219
    28   0.0039  -0.0941   0.0000   0.2540   0.0056   0.1424   0.1218   0.5637   0.5627   0.0335   0.0000   0.0185   0.1216    0.217
    29   0.0049  -0.1168   0.0000   0.2540   0.0059   0.1390   0.1237   0.5499   0.5489   0.0329   0.0000   0.0195   0.1171    0.214
    30   0.0059  -0.1404   0.0000   0.2540   0.0061   0.1343   0.1259   0.5312   0.5303   0.0322   0.0000   0.0207   0.1114    0.211
    31   0.0068  -0.1644   0.0000   0.2540   0.0061   0.1282   0.1284   0.5072   0.5063   0.0312   0.0000   0.0219   0.1042    0.207
    32   0.0078  -0.1880   0.0000   0.2540   0.0059   0.1206   0.1311   0.4771   0.4763   0.0300   0.0000   0.0231   0.0955    0.201
    33   0.0088  -0.2107   0.0000   0.2540   0.0056   0.1114   0.1336   0.4406   0.4399   0.0285   0.0000   0.0243   0.0853    0.195
    34   0.0097  -0.2320   0.0000   0.2540   0.0052   0.1006   0.1358   0.3977   0.3970   0.0265   0.0000   0.0251   0.0739    0.187
    35   0.0105  -0.2514   0.0000   0.2540   0.0046   0.0882   0.1372   0.3483   0.3477   0.0239   0.0000   0.0252   0.0615    0.178
    36   0.0112  -0.2683   0.0000   0.2540   0.0039   0.0742   0.1376   0.2931   0.2926   0.0209   0.0000   0.0242   0.0487    0.167
    37   0.0118  -0.2823   0.0000   0.2540   0.0032   0.0590   0.1367   0.2328   0.2324   0.0171   0.0000   0.0218   0.0362    0.156
    38   0.0122  -0.2932   0.0000   0.2540   0.0023   0.0427   0.1345   0.1687   0.1684   0.0128   0.0000   0.0176   0.0244    0.145
    39   0.0125  -0.3006   0.0000   0.2540   0.0014   0.0259   0.1314   0.1021   0.1019   0.0078   0.0000   0.0116   0.0139    0.137
    40   0.0127  -0.3043   0.0000   0.2540   0.0005   0.0087   0.1293   0.0342   0.0341   0.0024   0.0000   0.0040   0.0045    0.132
 ---------------------------------------------------------------
