 ---------------------------------------------------------------
 Surface and Strip Forces by surface

  Sref = 0.83600E-01   Cref = 0.15750       Bref = 0.60960    
  Xref = 0.10920       Yref =  0.0000       Zref =  0.0000    

  Surface # 1     Wing                                    
     # Chordwise = 10   # Spanwise = 20     First strip =  1
     Surface area Ssurf =    0.069677     Ave. chord Cave =    0.228600

 Forces referred to Sref, Cref, Bref about Xref, Yref, Zref
 Standard axis orientation,  X fwd, Z down         
     CLsurf  =   0.43450     Clsurf  =  -0.09345
     CYsurf  =   0.00685     Cmsurf  =   0.11289
     CDsurf  =   0.02816     Cnsurf  =  -0.01257
     CDisurf =   0.02816     CDvsurf =   0.00000

 Forces referred to Ssurf, Cave 
     CLsurf  =   0.52132     CDsurf  =   0.03379

 Strip Forces referred to Strip Area, Chord
    j     Xle      Yle      Zle      Chord    Area     c_cl     ai     cl_norm    cl       cd       cdv    cm_c/4     cm_LE   C.P.x/c
     1   0.0001   0.0005   0.0000   0.2286   0.0004   0.1460   0.1103   0.6244   0.6111   0.2161   0.0000   0.0039  -0.1541    0.244
     2   0.0006   0.0042   0.0000   0.2286   0.0013   0.1460   0.1101   0.6520   0.6381   0.0585   0.0000   0.0044  -0.1536    0.243
     3   0.0017   0.0116   0.0000   0.2286   0.0021   0.1460   0.1106   0.6536   0.6396   0.0487   0.0000   0.0059  -0.1521    0.241
     4   0.0034   0.0225   0.0000   0.2286   0.0029   0.1459   0.1116   0.6536   0.6396   0.0453   0.0000   0.0080  -0.1499    0.238
     5   0.0055   0.0365   0.0000   0.2286   0.0036   0.1455   0.1132   0.6525   0.6386   0.0428   0.0000   0.0102  -0.1473    0.234
     6   0.0080   0.0534   0.0000   0.2286   0.0042   0.1448   0.1152   0.6497   0.6358   0.0407   0.0000   0.0124  -0.1443    0.230
     7   0.0109   0.0728   0.0000   0.2286   0.0047   0.1436   0.1175   0.6442   0.6305   0.0390   0.0000   0.0145  -0.1409    0.227
     8   0.0141   0.0941   0.0000   0.2286   0.0051   0.1415   0.1203   0.6352   0.6217   0.0375   0.0000   0.0165  -0.1367    0.223
     9   0.0175   0.1168   0.0000   0.2286   0.0053   0.1385   0.1234   0.6218   0.6085   0.0361   0.0000   0.0185  -0.1315    0.220
    10   0.0211   0.1404   0.0000   0.2286   0.0054   0.1343   0.1269   0.6029   0.5900   0.0347   0.0000   0.0205  -0.1249    0.215
    11   0.0246   0.1644   0.0000   0.2286   0.0054   0.1287   0.1307   0.5777   0.5654   0.0333   0.0000   0.0227  -0.1168    0.210
    12   0.0282   0.1880   0.0000   0.2286   0.0053   0.1215   0.1346   0.5455   0.5339   0.0316   0.0000   0.0248  -0.1069    0.203
    13   0.0316   0.2107   0.0000   0.2286   0.0051   0.1126   0.1383   0.5057   0.4949   0.0296   0.0000   0.0269  -0.0952    0.196
    14   0.0348   0.2320   0.0000   0.2286   0.0047   0.1020   0.1416   0.4579   0.4481   0.0271   0.0000   0.0286  -0.0820    0.186
    15   0.0377   0.2514   0.0000   0.2286   0.0042   0.0896   0.1438   0.4023   0.3937   0.0242   0.0000   0.0295  -0.0678    0.175
    16   0.0402   0.2683   0.0000   0.2286   0.0036   0.0756   0.1448   0.3393   0.3320   0.0208   0.0000   0.0290  -0.0531    0.163
    17   0.0423   0.2823   0.0000   0.2286   0.0029   0.0602   0.1441   0.2700   0.2642   0.0168   0.0000   0.0265  -0.0389    0.150
    18   0.0440   0.2932   0.0000   0.2286   0.0021   0.0437   0.1418   0.1959   0.1917   0.0122   0.0000   0.0217  -0.0258    0.137
    19   0.0451   0.3006   0.0000   0.2286   0.0013   0.0264   0.1384   0.1187   0.1161   0.0070   0.0000   0.0143  -0.0144    0.127
    20   0.0456   0.3043   0.0000   0.2286   0.0004   0.0088   0.1361   0.0399   0.0390   0.0015   0.0000   0.0050  -0.0046    0.121

  Surface # 2     Wing (YDUP)                             
     # Chordwise = 10   # Spanwise = 20     First strip = 21
     Surface area Ssurf =    0.069677     Ave. chord Cave =    0.228600

 Forces referred to Sref, Cref, Bref about Xref, Yref, Zref
 Standard axis orientation,  X fwd, Z down         
     CLsurf  =   0.43450     Clsurf  =   0.09345
     CYsurf  =  -0.00685     Cmsurf  =   0.11289
     CDsurf  =   0.02816     Cnsurf  =   0.01257
     CDisurf =   0.02816     CDvsurf =   0.00000

 Forces referred to Ssurf, Cave 
     CLsurf  =   0.52132     CDsurf  =   0.03379

 Strip Forces referred to Strip Area, Chord
    j     Xle      Yle      Zle      Chord    Area     c_cl     ai     cl_norm    cl       cd       cdv    cm_c/4     cm_LE   C.P.x/c
    21   0.0001  -0.0005   0.0000   0.2286   0.0004   0.1460   0.1103   0.6244   0.6111   0.2161   0.0000   0.0039   0.1541    0.244
    22   0.0006  -0.0042   0.0000   0.2286   0.0013   0.1460   0.1101   0.6520   0.6381   0.0585   0.0000   0.0044   0.1536    0.243
    23   0.0017  -0.0116   0.0000   0.2286   0.0021   0.1460   0.1106   0.6536   0.6396   0.0487   0.0000   0.0059   0.1521    0.241
    24   0.0034  -0.0225   0.0000   0.2286   0.0029   0.1459   0.1116   0.6536   0.6396   0.0453   0.0000   0.0080   0.1499    0.238
    25   0.0055  -0.0365   0.0000   0.2286   0.0036   0.1455   0.1132   0.6525   0.6386   0.0428   0.0000   0.0102   0.1473    0.234
    26   0.0080  -0.0534   0.0000   0.2286   0.0042   0.1448   0.1152   0.6497   0.6358   0.0407   0.0000   0.0124   0.1443    0.230
    27   0.0109  -0.0728   0.0000   0.2286   0.0047   0.1436   0.1175   0.6442   0.6305   0.0390   0.0000   0.0145   0.1409    0.227
    28   0.0141  -0.0941   0.0000   0.2286   0.0051   0.1415   0.1203   0.6352   0.6217   0.0375   0.0000   0.0165   0.1367    0.223
    29   0.0175  -0.1168   0.0000   0.2286   0.0053   0.1385   0.1234   0.6218   0.6085   0.0361   0.0000   0.0185   0.1315    0.220
    30   0.0211  -0.1404   0.0000   0.2286   0.0054   0.1343   0.1269   0.6029   0.5900   0.0347   0.0000   0.0205   0.1249    0.215
    31   0.0246  -0.1644   0.0000   0.2286   0.0054   0.1287   0.1307   0.5777   0.5654   0.0333   0.0000   0.0227   0.1168    0.210
    32   0.0282  -0.1880   0.0000   0.2286   0.0053   0.1215   0.1346   0.5455   0.5339   0.0316   0.0000   0.0248   0.1069    0.203
    33   0.0316  -0.2107   0.0000   0.2286   0.0051   0.1126   0.1383   0.5057   0.4949   0.0296   0.0000   0.0269   0.0952    0.196
    34   0.0348  -0.2320   0.0000   0.2286   0.0047   0.1020   0.1416   0.4579   0.4481   0.0271   0.0000   0.0286   0.0820    0.186
    35   0.0377  -0.2514   0.0000   0.2286   0.0042   0.0896   0.1438   0.4023   0.3937   0.0242   0.0000   0.0295   0.0678    0.175
    36   0.0402  -0.2683   0.0000   0.2286   0.0036   0.0756   0.1448   0.3393   0.3320   0.0208   0.0000   0.0290   0.0531    0.163
    37   0.0423  -0.2823   0.0000   0.2286   0.0029   0.0602   0.1441   0.2700   0.2642   0.0168   0.0000   0.0265   0.0389    0.150
    38   0.0440  -0.2932   0.0000   0.2286   0.0021   0.0437   0.1418   0.1959   0.1917   0.0122   0.0000   0.0217   0.0258    0.137
    39   0.0451  -0.3006   0.0000   0.2286   0.0013   0.0264   0.1384   0.1187   0.1161   0.0070   0.0000   0.0143   0.0144    0.127
    40   0.0456  -0.3043   0.0000   0.2286   0.0004   0.0088   0.1361   0.0399   0.0390   0.0015   0.0000   0.0050   0.0046    0.121
 ---------------------------------------------------------------
