 ---------------------------------------------------------------
 Surface and Strip Forces by surface

  Sref = 0.18060       Cref = 0.25400       Bref = 0.71120    
  Xref = 0.10920       Yref =  0.0000       Zref =  0.0000    

  Surface # 1     Wing                                    
     # Chordwise = 10   # Spanwise = 20     First strip =  1
     Surface area Ssurf =    0.090322     Ave. chord Cave =    0.254000

 Forces referred to Sref, Cref, Bref about Xref, Yref, Zref
 Standard axis orientation,  X fwd, Z down         
     CLsurf  =   0.20113     Clsurf  =  -0.04311
     CYsurf  =   0.00000     Cmsurf  =   0.04399
     CDsurf  =   0.00924     Cnsurf  =  -0.00323
     CDisurf =   0.00924     CDvsurf =   0.00000

 Forces referred to Ssurf, Cave 
     CLsurf  =   0.40216     CDsurf  =   0.01848

 Strip Forces referred to Strip Area, Chord
    j     Xle      Yle      Zle      Chord    Area     c_cl     ai     cl_norm    cl       cd       cdv    cm_c/4     cm_LE   C.P.x/c
     1   0.0000   0.0005   0.0000   0.2540   0.0006   0.1269   0.0855   0.5009   0.5009   0.0209   0.0000   0.0131  -0.1118    0.224
     2   0.0000   0.0049   0.0000   0.2540   0.0017   0.1269   0.0855   0.5008   0.5008   0.0209   0.0000   0.0131  -0.1118    0.224
     3   0.0000   0.0135   0.0000   0.2540   0.0027   0.1268   0.0856   0.5006   0.5006   0.0208   0.0000   0.0131  -0.1117    0.224
     4   0.0000   0.0262   0.0000   0.2540   0.0037   0.1266   0.0857   0.4998   0.4998   0.0208   0.0000   0.0131  -0.1115    0.224
     5   0.0000   0.0426   0.0000   0.2540   0.0046   0.1262   0.0859   0.4980   0.4980   0.0208   0.0000   0.0132  -0.1110    0.223
     6   0.0000   0.0623   0.0000   0.2540   0.0054   0.1254   0.0864   0.4947   0.4947   0.0208   0.0000   0.0134  -0.1100    0.223
     7   0.0000   0.0849   0.0000   0.2540   0.0060   0.1240   0.0872   0.4893   0.4893   0.0208   0.0000   0.0137  -0.1083    0.222
     8   0.0000   0.1098   0.0000   0.2540   0.0065   0.1219   0.0883   0.4811   0.4811   0.0207   0.0000   0.0141  -0.1059    0.221
     9   0.0000   0.1363   0.0000   0.2540   0.0069   0.1190   0.0898   0.4695   0.4695   0.0206   0.0000   0.0147  -0.1024    0.219
    10   0.0000   0.1638   0.0000   0.2540   0.0071   0.1151   0.0916   0.4540   0.4540   0.0203   0.0000   0.0154  -0.0978    0.216
    11   0.0000   0.1918   0.0000   0.2540   0.0071   0.1100   0.0938   0.4339   0.4339   0.0200   0.0000   0.0163  -0.0919    0.212
    12   0.0000   0.2193   0.0000   0.2540   0.0069   0.1036   0.0963   0.4088   0.4088   0.0195   0.0000   0.0174  -0.0847    0.208
    13   0.0000   0.2458   0.0000   0.2540   0.0065   0.0959   0.0987   0.3782   0.3782   0.0187   0.0000   0.0184  -0.0760    0.201
    14   0.0000   0.2707   0.0000   0.2540   0.0060   0.0867   0.1009   0.3419   0.3419   0.0176   0.0000   0.0193  -0.0661    0.194
    15   0.0000   0.2933   0.0000   0.2540   0.0054   0.0761   0.1024   0.2999   0.2999   0.0161   0.0000   0.0197  -0.0552    0.184
    16   0.0000   0.3130   0.0000   0.2540   0.0046   0.0641   0.1030   0.2527   0.2527   0.0142   0.0000   0.0194  -0.0438    0.173
    17   0.0000   0.3294   0.0000   0.2540   0.0037   0.0510   0.1022   0.2008   0.2008   0.0118   0.0000   0.0178  -0.0324    0.161
    18   0.0000   0.3421   0.0000   0.2540   0.0027   0.0369   0.0998   0.1454   0.1454   0.0088   0.0000   0.0146  -0.0217    0.149
    19   0.0000   0.3507   0.0000   0.2540   0.0017   0.0223   0.0964   0.0879   0.0879   0.0055   0.0000   0.0098  -0.0122    0.139
    20   0.0000   0.3551   0.0000   0.2540   0.0006   0.0075   0.0938   0.0294   0.0294   0.0018   0.0000   0.0034  -0.0039    0.133

  Surface # 2     Wing (YDUP)                             
     # Chordwise = 10   # Spanwise = 20     First strip = 21
     Surface area Ssurf =    0.090322     Ave. chord Cave =    0.254000

 Forces referred to Sref, Cref, Bref about Xref, Yref, Zref
 Standard axis orientation,  X fwd, Z down         
     CLsurf  =   0.20113     Clsurf  =   0.04311
     CYsurf  =   0.00000     Cmsurf  =   0.04399
     CDsurf  =   0.00924     Cnsurf  =   0.00323
     CDisurf =   0.00924     CDvsurf =   0.00000

 Forces referred to Ssurf, Cave 
     CLsurf  =   0.40216     CDsurf  =   0.01848

 Strip Forces referred to Strip Area, Chord
    j     Xle      Yle      Zle      Chord    Area     c_cl     ai     cl_norm    cl       cd       cdv    cm_c/4     cm_LE   C.P.x/c
    21   0.0000  -0.0005   0.0000   0.2540   0.0006   0.1269   0.0855   0.5009   0.5009   0.0209   0.0000   0.0131   0.1118    0.224
    22   0.0000  -0.0049   0.0000   0.2540   0.0017   0.1269   0.0855   0.5008   0.5008   0.0209   0.0000   0.0131   0.1118    0.224
    23   0.0000  -0.0135   0.0000   0.2540   0.0027   0.1268   0.0856   0.5006   0.5006   0.0208   0.0000   0.0131   0.1117    0.224
    24   0.0000  -0.0262   0.0000   0.2540   0.0037   0.1266   0.0857   0.4998   0.4998   0.0208   0.0000   0.0131   0.1115    0.224
    25   0.0000  -0.0426   0.0000   0.2540   0.0046   0.1262   0.0859   0.4980   0.4980   0.0208   0.0000   0.0132   0.1110    0.223
    26   0.0000  -0.0623   0.0000   0.2540   0.0054   0.1254   0.0864   0.4947   0.4947   0.0208   0.0000   0.0134   0.1100    0.223
    27   0.0000  -0.0849   0.0000   0.2540   0.0060   0.1240   0.0872   0.4893   0.4893   0.0208   0.0000   0.0137   0.1083    0.222
    28   0.0000  -0.1098   0.0000   0.2540   0.0065   0.1219   0.0883   0.4811   0.4811   0.0207   0.0000   0.0141   0.1059    0.221
    29   0.0000  -0.1363   0.0000   0.2540   0.0069   0.1190   0.0898   0.4695   0.4695   0.0206   0.0000   0.0147   0.1024    0.219
    30   0.0000  -0.1638   0.0000   0.2540   0.0071   0.1151   0.0916   0.4540   0.4540   0.0203   0.0000   0.0154   0.0978    0.216
    31   0.0000  -0.1918   0.0000   0.2540   0.0071   0.1100   0.0938   0.4339   0.4339   0.0200   0.0000   0.0163   0.0919    0.212
    32   0.0000  -0.2193   0.0000   0.2540   0.0069   0.1036   0.0963   0.4088   0.4088   0.0195   0.0000   0.0174   0.0847    0.208
    33   0.0000  -0.2458   0.0000   0.2540   0.0065   0.0959   0.0987   0.3782   0.3782   0.0187   0.0000   0.0184   0.0760    0.201
    34   0.0000  -0.2707   0.0000   0.2540   0.0060   0.0867   0.1009   0.3419   0.3419   0.0176   0.0000   0.0193   0.0661    0.194
    35   0.0000  -0.2933   0.0000   0.2540   0.0054   0.0761   0.1024   0.2999   0.2999   0.0161   0.0000   0.0197   0.0552    0.184
    36   0.0000  -0.3130   0.0000   0.2540   0.0046   0.0641   0.1030   0.2527   0.2527   0.0142   0.0000   0.0194   0.0438    0.173
    37   0.0000  -0.3294   0.0000   0.2540   0.0037   0.0510   0.1022   0.2008   0.2008   0.0118   0.0000   0.0178   0.0324    0.161
    38   0.0000  -0.3421   0.0000   0.2540   0.0027   0.0369   0.0998   0.1454   0.1454   0.0088   0.0000   0.0146   0.0217    0.149
    39   0.0000  -0.3507   0.0000   0.2540   0.0017   0.0223   0.0964   0.0879   0.0879   0.0055   0.0000   0.0098   0.0122    0.139
    40   0.0000  -0.3551   0.0000   0.2540   0.0006   0.0075   0.0938   0.0294   0.0294   0.0018   0.0000   0.0034   0.0039    0.133
 ---------------------------------------------------------------
