 ---------------------------------------------------------------
 Surface and Strip Forces by surface

  Sref = 0.18170       Cref = 0.22820       Bref = 0.81280    
  Xref = 0.10920       Yref =  0.0000       Zref =  0.0000    

  Surface # 1     Wing                                    
     # Chordwise = 10   # Spanwise = 20     First strip =  1
     Surface area Ssurf =    0.113548     Ave. chord Cave =    0.279400

 Forces referred to Sref, Cref, Bref about Xref, Yref, Zref
 Standard axis orientation,  X fwd, Z down         
     CLsurf  =   0.19991     Clsurf  =  -0.04331
     CYsurf  =   0.00281     Cmsurf  =   0.00647
     CDsurf  =   0.00741     Cnsurf  =  -0.00376
     CDisurf =   0.00741     CDvsurf =   0.00000

 Forces referred to Ssurf, Cave 
     CLsurf  =   0.31990     CDsurf  =   0.01186

 Strip Forces referred to Strip Area, Chord
    j     Xle      Yle      Zle      Chord    Area     c_cl     ai     cl_norm    cl       cd       cdv    cm_c/4     cm_LE   C.P.x/c
     1   0.0002   0.0006   0.0000   0.2794   0.0007   0.1085   0.0596   0.4015   0.3789   0.1177   0.0000  -0.0032  -0.0974    0.259
     2   0.0014   0.0056   0.0000   0.2794   0.0021   0.1085   0.0583   0.4107   0.3876   0.0247   0.0000  -0.0026  -0.0968    0.257
     3   0.0038   0.0155   0.0000   0.2794   0.0034   0.1084   0.0582   0.4111   0.3880   0.0194   0.0000  -0.0009  -0.0951    0.252
     4   0.0073   0.0299   0.0000   0.2794   0.0047   0.1084   0.0590   0.4111   0.3880   0.0176   0.0000   0.0015  -0.0927    0.246
     5   0.0119   0.0487   0.0000   0.2794   0.0058   0.1083   0.0605   0.4107   0.3877   0.0162   0.0000   0.0040  -0.0902    0.240
     6   0.0175   0.0712   0.0000   0.2794   0.0068   0.1079   0.0623   0.4096   0.3866   0.0150   0.0000   0.0062  -0.0878    0.234
     7   0.0238   0.0970   0.0000   0.2794   0.0076   0.1072   0.0643   0.4070   0.3842   0.0140   0.0000   0.0082  -0.0853    0.229
     8   0.0307   0.1254   0.0000   0.2794   0.0082   0.1060   0.0666   0.4024   0.3798   0.0131   0.0000   0.0099  -0.0825    0.224
     9   0.0382   0.1558   0.0000   0.2794   0.0087   0.1040   0.0691   0.3950   0.3729   0.0124   0.0000   0.0116  -0.0791    0.219
    10   0.0459   0.1873   0.0000   0.2794   0.0089   0.1012   0.0717   0.3843   0.3627   0.0117   0.0000   0.0133  -0.0751    0.213
    11   0.0537   0.2191   0.0000   0.2794   0.0089   0.0973   0.0746   0.3694   0.3486   0.0110   0.0000   0.0150  -0.0700    0.207
    12   0.0614   0.2506   0.0000   0.2794   0.0087   0.0921   0.0774   0.3498   0.3301   0.0103   0.0000   0.0168  -0.0637    0.199
    13   0.0689   0.2810   0.0000   0.2794   0.0082   0.0856   0.0800   0.3250   0.3067   0.0094   0.0000   0.0187  -0.0562    0.189
    14   0.0758   0.3094   0.0000   0.2794   0.0076   0.0776   0.0820   0.2947   0.2781   0.0084   0.0000   0.0203  -0.0477    0.177
    15   0.0821   0.3352   0.0000   0.2794   0.0068   0.0682   0.0830   0.2589   0.2444   0.0073   0.0000   0.0215  -0.0384    0.162
    16   0.0877   0.3577   0.0000   0.2794   0.0058   0.0574   0.0826   0.2181   0.2058   0.0059   0.0000   0.0216  -0.0289    0.145
    17   0.0923   0.3765   0.0000   0.2794   0.0047   0.0455   0.0806   0.1730   0.1633   0.0045   0.0000   0.0202  -0.0199    0.126
    18   0.0958   0.3909   0.0000   0.2794   0.0034   0.0329   0.0769   0.1250   0.1180   0.0029   0.0000   0.0168  -0.0123    0.107
    19   0.0982   0.4008   0.0000   0.2794   0.0021   0.0198   0.0723   0.0754   0.0711   0.0011   0.0000   0.0112  -0.0063    0.092
    20   0.0994   0.4058   0.0000   0.2794   0.0007   0.0066   0.0693   0.0252   0.0238  -0.0003   0.0000   0.0040  -0.0019    0.084

  Surface # 2     Wing (YDUP)                             
     # Chordwise = 10   # Spanwise = 20     First strip = 21
     Surface area Ssurf =    0.113548     Ave. chord Cave =    0.279400

 Forces referred to Sref, Cref, Bref about Xref, Yref, Zref
 Standard axis orientation,  X fwd, Z down         
     CLsurf  =   0.19991     Clsurf  =   0.04331
     CYsurf  =  -0.00281     Cmsurf  =   0.00647
     CDsurf  =   0.00741     Cnsurf  =   0.00376
     CDisurf =   0.00741     CDvsurf =   0.00000

 Forces referred to Ssurf, Cave 
     CLsurf  =   0.31990     CDsurf  =   0.01186

 Strip Forces referred to Strip Area, Chord
    j     Xle      Yle      Zle      Chord    Area     c_cl     ai     cl_norm    cl       cd       cdv    cm_c/4     cm_LE   C.P.x/c
    21   0.0002  -0.0006   0.0000   0.2794   0.0007   0.1085   0.0596   0.4015   0.3789   0.1177   0.0000  -0.0032   0.0974    0.259
    22   0.0014  -0.0056   0.0000   0.2794   0.0021   0.1085   0.0583   0.4107   0.3876   0.0247   0.0000  -0.0026   0.0968    0.257
    23   0.0038  -0.0155   0.0000   0.2794   0.0034   0.1084   0.0582   0.4111   0.3880   0.0194   0.0000  -0.0009   0.0951    0.252
    24   0.0073  -0.0299   0.0000   0.2794   0.0047   0.1084   0.0590   0.4111   0.3880   0.0176   0.0000   0.0015   0.0927    0.246
    25   0.0119  -0.0487   0.0000   0.2794   0.0058   0.1083   0.0605   0.4107   0.3877   0.0162   0.0000   0.0040   0.0902    0.240
    26   0.0175  -0.0712   0.0000   0.2794   0.0068   0.1079   0.0623   0.4096   0.3866   0.0150   0.0000   0.0062   0.0878    0.234
    27   0.0238  -0.0970   0.0000   0.2794   0.0076   0.1072   0.0643   0.4070   0.3842   0.0140   0.0000   0.0082   0.0853    0.229
    28   0.0307  -0.1254   0.0000   0.2794   0.0082   0.1060   0.0666   0.4024   0.3798   0.0131   0.0000   0.0099   0.0825    0.224
    29   0.0382  -0.1558   0.0000   0.2794   0.0087   0.1040   0.0691   0.3950   0.3729   0.0124   0.0000   0.0116   0.0791    0.219
    30   0.0459  -0.1873   0.0000   0.2794   0.0089   0.1012   0.0717   0.3843   0.3627   0.0117   0.0000   0.0133   0.0751    0.213
    31   0.0537  -0.2191   0.0000   0.2794   0.0089   0.0973   0.0746   0.3694   0.3486   0.0110   0.0000   0.0150   0.0700    0.207
    32   0.0614  -0.2506   0.0000   0.2794   0.0087   0.0921   0.0774   0.3498   0.3301   0.0103   0.0000   0.0168   0.0637    0.199
    33   0.0689  -0.2810   0.0000   0.2794   0.0082   0.0856   0.0800   0.3250   0.3067   0.0094   0.0000   0.0187   0.0562    0.189
    34   0.0758  -0.3094   0.0000   0.2794   0.0076   0.0776   0.0820   0.2947   0.2781   0.0084   0.0000   0.0203   0.0477    0.177
    35   0.0821  -0.3352   0.0000   0.2794   0.0068   0.0682   0.0830   0.2589   0.2444   0.0073   0.0000   0.0215   0.0384    0.162
    36   0.0877  -0.3577   0.0000   0.2794   0.0058   0.0574   0.0826   0.2181   0.2058   0.0059   0.0000   0.0216   0.0289    0.145
    37   0.0923  -0.3765   0.0000   0.2794   0.0047   0.0455   0.0806   0.1730   0.1633   0.0045   0.0000   0.0202   0.0199    0.126
    38   0.0958  -0.3909   0.0000   0.2794   0.0034   0.0329   0.0769   0.1250   0.1180   0.0029   0.0000   0.0168   0.0123    0.107
    39   0.0982  -0.4008   0.0000   0.2794   0.0021   0.0198   0.0723   0.0754   0.0711   0.0011   0.0000   0.0112   0.0063    0.092
    40   0.0994  -0.4058   0.0000   0.2794   0.0007   0.0066   0.0693   0.0252   0.0238  -0.0003   0.0000   0.0040   0.0019    0.084
 ---------------------------------------------------------------
