 ---------------------------------------------------------------
 Surface and Strip Forces by surface

  Sref = 0.16260       Cref = 0.22860       Bref = 0.71120    
  Xref = 0.10920       Yref =  0.0000       Zref =  0.0000    

  Surface # 1     Wing                                    
     # Chordwise = 10   # Spanwise = 20     First strip =  1
     Surface area Ssurf =    0.081290     Ave. chord Cave =    0.228600

 Forces referred to Sref, Cref, Bref about Xref, Yref, Zref
 Standard axis orientation,  X fwd, Z down         
     CLsurf  =   0.22340     Clsurf  =  -0.04820
     CYsurf  =   0.00163     Cmsurf  =   0.04543
     CDsurf  =   0.01048     Cnsurf  =  -0.00448
     CDisurf =   0.01048     CDvsurf =   0.00000

 Forces referred to Ssurf, Cave 
     CLsurf  =   0.44685     CDsurf  =   0.02095

 Strip Forces referred to Strip Area, Chord
    j     Xle      Yle      Zle      Chord    Area     c_cl     ai     cl_norm    cl       cd       cdv    cm_c/4     cm_LE   C.P.x/c
     1   0.0000   0.0005   0.0000   0.2286   0.0005   0.1250   0.0807   0.5437   0.5396   0.0900   0.0000   0.0057  -0.1305    0.239
     2   0.0004   0.0049   0.0000   0.2286   0.0015   0.1250   0.0804   0.5514   0.5473   0.0311   0.0000   0.0060  -0.1302    0.239
     3   0.0012   0.0135   0.0000   0.2286   0.0024   0.1249   0.0806   0.5517   0.5476   0.0275   0.0000   0.0069  -0.1292    0.237
     4   0.0023   0.0262   0.0000   0.2286   0.0033   0.1248   0.0812   0.5514   0.5473   0.0261   0.0000   0.0081  -0.1279    0.235
     5   0.0037   0.0426   0.0000   0.2286   0.0041   0.1245   0.0821   0.5502   0.5460   0.0250   0.0000   0.0094  -0.1263    0.233
     6   0.0055   0.0623   0.0000   0.2286   0.0048   0.1239   0.0834   0.5475   0.5434   0.0242   0.0000   0.0106  -0.1244    0.230
     7   0.0074   0.0849   0.0000   0.2286   0.0054   0.1228   0.0850   0.5428   0.5387   0.0235   0.0000   0.0118  -0.1221    0.228
     8   0.0096   0.1098   0.0000   0.2286   0.0059   0.1211   0.0870   0.5352   0.5312   0.0229   0.0000   0.0129  -0.1191    0.226
     9   0.0119   0.1363   0.0000   0.2286   0.0062   0.1186   0.0894   0.5240   0.5201   0.0225   0.0000   0.0141  -0.1151    0.223
    10   0.0143   0.1638   0.0000   0.2286   0.0064   0.1150   0.0921   0.5085   0.5047   0.0220   0.0000   0.0154  -0.1100    0.220
    11   0.0168   0.1918   0.0000   0.2286   0.0064   0.1104   0.0953   0.4878   0.4842   0.0214   0.0000   0.0168  -0.1035    0.215
    12   0.0192   0.2193   0.0000   0.2286   0.0062   0.1044   0.0987   0.4613   0.4579   0.0207   0.0000   0.0184  -0.0954    0.210
    13   0.0215   0.2458   0.0000   0.2286   0.0059   0.0970   0.1021   0.4284   0.4252   0.0198   0.0000   0.0201  -0.0856    0.203
    14   0.0237   0.2707   0.0000   0.2286   0.0054   0.0880   0.1052   0.3887   0.3858   0.0185   0.0000   0.0217  -0.0743    0.194
    15   0.0256   0.2933   0.0000   0.2286   0.0048   0.0775   0.1075   0.3421   0.3395   0.0168   0.0000   0.0227  -0.0618    0.183
    16   0.0274   0.3130   0.0000   0.2286   0.0041   0.0654   0.1087   0.2889   0.2868   0.0147   0.0000   0.0228  -0.0486    0.171
    17   0.0288   0.3294   0.0000   0.2286   0.0033   0.0521   0.1081   0.2301   0.2284   0.0121   0.0000   0.0213  -0.0355    0.157
    18   0.0299   0.3421   0.0000   0.2286   0.0024   0.0378   0.1058   0.1669   0.1656   0.0090   0.0000   0.0178  -0.0235    0.143
    19   0.0307   0.3507   0.0000   0.2286   0.0015   0.0229   0.1021   0.1009   0.1002   0.0053   0.0000   0.0120  -0.0130    0.131
    20   0.0311   0.3551   0.0000   0.2286   0.0005   0.0076   0.0993   0.0338   0.0335   0.0014   0.0000   0.0042  -0.0041    0.124

  Surface # 2     Wing (YDUP)                             
     # Chordwise = 10   # Spanwise = 20     First strip = 21
     Surface area Ssurf =    0.081290     Ave. chord Cave =    0.228600

 Forces referred to Sref, Cref, Bref about Xref, Yref, Zref
 Standard axis orientation,  X fwd, Z down         
     CLsurf  =   0.22340     Clsurf  =   0.04820
     CYsurf  =  -0.00163     Cmsurf  =   0.04543
     CDsurf  =   0.01048     Cnsurf  =   0.00448
     CDisurf =   0.01048     CDvsurf =   0.00000

 Forces referred to Ssurf, Cave 
     CLsurf  =   0.44685     CDsurf  =   0.02095

 Strip Forces referred to Strip Area, Chord
    j     Xle      Yle      Zle      Chord    Area     c_cl     ai     cl_norm    cl       cd       cdv    cm_c/4     cm_LE   C.P.x/c
    21   0.0000  -0.0005   0.0000   0.2286   0.0005   0.1250   0.0807   0.5437   0.5396   0.0900   0.0000   0.0057   0.1305    0.239
    22   0.0004  -0.0049   0.0000   0.2286   0.0015   0.1250   0.0804   0.5514   0.5473   0.0311   0.0000   0.0060   0.1302    0.239
    23   0.0012  -0.0135   0.0000   0.2286   0.0024   0.1249   0.0806   0.5517   0.5476   0.0275   0.0000   0.0069   0.1292    0.237
    24   0.0023  -0.0262   0.0000   0.2286   0.0033   0.1248   0.0812   0.5514   0.5473   0.0261   0.0000   0.0081   0.1279    0.235
    25   0.0037  -0.0426   0.0000   0.2286   0.0041   0.1245   0.0821   0.5502   0.5460   0.0250   0.0000   0.0094   0.1263    0.233
    26   0.0055  -0.0623   0.0000   0.2286   0.0048   0.1239   0.0834   0.5475   0.5434   0.0242   0.0000   0.0106   0.1244    0.230
    27   0.0074  -0.0849   0.0000   0.2286   0.0054   0.1228   0.0850   0.5428   0.5387   0.0235   0.0000   0.0118   0.1221    0.228
    28   0.0096  -0.1098   0.0000   0.2286   0.0059   0.1211   0.0870   0.5352   0.5312   0.0229   0.0000   0.0129   0.1191    0.226
    29   0.0119  -0.1363   0.0000   0.2286   0.0062   0.1186   0.0894   0.5240   0.5201   0.0225   0.0000   0.0141   0.1151    0.223
    30   0.0143  -0.1638   0.0000   0.2286   0.0064   0.1150   0.0921   0.5085   0.5047   0.0220   0.0000   0.0154   0.1100    0.220
    31   0.0168  -0.1918   0.0000   0.2286   0.0064   0.1104   0.0953   0.4878   0.4842   0.0214   0.0000   0.0168   0.1035    0.215
    32   0.0192  -0.2193   0.0000   0.2286   0.0062   0.1044   0.0987   0.4613   0.4579   0.0207   0.0000   0.0184   0.0954    0.210
    33   0.0215  -0.2458   0.0000   0.2286   0.0059   0.0970   0.1021   0.4284   0.4252   0.0198   0.0000   0.0201   0.0856    0.203
    34   0.0237  -0.2707   0.0000   0.2286   0.0054   0.0880   0.1052   0.3887   0.3858   0.0185   0.0000   0.0217   0.0743    0.194
    35   0.0256  -0.2933   0.0000   0.2286   0.0048   0.0775   0.1075   0.3421   0.3395   0.0168   0.0000   0.0227   0.0618    0.183
    36   0.0274  -0.3130   0.0000   0.2286   0.0041   0.0654   0.1087   0.2889   0.2868   0.0147   0.0000   0.0228   0.0486    0.171
    37   0.0288  -0.3294   0.0000   0.2286   0.0033   0.0521   0.1081   0.2301   0.2284   0.0121   0.0000   0.0213   0.0355    0.157
    38   0.0299  -0.3421   0.0000   0.2286   0.0024   0.0378   0.1058   0.1669   0.1656   0.0090   0.0000   0.0178   0.0235    0.143
    39   0.0307  -0.3507   0.0000   0.2286   0.0015   0.0229   0.1021   0.1009   0.1002   0.0053   0.0000   0.0120   0.0130    0.131
    40   0.0311  -0.3551   0.0000   0.2286   0.0005   0.0076   0.0993   0.0338   0.0335   0.0014   0.0000   0.0042   0.0041    0.124
 ---------------------------------------------------------------
