 ---------------------------------------------------------------
 Surface and Strip Forces by surface

  Sref = 0.86700E-01   Cref = 0.15090       Bref = 0.60960    
  Xref = 0.10920       Yref =  0.0000       Zref =  0.0000    

  Surface # 1     Wing                                    
     # Chordwise = 10   # Spanwise = 20     First strip =  1
     Surface area Ssurf =    0.061935     Ave. chord Cave =    0.203200

 Forces referred to Sref, Cref, Bref about Xref, Yref, Zref
 Standard axis orientation,  X fwd, Z down         
     CLsurf  =   0.41897     Clsurf  =  -0.09056
     CYsurf  =   0.00904     Cmsurf  =   0.11154
     CDsurf  =   0.02734     Cnsurf  =  -0.01351
     CDisurf =   0.02734     CDvsurf =   0.00000

 Forces referred to Ssurf, Cave 
     CLsurf  =   0.58649     CDsurf  =   0.03828

 Strip Forces referred to Strip Area, Chord
    j     Xle      Yle      Zle      Chord    Area     c_cl     ai     cl_norm    cl       cd       cdv    cm_c/4     cm_LE   C.P.x/c
     1   0.0001   0.0005   0.0000   0.2032   0.0004   0.1440   0.1034   0.6924   0.6697   0.2780   0.0000  -0.0024  -0.1765    0.254
     2   0.0008   0.0042   0.0000   0.2032   0.0011   0.1440   0.1037   0.7315   0.7075   0.0705   0.0000  -0.0016  -0.1757    0.252
     3   0.0022   0.0116   0.0000   0.2032   0.0019   0.1440   0.1048   0.7339   0.7098   0.0578   0.0000   0.0007  -0.1734    0.249
     4   0.0042   0.0225   0.0000   0.2032   0.0025   0.1440   0.1067   0.7346   0.7105   0.0529   0.0000   0.0038  -0.1704    0.245
     5   0.0068   0.0365   0.0000   0.2032   0.0032   0.1438   0.1092   0.7344   0.7103   0.0492   0.0000   0.0070  -0.1670    0.240
     6   0.0100   0.0534   0.0000   0.2032   0.0037   0.1433   0.1120   0.7324   0.7084   0.0462   0.0000   0.0099  -0.1635    0.236
     7   0.0136   0.0728   0.0000   0.2032   0.0041   0.1423   0.1152   0.7277   0.7038   0.0438   0.0000   0.0126  -0.1597    0.232
     8   0.0176   0.0941   0.0000   0.2032   0.0045   0.1406   0.1188   0.7192   0.6956   0.0418   0.0000   0.0150  -0.1553    0.228
     9   0.0219   0.1168   0.0000   0.2032   0.0047   0.1379   0.1228   0.7058   0.6826   0.0402   0.0000   0.0173  -0.1497    0.225
    10   0.0263   0.1404   0.0000   0.2032   0.0048   0.1341   0.1272   0.6863   0.6638   0.0386   0.0000   0.0198  -0.1427    0.220
    11   0.0308   0.1644   0.0000   0.2032   0.0048   0.1289   0.1321   0.6597   0.6381   0.0369   0.0000   0.0223  -0.1339    0.215
    12   0.0352   0.1880   0.0000   0.2032   0.0047   0.1221   0.1372   0.6250   0.6045   0.0351   0.0000   0.0250  -0.1231    0.209
    13   0.0395   0.2107   0.0000   0.2032   0.0045   0.1136   0.1422   0.5813   0.5623   0.0328   0.0000   0.0278  -0.1101    0.201
    14   0.0435   0.2320   0.0000   0.2032   0.0041   0.1032   0.1467   0.5282   0.5108   0.0302   0.0000   0.0302  -0.0951    0.191
    15   0.0471   0.2514   0.0000   0.2032   0.0037   0.0910   0.1501   0.4654   0.4501   0.0269   0.0000   0.0319  -0.0787    0.179
    16   0.0503   0.2683   0.0000   0.2032   0.0032   0.0769   0.1521   0.3936   0.3807   0.0231   0.0000   0.0320  -0.0616    0.166
    17   0.0529   0.2823   0.0000   0.2032   0.0025   0.0614   0.1521   0.3139   0.3036   0.0186   0.0000   0.0298  -0.0449    0.152
    18   0.0549   0.2932   0.0000   0.2032   0.0019   0.0446   0.1501   0.2281   0.2206   0.0135   0.0000   0.0247  -0.0296    0.138
    19   0.0563   0.3006   0.0000   0.2032   0.0011   0.0270   0.1466   0.1383   0.1338   0.0077   0.0000   0.0165  -0.0164    0.126
    20   0.0570   0.3043   0.0000   0.2032   0.0004   0.0090   0.1442   0.0465   0.0450   0.0014   0.0000   0.0058  -0.0052    0.121

  Surface # 2     Wing (YDUP)                             
     # Chordwise = 10   # Spanwise = 20     First strip = 21
     Surface area Ssurf =    0.061935     Ave. chord Cave =    0.203200

 Forces referred to Sref, Cref, Bref about Xref, Yref, Zref
 Standard axis orientation,  X fwd, Z down         
     CLsurf  =   0.41897     Clsurf  =   0.09056
     CYsurf  =  -0.00904     Cmsurf  =   0.11154
     CDsurf  =   0.02734     Cnsurf  =   0.01351
     CDisurf =   0.02734     CDvsurf =   0.00000

 Forces referred to Ssurf, Cave 
     CLsurf  =   0.58649     CDsurf  =   0.03828

 Strip Forces referred to Strip Area, Chord
    j     Xle      Yle      Zle      Chord    Area     c_cl     ai     cl_norm    cl       cd       cdv    cm_c/4     cm_LE   C.P.x/c
    21   0.0001  -0.0005   0.0000   0.2032   0.0004   0.1440   0.1034   0.6924   0.6697   0.2780   0.0000  -0.0024   0.1765    0.254
    22   0.0008  -0.0042   0.0000   0.2032   0.0011   0.1440   0.1037   0.7315   0.7075   0.0705   0.0000  -0.0016   0.1757    0.252
    23   0.0022  -0.0116   0.0000   0.2032   0.0019   0.1440   0.1048   0.7339   0.7098   0.0578   0.0000   0.0007   0.1734    0.249
    24   0.0042  -0.0225   0.0000   0.2032   0.0025   0.1440   0.1067   0.7346   0.7105   0.0529   0.0000   0.0038   0.1704    0.245
    25   0.0068  -0.0365   0.0000   0.2032   0.0032   0.1438   0.1092   0.7344   0.7103   0.0492   0.0000   0.0070   0.1670    0.240
    26   0.0100  -0.0534   0.0000   0.2032   0.0037   0.1433   0.1120   0.7324   0.7084   0.0462   0.0000   0.0099   0.1635    0.236
    27   0.0136  -0.0728   0.0000   0.2032   0.0041   0.1423   0.1152   0.7277   0.7038   0.0438   0.0000   0.0126   0.1597    0.232
    28   0.0176  -0.0941   0.0000   0.2032   0.0045   0.1406   0.1188   0.7192   0.6956   0.0418   0.0000   0.0150   0.1553    0.228
    29   0.0219  -0.1168   0.0000   0.2032   0.0047   0.1379   0.1228   0.7058   0.6826   0.0402   0.0000   0.0173   0.1497    0.225
    30   0.0263  -0.1404   0.0000   0.2032   0.0048   0.1341   0.1272   0.6863   0.6638   0.0386   0.0000   0.0198   0.1427    0.220
    31   0.0308  -0.1644   0.0000   0.2032   0.0048   0.1289   0.1321   0.6597   0.6381   0.0369   0.0000   0.0223   0.1339    0.215
    32   0.0352  -0.1880   0.0000   0.2032   0.0047   0.1221   0.1372   0.6250   0.6045   0.0351   0.0000   0.0250   0.1231    0.209
    33   0.0395  -0.2107   0.0000   0.2032   0.0045   0.1136   0.1422   0.5813   0.5623   0.0328   0.0000   0.0278   0.1101    0.201
    34   0.0435  -0.2320   0.0000   0.2032   0.0041   0.1032   0.1467   0.5282   0.5108   0.0302   0.0000   0.0302   0.0951    0.191
    35   0.0471  -0.2514   0.0000   0.2032   0.0037   0.0910   0.1501   0.4654   0.4501   0.0269   0.0000   0.0319   0.0787    0.179
    36   0.0503  -0.2683   0.0000   0.2032   0.0032   0.0769   0.1521   0.3936   0.3807   0.0231   0.0000   0.0320   0.0616    0.166
    37   0.0529  -0.2823   0.0000   0.2032   0.0025   0.0614   0.1521   0.3139   0.3036   0.0186   0.0000   0.0298   0.0449    0.152
    38   0.0549  -0.2932   0.0000   0.2032   0.0019   0.0446   0.1501   0.2281   0.2206   0.0135   0.0000   0.0247   0.0296    0.138
    39   0.0563  -0.3006   0.0000   0.2032   0.0011   0.0270   0.1466   0.1383   0.1338   0.0077   0.0000   0.0165   0.0164    0.126
    40   0.0570  -0.3043   0.0000   0.2032   0.0004   0.0090   0.1442   0.0465   0.0450   0.0014   0.0000   0.0058   0.0052    0.121
 ---------------------------------------------------------------
