 ---------------------------------------------------------------
 Surface and Strip Forces by surface

  Sref = 0.86700E-01   Cref = 0.15090       Bref = 0.60960    
  Xref = 0.10920       Yref =  0.0000       Zref =  0.0000    

  Surface # 1     Wing                                    
     # Chordwise = 10   # Spanwise = 20     First strip =  1
     Surface area Ssurf =    0.061935     Ave. chord Cave =    0.203200

 Forces referred to Sref, Cref, Bref about Xref, Yref, Zref
 Standard axis orientation,  X fwd, Z down         
     CLsurf  =   0.41897     Clsurf  =  -0.09175
     CYsurf  =   0.02290     Cmsurf  =   0.00609
     CDsurf  =   0.02850     Cnsurf  =  -0.02062
     CDisurf =   0.02850     CDvsurf =   0.00000

 Forces referred to Ssurf, Cave 
     CLsurf  =   0.58649     CDsurf  =   0.03989

 Strip Forces referred to Strip Area, Chord
    j     Xle      Yle      Zle      Chord    Area     c_cl     ai     cl_norm    cl       cd       cdv    cm_c/4     cm_LE   C.P.x/c
     1   0.0002   0.0005   0.0000   0.2032   0.0004   0.1388   0.0787   0.7192   0.5962   0.5270   0.0000  -0.0276  -0.1800    0.296
     2   0.0020   0.0042   0.0000   0.2032   0.0011   0.1389   0.0815   0.8161   0.6765   0.1005   0.0000  -0.0257  -0.1783    0.288
     3   0.0054   0.0116   0.0000   0.2032   0.0019   0.1391   0.0863   0.8226   0.6819   0.0768   0.0000  -0.0203  -0.1737    0.280
     4   0.0104   0.0225   0.0000   0.2032   0.0025   0.1394   0.0921   0.8266   0.6852   0.0682   0.0000  -0.0132  -0.1676    0.269
     5   0.0169   0.0365   0.0000   0.2032   0.0032   0.1398   0.0984   0.8307   0.6886   0.0608   0.0000  -0.0062  -0.1616    0.259
     6   0.0248   0.0534   0.0000   0.2032   0.0037   0.1401   0.1046   0.8337   0.6911   0.0544   0.0000   0.0000  -0.1563    0.250
     7   0.0338   0.0728   0.0000   0.2032   0.0041   0.1399   0.1109   0.8342   0.6915   0.0491   0.0000   0.0053  -0.1514    0.242
     8   0.0436   0.0941   0.0000   0.2032   0.0045   0.1392   0.1173   0.8307   0.6886   0.0447   0.0000   0.0099  -0.1464    0.236
     9   0.0542   0.1168   0.0000   0.2032   0.0047   0.1375   0.1239   0.8215   0.6809   0.0409   0.0000   0.0140  -0.1408    0.229
    10   0.0652   0.1404   0.0000   0.2032   0.0048   0.1347   0.1308   0.8049   0.6673   0.0375   0.0000   0.0181  -0.1339    0.223
    11   0.0762   0.1644   0.0000   0.2032   0.0048   0.1303   0.1381   0.7795   0.6462   0.0342   0.0000   0.0224  -0.1252    0.215
    12   0.0872   0.1880   0.0000   0.2032   0.0047   0.1242   0.1453   0.7436   0.6164   0.0307   0.0000   0.0269  -0.1143    0.206
    13   0.0978   0.2107   0.0000   0.2032   0.0045   0.1162   0.1521   0.6958   0.5768   0.0270   0.0000   0.0316  -0.1010    0.195
    14   0.1076   0.2320   0.0000   0.2032   0.0041   0.1060   0.1578   0.6353   0.5267   0.0228   0.0000   0.0359  -0.0857    0.182
    15   0.1166   0.2514   0.0000   0.2032   0.0037   0.0937   0.1617   0.5620   0.4659   0.0183   0.0000   0.0392  -0.0690    0.166
    16   0.1245   0.2683   0.0000   0.2032   0.0032   0.0794   0.1633   0.4767   0.3951   0.0136   0.0000   0.0403  -0.0520    0.148
    17   0.1310   0.2823   0.0000   0.2032   0.0025   0.0634   0.1625   0.3809   0.3158   0.0090   0.0000   0.0382  -0.0361    0.129
    18   0.1360   0.2932   0.0000   0.2032   0.0019   0.0461   0.1594   0.2772   0.2298   0.0047   0.0000   0.0320  -0.0224    0.111
    19   0.1394   0.3006   0.0000   0.2032   0.0011   0.0279   0.1550   0.1685   0.1396   0.0006   0.0000   0.0214  -0.0117    0.097
    20   0.1412   0.3043   0.0000   0.2032   0.0004   0.0093   0.1523   0.0572   0.0474  -0.0032   0.0000   0.0075  -0.0036    0.091

  Surface # 2     Wing (YDUP)                             
     # Chordwise = 10   # Spanwise = 20     First strip = 21
     Surface area Ssurf =    0.061935     Ave. chord Cave =    0.203200

 Forces referred to Sref, Cref, Bref about Xref, Yref, Zref
 Standard axis orientation,  X fwd, Z down         
     CLsurf  =   0.41897     Clsurf  =   0.09175
     CYsurf  =  -0.02290     Cmsurf  =   0.00609
     CDsurf  =   0.02850     Cnsurf  =   0.02062
     CDisurf =   0.02850     CDvsurf =   0.00000

 Forces referred to Ssurf, Cave 
     CLsurf  =   0.58649     CDsurf  =   0.03989

 Strip Forces referred to Strip Area, Chord
    j     Xle      Yle      Zle      Chord    Area     c_cl     ai     cl_norm    cl       cd       cdv    cm_c/4     cm_LE   C.P.x/c
    21   0.0002  -0.0005   0.0000   0.2032   0.0004   0.1388   0.0787   0.7192   0.5962   0.5270   0.0000  -0.0276   0.1800    0.296
    22   0.0020  -0.0042   0.0000   0.2032   0.0011   0.1389   0.0815   0.8161   0.6765   0.1005   0.0000  -0.0257   0.1783    0.288
    23   0.0054  -0.0116   0.0000   0.2032   0.0019   0.1391   0.0863   0.8226   0.6819   0.0768   0.0000  -0.0203   0.1737    0.280
    24   0.0104  -0.0225   0.0000   0.2032   0.0025   0.1394   0.0921   0.8266   0.6852   0.0682   0.0000  -0.0132   0.1676    0.269
    25   0.0169  -0.0365   0.0000   0.2032   0.0032   0.1398   0.0984   0.8307   0.6886   0.0608   0.0000  -0.0062   0.1616    0.259
    26   0.0248  -0.0534   0.0000   0.2032   0.0037   0.1401   0.1046   0.8337   0.6911   0.0544   0.0000   0.0000   0.1563    0.250
    27   0.0338  -0.0728   0.0000   0.2032   0.0041   0.1399   0.1109   0.8342   0.6915   0.0491   0.0000   0.0053   0.1514    0.242
    28   0.0436  -0.0941   0.0000   0.2032   0.0045   0.1392   0.1173   0.8307   0.6886   0.0447   0.0000   0.0099   0.1464    0.236
    29   0.0542  -0.1168   0.0000   0.2032   0.0047   0.1375   0.1239   0.8215   0.6809   0.0409   0.0000   0.0140   0.1408    0.229
    30   0.0652  -0.1404   0.0000   0.2032   0.0048   0.1347   0.1308   0.8049   0.6673   0.0375   0.0000   0.0181   0.1339    0.223
    31   0.0762  -0.1644   0.0000   0.2032   0.0048   0.1303   0.1381   0.7795   0.6462   0.0342   0.0000   0.0224   0.1252    0.215
    32   0.0872  -0.1880   0.0000   0.2032   0.0047   0.1242   0.1453   0.7436   0.6164   0.0307   0.0000   0.0269   0.1143    0.206
    33   0.0978  -0.2107   0.0000   0.2032   0.0045   0.1162   0.1521   0.6958   0.5768   0.0270   0.0000   0.0316   0.1010    0.195
    34   0.1076  -0.2320   0.0000   0.2032   0.0041   0.1060   0.1578   0.6353   0.5267   0.0228   0.0000   0.0359   0.0857    0.182
    35   0.1166  -0.2514   0.0000   0.2032   0.0037   0.0937   0.1617   0.5620   0.4659   0.0183   0.0000   0.0392   0.0690    0.166
    36   0.1245  -0.2683   0.0000   0.2032   0.0032   0.0794   0.1633   0.4767   0.3951   0.0136   0.0000   0.0403   0.0520    0.148
    37   0.1310  -0.2823   0.0000   0.2032   0.0025   0.0634   0.1625   0.3809   0.3158   0.0090   0.0000   0.0382   0.0361    0.129
    38   0.1360  -0.2932   0.0000   0.2032   0.0019   0.0461   0.1594   0.2772   0.2298   0.0047   0.0000   0.0320   0.0224    0.111
    39   0.1394  -0.3006   0.0000   0.2032   0.0011   0.0279   0.1550   0.1685   0.1396   0.0006   0.0000   0.0214   0.0117    0.097
    40   0.1412  -0.3043   0.0000   0.2032   0.0004   0.0093   0.1523   0.0572   0.0474  -0.0032   0.0000   0.0075   0.0036    0.091
 ---------------------------------------------------------------
