 ---------------------------------------------------------------
 Surface and Strip Forces by surface

  Sref = 0.92900E-01   Cref = 0.17500       Bref = 0.60960    
  Xref = 0.10920       Yref =  0.0000       Zref =  0.0000    

  Surface # 1     Wing                                    
     # Chordwise = 10   # Spanwise = 20     First strip =  1
     Surface area Ssurf =    0.077419     Ave. chord Cave =    0.254000

 Forces referred to Sref, Cref, Bref about Xref, Yref, Zref
 Standard axis orientation,  X fwd, Z down         
     CLsurf  =   0.39101     Clsurf  =  -0.08390
     CYsurf  =   0.00633     Cmsurf  =   0.07745
     CDsurf  =   0.02544     Cnsurf  =  -0.01127
     CDisurf =   0.02544     CDvsurf =   0.00000

 Forces referred to Ssurf, Cave 
     CLsurf  =   0.46919     CDsurf  =   0.03053

 Strip Forces referred to Strip Area, Chord
    j     Xle      Yle      Zle      Chord    Area     c_cl     ai     cl_norm    cl       cd       cdv    cm_c/4     cm_LE   C.P.x/c
     1   0.0001   0.0005   0.0000   0.2540   0.0005   0.1470   0.1131   0.5656   0.5507   0.2183   0.0000   0.0049  -0.1379    0.241
     2   0.0007   0.0042   0.0000   0.2540   0.0014   0.1470   0.1126   0.5930   0.5774   0.0551   0.0000   0.0053  -0.1375    0.241
     3   0.0019   0.0116   0.0000   0.2540   0.0023   0.1469   0.1128   0.5945   0.5788   0.0450   0.0000   0.0067  -0.1361    0.238
     4   0.0037   0.0225   0.0000   0.2540   0.0032   0.1468   0.1136   0.5944   0.5787   0.0418   0.0000   0.0087  -0.1339    0.235
     5   0.0061   0.0365   0.0000   0.2540   0.0039   0.1464   0.1150   0.5932   0.5776   0.0394   0.0000   0.0109  -0.1314    0.231
     6   0.0089   0.0534   0.0000   0.2540   0.0046   0.1456   0.1167   0.5903   0.5748   0.0374   0.0000   0.0131  -0.1285    0.227
     7   0.0121   0.0728   0.0000   0.2540   0.0052   0.1443   0.1188   0.5850   0.5696   0.0357   0.0000   0.0152  -0.1251    0.223
     8   0.0157   0.0941   0.0000   0.2540   0.0056   0.1421   0.1213   0.5764   0.5612   0.0342   0.0000   0.0172  -0.1210    0.219
     9   0.0195   0.1168   0.0000   0.2540   0.0059   0.1389   0.1241   0.5636   0.5488   0.0327   0.0000   0.0192  -0.1159    0.215
    10   0.0234   0.1404   0.0000   0.2540   0.0061   0.1345   0.1272   0.5458   0.5314   0.0313   0.0000   0.0212  -0.1096    0.210
    11   0.0274   0.1644   0.0000   0.2540   0.0061   0.1287   0.1304   0.5222   0.5085   0.0297   0.0000   0.0233  -0.1020    0.204
    12   0.0313   0.1880   0.0000   0.2540   0.0059   0.1213   0.1336   0.4922   0.4793   0.0280   0.0000   0.0253  -0.0928    0.197
    13   0.0351   0.2107   0.0000   0.2540   0.0056   0.1122   0.1365   0.4554   0.4434   0.0260   0.0000   0.0271  -0.0822    0.189
    14   0.0387   0.2320   0.0000   0.2540   0.0052   0.1014   0.1389   0.4116   0.4007   0.0236   0.0000   0.0284  -0.0704    0.179
    15   0.0419   0.2514   0.0000   0.2540   0.0046   0.0889   0.1403   0.3608   0.3513   0.0209   0.0000   0.0289  -0.0578    0.168
    16   0.0447   0.2683   0.0000   0.2540   0.0039   0.0749   0.1404   0.3038   0.2958   0.0177   0.0000   0.0280  -0.0450    0.155
    17   0.0471   0.2823   0.0000   0.2540   0.0032   0.0595   0.1391   0.2414   0.2351   0.0141   0.0000   0.0253  -0.0328    0.142
    18   0.0489   0.2932   0.0000   0.2540   0.0023   0.0431   0.1365   0.1750   0.1704   0.0101   0.0000   0.0205  -0.0217    0.130
    19   0.0501   0.3006   0.0000   0.2540   0.0014   0.0261   0.1331   0.1059   0.1032   0.0056   0.0000   0.0134  -0.0121    0.120
    20   0.0507   0.3043   0.0000   0.2540   0.0005   0.0087   0.1309   0.0356   0.0346   0.0010   0.0000   0.0047  -0.0039    0.115

  Surface # 2     Wing (YDUP)                             
     # Chordwise = 10   # Spanwise = 20     First strip = 21
     Surface area Ssurf =    0.077419     Ave. chord Cave =    0.254000

 Forces referred to Sref, Cref, Bref about Xref, Yref, Zref
 Standard axis orientation,  X fwd, Z down         
     CLsurf  =   0.39101     Clsurf  =   0.08390
     CYsurf  =  -0.00633     Cmsurf  =   0.07745
     CDsurf  =   0.02544     Cnsurf  =   0.01127
     CDisurf =   0.02544     CDvsurf =   0.00000

 Forces referred to Ssurf, Cave 
     CLsurf  =   0.46919     CDsurf  =   0.03053

 Strip Forces referred to Strip Area, Chord
    j     Xle      Yle      Zle      Chord    Area     c_cl     ai     cl_norm    cl       cd       cdv    cm_c/4     cm_LE   C.P.x/c
    21   0.0001  -0.0005   0.0000   0.2540   0.0005   0.1470   0.1131   0.5656   0.5507   0.2183   0.0000   0.0049   0.1379    0.241
    22   0.0007  -0.0042   0.0000   0.2540   0.0014   0.1470   0.1126   0.5930   0.5774   0.0551   0.0000   0.0053   0.1375    0.241
    23   0.0019  -0.0116   0.0000   0.2540   0.0023   0.1469   0.1128   0.5945   0.5788   0.0450   0.0000   0.0067   0.1361    0.238
    24   0.0037  -0.0225   0.0000   0.2540   0.0032   0.1468   0.1136   0.5944   0.5787   0.0418   0.0000   0.0087   0.1339    0.235
    25   0.0061  -0.0365   0.0000   0.2540   0.0039   0.1464   0.1150   0.5932   0.5776   0.0394   0.0000   0.0109   0.1314    0.231
    26   0.0089  -0.0534   0.0000   0.2540   0.0046   0.1456   0.1167   0.5903   0.5748   0.0374   0.0000   0.0131   0.1285    0.227
    27   0.0121  -0.0728   0.0000   0.2540   0.0052   0.1443   0.1188   0.5850   0.5696   0.0357   0.0000   0.0152   0.1251    0.223
    28   0.0157  -0.0941   0.0000   0.2540   0.0056   0.1421   0.1213   0.5764   0.5612   0.0342   0.0000   0.0172   0.1210    0.219
    29   0.0195  -0.1168   0.0000   0.2540   0.0059   0.1389   0.1241   0.5636   0.5488   0.0327   0.0000   0.0192   0.1159    0.215
    30   0.0234  -0.1404   0.0000   0.2540   0.0061   0.1345   0.1272   0.5458   0.5314   0.0313   0.0000   0.0212   0.1096    0.210
    31   0.0274  -0.1644   0.0000   0.2540   0.0061   0.1287   0.1304   0.5222   0.5085   0.0297   0.0000   0.0233   0.1020    0.204
    32   0.0313  -0.1880   0.0000   0.2540   0.0059   0.1213   0.1336   0.4922   0.4793   0.0280   0.0000   0.0253   0.0928    0.197
    33   0.0351  -0.2107   0.0000   0.2540   0.0056   0.1122   0.1365   0.4554   0.4434   0.0260   0.0000   0.0271   0.0822    0.189
    34   0.0387  -0.2320   0.0000   0.2540   0.0052   0.1014   0.1389   0.4116   0.4007   0.0236   0.0000   0.0284   0.0704    0.179
    35   0.0419  -0.2514   0.0000   0.2540   0.0046   0.0889   0.1403   0.3608   0.3513   0.0209   0.0000   0.0289   0.0578    0.168
    36   0.0447  -0.2683   0.0000   0.2540   0.0039   0.0749   0.1404   0.3038   0.2958   0.0177   0.0000   0.0280   0.0450    0.155
    37   0.0471  -0.2823   0.0000   0.2540   0.0032   0.0595   0.1391   0.2414   0.2351   0.0141   0.0000   0.0253   0.0328    0.142
    38   0.0489  -0.2932   0.0000   0.2540   0.0023   0.0431   0.1365   0.1750   0.1704   0.0101   0.0000   0.0205   0.0217    0.130
    39   0.0501  -0.3006   0.0000   0.2540   0.0014   0.0261   0.1331   0.1059   0.1032   0.0056   0.0000   0.0134   0.0121    0.120
    40   0.0507  -0.3043   0.0000   0.2540   0.0005   0.0087   0.1309   0.0356   0.0346   0.0010   0.0000   0.0047   0.0039    0.115
 ---------------------------------------------------------------
