 ---------------------------------------------------------------
 Surface and Strip Forces by surface

  Sref = 0.18580       Cref = 0.22950       Bref = 0.81280    
  Xref = 0.10920       Yref =  0.0000       Zref =  0.0000    

  Surface # 1     Wing                                    
     # Chordwise = 10   # Spanwise = 20     First strip =  1
     Surface area Ssurf =    0.103226     Ave. chord Cave =    0.254000

 Forces referred to Sref, Cref, Bref about Xref, Yref, Zref
 Standard axis orientation,  X fwd, Z down         
     CLsurf  =   0.19550     Clsurf  =  -0.04286
     CYsurf  =   0.00487     Cmsurf  =  -0.01376
     CDsurf  =   0.00742     Cnsurf  =  -0.00484
     CDisurf =   0.00742     CDvsurf =   0.00000

 Forces referred to Ssurf, Cave 
     CLsurf  =   0.35189     CDsurf  =   0.01336

 Strip Forces referred to Strip Area, Chord
    j     Xle      Yle      Zle      Chord    Area     c_cl     ai     cl_norm    cl       cd       cdv    cm_c/4     cm_LE   C.P.x/c
     1   0.0002   0.0006   0.0000   0.2540   0.0006   0.1053   0.0500   0.4605   0.3989   0.1745   0.0000  -0.0138  -0.1092    0.285
     2   0.0022   0.0056   0.0000   0.2540   0.0019   0.1053   0.0490   0.4771   0.4133   0.0327   0.0000  -0.0127  -0.1082    0.281
     3   0.0061   0.0155   0.0000   0.2540   0.0031   0.1053   0.0501   0.4782   0.4143   0.0251   0.0000  -0.0094  -0.1052    0.273
     4   0.0118   0.0299   0.0000   0.2540   0.0042   0.1055   0.0525   0.4792   0.4151   0.0223   0.0000  -0.0053  -0.1015    0.263
     5   0.0192   0.0487   0.0000   0.2540   0.0053   0.1057   0.0554   0.4803   0.4161   0.0199   0.0000  -0.0012  -0.0978    0.253
     6   0.0281   0.0712   0.0000   0.2540   0.0062   0.1057   0.0586   0.4809   0.4166   0.0179   0.0000   0.0023  -0.0946    0.244
     7   0.0383   0.0970   0.0000   0.2540   0.0069   0.1055   0.0619   0.4802   0.4160   0.0162   0.0000   0.0053  -0.0917    0.237
     8   0.0496   0.1254   0.0000   0.2540   0.0075   0.1049   0.0653   0.4774   0.4135   0.0148   0.0000   0.0078  -0.0888    0.231
     9   0.0616   0.1558   0.0000   0.2540   0.0079   0.1035   0.0689   0.4714   0.4083   0.0136   0.0000   0.0100  -0.0855    0.226
    10   0.0740   0.1873   0.0000   0.2540   0.0081   0.1013   0.0727   0.4613   0.3996   0.0126   0.0000   0.0122  -0.0814    0.219
    11   0.0866   0.2191   0.0000   0.2540   0.0081   0.0980   0.0767   0.4463   0.3866   0.0116   0.0000   0.0145  -0.0762    0.212
    12   0.0990   0.2506   0.0000   0.2540   0.0079   0.0934   0.0808   0.4253   0.3684   0.0106   0.0000   0.0171  -0.0696    0.204
    13   0.1110   0.2810   0.0000   0.2540   0.0075   0.0873   0.0847   0.3975   0.3444   0.0094   0.0000   0.0198  -0.0615    0.193
    14   0.1223   0.3094   0.0000   0.2540   0.0069   0.0796   0.0878   0.3625   0.3140   0.0081   0.0000   0.0224  -0.0520    0.179
    15   0.1325   0.3352   0.0000   0.2540   0.0062   0.0702   0.0896   0.3199   0.2772   0.0066   0.0000   0.0245  -0.0415    0.162
    16   0.1414   0.3577   0.0000   0.2540   0.0053   0.0593   0.0897   0.2704   0.2343   0.0050   0.0000   0.0255  -0.0306    0.141
    17   0.1488   0.3765   0.0000   0.2540   0.0042   0.0472   0.0876   0.2151   0.1864   0.0033   0.0000   0.0244  -0.0205    0.119
    18   0.1545   0.3909   0.0000   0.2540   0.0031   0.0341   0.0836   0.1556   0.1348   0.0017   0.0000   0.0206  -0.0120    0.097
    19   0.1584   0.4008   0.0000   0.2540   0.0019   0.0206   0.0784   0.0939   0.0814   0.0000   0.0000   0.0139  -0.0059    0.079
    20   0.1604   0.4058   0.0000   0.2540   0.0006   0.0069   0.0751   0.0315   0.0273  -0.0012   0.0000   0.0049  -0.0017    0.069

  Surface # 2     Wing (YDUP)                             
     # Chordwise = 10   # Spanwise = 20     First strip = 21
     Surface area Ssurf =    0.103226     Ave. chord Cave =    0.254000

 Forces referred to Sref, Cref, Bref about Xref, Yref, Zref
 Standard axis orientation,  X fwd, Z down         
     CLsurf  =   0.19550     Clsurf  =   0.04286
     CYsurf  =  -0.00487     Cmsurf  =  -0.01376
     CDsurf  =   0.00742     Cnsurf  =   0.00484
     CDisurf =   0.00742     CDvsurf =   0.00000

 Forces referred to Ssurf, Cave 
     CLsurf  =   0.35189     CDsurf  =   0.01336

 Strip Forces referred to Strip Area, Chord
    j     Xle      Yle      Zle      Chord    Area     c_cl     ai     cl_norm    cl       cd       cdv    cm_c/4     cm_LE   C.P.x/c
    21   0.0002  -0.0006   0.0000   0.2540   0.0006   0.1053   0.0500   0.4605   0.3989   0.1745   0.0000  -0.0138   0.1092    0.285
    22   0.0022  -0.0056   0.0000   0.2540   0.0019   0.1053   0.0490   0.4771   0.4133   0.0327   0.0000  -0.0127   0.1082    0.281
    23   0.0061  -0.0155   0.0000   0.2540   0.0031   0.1053   0.0501   0.4782   0.4143   0.0251   0.0000  -0.0094   0.1052    0.273
    24   0.0118  -0.0299   0.0000   0.2540   0.0042   0.1055   0.0525   0.4792   0.4151   0.0223   0.0000  -0.0053   0.1015    0.263
    25   0.0192  -0.0487   0.0000   0.2540   0.0053   0.1057   0.0554   0.4803   0.4161   0.0199   0.0000  -0.0012   0.0978    0.253
    26   0.0281  -0.0712   0.0000   0.2540   0.0062   0.1057   0.0586   0.4809   0.4166   0.0179   0.0000   0.0023   0.0946    0.244
    27   0.0383  -0.0970   0.0000   0.2540   0.0069   0.1055   0.0619   0.4802   0.4160   0.0162   0.0000   0.0053   0.0917    0.237
    28   0.0496  -0.1254   0.0000   0.2540   0.0075   0.1049   0.0653   0.4774   0.4135   0.0148   0.0000   0.0078   0.0888    0.231
    29   0.0616  -0.1558   0.0000   0.2540   0.0079   0.1035   0.0689   0.4714   0.4083   0.0136   0.0000   0.0100   0.0855    0.226
    30   0.0740  -0.1873   0.0000   0.2540   0.0081   0.1013   0.0727   0.4613   0.3996   0.0126   0.0000   0.0122   0.0814    0.219
    31   0.0866  -0.2191   0.0000   0.2540   0.0081   0.0980   0.0767   0.4463   0.3866   0.0116   0.0000   0.0145   0.0762    0.212
    32   0.0990  -0.2506   0.0000   0.2540   0.0079   0.0934   0.0808   0.4253   0.3684   0.0106   0.0000   0.0171   0.0696    0.204
    33   0.1110  -0.2810   0.0000   0.2540   0.0075   0.0873   0.0847   0.3975   0.3444   0.0094   0.0000   0.0198   0.0615    0.193
    34   0.1223  -0.3094   0.0000   0.2540   0.0069   0.0796   0.0878   0.3625   0.3140   0.0081   0.0000   0.0224   0.0520    0.179
    35   0.1325  -0.3352   0.0000   0.2540   0.0062   0.0702   0.0896   0.3199   0.2772   0.0066   0.0000   0.0245   0.0415    0.162
    36   0.1414  -0.3577   0.0000   0.2540   0.0053   0.0593   0.0897   0.2704   0.2343   0.0050   0.0000   0.0255   0.0306    0.141
    37   0.1488  -0.3765   0.0000   0.2540   0.0042   0.0472   0.0876   0.2151   0.1864   0.0033   0.0000   0.0244   0.0205    0.119
    38   0.1545  -0.3909   0.0000   0.2540   0.0031   0.0341   0.0836   0.1556   0.1348   0.0017   0.0000   0.0206   0.0120    0.097
    39   0.1584  -0.4008   0.0000   0.2540   0.0019   0.0206   0.0784   0.0939   0.0814   0.0000   0.0000   0.0139   0.0059    0.079
    40   0.1604  -0.4058   0.0000   0.2540   0.0006   0.0069   0.0751   0.0315   0.0273  -0.0012   0.0000   0.0049   0.0017    0.069
 ---------------------------------------------------------------
