 ---------------------------------------------------------------
 Surface and Strip Forces by surface

  Sref = 0.11920       Cref = 0.19250       Bref = 0.71120    
  Xref = 0.10920       Yref =  0.0000       Zref =  0.0000    

  Surface # 1     Wing                                    
     # Chordwise = 10   # Spanwise = 20     First strip =  1
     Surface area Ssurf =    0.099355     Ave. chord Cave =    0.279400

 Forces referred to Sref, Cref, Bref about Xref, Yref, Zref
 Standard axis orientation,  X fwd, Z down         
     CLsurf  =   0.30473     Clsurf  =  -0.06614
     CYsurf  =   0.00919     Cmsurf  =  -0.02413
     CDsurf  =   0.01519     Cnsurf  =  -0.01002
     CDisurf =   0.01519     CDvsurf =   0.00000

 Forces referred to Ssurf, Cave 
     CLsurf  =   0.36560     CDsurf  =   0.01822

 Strip Forces referred to Strip Area, Chord
    j     Xle      Yle      Zle      Chord    Area     c_cl     ai     cl_norm    cl       cd       cdv    cm_c/4     cm_LE   C.P.x/c
     1   0.0002   0.0005   0.0000   0.2794   0.0006   0.1229   0.0726   0.4846   0.4115   0.2603   0.0000  -0.0129  -0.1131    0.281
     2   0.0021   0.0049   0.0000   0.2794   0.0018   0.1229   0.0716   0.5152   0.4374   0.0459   0.0000  -0.0120  -0.1122    0.277
     3   0.0058   0.0135   0.0000   0.2794   0.0030   0.1229   0.0723   0.5170   0.4390   0.0337   0.0000  -0.0091  -0.1096    0.271
     4   0.0111   0.0262   0.0000   0.2794   0.0041   0.1229   0.0744   0.5177   0.4396   0.0303   0.0000  -0.0051  -0.1059    0.262
     5   0.0181   0.0426   0.0000   0.2794   0.0051   0.1229   0.0773   0.5181   0.4399   0.0275   0.0000  -0.0008  -0.1020    0.252
     6   0.0265   0.0623   0.0000   0.2794   0.0059   0.1228   0.0805   0.5177   0.4396   0.0249   0.0000   0.0032  -0.0982    0.243
     7   0.0361   0.0849   0.0000   0.2794   0.0066   0.1222   0.0840   0.5156   0.4378   0.0226   0.0000   0.0067  -0.0944    0.235
     8   0.0467   0.1098   0.0000   0.2794   0.0072   0.1210   0.0876   0.5109   0.4338   0.0207   0.0000   0.0099  -0.0905    0.227
     9   0.0580   0.1363   0.0000   0.2794   0.0076   0.1190   0.0914   0.5026   0.4268   0.0189   0.0000   0.0129  -0.0861    0.220
    10   0.0697   0.1638   0.0000   0.2794   0.0078   0.1159   0.0953   0.4897   0.4158   0.0172   0.0000   0.0158  -0.0809    0.212
    11   0.0815   0.1918   0.0000   0.2794   0.0078   0.1115   0.0992   0.4713   0.4002   0.0156   0.0000   0.0186  -0.0747    0.203
    12   0.0932   0.2193   0.0000   0.2794   0.0076   0.1057   0.1029   0.4467   0.3793   0.0139   0.0000   0.0215  -0.0672    0.193
    13   0.1045   0.2458   0.0000   0.2794   0.0072   0.0982   0.1060   0.4151   0.3525   0.0121   0.0000   0.0243  -0.0584    0.181
    14   0.1151   0.2707   0.0000   0.2794   0.0066   0.0890   0.1082   0.3763   0.3196   0.0101   0.0000   0.0267  -0.0487    0.166
    15   0.1247   0.2933   0.0000   0.2794   0.0059   0.0781   0.1090   0.3306   0.2807   0.0081   0.0000   0.0282  -0.0384    0.150
    16   0.1331   0.3130   0.0000   0.2794   0.0051   0.0658   0.1082   0.2784   0.2364   0.0060   0.0000   0.0282  -0.0282    0.131
    17   0.1401   0.3294   0.0000   0.2794   0.0041   0.0522   0.1056   0.2210   0.1877   0.0039   0.0000   0.0260  -0.0190    0.111
    18   0.1454   0.3421   0.0000   0.2794   0.0030   0.0377   0.1016   0.1599   0.1358   0.0019   0.0000   0.0213  -0.0114    0.093
    19   0.1491   0.3507   0.0000   0.2794   0.0018   0.0228   0.0970   0.0967   0.0821  -0.0001   0.0000   0.0141  -0.0058    0.078
    20   0.1510   0.3551   0.0000   0.2794   0.0006   0.0076   0.0945   0.0325   0.0276  -0.0015   0.0000   0.0049  -0.0017    0.072

  Surface # 2     Wing (YDUP)                             
     # Chordwise = 10   # Spanwise = 20     First strip = 21
     Surface area Ssurf =    0.099355     Ave. chord Cave =    0.279400

 Forces referred to Sref, Cref, Bref about Xref, Yref, Zref
 Standard axis orientation,  X fwd, Z down         
     CLsurf  =   0.30473     Clsurf  =   0.06614
     CYsurf  =  -0.00919     Cmsurf  =  -0.02413
     CDsurf  =   0.01519     Cnsurf  =   0.01002
     CDisurf =   0.01519     CDvsurf =   0.00000

 Forces referred to Ssurf, Cave 
     CLsurf  =   0.36560     CDsurf  =   0.01822

 Strip Forces referred to Strip Area, Chord
    j     Xle      Yle      Zle      Chord    Area     c_cl     ai     cl_norm    cl       cd       cdv    cm_c/4     cm_LE   C.P.x/c
    21   0.0002  -0.0005   0.0000   0.2794   0.0006   0.1229   0.0726   0.4846   0.4115   0.2603   0.0000  -0.0129   0.1131    0.281
    22   0.0021  -0.0049   0.0000   0.2794   0.0018   0.1229   0.0716   0.5152   0.4374   0.0459   0.0000  -0.0120   0.1122    0.277
    23   0.0058  -0.0135   0.0000   0.2794   0.0030   0.1229   0.0723   0.5170   0.4390   0.0337   0.0000  -0.0091   0.1096    0.271
    24   0.0111  -0.0262   0.0000   0.2794   0.0041   0.1229   0.0744   0.5177   0.4396   0.0303   0.0000  -0.0051   0.1059    0.262
    25   0.0181  -0.0426   0.0000   0.2794   0.0051   0.1229   0.0773   0.5181   0.4399   0.0275   0.0000  -0.0008   0.1020    0.252
    26   0.0265  -0.0623   0.0000   0.2794   0.0059   0.1228   0.0805   0.5177   0.4396   0.0249   0.0000   0.0032   0.0982    0.243
    27   0.0361  -0.0849   0.0000   0.2794   0.0066   0.1222   0.0840   0.5156   0.4378   0.0226   0.0000   0.0067   0.0944    0.235
    28   0.0467  -0.1098   0.0000   0.2794   0.0072   0.1210   0.0876   0.5109   0.4338   0.0207   0.0000   0.0099   0.0905    0.227
    29   0.0580  -0.1363   0.0000   0.2794   0.0076   0.1190   0.0914   0.5026   0.4268   0.0189   0.0000   0.0129   0.0861    0.220
    30   0.0697  -0.1638   0.0000   0.2794   0.0078   0.1159   0.0953   0.4897   0.4158   0.0172   0.0000   0.0158   0.0809    0.212
    31   0.0815  -0.1918   0.0000   0.2794   0.0078   0.1115   0.0992   0.4713   0.4002   0.0156   0.0000   0.0186   0.0747    0.203
    32   0.0932  -0.2193   0.0000   0.2794   0.0076   0.1057   0.1029   0.4467   0.3793   0.0139   0.0000   0.0215   0.0672    0.193
    33   0.1045  -0.2458   0.0000   0.2794   0.0072   0.0982   0.1060   0.4151   0.3525   0.0121   0.0000   0.0243   0.0584    0.181
    34   0.1151  -0.2707   0.0000   0.2794   0.0066   0.0890   0.1082   0.3763   0.3196   0.0101   0.0000   0.0267   0.0487    0.166
    35   0.1247  -0.2933   0.0000   0.2794   0.0059   0.0781   0.1090   0.3306   0.2807   0.0081   0.0000   0.0282   0.0384    0.150
    36   0.1331  -0.3130   0.0000   0.2794   0.0051   0.0658   0.1082   0.2784   0.2364   0.0060   0.0000   0.0282   0.0282    0.131
    37   0.1401  -0.3294   0.0000   0.2794   0.0041   0.0522   0.1056   0.2210   0.1877   0.0039   0.0000   0.0260   0.0190    0.111
    38   0.1454  -0.3421   0.0000   0.2794   0.0030   0.0377   0.1016   0.1599   0.1358   0.0019   0.0000   0.0213   0.0114    0.093
    39   0.1491  -0.3507   0.0000   0.2794   0.0018   0.0228   0.0970   0.0967   0.0821  -0.0001   0.0000   0.0141   0.0058    0.078
    40   0.1510  -0.3551   0.0000   0.2794   0.0006   0.0076   0.0945   0.0325   0.0276  -0.0015   0.0000   0.0049   0.0017    0.072
 ---------------------------------------------------------------
