 ---------------------------------------------------------------
 Surface and Strip Forces by surface

  Sref = 0.14860       Cref = 0.24890       Bref = 0.60960    
  Xref = 0.10920       Yref =  0.0000       Zref =  0.0000    

  Surface # 1     Wing                                    
     # Chordwise = 10   # Spanwise = 20     First strip =  1
     Surface area Ssurf =    0.092903     Ave. chord Cave =    0.304800

 Forces referred to Sref, Cref, Bref about Xref, Yref, Zref
 Standard axis orientation,  X fwd, Z down         
     CLsurf  =   0.24444     Clsurf  =  -0.05213
     CYsurf  =   0.00212     Cmsurf  =   0.03545
     CDsurf  =   0.01570     Cnsurf  =  -0.00582
     CDisurf =   0.01570     CDvsurf =   0.00000

 Forces referred to Ssurf, Cave 
     CLsurf  =   0.39099     CDsurf  =   0.02512

 Strip Forces referred to Strip Area, Chord
    j     Xle      Yle      Zle      Chord    Area     c_cl     ai     cl_norm    cl       cd       cdv    cm_c/4     cm_LE   C.P.x/c
     1   0.0000   0.0005   0.0000   0.3048   0.0006   0.1493   0.1200   0.4803   0.4756   0.1303   0.0000   0.0132  -0.1087    0.222
     2   0.0004   0.0042   0.0000   0.3048   0.0017   0.1493   0.1194   0.4941   0.4893   0.0400   0.0000   0.0134  -0.1085    0.223
     3   0.0012   0.0116   0.0000   0.3048   0.0028   0.1492   0.1192   0.4947   0.4899   0.0343   0.0000   0.0139  -0.1079    0.222
     4   0.0022   0.0225   0.0000   0.3048   0.0038   0.1490   0.1194   0.4941   0.4893   0.0326   0.0000   0.0149  -0.1068    0.220
     5   0.0037   0.0365   0.0000   0.3048   0.0047   0.1484   0.1199   0.4925   0.4877   0.0315   0.0000   0.0160  -0.1052    0.217
     6   0.0053   0.0534   0.0000   0.3048   0.0055   0.1474   0.1207   0.4892   0.4845   0.0305   0.0000   0.0171  -0.1033    0.215
     7   0.0073   0.0728   0.0000   0.3048   0.0062   0.1457   0.1218   0.4837   0.4790   0.0296   0.0000   0.0183  -0.1007    0.212
     8   0.0094   0.0941   0.0000   0.3048   0.0067   0.1431   0.1232   0.4753   0.4707   0.0286   0.0000   0.0195  -0.0974    0.208
     9   0.0117   0.1168   0.0000   0.3048   0.0071   0.1395   0.1248   0.4633   0.4588   0.0277   0.0000   0.0208  -0.0932    0.205
    10   0.0141   0.1404   0.0000   0.3048   0.0073   0.1346   0.1266   0.4470   0.4427   0.0266   0.0000   0.0221  -0.0879    0.200
    11   0.0164   0.1644   0.0000   0.3048   0.0073   0.1283   0.1285   0.4261   0.4220   0.0254   0.0000   0.0233  -0.0815    0.195
    12   0.0188   0.1880   0.0000   0.3048   0.0071   0.1205   0.1303   0.4000   0.3962   0.0240   0.0000   0.0245  -0.0740    0.188
    13   0.0211   0.2107   0.0000   0.3048   0.0067   0.1110   0.1318   0.3687   0.3651   0.0223   0.0000   0.0254  -0.0654    0.181
    14   0.0232   0.2320   0.0000   0.3048   0.0062   0.1000   0.1328   0.3319   0.3287   0.0204   0.0000   0.0258  -0.0560    0.172
    15   0.0252   0.2514   0.0000   0.3048   0.0055   0.0874   0.1331   0.2900   0.2872   0.0181   0.0000   0.0254  -0.0460    0.161
    16   0.0268   0.2683   0.0000   0.3048   0.0047   0.0733   0.1324   0.2434   0.2411   0.0154   0.0000   0.0240  -0.0360    0.150
    17   0.0283   0.2823   0.0000   0.3048   0.0038   0.0582   0.1306   0.1930   0.1911   0.0123   0.0000   0.0212  -0.0264    0.139
    18   0.0293   0.2932   0.0000   0.3048   0.0028   0.0421   0.1278   0.1397   0.1383   0.0089   0.0000   0.0168  -0.0177    0.129
    19   0.0301   0.3006   0.0000   0.3048   0.0017   0.0254   0.1246   0.0845   0.0836   0.0051   0.0000   0.0108  -0.0100    0.120
    20   0.0305   0.3043   0.0000   0.3048   0.0006   0.0085   0.1227   0.0283   0.0280   0.0013   0.0000   0.0038  -0.0032    0.116

  Surface # 2     Wing (YDUP)                             
     # Chordwise = 10   # Spanwise = 20     First strip = 21
     Surface area Ssurf =    0.092903     Ave. chord Cave =    0.304800

 Forces referred to Sref, Cref, Bref about Xref, Yref, Zref
 Standard axis orientation,  X fwd, Z down         
     CLsurf  =   0.24444     Clsurf  =   0.05213
     CYsurf  =  -0.00212     Cmsurf  =   0.03545
     CDsurf  =   0.01570     Cnsurf  =   0.00582
     CDisurf =   0.01570     CDvsurf =   0.00000

 Forces referred to Ssurf, Cave 
     CLsurf  =   0.39099     CDsurf  =   0.02512

 Strip Forces referred to Strip Area, Chord
    j     Xle      Yle      Zle      Chord    Area     c_cl     ai     cl_norm    cl       cd       cdv    cm_c/4     cm_LE   C.P.x/c
    21   0.0000  -0.0005   0.0000   0.3048   0.0006   0.1493   0.1200   0.4803   0.4756   0.1303   0.0000   0.0132   0.1087    0.222
    22   0.0004  -0.0042   0.0000   0.3048   0.0017   0.1493   0.1194   0.4941   0.4893   0.0400   0.0000   0.0134   0.1085    0.223
    23   0.0012  -0.0116   0.0000   0.3048   0.0028   0.1492   0.1192   0.4947   0.4899   0.0343   0.0000   0.0139   0.1079    0.222
    24   0.0022  -0.0225   0.0000   0.3048   0.0038   0.1490   0.1194   0.4941   0.4893   0.0326   0.0000   0.0149   0.1068    0.220
    25   0.0037  -0.0365   0.0000   0.3048   0.0047   0.1484   0.1199   0.4925   0.4877   0.0315   0.0000   0.0160   0.1052    0.217
    26   0.0053  -0.0534   0.0000   0.3048   0.0055   0.1474   0.1207   0.4892   0.4845   0.0305   0.0000   0.0171   0.1033    0.215
    27   0.0073  -0.0728   0.0000   0.3048   0.0062   0.1457   0.1218   0.4837   0.4790   0.0296   0.0000   0.0183   0.1007    0.212
    28   0.0094  -0.0941   0.0000   0.3048   0.0067   0.1431   0.1232   0.4753   0.4707   0.0286   0.0000   0.0195   0.0974    0.208
    29   0.0117  -0.1168   0.0000   0.3048   0.0071   0.1395   0.1248   0.4633   0.4588   0.0277   0.0000   0.0208   0.0932    0.205
    30   0.0141  -0.1404   0.0000   0.3048   0.0073   0.1346   0.1266   0.4470   0.4427   0.0266   0.0000   0.0221   0.0879    0.200
    31   0.0164  -0.1644   0.0000   0.3048   0.0073   0.1283   0.1285   0.4261   0.4220   0.0254   0.0000   0.0233   0.0815    0.195
    32   0.0188  -0.1880   0.0000   0.3048   0.0071   0.1205   0.1303   0.4000   0.3962   0.0240   0.0000   0.0245   0.0740    0.188
    33   0.0211  -0.2107   0.0000   0.3048   0.0067   0.1110   0.1318   0.3687   0.3651   0.0223   0.0000   0.0254   0.0654    0.181
    34   0.0232  -0.2320   0.0000   0.3048   0.0062   0.1000   0.1328   0.3319   0.3287   0.0204   0.0000   0.0258   0.0560    0.172
    35   0.0252  -0.2514   0.0000   0.3048   0.0055   0.0874   0.1331   0.2900   0.2872   0.0181   0.0000   0.0254   0.0460    0.161
    36   0.0268  -0.2683   0.0000   0.3048   0.0047   0.0733   0.1324   0.2434   0.2411   0.0154   0.0000   0.0240   0.0360    0.150
    37   0.0283  -0.2823   0.0000   0.3048   0.0038   0.0582   0.1306   0.1930   0.1911   0.0123   0.0000   0.0212   0.0264    0.139
    38   0.0293  -0.2932   0.0000   0.3048   0.0028   0.0421   0.1278   0.1397   0.1383   0.0089   0.0000   0.0168   0.0177    0.129
    39   0.0301  -0.3006   0.0000   0.3048   0.0017   0.0254   0.1246   0.0845   0.0836   0.0051   0.0000   0.0108   0.0100    0.120
    40   0.0305  -0.3043   0.0000   0.3048   0.0006   0.0085   0.1227   0.0283   0.0280   0.0013   0.0000   0.0038   0.0032    0.116
 ---------------------------------------------------------------
