 ---------------------------------------------------------------
 Surface and Strip Forces by surface

  Sref = 0.19820       Cref = 0.24890       Bref = 0.81280    
  Xref = 0.10920       Yref =  0.0000       Zref =  0.0000    

  Surface # 1     Wing                                    
     # Chordwise = 10   # Spanwise = 20     First strip =  1
     Surface area Ssurf =    0.123871     Ave. chord Cave =    0.304800

 Forces referred to Sref, Cref, Bref about Xref, Yref, Zref
 Standard axis orientation,  X fwd, Z down         
     CLsurf  =   0.18327     Clsurf  =  -0.03986
     CYsurf  =   0.00431     Cmsurf  =  -0.02372
     CDsurf  =   0.00703     Cnsurf  =  -0.00467
     CDisurf =   0.00703     CDvsurf =   0.00000

 Forces referred to Ssurf, Cave 
     CLsurf  =   0.29324     CDsurf  =   0.01124

 Strip Forces referred to Strip Area, Chord
    j     Xle      Yle      Zle      Chord    Area     c_cl     ai     cl_norm    cl       cd       cdv    cm_c/4     cm_LE   C.P.x/c
     1   0.0003   0.0006   0.0000   0.3048   0.0008   0.1072   0.0560   0.4018   0.3374   0.1723   0.0000  -0.0118  -0.0913    0.285
     2   0.0025   0.0056   0.0000   0.3048   0.0023   0.1072   0.0541   0.4174   0.3505   0.0292   0.0000  -0.0109  -0.0905    0.281
     3   0.0068   0.0155   0.0000   0.3048   0.0037   0.1072   0.0542   0.4182   0.3512   0.0213   0.0000  -0.0083  -0.0881    0.274
     4   0.0131   0.0299   0.0000   0.3048   0.0051   0.1072   0.0557   0.4186   0.3516   0.0191   0.0000  -0.0047  -0.0849    0.263
     5   0.0214   0.0487   0.0000   0.3048   0.0063   0.1073   0.0580   0.4189   0.3518   0.0173   0.0000  -0.0010  -0.0815    0.253
     6   0.0313   0.0712   0.0000   0.3048   0.0074   0.1072   0.0607   0.4187   0.3516   0.0156   0.0000   0.0024  -0.0783    0.243
     7   0.0426   0.0970   0.0000   0.3048   0.0083   0.1067   0.0636   0.4172   0.3504   0.0140   0.0000   0.0054  -0.0752    0.235
     8   0.0551   0.1254   0.0000   0.3048   0.0090   0.1058   0.0667   0.4137   0.3474   0.0127   0.0000   0.0081  -0.0721    0.227
     9   0.0684   0.1558   0.0000   0.3048   0.0095   0.1042   0.0698   0.4074   0.3421   0.0116   0.0000   0.0105  -0.0687    0.219
    10   0.0822   0.1873   0.0000   0.3048   0.0097   0.1016   0.0731   0.3973   0.3337   0.0105   0.0000   0.0128  -0.0646    0.212
    11   0.0962   0.2191   0.0000   0.3048   0.0097   0.0978   0.0764   0.3828   0.3215   0.0095   0.0000   0.0152  -0.0596    0.203
    12   0.1100   0.2506   0.0000   0.3048   0.0095   0.0928   0.0795   0.3631   0.3049   0.0084   0.0000   0.0176  -0.0536    0.192
    13   0.1233   0.2810   0.0000   0.3048   0.0090   0.0863   0.0821   0.3377   0.2836   0.0073   0.0000   0.0200  -0.0464    0.179
    14   0.1358   0.3094   0.0000   0.3048   0.0083   0.0782   0.0838   0.3062   0.2571   0.0060   0.0000   0.0222  -0.0384    0.164
    15   0.1471   0.3352   0.0000   0.3048   0.0074   0.0686   0.0842   0.2688   0.2257   0.0047   0.0000   0.0237  -0.0299    0.145
    16   0.1570   0.3577   0.0000   0.3048   0.0063   0.0577   0.0830   0.2260   0.1898   0.0033   0.0000   0.0239  -0.0215    0.124
    17   0.1653   0.3765   0.0000   0.3048   0.0051   0.0457   0.0801   0.1790   0.1504   0.0020   0.0000   0.0223  -0.0139    0.102
    18   0.1716   0.3909   0.0000   0.3048   0.0037   0.0329   0.0757   0.1292   0.1085   0.0007   0.0000   0.0185  -0.0078    0.080
    19   0.1759   0.4008   0.0000   0.3048   0.0023   0.0198   0.0707   0.0778   0.0654  -0.0006   0.0000   0.0123  -0.0037    0.063
    20   0.1781   0.4058   0.0000   0.3048   0.0008   0.0066   0.0679   0.0261   0.0219  -0.0013   0.0000   0.0043  -0.0010    0.054

  Surface # 2     Wing (YDUP)                             
     # Chordwise = 10   # Spanwise = 20     First strip = 21
     Surface area Ssurf =    0.123871     Ave. chord Cave =    0.304800

 Forces referred to Sref, Cref, Bref about Xref, Yref, Zref
 Standard axis orientation,  X fwd, Z down         
     CLsurf  =   0.18327     Clsurf  =   0.03986
     CYsurf  =  -0.00431     Cmsurf  =  -0.02372
     CDsurf  =   0.00703     Cnsurf  =   0.00467
     CDisurf =   0.00703     CDvsurf =   0.00000

 Forces referred to Ssurf, Cave 
     CLsurf  =   0.29324     CDsurf  =   0.01124

 Strip Forces referred to Strip Area, Chord
    j     Xle      Yle      Zle      Chord    Area     c_cl     ai     cl_norm    cl       cd       cdv    cm_c/4     cm_LE   C.P.x/c
    21   0.0003  -0.0006   0.0000   0.3048   0.0008   0.1072   0.0560   0.4018   0.3374   0.1723   0.0000  -0.0118   0.0913    0.285
    22   0.0025  -0.0056   0.0000   0.3048   0.0023   0.1072   0.0541   0.4174   0.3505   0.0292   0.0000  -0.0109   0.0905    0.281
    23   0.0068  -0.0155   0.0000   0.3048   0.0037   0.1072   0.0542   0.4182   0.3512   0.0213   0.0000  -0.0083   0.0881    0.274
    24   0.0131  -0.0299   0.0000   0.3048   0.0051   0.1072   0.0557   0.4186   0.3516   0.0191   0.0000  -0.0047   0.0849    0.263
    25   0.0214  -0.0487   0.0000   0.3048   0.0063   0.1073   0.0580   0.4189   0.3518   0.0173   0.0000  -0.0010   0.0815    0.253
    26   0.0313  -0.0712   0.0000   0.3048   0.0074   0.1072   0.0607   0.4187   0.3516   0.0156   0.0000   0.0024   0.0783    0.243
    27   0.0426  -0.0970   0.0000   0.3048   0.0083   0.1067   0.0636   0.4172   0.3504   0.0140   0.0000   0.0054   0.0752    0.235
    28   0.0551  -0.1254   0.0000   0.3048   0.0090   0.1058   0.0667   0.4137   0.3474   0.0127   0.0000   0.0081   0.0721    0.227
    29   0.0684  -0.1558   0.0000   0.3048   0.0095   0.1042   0.0698   0.4074   0.3421   0.0116   0.0000   0.0105   0.0687    0.219
    30   0.0822  -0.1873   0.0000   0.3048   0.0097   0.1016   0.0731   0.3973   0.3337   0.0105   0.0000   0.0128   0.0646    0.212
    31   0.0962  -0.2191   0.0000   0.3048   0.0097   0.0978   0.0764   0.3828   0.3215   0.0095   0.0000   0.0152   0.0596    0.203
    32   0.1100  -0.2506   0.0000   0.3048   0.0095   0.0928   0.0795   0.3631   0.3049   0.0084   0.0000   0.0176   0.0536    0.192
    33   0.1233  -0.2810   0.0000   0.3048   0.0090   0.0863   0.0821   0.3377   0.2836   0.0073   0.0000   0.0200   0.0464    0.179
    34   0.1358  -0.3094   0.0000   0.3048   0.0083   0.0782   0.0838   0.3062   0.2571   0.0060   0.0000   0.0222   0.0384    0.164
    35   0.1471  -0.3352   0.0000   0.3048   0.0074   0.0686   0.0842   0.2688   0.2257   0.0047   0.0000   0.0237   0.0299    0.145
    36   0.1570  -0.3577   0.0000   0.3048   0.0063   0.0577   0.0830   0.2260   0.1898   0.0033   0.0000   0.0239   0.0215    0.124
    37   0.1653  -0.3765   0.0000   0.3048   0.0051   0.0457   0.0801   0.1790   0.1504   0.0020   0.0000   0.0223   0.0139    0.102
    38   0.1716  -0.3909   0.0000   0.3048   0.0037   0.0329   0.0757   0.1292   0.1085   0.0007   0.0000   0.0185   0.0078    0.080
    39   0.1759  -0.4008   0.0000   0.3048   0.0023   0.0198   0.0707   0.0778   0.0654  -0.0006   0.0000   0.0123   0.0037    0.063
    40   0.1781  -0.4058   0.0000   0.3048   0.0008   0.0066   0.0679   0.0261   0.0219  -0.0013   0.0000   0.0043   0.0010    0.054
 ---------------------------------------------------------------
