 ---------------------------------------------------------------
 Surface and Strip Forces by surface

  Sref = 0.18170       Cref = 0.22820       Bref = 0.81280    
  Xref = 0.10920       Yref =  0.0000       Zref =  0.0000    

  Surface # 1     Wing                                    
     # Chordwise = 10   # Spanwise = 20     First strip =  1
     Surface area Ssurf =    0.113548     Ave. chord Cave =    0.279400

 Forces referred to Sref, Cref, Bref about Xref, Yref, Zref
 Standard axis orientation,  X fwd, Z down         
     CLsurf  =   0.19991     Clsurf  =  -0.04300
     CYsurf  =   0.00079     Cmsurf  =   0.03401
     CDsurf  =   0.00714     Cnsurf  =  -0.00275
     CDisurf =   0.00714     CDvsurf =   0.00000

 Forces referred to Ssurf, Cave 
     CLsurf  =   0.31990     CDsurf  =   0.01143

 Strip Forces referred to Strip Area, Chord
    j     Xle      Yle      Zle      Chord    Area     c_cl     ai     cl_norm    cl       cd       cdv    cm_c/4     cm_LE   C.P.x/c
     1   0.0000   0.0006   0.0000   0.2794   0.0007   0.1104   0.0639   0.3945   0.3927   0.0445   0.0000   0.0070  -0.0916    0.232
     2   0.0004   0.0056   0.0000   0.2794   0.0021   0.1104   0.0635   0.3972   0.3953   0.0164   0.0000   0.0071  -0.0914    0.232
     3   0.0011   0.0155   0.0000   0.2794   0.0034   0.1103   0.0634   0.3971   0.3953   0.0147   0.0000   0.0076  -0.0909    0.231
     4   0.0021   0.0299   0.0000   0.2794   0.0047   0.1102   0.0636   0.3967   0.3948   0.0141   0.0000   0.0084  -0.0900    0.229
     5   0.0033   0.0487   0.0000   0.2794   0.0058   0.1099   0.0641   0.3955   0.3937   0.0136   0.0000   0.0091  -0.0890    0.227
     6   0.0049   0.0712   0.0000   0.2794   0.0068   0.1092   0.0649   0.3933   0.3915   0.0133   0.0000   0.0099  -0.0877    0.225
     7   0.0067   0.0970   0.0000   0.2794   0.0076   0.1082   0.0659   0.3895   0.3877   0.0130   0.0000   0.0106  -0.0860    0.223
     8   0.0086   0.1254   0.0000   0.2794   0.0082   0.1065   0.0671   0.3836   0.3818   0.0127   0.0000   0.0114  -0.0837    0.220
     9   0.0107   0.1558   0.0000   0.2794   0.0087   0.1042   0.0687   0.3750   0.3733   0.0124   0.0000   0.0122  -0.0808    0.217
    10   0.0129   0.1873   0.0000   0.2794   0.0089   0.1009   0.0705   0.3633   0.3616   0.0122   0.0000   0.0131  -0.0770    0.214
    11   0.0150   0.2191   0.0000   0.2794   0.0089   0.0966   0.0726   0.3479   0.3463   0.0118   0.0000   0.0141  -0.0722    0.209
    12   0.0172   0.2506   0.0000   0.2794   0.0087   0.0912   0.0748   0.3283   0.3267   0.0114   0.0000   0.0153  -0.0662    0.203
    13   0.0193   0.2810   0.0000   0.2794   0.0082   0.0845   0.0769   0.3041   0.3027   0.0108   0.0000   0.0164  -0.0591    0.196
    14   0.0212   0.3094   0.0000   0.2794   0.0076   0.0764   0.0786   0.2751   0.2739   0.0101   0.0000   0.0174  -0.0509    0.186
    15   0.0230   0.3352   0.0000   0.2794   0.0068   0.0671   0.0797   0.2414   0.2403   0.0091   0.0000   0.0180  -0.0419    0.175
    16   0.0246   0.3577   0.0000   0.2794   0.0058   0.0565   0.0796   0.2032   0.2023   0.0079   0.0000   0.0179  -0.0325    0.161
    17   0.0258   0.3765   0.0000   0.2794   0.0047   0.0448   0.0781   0.1612   0.1605   0.0064   0.0000   0.0166  -0.0234    0.147
    18   0.0268   0.3909   0.0000   0.2794   0.0034   0.0324   0.0751   0.1165   0.1160   0.0046   0.0000   0.0138  -0.0152    0.131
    19   0.0275   0.4008   0.0000   0.2794   0.0021   0.0195   0.0710   0.0703   0.0699   0.0026   0.0000   0.0092  -0.0082    0.118
    20   0.0279   0.4058   0.0000   0.2794   0.0007   0.0065   0.0681   0.0235   0.0234   0.0007   0.0000   0.0033  -0.0026    0.111

  Surface # 2     Wing (YDUP)                             
     # Chordwise = 10   # Spanwise = 20     First strip = 21
     Surface area Ssurf =    0.113548     Ave. chord Cave =    0.279400

 Forces referred to Sref, Cref, Bref about Xref, Yref, Zref
 Standard axis orientation,  X fwd, Z down         
     CLsurf  =   0.19991     Clsurf  =   0.04300
     CYsurf  =  -0.00079     Cmsurf  =   0.03401
     CDsurf  =   0.00714     Cnsurf  =   0.00275
     CDisurf =   0.00714     CDvsurf =   0.00000

 Forces referred to Ssurf, Cave 
     CLsurf  =   0.31990     CDsurf  =   0.01143

 Strip Forces referred to Strip Area, Chord
    j     Xle      Yle      Zle      Chord    Area     c_cl     ai     cl_norm    cl       cd       cdv    cm_c/4     cm_LE   C.P.x/c
    21   0.0000  -0.0006   0.0000   0.2794   0.0007   0.1104   0.0639   0.3945   0.3927   0.0445   0.0000   0.0070   0.0916    0.232
    22   0.0004  -0.0056   0.0000   0.2794   0.0021   0.1104   0.0635   0.3972   0.3953   0.0164   0.0000   0.0071   0.0914    0.232
    23   0.0011  -0.0155   0.0000   0.2794   0.0034   0.1103   0.0634   0.3971   0.3953   0.0147   0.0000   0.0076   0.0909    0.231
    24   0.0021  -0.0299   0.0000   0.2794   0.0047   0.1102   0.0636   0.3967   0.3948   0.0141   0.0000   0.0084   0.0900    0.229
    25   0.0033  -0.0487   0.0000   0.2794   0.0058   0.1099   0.0641   0.3955   0.3937   0.0136   0.0000   0.0091   0.0890    0.227
    26   0.0049  -0.0712   0.0000   0.2794   0.0068   0.1092   0.0649   0.3933   0.3915   0.0133   0.0000   0.0099   0.0877    0.225
    27   0.0067  -0.0970   0.0000   0.2794   0.0076   0.1082   0.0659   0.3895   0.3877   0.0130   0.0000   0.0106   0.0860    0.223
    28   0.0086  -0.1254   0.0000   0.2794   0.0082   0.1065   0.0671   0.3836   0.3818   0.0127   0.0000   0.0114   0.0837    0.220
    29   0.0107  -0.1558   0.0000   0.2794   0.0087   0.1042   0.0687   0.3750   0.3733   0.0124   0.0000   0.0122   0.0808    0.217
    30   0.0129  -0.1873   0.0000   0.2794   0.0089   0.1009   0.0705   0.3633   0.3616   0.0122   0.0000   0.0131   0.0770    0.214
    31   0.0150  -0.2191   0.0000   0.2794   0.0089   0.0966   0.0726   0.3479   0.3463   0.0118   0.0000   0.0141   0.0722    0.209
    32   0.0172  -0.2506   0.0000   0.2794   0.0087   0.0912   0.0748   0.3283   0.3267   0.0114   0.0000   0.0153   0.0662    0.203
    33   0.0193  -0.2810   0.0000   0.2794   0.0082   0.0845   0.0769   0.3041   0.3027   0.0108   0.0000   0.0164   0.0591    0.196
    34   0.0212  -0.3094   0.0000   0.2794   0.0076   0.0764   0.0786   0.2751   0.2739   0.0101   0.0000   0.0174   0.0509    0.186
    35   0.0230  -0.3352   0.0000   0.2794   0.0068   0.0671   0.0797   0.2414   0.2403   0.0091   0.0000   0.0180   0.0419    0.175
    36   0.0246  -0.3577   0.0000   0.2794   0.0058   0.0565   0.0796   0.2032   0.2023   0.0079   0.0000   0.0179   0.0325    0.161
    37   0.0258  -0.3765   0.0000   0.2794   0.0047   0.0448   0.0781   0.1612   0.1605   0.0064   0.0000   0.0166   0.0234    0.147
    38   0.0268  -0.3909   0.0000   0.2794   0.0034   0.0324   0.0751   0.1165   0.1160   0.0046   0.0000   0.0138   0.0152    0.131
    39   0.0275  -0.4008   0.0000   0.2794   0.0021   0.0195   0.0710   0.0703   0.0699   0.0026   0.0000   0.0092   0.0082    0.118
    40   0.0279  -0.4058   0.0000   0.2794   0.0007   0.0065   0.0681   0.0235   0.0234   0.0007   0.0000   0.0033   0.0026    0.111
 ---------------------------------------------------------------
