 ---------------------------------------------------------------
 Surface and Strip Forces by surface

  Sref = 0.18060       Cref = 0.25400       Bref = 0.71120    
  Xref = 0.10920       Yref =  0.0000       Zref =  0.0000    

  Surface # 1     Wing                                    
     # Chordwise = 10   # Spanwise = 20     First strip =  1
     Surface area Ssurf =    0.090322     Ave. chord Cave =    0.254000

 Forces referred to Sref, Cref, Bref about Xref, Yref, Zref
 Standard axis orientation,  X fwd, Z down         
     CLsurf  =   0.20113     Clsurf  =  -0.04340
     CYsurf  =   0.00271     Cmsurf  =   0.02255
     CDsurf  =   0.00961     Cnsurf  =  -0.00444
     CDisurf =   0.00961     CDvsurf =   0.00000

 Forces referred to Ssurf, Cave 
     CLsurf  =   0.40216     CDsurf  =   0.01921

 Strip Forces referred to Strip Area, Chord
    j     Xle      Yle      Zle      Chord    Area     c_cl     ai     cl_norm    cl       cd       cdv    cm_c/4     cm_LE   C.P.x/c
     1   0.0001   0.0005   0.0000   0.2540   0.0006   0.1249   0.0798   0.4923   0.4776   0.1427   0.0000   0.0009  -0.1201    0.248
     2   0.0009   0.0049   0.0000   0.2540   0.0017   0.1249   0.0791   0.5060   0.4910   0.0352   0.0000   0.0014  -0.1196    0.247
     3   0.0024   0.0135   0.0000   0.2540   0.0027   0.1248   0.0793   0.5067   0.4917   0.0288   0.0000   0.0029  -0.1181    0.244
     4   0.0046   0.0262   0.0000   0.2540   0.0037   0.1247   0.0802   0.5066   0.4916   0.0266   0.0000   0.0050  -0.1160    0.240
     5   0.0075   0.0426   0.0000   0.2540   0.0046   0.1245   0.0815   0.5058   0.4908   0.0249   0.0000   0.0071  -0.1137    0.236
     6   0.0110   0.0623   0.0000   0.2540   0.0054   0.1240   0.0832   0.5038   0.4889   0.0234   0.0000   0.0091  -0.1111    0.231
     7   0.0150   0.0849   0.0000   0.2540   0.0060   0.1230   0.0853   0.4999   0.4851   0.0222   0.0000   0.0110  -0.1083    0.227
     8   0.0194   0.1098   0.0000   0.2540   0.0065   0.1213   0.0876   0.4934   0.4787   0.0213   0.0000   0.0127  -0.1050    0.223
     9   0.0240   0.1363   0.0000   0.2540   0.0069   0.1189   0.0902   0.4834   0.4691   0.0204   0.0000   0.0144  -0.1010    0.219
    10   0.0289   0.1638   0.0000   0.2540   0.0071   0.1154   0.0931   0.4693   0.4553   0.0195   0.0000   0.0162  -0.0959    0.215
    11   0.0338   0.1918   0.0000   0.2540   0.0071   0.1107   0.0963   0.4502   0.4368   0.0186   0.0000   0.0180  -0.0896    0.209
    12   0.0387   0.2193   0.0000   0.2540   0.0069   0.1046   0.0994   0.4256   0.4129   0.0176   0.0000   0.0199  -0.0819    0.202
    13   0.0433   0.2458   0.0000   0.2540   0.0065   0.0971   0.1024   0.3948   0.3831   0.0164   0.0000   0.0217  -0.0727    0.193
    14   0.0477   0.2707   0.0000   0.2540   0.0060   0.0880   0.1049   0.3577   0.3471   0.0149   0.0000   0.0233  -0.0623    0.183
    15   0.0517   0.2933   0.0000   0.2540   0.0054   0.0773   0.1064   0.3143   0.3049   0.0132   0.0000   0.0243  -0.0510    0.170
    16   0.0552   0.3130   0.0000   0.2540   0.0046   0.0651   0.1067   0.2649   0.2570   0.0112   0.0000   0.0241  -0.0394    0.156
    17   0.0581   0.3294   0.0000   0.2540   0.0037   0.0518   0.1053   0.2106   0.2043   0.0089   0.0000   0.0223  -0.0282    0.141
    18   0.0603   0.3421   0.0000   0.2540   0.0027   0.0375   0.1023   0.1525   0.1480   0.0062   0.0000   0.0184  -0.0182    0.126
    19   0.0618   0.3507   0.0000   0.2540   0.0017   0.0227   0.0983   0.0922   0.0895   0.0033   0.0000   0.0122  -0.0099    0.113
    20   0.0626   0.3551   0.0000   0.2540   0.0006   0.0076   0.0956   0.0309   0.0300   0.0004   0.0000   0.0043  -0.0031    0.107

  Surface # 2     Wing (YDUP)                             
     # Chordwise = 10   # Spanwise = 20     First strip = 21
     Surface area Ssurf =    0.090322     Ave. chord Cave =    0.254000

 Forces referred to Sref, Cref, Bref about Xref, Yref, Zref
 Standard axis orientation,  X fwd, Z down         
     CLsurf  =   0.20113     Clsurf  =   0.04340
     CYsurf  =  -0.00271     Cmsurf  =   0.02255
     CDsurf  =   0.00961     Cnsurf  =   0.00444
     CDisurf =   0.00961     CDvsurf =   0.00000

 Forces referred to Ssurf, Cave 
     CLsurf  =   0.40216     CDsurf  =   0.01921

 Strip Forces referred to Strip Area, Chord
    j     Xle      Yle      Zle      Chord    Area     c_cl     ai     cl_norm    cl       cd       cdv    cm_c/4     cm_LE   C.P.x/c
    21   0.0001  -0.0005   0.0000   0.2540   0.0006   0.1249   0.0798   0.4923   0.4776   0.1427   0.0000   0.0009   0.1201    0.248
    22   0.0009  -0.0049   0.0000   0.2540   0.0017   0.1249   0.0791   0.5060   0.4910   0.0352   0.0000   0.0014   0.1196    0.247
    23   0.0024  -0.0135   0.0000   0.2540   0.0027   0.1248   0.0793   0.5067   0.4917   0.0288   0.0000   0.0029   0.1181    0.244
    24   0.0046  -0.0262   0.0000   0.2540   0.0037   0.1247   0.0802   0.5066   0.4916   0.0266   0.0000   0.0050   0.1160    0.240
    25   0.0075  -0.0426   0.0000   0.2540   0.0046   0.1245   0.0815   0.5058   0.4908   0.0249   0.0000   0.0071   0.1137    0.236
    26   0.0110  -0.0623   0.0000   0.2540   0.0054   0.1240   0.0832   0.5038   0.4889   0.0234   0.0000   0.0091   0.1111    0.231
    27   0.0150  -0.0849   0.0000   0.2540   0.0060   0.1230   0.0853   0.4999   0.4851   0.0222   0.0000   0.0110   0.1083    0.227
    28   0.0194  -0.1098   0.0000   0.2540   0.0065   0.1213   0.0876   0.4934   0.4787   0.0213   0.0000   0.0127   0.1050    0.223
    29   0.0240  -0.1363   0.0000   0.2540   0.0069   0.1189   0.0902   0.4834   0.4691   0.0204   0.0000   0.0144   0.1010    0.219
    30   0.0289  -0.1638   0.0000   0.2540   0.0071   0.1154   0.0931   0.4693   0.4553   0.0195   0.0000   0.0162   0.0959    0.215
    31   0.0338  -0.1918   0.0000   0.2540   0.0071   0.1107   0.0963   0.4502   0.4368   0.0186   0.0000   0.0180   0.0896    0.209
    32   0.0387  -0.2193   0.0000   0.2540   0.0069   0.1046   0.0994   0.4256   0.4129   0.0176   0.0000   0.0199   0.0819    0.202
    33   0.0433  -0.2458   0.0000   0.2540   0.0065   0.0971   0.1024   0.3948   0.3831   0.0164   0.0000   0.0217   0.0727    0.193
    34   0.0477  -0.2707   0.0000   0.2540   0.0060   0.0880   0.1049   0.3577   0.3471   0.0149   0.0000   0.0233   0.0623    0.183
    35   0.0517  -0.2933   0.0000   0.2540   0.0054   0.0773   0.1064   0.3143   0.3049   0.0132   0.0000   0.0243   0.0510    0.170
    36   0.0552  -0.3130   0.0000   0.2540   0.0046   0.0651   0.1067   0.2649   0.2570   0.0112   0.0000   0.0241   0.0394    0.156
    37   0.0581  -0.3294   0.0000   0.2540   0.0037   0.0518   0.1053   0.2106   0.2043   0.0089   0.0000   0.0223   0.0282    0.141
    38   0.0603  -0.3421   0.0000   0.2540   0.0027   0.0375   0.1023   0.1525   0.1480   0.0062   0.0000   0.0184   0.0182    0.126
    39   0.0618  -0.3507   0.0000   0.2540   0.0017   0.0227   0.0983   0.0922   0.0895   0.0033   0.0000   0.0122   0.0099    0.113
    40   0.0626  -0.3551   0.0000   0.2540   0.0006   0.0076   0.0956   0.0309   0.0300   0.0004   0.0000   0.0043   0.0031    0.107
 ---------------------------------------------------------------
