 ---------------------------------------------------------------
 Surface and Strip Forces by surface

  Sref = 0.15330       Cref = 0.25250       Bref = 0.60960    
  Xref = 0.10920       Yref =  0.0000       Zref =  0.0000    

  Surface # 1     Wing                                    
     # Chordwise = 10   # Spanwise = 20     First strip =  1
     Surface area Ssurf =    0.085161     Ave. chord Cave =    0.279400

 Forces referred to Sref, Cref, Bref about Xref, Yref, Zref
 Standard axis orientation,  X fwd, Z down         
     CLsurf  =   0.23695     Clsurf  =  -0.05079
     CYsurf  =   0.00476     Cmsurf  =   0.02200
     CDsurf  =   0.01560     Cnsurf  =  -0.00746
     CDisurf =   0.01560     CDvsurf =   0.00000

 Forces referred to Ssurf, Cave 
     CLsurf  =   0.42654     CDsurf  =   0.02808

 Strip Forces referred to Strip Area, Chord
    j     Xle      Yle      Zle      Chord    Area     c_cl     ai     cl_norm    cl       cd       cdv    cm_c/4     cm_LE   C.P.x/c
     1   0.0001   0.0005   0.0000   0.2794   0.0005   0.1475   0.1142   0.5176   0.4939   0.2569   0.0000   0.0031  -0.1258    0.244
     2   0.0009   0.0042   0.0000   0.2794   0.0016   0.1475   0.1134   0.5507   0.5254   0.0563   0.0000   0.0035  -0.1254    0.243
     3   0.0026   0.0116   0.0000   0.2794   0.0026   0.1474   0.1135   0.5525   0.5272   0.0438   0.0000   0.0050  -0.1238    0.240
     4   0.0050   0.0225   0.0000   0.2794   0.0035   0.1472   0.1142   0.5525   0.5271   0.0402   0.0000   0.0073  -0.1215    0.236
     5   0.0081   0.0365   0.0000   0.2794   0.0043   0.1468   0.1156   0.5514   0.5261   0.0377   0.0000   0.0099  -0.1186    0.231
     6   0.0119   0.0534   0.0000   0.2794   0.0051   0.1460   0.1174   0.5488   0.5236   0.0355   0.0000   0.0124  -0.1154    0.226
     7   0.0162   0.0728   0.0000   0.2794   0.0057   0.1447   0.1196   0.5438   0.5189   0.0335   0.0000   0.0149  -0.1118    0.221
     8   0.0209   0.0941   0.0000   0.2794   0.0062   0.1425   0.1221   0.5357   0.5112   0.0317   0.0000   0.0173  -0.1076    0.216
     9   0.0259   0.1168   0.0000   0.2794   0.0065   0.1392   0.1248   0.5237   0.4997   0.0300   0.0000   0.0196  -0.1025    0.211
    10   0.0312   0.1404   0.0000   0.2794   0.0067   0.1347   0.1276   0.5069   0.4837   0.0283   0.0000   0.0218  -0.0964    0.205
    11   0.0365   0.1644   0.0000   0.2794   0.0067   0.1288   0.1306   0.4847   0.4624   0.0265   0.0000   0.0240  -0.0891    0.198
    12   0.0418   0.1880   0.0000   0.2794   0.0065   0.1213   0.1333   0.4564   0.4355   0.0246   0.0000   0.0261  -0.0805    0.190
    13   0.0468   0.2107   0.0000   0.2794   0.0062   0.1120   0.1357   0.4218   0.4024   0.0224   0.0000   0.0278  -0.0707    0.181
    14   0.0515   0.2320   0.0000   0.2794   0.0057   0.1011   0.1374   0.3807   0.3632   0.0200   0.0000   0.0291  -0.0600    0.170
    15   0.0558   0.2514   0.0000   0.2794   0.0051   0.0885   0.1381   0.3333   0.3180   0.0173   0.0000   0.0293  -0.0487    0.158
    16   0.0596   0.2683   0.0000   0.2794   0.0043   0.0744   0.1376   0.2802   0.2674   0.0144   0.0000   0.0282  -0.0375    0.145
    17   0.0627   0.2823   0.0000   0.2794   0.0035   0.0591   0.1357   0.2225   0.2123   0.0112   0.0000   0.0252  -0.0270    0.131
    18   0.0651   0.2932   0.0000   0.2794   0.0026   0.0428   0.1327   0.1611   0.1537   0.0077   0.0000   0.0202  -0.0177    0.119
    19   0.0668   0.3006   0.0000   0.2794   0.0016   0.0259   0.1292   0.0975   0.0931   0.0039   0.0000   0.0131  -0.0098    0.109
    20   0.0676   0.3043   0.0000   0.2794   0.0005   0.0086   0.1272   0.0328   0.0313   0.0002   0.0000   0.0046  -0.0031    0.105

  Surface # 2     Wing (YDUP)                             
     # Chordwise = 10   # Spanwise = 20     First strip = 21
     Surface area Ssurf =    0.085161     Ave. chord Cave =    0.279400

 Forces referred to Sref, Cref, Bref about Xref, Yref, Zref
 Standard axis orientation,  X fwd, Z down         
     CLsurf  =   0.23695     Clsurf  =   0.05079
     CYsurf  =  -0.00476     Cmsurf  =   0.02200
     CDsurf  =   0.01560     Cnsurf  =   0.00746
     CDisurf =   0.01560     CDvsurf =   0.00000

 Forces referred to Ssurf, Cave 
     CLsurf  =   0.42654     CDsurf  =   0.02808

 Strip Forces referred to Strip Area, Chord
    j     Xle      Yle      Zle      Chord    Area     c_cl     ai     cl_norm    cl       cd       cdv    cm_c/4     cm_LE   C.P.x/c
    21   0.0001  -0.0005   0.0000   0.2794   0.0005   0.1475   0.1142   0.5176   0.4939   0.2569   0.0000   0.0031   0.1258    0.244
    22   0.0009  -0.0042   0.0000   0.2794   0.0016   0.1475   0.1134   0.5507   0.5254   0.0563   0.0000   0.0035   0.1254    0.243
    23   0.0026  -0.0116   0.0000   0.2794   0.0026   0.1474   0.1135   0.5525   0.5272   0.0438   0.0000   0.0050   0.1238    0.240
    24   0.0050  -0.0225   0.0000   0.2794   0.0035   0.1472   0.1142   0.5525   0.5271   0.0402   0.0000   0.0073   0.1215    0.236
    25   0.0081  -0.0365   0.0000   0.2794   0.0043   0.1468   0.1156   0.5514   0.5261   0.0377   0.0000   0.0099   0.1186    0.231
    26   0.0119  -0.0534   0.0000   0.2794   0.0051   0.1460   0.1174   0.5488   0.5236   0.0355   0.0000   0.0124   0.1154    0.226
    27   0.0162  -0.0728   0.0000   0.2794   0.0057   0.1447   0.1196   0.5438   0.5189   0.0335   0.0000   0.0149   0.1118    0.221
    28   0.0209  -0.0941   0.0000   0.2794   0.0062   0.1425   0.1221   0.5357   0.5112   0.0317   0.0000   0.0173   0.1076    0.216
    29   0.0259  -0.1168   0.0000   0.2794   0.0065   0.1392   0.1248   0.5237   0.4997   0.0300   0.0000   0.0196   0.1025    0.211
    30   0.0312  -0.1404   0.0000   0.2794   0.0067   0.1347   0.1276   0.5069   0.4837   0.0283   0.0000   0.0218   0.0964    0.205
    31   0.0365  -0.1644   0.0000   0.2794   0.0067   0.1288   0.1306   0.4847   0.4624   0.0265   0.0000   0.0240   0.0891    0.198
    32   0.0418  -0.1880   0.0000   0.2794   0.0065   0.1213   0.1333   0.4564   0.4355   0.0246   0.0000   0.0261   0.0805    0.190
    33   0.0468  -0.2107   0.0000   0.2794   0.0062   0.1120   0.1357   0.4218   0.4024   0.0224   0.0000   0.0278   0.0707    0.181
    34   0.0515  -0.2320   0.0000   0.2794   0.0057   0.1011   0.1374   0.3807   0.3632   0.0200   0.0000   0.0291   0.0600    0.170
    35   0.0558  -0.2514   0.0000   0.2794   0.0051   0.0885   0.1381   0.3333   0.3180   0.0173   0.0000   0.0293   0.0487    0.158
    36   0.0596  -0.2683   0.0000   0.2794   0.0043   0.0744   0.1376   0.2802   0.2674   0.0144   0.0000   0.0282   0.0375    0.145
    37   0.0627  -0.2823   0.0000   0.2794   0.0035   0.0591   0.1357   0.2225   0.2123   0.0112   0.0000   0.0252   0.0270    0.131
    38   0.0651  -0.2932   0.0000   0.2794   0.0026   0.0428   0.1327   0.1611   0.1537   0.0077   0.0000   0.0202   0.0177    0.119
    39   0.0668  -0.3006   0.0000   0.2794   0.0016   0.0259   0.1292   0.0975   0.0931   0.0039   0.0000   0.0131   0.0098    0.109
    40   0.0676  -0.3043   0.0000   0.2794   0.0005   0.0086   0.1272   0.0328   0.0313   0.0002   0.0000   0.0046   0.0031    0.105
 ---------------------------------------------------------------
