 ---------------------------------------------------------------
 Surface and Strip Forces by surface

  Sref = 0.86700E-01   Cref = 0.14000       Bref = 0.71120    
  Xref = 0.10920       Yref =  0.0000       Zref =  0.0000    

  Surface # 1     Wing                                    
     # Chordwise = 10   # Spanwise = 20     First strip =  1
     Surface area Ssurf =    0.072258     Ave. chord Cave =    0.203200

 Forces referred to Sref, Cref, Bref about Xref, Yref, Zref
 Standard axis orientation,  X fwd, Z down         
     CLsurf  =   0.41897     Clsurf  =  -0.09172
     CYsurf  =   0.01125     Cmsurf  =   0.05674
     CDsurf  =   0.02042     Cnsurf  =  -0.01212
     CDisurf =   0.02042     CDvsurf =   0.00000

 Forces referred to Ssurf, Cave 
     CLsurf  =   0.50270     CDsurf  =   0.02450

 Strip Forces referred to Strip Area, Chord
    j     Xle      Yle      Zle      Chord    Area     c_cl     ai     cl_norm    cl       cd       cdv    cm_c/4     cm_LE   C.P.x/c
     1   0.0002   0.0005   0.0000   0.2032   0.0004   0.1203   0.0651   0.6109   0.5643   0.2390   0.0000  -0.0127  -0.1544    0.272
     2   0.0014   0.0049   0.0000   0.2032   0.0013   0.1204   0.0654   0.6396   0.5908   0.0527   0.0000  -0.0114  -0.1531    0.269
     3   0.0039   0.0135   0.0000   0.2032   0.0022   0.1204   0.0674   0.6416   0.5927   0.0420   0.0000  -0.0079  -0.1498    0.263
     4   0.0076   0.0262   0.0000   0.2032   0.0030   0.1206   0.0703   0.6432   0.5941   0.0374   0.0000  -0.0034  -0.1458    0.256
     5   0.0124   0.0426   0.0000   0.2032   0.0037   0.1207   0.0737   0.6445   0.5953   0.0336   0.0000   0.0008  -0.1419    0.249
     6   0.0181   0.0623   0.0000   0.2032   0.0043   0.1207   0.0773   0.6449   0.5957   0.0306   0.0000   0.0044  -0.1384    0.243
     7   0.0247   0.0849   0.0000   0.2032   0.0048   0.1204   0.0810   0.6434   0.5943   0.0283   0.0000   0.0074  -0.1351    0.238
     8   0.0319   0.1098   0.0000   0.2032   0.0052   0.1195   0.0850   0.6389   0.5901   0.0264   0.0000   0.0100  -0.1316    0.233
     9   0.0396   0.1363   0.0000   0.2032   0.0055   0.1178   0.0892   0.6302   0.5821   0.0250   0.0000   0.0123  -0.1274    0.229
    10   0.0476   0.1638   0.0000   0.2032   0.0057   0.1152   0.0939   0.6163   0.5693   0.0237   0.0000   0.0147  -0.1220    0.224
    11   0.0557   0.1918   0.0000   0.2032   0.0057   0.1114   0.0989   0.5960   0.5505   0.0224   0.0000   0.0172  -0.1151    0.219
    12   0.0637   0.2193   0.0000   0.2032   0.0055   0.1062   0.1043   0.5681   0.5248   0.0211   0.0000   0.0201  -0.1062    0.212
    13   0.0714   0.2458   0.0000   0.2032   0.0052   0.0994   0.1097   0.5316   0.4911   0.0195   0.0000   0.0231  -0.0952    0.203
    14   0.0786   0.2707   0.0000   0.2032   0.0048   0.0908   0.1146   0.4857   0.4486   0.0176   0.0000   0.0262  -0.0821    0.192
    15   0.0852   0.2933   0.0000   0.2032   0.0043   0.0803   0.1183   0.4300   0.3972   0.0153   0.0000   0.0288  -0.0673    0.178
    16   0.0909   0.3130   0.0000   0.2032   0.0037   0.0682   0.1202   0.3648   0.3370   0.0127   0.0000   0.0300  -0.0518    0.161
    17   0.0957   0.3294   0.0000   0.2032   0.0030   0.0545   0.1199   0.2915   0.2693   0.0098   0.0000   0.0289  -0.0366    0.143
    18   0.0994   0.3421   0.0000   0.2032   0.0022   0.0396   0.1172   0.2119   0.1957   0.0066   0.0000   0.0246  -0.0231    0.124
    19   0.1019   0.3507   0.0000   0.2032   0.0013   0.0239   0.1128   0.1284   0.1186   0.0031   0.0000   0.0167  -0.0122    0.109
    20   0.1031   0.3551   0.0000   0.2032   0.0004   0.0080   0.1095   0.0431   0.0399  -0.0003   0.0000   0.0059  -0.0038    0.101

  Surface # 2     Wing (YDUP)                             
     # Chordwise = 10   # Spanwise = 20     First strip = 21
     Surface area Ssurf =    0.072258     Ave. chord Cave =    0.203200

 Forces referred to Sref, Cref, Bref about Xref, Yref, Zref
 Standard axis orientation,  X fwd, Z down         
     CLsurf  =   0.41897     Clsurf  =   0.09172
     CYsurf  =  -0.01125     Cmsurf  =   0.05674
     CDsurf  =   0.02042     Cnsurf  =   0.01212
     CDisurf =   0.02042     CDvsurf =   0.00000

 Forces referred to Ssurf, Cave 
     CLsurf  =   0.50270     CDsurf  =   0.02450

 Strip Forces referred to Strip Area, Chord
    j     Xle      Yle      Zle      Chord    Area     c_cl     ai     cl_norm    cl       cd       cdv    cm_c/4     cm_LE   C.P.x/c
    21   0.0002  -0.0005   0.0000   0.2032   0.0004   0.1203   0.0651   0.6109   0.5643   0.2390   0.0000  -0.0127   0.1544    0.272
    22   0.0014  -0.0049   0.0000   0.2032   0.0013   0.1204   0.0654   0.6396   0.5908   0.0527   0.0000  -0.0114   0.1531    0.269
    23   0.0039  -0.0135   0.0000   0.2032   0.0022   0.1204   0.0674   0.6416   0.5927   0.0420   0.0000  -0.0079   0.1498    0.263
    24   0.0076  -0.0262   0.0000   0.2032   0.0030   0.1206   0.0703   0.6432   0.5941   0.0374   0.0000  -0.0034   0.1458    0.256
    25   0.0124  -0.0426   0.0000   0.2032   0.0037   0.1207   0.0737   0.6445   0.5953   0.0336   0.0000   0.0008   0.1419    0.249
    26   0.0181  -0.0623   0.0000   0.2032   0.0043   0.1207   0.0773   0.6449   0.5957   0.0306   0.0000   0.0044   0.1384    0.243
    27   0.0247  -0.0849   0.0000   0.2032   0.0048   0.1204   0.0810   0.6434   0.5943   0.0283   0.0000   0.0074   0.1351    0.238
    28   0.0319  -0.1098   0.0000   0.2032   0.0052   0.1195   0.0850   0.6389   0.5901   0.0264   0.0000   0.0100   0.1316    0.233
    29   0.0396  -0.1363   0.0000   0.2032   0.0055   0.1178   0.0892   0.6302   0.5821   0.0250   0.0000   0.0123   0.1274    0.229
    30   0.0476  -0.1638   0.0000   0.2032   0.0057   0.1152   0.0939   0.6163   0.5693   0.0237   0.0000   0.0147   0.1220    0.224
    31   0.0557  -0.1918   0.0000   0.2032   0.0057   0.1114   0.0989   0.5960   0.5505   0.0224   0.0000   0.0172   0.1151    0.219
    32   0.0637  -0.2193   0.0000   0.2032   0.0055   0.1062   0.1043   0.5681   0.5248   0.0211   0.0000   0.0201   0.1062    0.212
    33   0.0714  -0.2458   0.0000   0.2032   0.0052   0.0994   0.1097   0.5316   0.4911   0.0195   0.0000   0.0231   0.0952    0.203
    34   0.0786  -0.2707   0.0000   0.2032   0.0048   0.0908   0.1146   0.4857   0.4486   0.0176   0.0000   0.0262   0.0821    0.192
    35   0.0852  -0.2933   0.0000   0.2032   0.0043   0.0803   0.1183   0.4300   0.3972   0.0153   0.0000   0.0288   0.0673    0.178
    36   0.0909  -0.3130   0.0000   0.2032   0.0037   0.0682   0.1202   0.3648   0.3370   0.0127   0.0000   0.0300   0.0518    0.161
    37   0.0957  -0.3294   0.0000   0.2032   0.0030   0.0545   0.1199   0.2915   0.2693   0.0098   0.0000   0.0289   0.0366    0.143
    38   0.0994  -0.3421   0.0000   0.2032   0.0022   0.0396   0.1172   0.2119   0.1957   0.0066   0.0000   0.0246   0.0231    0.124
    39   0.1019  -0.3507   0.0000   0.2032   0.0013   0.0239   0.1128   0.1284   0.1186   0.0031   0.0000   0.0167   0.0122    0.109
    40   0.1031  -0.3551   0.0000   0.2032   0.0004   0.0080   0.1095   0.0431   0.0399  -0.0003   0.0000   0.0059   0.0038    0.101
 ---------------------------------------------------------------
