 ---------------------------------------------------------------
 Surface and Strip Forces by surface

  Sref = 0.12390       Cref = 0.20740       Bref = 0.60960    
  Xref = 0.10920       Yref =  0.0000       Zref =  0.0000    

  Surface # 1     Wing                                    
     # Chordwise = 10   # Spanwise = 20     First strip =  1
     Surface area Ssurf =    0.077419     Ave. chord Cave =    0.254000

 Forces referred to Sref, Cref, Bref about Xref, Yref, Zref
 Standard axis orientation,  X fwd, Z down         
     CLsurf  =   0.29318     Clsurf  =  -0.06330
     CYsurf  =   0.00998     Cmsurf  =   0.01363
     CDsurf  =   0.01970     Cnsurf  =  -0.01173
     CDisurf =   0.01970     CDvsurf =   0.00000

 Forces referred to Ssurf, Cave 
     CLsurf  =   0.46919     CDsurf  =   0.03153

 Strip Forces referred to Strip Area, Chord
    j     Xle      Yle      Zle      Chord    Area     c_cl     ai     cl_norm    cl       cd       cdv    cm_c/4     cm_LE   C.P.x/c
     1   0.0002   0.0005   0.0000   0.2540   0.0005   0.1447   0.1036   0.5753   0.5137   0.3852   0.0000  -0.0095  -0.1433    0.268
     2   0.0015   0.0042   0.0000   0.2540   0.0014   0.1447   0.1033   0.6330   0.5653   0.0735   0.0000  -0.0086  -0.1425    0.265
     3   0.0041   0.0116   0.0000   0.2540   0.0023   0.1447   0.1044   0.6364   0.5684   0.0550   0.0000  -0.0058  -0.1399    0.260
     4   0.0079   0.0225   0.0000   0.2540   0.0032   0.1447   0.1066   0.6374   0.5692   0.0496   0.0000  -0.0018  -0.1360    0.253
     5   0.0128   0.0365   0.0000   0.2540   0.0039   0.1446   0.1096   0.6376   0.5694   0.0454   0.0000   0.0026  -0.1318    0.245
     6   0.0188   0.0534   0.0000   0.2540   0.0046   0.1441   0.1130   0.6363   0.5682   0.0416   0.0000   0.0068  -0.1274    0.238
     7   0.0256   0.0728   0.0000   0.2540   0.0052   0.1432   0.1167   0.6327   0.5650   0.0384   0.0000   0.0107  -0.1229    0.231
     8   0.0331   0.0941   0.0000   0.2540   0.0056   0.1415   0.1207   0.6257   0.5587   0.0355   0.0000   0.0142  -0.1180    0.225
     9   0.0410   0.1168   0.0000   0.2540   0.0059   0.1388   0.1248   0.6141   0.5484   0.0329   0.0000   0.0175  -0.1123    0.218
    10   0.0493   0.1404   0.0000   0.2540   0.0061   0.1348   0.1292   0.5969   0.5331   0.0305   0.0000   0.0208  -0.1056    0.211
    11   0.0578   0.1644   0.0000   0.2540   0.0061   0.1294   0.1335   0.5732   0.5119   0.0280   0.0000   0.0240  -0.0975    0.203
    12   0.0661   0.1880   0.0000   0.2540   0.0059   0.1223   0.1376   0.5420   0.4840   0.0254   0.0000   0.0272  -0.0880    0.194
    13   0.0740   0.2107   0.0000   0.2540   0.0056   0.1135   0.1412   0.5028   0.4490   0.0226   0.0000   0.0301  -0.0770    0.183
    14   0.0815   0.2320   0.0000   0.2540   0.0052   0.1027   0.1439   0.4554   0.4067   0.0195   0.0000   0.0323  -0.0649    0.170
    15   0.0883   0.2514   0.0000   0.2540   0.0046   0.0902   0.1453   0.3999   0.3571   0.0163   0.0000   0.0335  -0.0521    0.156
    16   0.0943   0.2683   0.0000   0.2540   0.0039   0.0760   0.1451   0.3370   0.3010   0.0129   0.0000   0.0329  -0.0395    0.141
    17   0.0992   0.2823   0.0000   0.2540   0.0032   0.0604   0.1432   0.2680   0.2393   0.0094   0.0000   0.0300  -0.0278    0.125
    18   0.1030   0.2932   0.0000   0.2540   0.0023   0.0437   0.1399   0.1944   0.1736   0.0059   0.0000   0.0243  -0.0177    0.110
    19   0.1056   0.3006   0.0000   0.2540   0.0014   0.0265   0.1360   0.1178   0.1052   0.0021   0.0000   0.0159  -0.0095    0.099
    20   0.1069   0.3043   0.0000   0.2540   0.0005   0.0088   0.1338   0.0398   0.0355  -0.0012   0.0000   0.0055  -0.0030    0.094

  Surface # 2     Wing (YDUP)                             
     # Chordwise = 10   # Spanwise = 20     First strip = 21
     Surface area Ssurf =    0.077419     Ave. chord Cave =    0.254000

 Forces referred to Sref, Cref, Bref about Xref, Yref, Zref
 Standard axis orientation,  X fwd, Z down         
     CLsurf  =   0.29318     Clsurf  =   0.06330
     CYsurf  =  -0.00998     Cmsurf  =   0.01363
     CDsurf  =   0.01970     Cnsurf  =   0.01173
     CDisurf =   0.01970     CDvsurf =   0.00000

 Forces referred to Ssurf, Cave 
     CLsurf  =   0.46919     CDsurf  =   0.03153

 Strip Forces referred to Strip Area, Chord
    j     Xle      Yle      Zle      Chord    Area     c_cl     ai     cl_norm    cl       cd       cdv    cm_c/4     cm_LE   C.P.x/c
    21   0.0002  -0.0005   0.0000   0.2540   0.0005   0.1447   0.1036   0.5753   0.5137   0.3852   0.0000  -0.0095   0.1433    0.268
    22   0.0015  -0.0042   0.0000   0.2540   0.0014   0.1447   0.1033   0.6330   0.5653   0.0735   0.0000  -0.0086   0.1425    0.265
    23   0.0041  -0.0116   0.0000   0.2540   0.0023   0.1447   0.1044   0.6364   0.5684   0.0550   0.0000  -0.0058   0.1399    0.260
    24   0.0079  -0.0225   0.0000   0.2540   0.0032   0.1447   0.1066   0.6374   0.5692   0.0496   0.0000  -0.0018   0.1360    0.253
    25   0.0128  -0.0365   0.0000   0.2540   0.0039   0.1446   0.1096   0.6376   0.5694   0.0454   0.0000   0.0026   0.1318    0.245
    26   0.0188  -0.0534   0.0000   0.2540   0.0046   0.1441   0.1130   0.6363   0.5682   0.0416   0.0000   0.0068   0.1274    0.238
    27   0.0256  -0.0728   0.0000   0.2540   0.0052   0.1432   0.1167   0.6327   0.5650   0.0384   0.0000   0.0107   0.1229    0.231
    28   0.0331  -0.0941   0.0000   0.2540   0.0056   0.1415   0.1207   0.6257   0.5587   0.0355   0.0000   0.0142   0.1180    0.225
    29   0.0410  -0.1168   0.0000   0.2540   0.0059   0.1388   0.1248   0.6141   0.5484   0.0329   0.0000   0.0175   0.1123    0.218
    30   0.0493  -0.1404   0.0000   0.2540   0.0061   0.1348   0.1292   0.5969   0.5331   0.0305   0.0000   0.0208   0.1056    0.211
    31   0.0578  -0.1644   0.0000   0.2540   0.0061   0.1294   0.1335   0.5732   0.5119   0.0280   0.0000   0.0240   0.0975    0.203
    32   0.0661  -0.1880   0.0000   0.2540   0.0059   0.1223   0.1376   0.5420   0.4840   0.0254   0.0000   0.0272   0.0880    0.194
    33   0.0740  -0.2107   0.0000   0.2540   0.0056   0.1135   0.1412   0.5028   0.4490   0.0226   0.0000   0.0301   0.0770    0.183
    34   0.0815  -0.2320   0.0000   0.2540   0.0052   0.1027   0.1439   0.4554   0.4067   0.0195   0.0000   0.0323   0.0649    0.170
    35   0.0883  -0.2514   0.0000   0.2540   0.0046   0.0902   0.1453   0.3999   0.3571   0.0163   0.0000   0.0335   0.0521    0.156
    36   0.0943  -0.2683   0.0000   0.2540   0.0039   0.0760   0.1451   0.3370   0.3010   0.0129   0.0000   0.0329   0.0395    0.141
    37   0.0992  -0.2823   0.0000   0.2540   0.0032   0.0604   0.1432   0.2680   0.2393   0.0094   0.0000   0.0300   0.0278    0.125
    38   0.1030  -0.2932   0.0000   0.2540   0.0023   0.0437   0.1399   0.1944   0.1736   0.0059   0.0000   0.0243   0.0177    0.110
    39   0.1056  -0.3006   0.0000   0.2540   0.0014   0.0265   0.1360   0.1178   0.1052   0.0021   0.0000   0.0159   0.0095    0.099
    40   0.1069  -0.3043   0.0000   0.2540   0.0005   0.0088   0.1338   0.0398   0.0355  -0.0012   0.0000   0.0055   0.0030    0.094
 ---------------------------------------------------------------
