 ---------------------------------------------------------------
 Surface and Strip Forces by surface

  Sref = 0.27870       Cref = 0.30480       Bref = 0.91440    
  Xref = 0.10920       Yref =  0.0000       Zref =  0.0000    

  Surface # 1     Wing                                    
     # Chordwise = 10   # Spanwise = 20     First strip =  1
     Surface area Ssurf =    0.139355     Ave. chord Cave =    0.304800

 Forces referred to Sref, Cref, Bref about Xref, Yref, Zref
 Standard axis orientation,  X fwd, Z down         
     CLsurf  =   0.13034     Clsurf  =  -0.02806
     CYsurf  =   0.00051     Cmsurf  =   0.01242
     CDsurf  =   0.00370     Cnsurf  =  -0.00144
     CDisurf =   0.00370     CDvsurf =   0.00000

 Forces referred to Ssurf, Cave 
     CLsurf  =   0.26066     CDsurf  =   0.00739

 Strip Forces referred to Strip Area, Chord
    j     Xle      Yle      Zle      Chord    Area     c_cl     ai     cl_norm    cl       cd       cdv    cm_c/4     cm_LE   C.P.x/c
     1   0.0001   0.0007   0.0000   0.3048   0.0009   0.0980   0.0505   0.3222   0.3198   0.0359   0.0000   0.0051  -0.0750    0.234
     2   0.0006   0.0063   0.0000   0.3048   0.0026   0.0980   0.0498   0.3240   0.3215   0.0113   0.0000   0.0053  -0.0748    0.233
     3   0.0015   0.0174   0.0000   0.3048   0.0042   0.0979   0.0496   0.3239   0.3215   0.0099   0.0000   0.0059  -0.0742    0.232
     4   0.0029   0.0337   0.0000   0.3048   0.0057   0.0978   0.0497   0.3235   0.3211   0.0094   0.0000   0.0067  -0.0733    0.229
     5   0.0048   0.0548   0.0000   0.3048   0.0071   0.0975   0.0502   0.3226   0.3202   0.0090   0.0000   0.0075  -0.0722    0.227
     6   0.0070   0.0801   0.0000   0.3048   0.0083   0.0970   0.0509   0.3209   0.3185   0.0087   0.0000   0.0083  -0.0710    0.224
     7   0.0096   0.1092   0.0000   0.3048   0.0093   0.0961   0.0518   0.3179   0.3155   0.0084   0.0000   0.0090  -0.0696    0.221
     8   0.0123   0.1411   0.0000   0.3048   0.0101   0.0947   0.0529   0.3133   0.3109   0.0082   0.0000   0.0097  -0.0677    0.219
     9   0.0153   0.1752   0.0000   0.3048   0.0106   0.0927   0.0543   0.3065   0.3042   0.0080   0.0000   0.0105  -0.0653    0.216
    10   0.0184   0.2107   0.0000   0.3048   0.0109   0.0898   0.0559   0.2971   0.2949   0.0078   0.0000   0.0113  -0.0621    0.212
    11   0.0216   0.2465   0.0000   0.3048   0.0109   0.0861   0.0576   0.2847   0.2825   0.0076   0.0000   0.0122  -0.0581    0.207
    12   0.0247   0.2820   0.0000   0.3048   0.0106   0.0813   0.0595   0.2688   0.2667   0.0073   0.0000   0.0132  -0.0532    0.200
    13   0.0277   0.3161   0.0000   0.3048   0.0101   0.0753   0.0612   0.2491   0.2472   0.0069   0.0000   0.0143  -0.0473    0.192
    14   0.0304   0.3480   0.0000   0.3048   0.0093   0.0681   0.0626   0.2253   0.2236   0.0064   0.0000   0.0152  -0.0405    0.182
    15   0.0330   0.3771   0.0000   0.3048   0.0083   0.0597   0.0632   0.1976   0.1961   0.0057   0.0000   0.0159  -0.0330    0.169
    16   0.0352   0.4024   0.0000   0.3048   0.0071   0.0502   0.0628   0.1661   0.1648   0.0049   0.0000   0.0159  -0.0252    0.154
    17   0.0371   0.4235   0.0000   0.3048   0.0057   0.0398   0.0609   0.1315   0.1305   0.0039   0.0000   0.0148  -0.0177    0.136
    18   0.0385   0.4398   0.0000   0.3048   0.0042   0.0287   0.0575   0.0948   0.0941   0.0027   0.0000   0.0124  -0.0111    0.119
    19   0.0394   0.4509   0.0000   0.3048   0.0026   0.0172   0.0531   0.0570   0.0566   0.0014   0.0000   0.0083  -0.0058    0.103
    20   0.0399   0.4565   0.0000   0.3048   0.0009   0.0057   0.0500   0.0190   0.0189   0.0002   0.0000   0.0029  -0.0018    0.094

  Surface # 2     Wing (YDUP)                             
     # Chordwise = 10   # Spanwise = 20     First strip = 21
     Surface area Ssurf =    0.139355     Ave. chord Cave =    0.304800

 Forces referred to Sref, Cref, Bref about Xref, Yref, Zref
 Standard axis orientation,  X fwd, Z down         
     CLsurf  =   0.13034     Clsurf  =   0.02806
     CYsurf  =  -0.00051     Cmsurf  =   0.01242
     CDsurf  =   0.00370     Cnsurf  =   0.00144
     CDisurf =   0.00370     CDvsurf =   0.00000

 Forces referred to Ssurf, Cave 
     CLsurf  =   0.26066     CDsurf  =   0.00739

 Strip Forces referred to Strip Area, Chord
    j     Xle      Yle      Zle      Chord    Area     c_cl     ai     cl_norm    cl       cd       cdv    cm_c/4     cm_LE   C.P.x/c
    21   0.0001  -0.0007   0.0000   0.3048   0.0009   0.0980   0.0505   0.3222   0.3198   0.0359   0.0000   0.0051   0.0750    0.234
    22   0.0006  -0.0063   0.0000   0.3048   0.0026   0.0980   0.0498   0.3240   0.3215   0.0113   0.0000   0.0053   0.0748    0.233
    23   0.0015  -0.0174   0.0000   0.3048   0.0042   0.0979   0.0496   0.3239   0.3215   0.0099   0.0000   0.0059   0.0742    0.232
    24   0.0029  -0.0337   0.0000   0.3048   0.0057   0.0978   0.0497   0.3235   0.3211   0.0094   0.0000   0.0067   0.0733    0.229
    25   0.0048  -0.0548   0.0000   0.3048   0.0071   0.0975   0.0502   0.3226   0.3202   0.0090   0.0000   0.0075   0.0722    0.227
    26   0.0070  -0.0801   0.0000   0.3048   0.0083   0.0970   0.0509   0.3209   0.3185   0.0087   0.0000   0.0083   0.0710    0.224
    27   0.0096  -0.1092   0.0000   0.3048   0.0093   0.0961   0.0518   0.3179   0.3155   0.0084   0.0000   0.0090   0.0696    0.221
    28   0.0123  -0.1411   0.0000   0.3048   0.0101   0.0947   0.0529   0.3133   0.3109   0.0082   0.0000   0.0097   0.0677    0.219
    29   0.0153  -0.1752   0.0000   0.3048   0.0106   0.0927   0.0543   0.3065   0.3042   0.0080   0.0000   0.0105   0.0653    0.216
    30   0.0184  -0.2107   0.0000   0.3048   0.0109   0.0898   0.0559   0.2971   0.2949   0.0078   0.0000   0.0113   0.0621    0.212
    31   0.0216  -0.2465   0.0000   0.3048   0.0109   0.0861   0.0576   0.2847   0.2825   0.0076   0.0000   0.0122   0.0581    0.207
    32   0.0247  -0.2820   0.0000   0.3048   0.0106   0.0813   0.0595   0.2688   0.2667   0.0073   0.0000   0.0132   0.0532    0.200
    33   0.0277  -0.3161   0.0000   0.3048   0.0101   0.0753   0.0612   0.2491   0.2472   0.0069   0.0000   0.0143   0.0473    0.192
    34   0.0304  -0.3480   0.0000   0.3048   0.0093   0.0681   0.0626   0.2253   0.2236   0.0064   0.0000   0.0152   0.0405    0.182
    35   0.0330  -0.3771   0.0000   0.3048   0.0083   0.0597   0.0632   0.1976   0.1961   0.0057   0.0000   0.0159   0.0330    0.169
    36   0.0352  -0.4024   0.0000   0.3048   0.0071   0.0502   0.0628   0.1661   0.1648   0.0049   0.0000   0.0159   0.0252    0.154
    37   0.0371  -0.4235   0.0000   0.3048   0.0057   0.0398   0.0609   0.1315   0.1305   0.0039   0.0000   0.0148   0.0177    0.136
    38   0.0385  -0.4398   0.0000   0.3048   0.0042   0.0287   0.0575   0.0948   0.0941   0.0027   0.0000   0.0124   0.0111    0.119
    39   0.0394  -0.4509   0.0000   0.3048   0.0026   0.0172   0.0531   0.0570   0.0566   0.0014   0.0000   0.0083   0.0058    0.103
    40   0.0399  -0.4565   0.0000   0.3048   0.0009   0.0057   0.0500   0.0190   0.0189   0.0002   0.0000   0.0029   0.0018    0.094
 ---------------------------------------------------------------
