 ---------------------------------------------------------------
 Surface and Strip Forces by surface

  Sref = 0.23230       Cref = 0.25400       Bref = 0.91440    
  Xref = 0.10920       Yref =  0.0000       Zref =  0.0000    

  Surface # 1     Wing                                    
     # Chordwise = 10   # Spanwise = 20     First strip =  1
     Surface area Ssurf =    0.116129     Ave. chord Cave =    0.254000

 Forces referred to Sref, Cref, Bref about Xref, Yref, Zref
 Standard axis orientation,  X fwd, Z down         
     CLsurf  =   0.15637     Clsurf  =  -0.03424
     CYsurf  =   0.00219     Cmsurf  =   0.00046
     CDsurf  =   0.00460     Cnsurf  =  -0.00257
     CDisurf =   0.00460     CDvsurf =   0.00000

 Forces referred to Ssurf, Cave 
     CLsurf  =   0.31279     CDsurf  =   0.00921

 Strip Forces referred to Strip Area, Chord
    j     Xle      Yle      Zle      Chord    Area     c_cl     ai     cl_norm    cl       cd       cdv    cm_c/4     cm_LE   C.P.x/c
     1   0.0002   0.0007   0.0000   0.2540   0.0007   0.0943   0.0425   0.3908   0.3648   0.0938   0.0000  -0.0066  -0.0960    0.268
     2   0.0017   0.0063   0.0000   0.2540   0.0021   0.0943   0.0412   0.3972   0.3708   0.0197   0.0000  -0.0057  -0.0951    0.265
     3   0.0047   0.0174   0.0000   0.2540   0.0035   0.0943   0.0415   0.3976   0.3711   0.0157   0.0000  -0.0034  -0.0929    0.259
     4   0.0090   0.0337   0.0000   0.2540   0.0048   0.0943   0.0428   0.3980   0.3715   0.0141   0.0000  -0.0006  -0.0903    0.252
     5   0.0147   0.0548   0.0000   0.2540   0.0059   0.0944   0.0446   0.3983   0.3718   0.0127   0.0000   0.0021  -0.0877    0.244
     6   0.0215   0.0801   0.0000   0.2540   0.0069   0.0943   0.0467   0.3981   0.3716   0.0115   0.0000   0.0044  -0.0855    0.238
     7   0.0292   0.1092   0.0000   0.2540   0.0078   0.0940   0.0489   0.3968   0.3704   0.0106   0.0000   0.0062  -0.0834    0.233
     8   0.0378   0.1411   0.0000   0.2540   0.0084   0.0933   0.0512   0.3938   0.3676   0.0099   0.0000   0.0078  -0.0812    0.229
     9   0.0470   0.1752   0.0000   0.2540   0.0089   0.0919   0.0538   0.3882   0.3624   0.0094   0.0000   0.0092  -0.0785    0.225
    10   0.0564   0.2107   0.0000   0.2540   0.0091   0.0899   0.0566   0.3795   0.3542   0.0089   0.0000   0.0106  -0.0752    0.220
    11   0.0661   0.2465   0.0000   0.2540   0.0091   0.0868   0.0597   0.3668   0.3424   0.0085   0.0000   0.0122  -0.0708    0.215
    12   0.0755   0.2820   0.0000   0.2540   0.0089   0.0827   0.0629   0.3494   0.3262   0.0080   0.0000   0.0139  -0.0652    0.207
    13   0.0847   0.3161   0.0000   0.2540   0.0084   0.0774   0.0662   0.3267   0.3050   0.0074   0.0000   0.0159  -0.0582    0.198
    14   0.0933   0.3480   0.0000   0.2540   0.0078   0.0706   0.0690   0.2981   0.2783   0.0066   0.0000   0.0179  -0.0498    0.186
    15   0.1010   0.3771   0.0000   0.2540   0.0069   0.0624   0.0708   0.2634   0.2459   0.0057   0.0000   0.0196  -0.0403    0.170
    16   0.1078   0.4024   0.0000   0.2540   0.0059   0.0527   0.0712   0.2228   0.2080   0.0047   0.0000   0.0205  -0.0303    0.151
    17   0.1135   0.4235   0.0000   0.2540   0.0048   0.0419   0.0696   0.1772   0.1654   0.0035   0.0000   0.0199  -0.0206    0.129
    18   0.1178   0.4398   0.0000   0.2540   0.0035   0.0303   0.0659   0.1281   0.1195   0.0022   0.0000   0.0171  -0.0123    0.107
    19   0.1208   0.4509   0.0000   0.2540   0.0021   0.0182   0.0607   0.0771   0.0720   0.0007   0.0000   0.0117  -0.0060    0.087
    20   0.1223   0.4565   0.0000   0.2540   0.0007   0.0061   0.0570   0.0257   0.0240  -0.0005   0.0000   0.0042  -0.0017    0.076

  Surface # 2     Wing (YDUP)                             
     # Chordwise = 10   # Spanwise = 20     First strip = 21
     Surface area Ssurf =    0.116129     Ave. chord Cave =    0.254000

 Forces referred to Sref, Cref, Bref about Xref, Yref, Zref
 Standard axis orientation,  X fwd, Z down         
     CLsurf  =   0.15637     Clsurf  =   0.03424
     CYsurf  =  -0.00219     Cmsurf  =   0.00046
     CDsurf  =   0.00460     Cnsurf  =   0.00257
     CDisurf =   0.00460     CDvsurf =   0.00000

 Forces referred to Ssurf, Cave 
     CLsurf  =   0.31279     CDsurf  =   0.00921

 Strip Forces referred to Strip Area, Chord
    j     Xle      Yle      Zle      Chord    Area     c_cl     ai     cl_norm    cl       cd       cdv    cm_c/4     cm_LE   C.P.x/c
    21   0.0002  -0.0007   0.0000   0.2540   0.0007   0.0943   0.0425   0.3908   0.3648   0.0938   0.0000  -0.0066   0.0960    0.268
    22   0.0017  -0.0063   0.0000   0.2540   0.0021   0.0943   0.0412   0.3972   0.3708   0.0197   0.0000  -0.0057   0.0951    0.265
    23   0.0047  -0.0174   0.0000   0.2540   0.0035   0.0943   0.0415   0.3976   0.3711   0.0157   0.0000  -0.0034   0.0929    0.259
    24   0.0090  -0.0337   0.0000   0.2540   0.0048   0.0943   0.0428   0.3980   0.3715   0.0141   0.0000  -0.0006   0.0903    0.252
    25   0.0147  -0.0548   0.0000   0.2540   0.0059   0.0944   0.0446   0.3983   0.3718   0.0127   0.0000   0.0021   0.0877    0.244
    26   0.0215  -0.0801   0.0000   0.2540   0.0069   0.0943   0.0467   0.3981   0.3716   0.0115   0.0000   0.0044   0.0855    0.238
    27   0.0292  -0.1092   0.0000   0.2540   0.0078   0.0940   0.0489   0.3968   0.3704   0.0106   0.0000   0.0062   0.0834    0.233
    28   0.0378  -0.1411   0.0000   0.2540   0.0084   0.0933   0.0512   0.3938   0.3676   0.0099   0.0000   0.0078   0.0812    0.229
    29   0.0470  -0.1752   0.0000   0.2540   0.0089   0.0919   0.0538   0.3882   0.3624   0.0094   0.0000   0.0092   0.0785    0.225
    30   0.0564  -0.2107   0.0000   0.2540   0.0091   0.0899   0.0566   0.3795   0.3542   0.0089   0.0000   0.0106   0.0752    0.220
    31   0.0661  -0.2465   0.0000   0.2540   0.0091   0.0868   0.0597   0.3668   0.3424   0.0085   0.0000   0.0122   0.0708    0.215
    32   0.0755  -0.2820   0.0000   0.2540   0.0089   0.0827   0.0629   0.3494   0.3262   0.0080   0.0000   0.0139   0.0652    0.207
    33   0.0847  -0.3161   0.0000   0.2540   0.0084   0.0774   0.0662   0.3267   0.3050   0.0074   0.0000   0.0159   0.0582    0.198
    34   0.0933  -0.3480   0.0000   0.2540   0.0078   0.0706   0.0690   0.2981   0.2783   0.0066   0.0000   0.0179   0.0498    0.186
    35   0.1010  -0.3771   0.0000   0.2540   0.0069   0.0624   0.0708   0.2634   0.2459   0.0057   0.0000   0.0196   0.0403    0.170
    36   0.1078  -0.4024   0.0000   0.2540   0.0059   0.0527   0.0712   0.2228   0.2080   0.0047   0.0000   0.0205   0.0303    0.151
    37   0.1135  -0.4235   0.0000   0.2540   0.0048   0.0419   0.0696   0.1772   0.1654   0.0035   0.0000   0.0199   0.0206    0.129
    38   0.1178  -0.4398   0.0000   0.2540   0.0035   0.0303   0.0659   0.1281   0.1195   0.0022   0.0000   0.0171   0.0123    0.107
    39   0.1208  -0.4509   0.0000   0.2540   0.0021   0.0182   0.0607   0.0771   0.0720   0.0007   0.0000   0.0117   0.0060    0.087
    40   0.1223  -0.4565   0.0000   0.2540   0.0007   0.0061   0.0570   0.0257   0.0240  -0.0005   0.0000   0.0042   0.0017    0.076
 ---------------------------------------------------------------
