 ---------------------------------------------------------------
 Surface and Strip Forces by surface

  Sref = 0.16720       Cref = 0.21000       Bref = 0.91440    
  Xref = 0.10920       Yref =  0.0000       Zref =  0.0000    

  Surface # 1     Wing                                    
     # Chordwise = 10   # Spanwise = 20     First strip =  1
     Surface area Ssurf =    0.139355     Ave. chord Cave =    0.304800

 Forces referred to Sref, Cref, Bref about Xref, Yref, Zref
 Standard axis orientation,  X fwd, Z down         
     CLsurf  =   0.21725     Clsurf  =  -0.04742
     CYsurf  =   0.00386     Cmsurf  =  -0.03621
     CDsurf  =   0.00656     Cnsurf  =  -0.00413
     CDisurf =   0.00656     CDvsurf =   0.00000

 Forces referred to Ssurf, Cave 
     CLsurf  =   0.26066     CDsurf  =   0.00787

 Strip Forces referred to Strip Area, Chord
    j     Xle      Yle      Zle      Chord    Area     c_cl     ai     cl_norm    cl       cd       cdv    cm_c/4     cm_LE   C.P.x/c
     1   0.0003   0.0007   0.0000   0.3048   0.0009   0.0947   0.0438   0.3514   0.3029   0.1161   0.0000  -0.0100  -0.0814    0.283
     2   0.0025   0.0063   0.0000   0.3048   0.0026   0.0947   0.0416   0.3596   0.3099   0.0200   0.0000  -0.0092  -0.0806    0.280
     3   0.0070   0.0174   0.0000   0.3048   0.0042   0.0947   0.0415   0.3600   0.3103   0.0149   0.0000  -0.0067  -0.0783    0.272
     4   0.0135   0.0337   0.0000   0.3048   0.0057   0.0947   0.0428   0.3603   0.3106   0.0134   0.0000  -0.0035  -0.0753    0.261
     5   0.0220   0.0548   0.0000   0.3048   0.0071   0.0948   0.0447   0.3606   0.3109   0.0120   0.0000  -0.0002  -0.0724    0.251
     6   0.0322   0.0801   0.0000   0.3048   0.0083   0.0947   0.0470   0.3606   0.3109   0.0107   0.0000   0.0026  -0.0697    0.242
     7   0.0438   0.1092   0.0000   0.3048   0.0093   0.0944   0.0495   0.3596   0.3100   0.0097   0.0000   0.0050  -0.0672    0.234
     8   0.0566   0.1411   0.0000   0.3048   0.0101   0.0937   0.0520   0.3570   0.3077   0.0088   0.0000   0.0071  -0.0648    0.227
     9   0.0703   0.1752   0.0000   0.3048   0.0106   0.0924   0.0547   0.3519   0.3034   0.0081   0.0000   0.0089  -0.0620    0.221
    10   0.0846   0.2107   0.0000   0.3048   0.0109   0.0903   0.0576   0.3438   0.2964   0.0074   0.0000   0.0108  -0.0587    0.214
    11   0.0989   0.2465   0.0000   0.3048   0.0109   0.0871   0.0605   0.3319   0.2861   0.0067   0.0000   0.0127  -0.0546    0.206
    12   0.1132   0.2820   0.0000   0.3048   0.0106   0.0828   0.0634   0.3155   0.2720   0.0061   0.0000   0.0147  -0.0494    0.196
    13   0.1269   0.3161   0.0000   0.3048   0.0101   0.0772   0.0660   0.2941   0.2535   0.0053   0.0000   0.0168  -0.0432    0.184
    14   0.1397   0.3480   0.0000   0.3048   0.0093   0.0701   0.0678   0.2672   0.2304   0.0044   0.0000   0.0188  -0.0359    0.168
    15   0.1513   0.3771   0.0000   0.3048   0.0083   0.0616   0.0685   0.2349   0.2025   0.0035   0.0000   0.0204  -0.0280    0.149
    16   0.1615   0.4024   0.0000   0.3048   0.0071   0.0519   0.0675   0.1977   0.1704   0.0025   0.0000   0.0210  -0.0200    0.127
    17   0.1700   0.4235   0.0000   0.3048   0.0057   0.0410   0.0647   0.1565   0.1349   0.0015   0.0000   0.0200  -0.0127    0.102
    18   0.1765   0.4398   0.0000   0.3048   0.0042   0.0295   0.0602   0.1127   0.0971   0.0005   0.0000   0.0168  -0.0069    0.077
    19   0.1810   0.4509   0.0000   0.3048   0.0026   0.0177   0.0548   0.0677   0.0584  -0.0005   0.0000   0.0113  -0.0030    0.057
    20   0.1832   0.4565   0.0000   0.3048   0.0009   0.0059   0.0516   0.0226   0.0195  -0.0011   0.0000   0.0040  -0.0008    0.046

  Surface # 2     Wing (YDUP)                             
     # Chordwise = 10   # Spanwise = 20     First strip = 21
     Surface area Ssurf =    0.139355     Ave. chord Cave =    0.304800

 Forces referred to Sref, Cref, Bref about Xref, Yref, Zref
 Standard axis orientation,  X fwd, Z down         
     CLsurf  =   0.21725     Clsurf  =   0.04742
     CYsurf  =  -0.00386     Cmsurf  =  -0.03621
     CDsurf  =   0.00656     Cnsurf  =   0.00413
     CDisurf =   0.00656     CDvsurf =   0.00000

 Forces referred to Ssurf, Cave 
     CLsurf  =   0.26066     CDsurf  =   0.00787

 Strip Forces referred to Strip Area, Chord
    j     Xle      Yle      Zle      Chord    Area     c_cl     ai     cl_norm    cl       cd       cdv    cm_c/4     cm_LE   C.P.x/c
    21   0.0003  -0.0007   0.0000   0.3048   0.0009   0.0947   0.0438   0.3514   0.3029   0.1161   0.0000  -0.0100   0.0814    0.283
    22   0.0025  -0.0063   0.0000   0.3048   0.0026   0.0947   0.0416   0.3596   0.3099   0.0200   0.0000  -0.0092   0.0806    0.280
    23   0.0070  -0.0174   0.0000   0.3048   0.0042   0.0947   0.0415   0.3600   0.3103   0.0149   0.0000  -0.0067   0.0783    0.272
    24   0.0135  -0.0337   0.0000   0.3048   0.0057   0.0947   0.0428   0.3603   0.3106   0.0134   0.0000  -0.0035   0.0753    0.261
    25   0.0220  -0.0548   0.0000   0.3048   0.0071   0.0948   0.0447   0.3606   0.3109   0.0120   0.0000  -0.0002   0.0724    0.251
    26   0.0322  -0.0801   0.0000   0.3048   0.0083   0.0947   0.0470   0.3606   0.3109   0.0107   0.0000   0.0026   0.0697    0.242
    27   0.0438  -0.1092   0.0000   0.3048   0.0093   0.0944   0.0495   0.3596   0.3100   0.0097   0.0000   0.0050   0.0672    0.234
    28   0.0566  -0.1411   0.0000   0.3048   0.0101   0.0937   0.0520   0.3570   0.3077   0.0088   0.0000   0.0071   0.0648    0.227
    29   0.0703  -0.1752   0.0000   0.3048   0.0106   0.0924   0.0547   0.3519   0.3034   0.0081   0.0000   0.0089   0.0620    0.221
    30   0.0846  -0.2107   0.0000   0.3048   0.0109   0.0903   0.0576   0.3438   0.2964   0.0074   0.0000   0.0108   0.0587    0.214
    31   0.0989  -0.2465   0.0000   0.3048   0.0109   0.0871   0.0605   0.3319   0.2861   0.0067   0.0000   0.0127   0.0546    0.206
    32   0.1132  -0.2820   0.0000   0.3048   0.0106   0.0828   0.0634   0.3155   0.2720   0.0061   0.0000   0.0147   0.0494    0.196
    33   0.1269  -0.3161   0.0000   0.3048   0.0101   0.0772   0.0660   0.2941   0.2535   0.0053   0.0000   0.0168   0.0432    0.184
    34   0.1397  -0.3480   0.0000   0.3048   0.0093   0.0701   0.0678   0.2672   0.2304   0.0044   0.0000   0.0188   0.0359    0.168
    35   0.1513  -0.3771   0.0000   0.3048   0.0083   0.0616   0.0685   0.2349   0.2025   0.0035   0.0000   0.0204   0.0280    0.149
    36   0.1615  -0.4024   0.0000   0.3048   0.0071   0.0519   0.0675   0.1977   0.1704   0.0025   0.0000   0.0210   0.0200    0.127
    37   0.1700  -0.4235   0.0000   0.3048   0.0057   0.0410   0.0647   0.1565   0.1349   0.0015   0.0000   0.0200   0.0127    0.102
    38   0.1765  -0.4398   0.0000   0.3048   0.0042   0.0295   0.0602   0.1127   0.0971   0.0005   0.0000   0.0168   0.0069    0.077
    39   0.1810  -0.4509   0.0000   0.3048   0.0026   0.0177   0.0548   0.0677   0.0584  -0.0005   0.0000   0.0113   0.0030    0.057
    40   0.1832  -0.4565   0.0000   0.3048   0.0009   0.0059   0.0516   0.0226   0.0195  -0.0011   0.0000   0.0040   0.0008    0.046
 ---------------------------------------------------------------
