 ---------------------------------------------------------------
 Surface and Strip Forces by surface

  Sref = 0.74300E-01   Cref = 0.14000       Bref = 0.60960    
  Xref = 0.10920       Yref =  0.0000       Zref =  0.0000    

  Surface # 1     Wing                                    
     # Chordwise = 10   # Spanwise = 20     First strip =  1
     Surface area Ssurf =    0.061935     Ave. chord Cave =    0.203200

 Forces referred to Sref, Cref, Bref about Xref, Yref, Zref
 Standard axis orientation,  X fwd, Z down         
     CLsurf  =   0.48889     Clsurf  =  -0.10583
     CYsurf  =   0.01243     Cmsurf  =   0.12458
     CDsurf  =   0.03210     Cnsurf  =  -0.01659
     CDisurf =   0.03210     CDvsurf =   0.00000

 Forces referred to Ssurf, Cave 
     CLsurf  =   0.58649     CDsurf  =   0.03851

 Strip Forces referred to Strip Area, Chord
    j     Xle      Yle      Zle      Chord    Area     c_cl     ai     cl_norm    cl       cd       cdv    cm_c/4     cm_LE   C.P.x/c
     1   0.0001   0.0005   0.0000   0.2032   0.0004   0.1434   0.1009   0.6911   0.6600   0.3150   0.0000  -0.0056  -0.1778    0.258
     2   0.0009   0.0042   0.0000   0.2032   0.0011   0.1434   0.1013   0.7370   0.7039   0.0750   0.0000  -0.0046  -0.1769    0.257
     3   0.0026   0.0116   0.0000   0.2032   0.0019   0.1435   0.1028   0.7399   0.7066   0.0605   0.0000  -0.0019  -0.1742    0.253
     4   0.0050   0.0225   0.0000   0.2032   0.0025   0.1435   0.1050   0.7410   0.7076   0.0549   0.0000   0.0017  -0.1707    0.248
     5   0.0081   0.0365   0.0000   0.2032   0.0032   0.1433   0.1079   0.7411   0.7078   0.0507   0.0000   0.0054  -0.1670    0.242
     6   0.0118   0.0534   0.0000   0.2032   0.0037   0.1429   0.1111   0.7397   0.7064   0.0472   0.0000   0.0087  -0.1632    0.238
     7   0.0161   0.0728   0.0000   0.2032   0.0041   0.1420   0.1147   0.7355   0.7024   0.0444   0.0000   0.0118  -0.1592    0.233
     8   0.0208   0.0941   0.0000   0.2032   0.0045   0.1404   0.1186   0.7276   0.6948   0.0421   0.0000   0.0145  -0.1546    0.229
     9   0.0258   0.1168   0.0000   0.2032   0.0047   0.1379   0.1229   0.7146   0.6825   0.0402   0.0000   0.0171  -0.1490    0.225
    10   0.0310   0.1404   0.0000   0.2032   0.0048   0.1342   0.1277   0.6955   0.6642   0.0383   0.0000   0.0197  -0.1419    0.220
    11   0.0363   0.1644   0.0000   0.2032   0.0048   0.1291   0.1328   0.6692   0.6391   0.0365   0.0000   0.0225  -0.1331    0.215
    12   0.0415   0.1880   0.0000   0.2032   0.0047   0.1224   0.1381   0.6344   0.6059   0.0344   0.0000   0.0255  -0.1221    0.208
    13   0.0465   0.2107   0.0000   0.2032   0.0045   0.1139   0.1433   0.5905   0.5639   0.0320   0.0000   0.0285  -0.1090    0.200
    14   0.0512   0.2320   0.0000   0.2032   0.0041   0.1035   0.1479   0.5368   0.5126   0.0292   0.0000   0.0311  -0.0940    0.189
    15   0.0555   0.2514   0.0000   0.2032   0.0037   0.0913   0.1514   0.4732   0.4519   0.0258   0.0000   0.0329  -0.0775    0.177
    16   0.0592   0.2683   0.0000   0.2032   0.0032   0.0772   0.1533   0.4003   0.3823   0.0219   0.0000   0.0331  -0.0604    0.163
    17   0.0623   0.2823   0.0000   0.2032   0.0025   0.0616   0.1532   0.3193   0.3050   0.0175   0.0000   0.0309  -0.0438    0.149
    18   0.0647   0.2932   0.0000   0.2032   0.0019   0.0448   0.1510   0.2321   0.2216   0.0125   0.0000   0.0257  -0.0287    0.134
    19   0.0664   0.3006   0.0000   0.2032   0.0011   0.0271   0.1475   0.1408   0.1344   0.0069   0.0000   0.0172  -0.0158    0.122
    20   0.0672   0.3043   0.0000   0.2032   0.0004   0.0091   0.1450   0.0474   0.0453   0.0009   0.0000   0.0060  -0.0050    0.116

  Surface # 2     Wing (YDUP)                             
     # Chordwise = 10   # Spanwise = 20     First strip = 21
     Surface area Ssurf =    0.061935     Ave. chord Cave =    0.203200

 Forces referred to Sref, Cref, Bref about Xref, Yref, Zref
 Standard axis orientation,  X fwd, Z down         
     CLsurf  =   0.48889     Clsurf  =   0.10583
     CYsurf  =  -0.01243     Cmsurf  =   0.12458
     CDsurf  =   0.03210     Cnsurf  =   0.01659
     CDisurf =   0.03210     CDvsurf =   0.00000

 Forces referred to Ssurf, Cave 
     CLsurf  =   0.58649     CDsurf  =   0.03851

 Strip Forces referred to Strip Area, Chord
    j     Xle      Yle      Zle      Chord    Area     c_cl     ai     cl_norm    cl       cd       cdv    cm_c/4     cm_LE   C.P.x/c
    21   0.0001  -0.0005   0.0000   0.2032   0.0004   0.1434   0.1009   0.6911   0.6600   0.3150   0.0000  -0.0056   0.1778    0.258
    22   0.0009  -0.0042   0.0000   0.2032   0.0011   0.1434   0.1013   0.7370   0.7039   0.0750   0.0000  -0.0046   0.1769    0.257
    23   0.0026  -0.0116   0.0000   0.2032   0.0019   0.1435   0.1028   0.7399   0.7066   0.0605   0.0000  -0.0019   0.1742    0.253
    24   0.0050  -0.0225   0.0000   0.2032   0.0025   0.1435   0.1050   0.7410   0.7076   0.0549   0.0000   0.0017   0.1707    0.248
    25   0.0081  -0.0365   0.0000   0.2032   0.0032   0.1433   0.1079   0.7411   0.7078   0.0507   0.0000   0.0054   0.1670    0.242
    26   0.0118  -0.0534   0.0000   0.2032   0.0037   0.1429   0.1111   0.7397   0.7064   0.0472   0.0000   0.0087   0.1632    0.238
    27   0.0161  -0.0728   0.0000   0.2032   0.0041   0.1420   0.1147   0.7355   0.7024   0.0444   0.0000   0.0118   0.1592    0.233
    28   0.0208  -0.0941   0.0000   0.2032   0.0045   0.1404   0.1186   0.7276   0.6948   0.0421   0.0000   0.0145   0.1546    0.229
    29   0.0258  -0.1168   0.0000   0.2032   0.0047   0.1379   0.1229   0.7146   0.6825   0.0402   0.0000   0.0171   0.1490    0.225
    30   0.0310  -0.1404   0.0000   0.2032   0.0048   0.1342   0.1277   0.6955   0.6642   0.0383   0.0000   0.0197   0.1419    0.220
    31   0.0363  -0.1644   0.0000   0.2032   0.0048   0.1291   0.1328   0.6692   0.6391   0.0365   0.0000   0.0225   0.1331    0.215
    32   0.0415  -0.1880   0.0000   0.2032   0.0047   0.1224   0.1381   0.6344   0.6059   0.0344   0.0000   0.0255   0.1221    0.208
    33   0.0465  -0.2107   0.0000   0.2032   0.0045   0.1139   0.1433   0.5905   0.5639   0.0320   0.0000   0.0285   0.1090    0.200
    34   0.0512  -0.2320   0.0000   0.2032   0.0041   0.1035   0.1479   0.5368   0.5126   0.0292   0.0000   0.0311   0.0940    0.189
    35   0.0555  -0.2514   0.0000   0.2032   0.0037   0.0913   0.1514   0.4732   0.4519   0.0258   0.0000   0.0329   0.0775    0.177
    36   0.0592  -0.2683   0.0000   0.2032   0.0032   0.0772   0.1533   0.4003   0.3823   0.0219   0.0000   0.0331   0.0604    0.163
    37   0.0623  -0.2823   0.0000   0.2032   0.0025   0.0616   0.1532   0.3193   0.3050   0.0175   0.0000   0.0309   0.0438    0.149
    38   0.0647  -0.2932   0.0000   0.2032   0.0019   0.0448   0.1510   0.2321   0.2216   0.0125   0.0000   0.0257   0.0287    0.134
    39   0.0664  -0.3006   0.0000   0.2032   0.0011   0.0271   0.1475   0.1408   0.1344   0.0069   0.0000   0.0172   0.0158    0.122
    40   0.0672  -0.3043   0.0000   0.2032   0.0004   0.0091   0.1450   0.0474   0.0453   0.0009   0.0000   0.0060   0.0050    0.116
 ---------------------------------------------------------------
