 ---------------------------------------------------------------
 Surface and Strip Forces by surface

  Sref = 0.99100E-01   Cref = 0.14000       Bref = 0.81280    
  Xref = 0.10920       Yref =  0.0000       Zref =  0.0000    

  Surface # 1     Wing                                    
     # Chordwise = 10   # Spanwise = 20     First strip =  1
     Surface area Ssurf =    0.082580     Ave. chord Cave =    0.203200

 Forces referred to Sref, Cref, Bref about Xref, Yref, Zref
 Standard axis orientation,  X fwd, Z down         
     CLsurf  =   0.36654     Clsurf  =  -0.07989
     CYsurf  =   0.00278     Cmsurf  =   0.12148
     CDsurf  =   0.01321     Cnsurf  =  -0.00659
     CDisurf =   0.01321     CDvsurf =   0.00000

 Forces referred to Ssurf, Cave 
     CLsurf  =   0.43987     CDsurf  =   0.01585

 Strip Forces referred to Strip Area, Chord
    j     Xle      Yle      Zle      Chord    Area     c_cl     ai     cl_norm    cl       cd       cdv    cm_c/4     cm_LE   C.P.x/c
     1   0.0001   0.0006   0.0000   0.2032   0.0005   0.1073   0.0571   0.5285   0.5234   0.0715   0.0000   0.0016  -0.1298    0.247
     2   0.0006   0.0056   0.0000   0.2032   0.0015   0.1073   0.0569   0.5339   0.5287   0.0239   0.0000   0.0021  -0.1293    0.246
     3   0.0015   0.0155   0.0000   0.2032   0.0025   0.1073   0.0573   0.5342   0.5290   0.0209   0.0000   0.0034  -0.1280    0.244
     4   0.0030   0.0299   0.0000   0.2032   0.0034   0.1073   0.0581   0.5342   0.5290   0.0195   0.0000   0.0049  -0.1264    0.241
     5   0.0049   0.0487   0.0000   0.2032   0.0042   0.1071   0.0593   0.5336   0.5284   0.0184   0.0000   0.0064  -0.1248    0.238
     6   0.0071   0.0712   0.0000   0.2032   0.0049   0.1068   0.0608   0.5319   0.5267   0.0177   0.0000   0.0076  -0.1231    0.236
     7   0.0097   0.0970   0.0000   0.2032   0.0055   0.1061   0.0625   0.5285   0.5233   0.0171   0.0000   0.0087  -0.1212    0.233
     8   0.0125   0.1254   0.0000   0.2032   0.0060   0.1049   0.0646   0.5226   0.5175   0.0167   0.0000   0.0097  -0.1188    0.231
     9   0.0156   0.1558   0.0000   0.2032   0.0063   0.1031   0.0670   0.5136   0.5085   0.0165   0.0000   0.0107  -0.1156    0.229
    10   0.0187   0.1873   0.0000   0.2032   0.0065   0.1004   0.0699   0.5005   0.4956   0.0163   0.0000   0.0118  -0.1113    0.226
    11   0.0219   0.2191   0.0000   0.2032   0.0065   0.0969   0.0733   0.4826   0.4779   0.0161   0.0000   0.0131  -0.1056    0.223
    12   0.0250   0.2506   0.0000   0.2032   0.0063   0.0922   0.0772   0.4591   0.4546   0.0158   0.0000   0.0147  -0.0982    0.218
    13   0.0281   0.2810   0.0000   0.2032   0.0060   0.0862   0.0813   0.4291   0.4249   0.0153   0.0000   0.0165  -0.0891    0.211
    14   0.0309   0.3094   0.0000   0.2032   0.0055   0.0787   0.0853   0.3919   0.3881   0.0145   0.0000   0.0184  -0.0781    0.203
    15   0.0335   0.3352   0.0000   0.2032   0.0049   0.0697   0.0887   0.3471   0.3437   0.0135   0.0000   0.0201  -0.0653    0.192
    16   0.0357   0.3577   0.0000   0.2032   0.0042   0.0592   0.0909   0.2948   0.2919   0.0119   0.0000   0.0211  -0.0515    0.178
    17   0.0376   0.3765   0.0000   0.2032   0.0034   0.0473   0.0912   0.2356   0.2333   0.0099   0.0000   0.0206  -0.0375    0.162
    18   0.0391   0.3909   0.0000   0.2032   0.0025   0.0344   0.0891   0.1713   0.1696   0.0074   0.0000   0.0179  -0.0243    0.145
    19   0.0400   0.4008   0.0000   0.2032   0.0015   0.0208   0.0850   0.1036   0.1026   0.0043   0.0000   0.0124  -0.0131    0.129
    20   0.0405   0.4058   0.0000   0.2032   0.0005   0.0070   0.0814   0.0346   0.0343   0.0011   0.0000   0.0045  -0.0041    0.120

  Surface # 2     Wing (YDUP)                             
     # Chordwise = 10   # Spanwise = 20     First strip = 21
     Surface area Ssurf =    0.082580     Ave. chord Cave =    0.203200

 Forces referred to Sref, Cref, Bref about Xref, Yref, Zref
 Standard axis orientation,  X fwd, Z down         
     CLsurf  =   0.36654     Clsurf  =   0.07989
     CYsurf  =  -0.00278     Cmsurf  =   0.12148
     CDsurf  =   0.01321     Cnsurf  =   0.00659
     CDisurf =   0.01321     CDvsurf =   0.00000

 Forces referred to Ssurf, Cave 
     CLsurf  =   0.43987     CDsurf  =   0.01585

 Strip Forces referred to Strip Area, Chord
    j     Xle      Yle      Zle      Chord    Area     c_cl     ai     cl_norm    cl       cd       cdv    cm_c/4     cm_LE   C.P.x/c
    21   0.0001  -0.0006   0.0000   0.2032   0.0005   0.1073   0.0571   0.5285   0.5234   0.0715   0.0000   0.0016   0.1298    0.247
    22   0.0006  -0.0056   0.0000   0.2032   0.0015   0.1073   0.0569   0.5339   0.5287   0.0239   0.0000   0.0021   0.1293    0.246
    23   0.0015  -0.0155   0.0000   0.2032   0.0025   0.1073   0.0573   0.5342   0.5290   0.0209   0.0000   0.0034   0.1280    0.244
    24   0.0030  -0.0299   0.0000   0.2032   0.0034   0.1073   0.0581   0.5342   0.5290   0.0195   0.0000   0.0049   0.1264    0.241
    25   0.0049  -0.0487   0.0000   0.2032   0.0042   0.1071   0.0593   0.5336   0.5284   0.0184   0.0000   0.0064   0.1248    0.238
    26   0.0071  -0.0712   0.0000   0.2032   0.0049   0.1068   0.0608   0.5319   0.5267   0.0177   0.0000   0.0076   0.1231    0.236
    27   0.0097  -0.0970   0.0000   0.2032   0.0055   0.1061   0.0625   0.5285   0.5233   0.0171   0.0000   0.0087   0.1212    0.233
    28   0.0125  -0.1254   0.0000   0.2032   0.0060   0.1049   0.0646   0.5226   0.5175   0.0167   0.0000   0.0097   0.1188    0.231
    29   0.0156  -0.1558   0.0000   0.2032   0.0063   0.1031   0.0670   0.5136   0.5085   0.0165   0.0000   0.0107   0.1156    0.229
    30   0.0187  -0.1873   0.0000   0.2032   0.0065   0.1004   0.0699   0.5005   0.4956   0.0163   0.0000   0.0118   0.1113    0.226
    31   0.0219  -0.2191   0.0000   0.2032   0.0065   0.0969   0.0733   0.4826   0.4779   0.0161   0.0000   0.0131   0.1056    0.223
    32   0.0250  -0.2506   0.0000   0.2032   0.0063   0.0922   0.0772   0.4591   0.4546   0.0158   0.0000   0.0147   0.0982    0.218
    33   0.0281  -0.2810   0.0000   0.2032   0.0060   0.0862   0.0813   0.4291   0.4249   0.0153   0.0000   0.0165   0.0891    0.211
    34   0.0309  -0.3094   0.0000   0.2032   0.0055   0.0787   0.0853   0.3919   0.3881   0.0145   0.0000   0.0184   0.0781    0.203
    35   0.0335  -0.3352   0.0000   0.2032   0.0049   0.0697   0.0887   0.3471   0.3437   0.0135   0.0000   0.0201   0.0653    0.192
    36   0.0357  -0.3577   0.0000   0.2032   0.0042   0.0592   0.0909   0.2948   0.2919   0.0119   0.0000   0.0211   0.0515    0.178
    37   0.0376  -0.3765   0.0000   0.2032   0.0034   0.0473   0.0912   0.2356   0.2333   0.0099   0.0000   0.0206   0.0375    0.162
    38   0.0391  -0.3909   0.0000   0.2032   0.0025   0.0344   0.0891   0.1713   0.1696   0.0074   0.0000   0.0179   0.0243    0.145
    39   0.0400  -0.4008   0.0000   0.2032   0.0015   0.0208   0.0850   0.1036   0.1026   0.0043   0.0000   0.0124   0.0131    0.129
    40   0.0405  -0.4058   0.0000   0.2032   0.0005   0.0070   0.0814   0.0346   0.0343   0.0011   0.0000   0.0045   0.0041    0.120
 ---------------------------------------------------------------
