 ---------------------------------------------------------------
 Surface and Strip Forces by surface

  Sref = 0.17880       Cref = 0.25250       Bref = 0.71120    
  Xref = 0.10920       Yref =  0.0000       Zref =  0.0000    

  Surface # 1     Wing                                    
     # Chordwise = 10   # Spanwise = 20     First strip =  1
     Surface area Ssurf =    0.099355     Ave. chord Cave =    0.279400

 Forces referred to Sref, Cref, Bref about Xref, Yref, Zref
 Standard axis orientation,  X fwd, Z down         
     CLsurf  =   0.20316     Clsurf  =  -0.04350
     CYsurf  =   0.00057     Cmsurf  =   0.03665
     CDsurf  =   0.00942     Cnsurf  =  -0.00331
     CDisurf =   0.00942     CDvsurf =   0.00000

 Forces referred to Ssurf, Cave 
     CLsurf  =   0.36560     CDsurf  =   0.01695

 Strip Forces referred to Strip Area, Chord
    j     Xle      Yle      Zle      Chord    Area     c_cl     ai     cl_norm    cl       cd       cdv    cm_c/4     cm_LE   C.P.x/c
     1   0.0000   0.0005   0.0000   0.2794   0.0006   0.1272   0.0859   0.4536   0.4529   0.0464   0.0000   0.0113  -0.1024    0.225
     2   0.0002   0.0049   0.0000   0.2794   0.0018   0.1272   0.0857   0.4564   0.4557   0.0224   0.0000   0.0114  -0.1023    0.225
     3   0.0005   0.0135   0.0000   0.2794   0.0030   0.1271   0.0856   0.4563   0.4556   0.0209   0.0000   0.0117  -0.1019    0.224
     4   0.0010   0.0262   0.0000   0.2794   0.0041   0.1269   0.0858   0.4557   0.4550   0.0204   0.0000   0.0122  -0.1013    0.223
     5   0.0017   0.0426   0.0000   0.2794   0.0051   0.1265   0.0862   0.4541   0.4535   0.0200   0.0000   0.0127  -0.1004    0.222
     6   0.0025   0.0623   0.0000   0.2794   0.0059   0.1256   0.0868   0.4512   0.4505   0.0197   0.0000   0.0132  -0.0991    0.221
     7   0.0033   0.0849   0.0000   0.2794   0.0066   0.1243   0.0877   0.4463   0.4456   0.0194   0.0000   0.0138  -0.0973    0.219
     8   0.0043   0.1098   0.0000   0.2794   0.0072   0.1222   0.0889   0.4388   0.4382   0.0191   0.0000   0.0145  -0.0947    0.217
     9   0.0054   0.1363   0.0000   0.2794   0.0076   0.1193   0.0904   0.4282   0.4276   0.0188   0.0000   0.0153  -0.0913    0.214
    10   0.0065   0.1638   0.0000   0.2794   0.0078   0.1153   0.0922   0.4139   0.4133   0.0184   0.0000   0.0162  -0.0869    0.211
    11   0.0075   0.1918   0.0000   0.2794   0.0078   0.1101   0.0942   0.3954   0.3948   0.0179   0.0000   0.0172  -0.0813    0.206
    12   0.0086   0.2193   0.0000   0.2794   0.0076   0.1037   0.0963   0.3721   0.3715   0.0172   0.0000   0.0183  -0.0744    0.201
    13   0.0097   0.2458   0.0000   0.2794   0.0072   0.0958   0.0983   0.3438   0.3433   0.0163   0.0000   0.0193  -0.0664    0.194
    14   0.0107   0.2707   0.0000   0.2794   0.0066   0.0865   0.0999   0.3104   0.3099   0.0152   0.0000   0.0200  -0.0573    0.185
    15   0.0115   0.2933   0.0000   0.2794   0.0059   0.0758   0.1009   0.2718   0.2714   0.0138   0.0000   0.0203  -0.0475    0.175
    16   0.0123   0.3130   0.0000   0.2794   0.0051   0.0637   0.1008   0.2286   0.2282   0.0119   0.0000   0.0197  -0.0373    0.164
    17   0.0130   0.3294   0.0000   0.2794   0.0041   0.0506   0.0994   0.1814   0.1811   0.0097   0.0000   0.0179  -0.0273    0.151
    18   0.0135   0.3421   0.0000   0.2794   0.0030   0.0366   0.0967   0.1312   0.1310   0.0072   0.0000   0.0146  -0.0182    0.139
    19   0.0138   0.3507   0.0000   0.2794   0.0018   0.0221   0.0931   0.0793   0.0791   0.0043   0.0000   0.0096  -0.0101    0.128
    20   0.0140   0.3551   0.0000   0.2794   0.0006   0.0074   0.0906   0.0265   0.0265   0.0013   0.0000   0.0034  -0.0032    0.123

  Surface # 2     Wing (YDUP)                             
     # Chordwise = 10   # Spanwise = 20     First strip = 21
     Surface area Ssurf =    0.099355     Ave. chord Cave =    0.279400

 Forces referred to Sref, Cref, Bref about Xref, Yref, Zref
 Standard axis orientation,  X fwd, Z down         
     CLsurf  =   0.20316     Clsurf  =   0.04350
     CYsurf  =  -0.00057     Cmsurf  =   0.03665
     CDsurf  =   0.00942     Cnsurf  =   0.00331
     CDisurf =   0.00942     CDvsurf =   0.00000

 Forces referred to Ssurf, Cave 
     CLsurf  =   0.36560     CDsurf  =   0.01695

 Strip Forces referred to Strip Area, Chord
    j     Xle      Yle      Zle      Chord    Area     c_cl     ai     cl_norm    cl       cd       cdv    cm_c/4     cm_LE   C.P.x/c
    21   0.0000  -0.0005   0.0000   0.2794   0.0006   0.1272   0.0859   0.4536   0.4529   0.0464   0.0000   0.0113   0.1024    0.225
    22   0.0002  -0.0049   0.0000   0.2794   0.0018   0.1272   0.0857   0.4564   0.4557   0.0224   0.0000   0.0114   0.1023    0.225
    23   0.0005  -0.0135   0.0000   0.2794   0.0030   0.1271   0.0856   0.4563   0.4556   0.0209   0.0000   0.0117   0.1019    0.224
    24   0.0010  -0.0262   0.0000   0.2794   0.0041   0.1269   0.0858   0.4557   0.4550   0.0204   0.0000   0.0122   0.1013    0.223
    25   0.0017  -0.0426   0.0000   0.2794   0.0051   0.1265   0.0862   0.4541   0.4535   0.0200   0.0000   0.0127   0.1004    0.222
    26   0.0025  -0.0623   0.0000   0.2794   0.0059   0.1256   0.0868   0.4512   0.4505   0.0197   0.0000   0.0132   0.0991    0.221
    27   0.0033  -0.0849   0.0000   0.2794   0.0066   0.1243   0.0877   0.4463   0.4456   0.0194   0.0000   0.0138   0.0973    0.219
    28   0.0043  -0.1098   0.0000   0.2794   0.0072   0.1222   0.0889   0.4388   0.4382   0.0191   0.0000   0.0145   0.0947    0.217
    29   0.0054  -0.1363   0.0000   0.2794   0.0076   0.1193   0.0904   0.4282   0.4276   0.0188   0.0000   0.0153   0.0913    0.214
    30   0.0065  -0.1638   0.0000   0.2794   0.0078   0.1153   0.0922   0.4139   0.4133   0.0184   0.0000   0.0162   0.0869    0.211
    31   0.0075  -0.1918   0.0000   0.2794   0.0078   0.1101   0.0942   0.3954   0.3948   0.0179   0.0000   0.0172   0.0813    0.206
    32   0.0086  -0.2193   0.0000   0.2794   0.0076   0.1037   0.0963   0.3721   0.3715   0.0172   0.0000   0.0183   0.0744    0.201
    33   0.0097  -0.2458   0.0000   0.2794   0.0072   0.0958   0.0983   0.3438   0.3433   0.0163   0.0000   0.0193   0.0664    0.194
    34   0.0107  -0.2707   0.0000   0.2794   0.0066   0.0865   0.0999   0.3104   0.3099   0.0152   0.0000   0.0200   0.0573    0.185
    35   0.0115  -0.2933   0.0000   0.2794   0.0059   0.0758   0.1009   0.2718   0.2714   0.0138   0.0000   0.0203   0.0475    0.175
    36   0.0123  -0.3130   0.0000   0.2794   0.0051   0.0637   0.1008   0.2286   0.2282   0.0119   0.0000   0.0197   0.0373    0.164
    37   0.0130  -0.3294   0.0000   0.2794   0.0041   0.0506   0.0994   0.1814   0.1811   0.0097   0.0000   0.0179   0.0273    0.151
    38   0.0135  -0.3421   0.0000   0.2794   0.0030   0.0366   0.0967   0.1312   0.1310   0.0072   0.0000   0.0146   0.0182    0.139
    39   0.0138  -0.3507   0.0000   0.2794   0.0018   0.0221   0.0931   0.0793   0.0791   0.0043   0.0000   0.0096   0.0101    0.128
    40   0.0140  -0.3551   0.0000   0.2794   0.0006   0.0074   0.0906   0.0265   0.0265   0.0013   0.0000   0.0034   0.0032    0.123
 ---------------------------------------------------------------
