 ---------------------------------------------------------------
 Surface and Strip Forces by surface

  Sref = 0.13210       Cref = 0.16590       Bref = 0.81280    
  Xref = 0.10920       Yref =  0.0000       Zref =  0.0000    

  Surface # 1     Wing                                    
     # Chordwise = 10   # Spanwise = 20     First strip =  1
     Surface area Ssurf =    0.082580     Ave. chord Cave =    0.203200

 Forces referred to Sref, Cref, Bref about Xref, Yref, Zref
 Standard axis orientation,  X fwd, Z down         
     CLsurf  =   0.27498     Clsurf  =  -0.06072
     CYsurf  =   0.00672     Cmsurf  =   0.01120
     CDsurf  =   0.01032     Cnsurf  =  -0.00664
     CDisurf =   0.01032     CDvsurf =   0.00000

 Forces referred to Ssurf, Cave 
     CLsurf  =   0.43987     CDsurf  =   0.01651

 Strip Forces referred to Strip Area, Chord
    j     Xle      Yle      Zle      Chord    Area     c_cl     ai     cl_norm    cl       cd       cdv    cm_c/4     cm_LE   C.P.x/c
     1   0.0002   0.0006   0.0000   0.2032   0.0005   0.1035   0.0449   0.5426   0.4934   0.1692   0.0000  -0.0142  -0.1350    0.279
     2   0.0018   0.0056   0.0000   0.2032   0.0015   0.1035   0.0450   0.5593   0.5087   0.0370   0.0000  -0.0127  -0.1335    0.275
     3   0.0049   0.0155   0.0000   0.2032   0.0025   0.1036   0.0469   0.5608   0.5100   0.0296   0.0000  -0.0089  -0.1300    0.267
     4   0.0095   0.0299   0.0000   0.2032   0.0034   0.1039   0.0500   0.5625   0.5116   0.0260   0.0000  -0.0044  -0.1259    0.259
     5   0.0155   0.0487   0.0000   0.2032   0.0042   0.1042   0.0533   0.5645   0.5134   0.0230   0.0000  -0.0003  -0.1224    0.250
     6   0.0226   0.0712   0.0000   0.2032   0.0049   0.1044   0.0568   0.5659   0.5146   0.0206   0.0000   0.0031  -0.1194    0.244
     7   0.0308   0.0970   0.0000   0.2032   0.0055   0.1043   0.0602   0.5659   0.5146   0.0189   0.0000   0.0057  -0.1169    0.239
     8   0.0399   0.1254   0.0000   0.2032   0.0060   0.1038   0.0637   0.5634   0.5124   0.0175   0.0000   0.0078  -0.1144    0.235
     9   0.0495   0.1558   0.0000   0.2032   0.0063   0.1027   0.0674   0.5575   0.5070   0.0165   0.0000   0.0096  -0.1113    0.231
    10   0.0595   0.1873   0.0000   0.2032   0.0065   0.1008   0.0716   0.5472   0.4976   0.0157   0.0000   0.0115  -0.1072    0.227
    11   0.0697   0.2191   0.0000   0.2032   0.0065   0.0979   0.0763   0.5313   0.4831   0.0149   0.0000   0.0136  -0.1018    0.222
    12   0.0797   0.2506   0.0000   0.2032   0.0063   0.0937   0.0814   0.5087   0.4626   0.0141   0.0000   0.0160  -0.0946    0.215
    13   0.0893   0.2810   0.0000   0.2032   0.0060   0.0881   0.0866   0.4782   0.4349   0.0130   0.0000   0.0188  -0.0853    0.207
    14   0.0984   0.3094   0.0000   0.2032   0.0055   0.0808   0.0916   0.4389   0.3991   0.0118   0.0000   0.0219  -0.0739    0.195
    15   0.1066   0.3352   0.0000   0.2032   0.0049   0.0719   0.0955   0.3901   0.3548   0.0102   0.0000   0.0247  -0.0607    0.180
    16   0.1137   0.3577   0.0000   0.2032   0.0042   0.0611   0.0976   0.3320   0.3019   0.0084   0.0000   0.0265  -0.0464    0.162
    17   0.1197   0.3765   0.0000   0.2032   0.0034   0.0489   0.0973   0.2657   0.2416   0.0063   0.0000   0.0263  -0.0323    0.141
    18   0.1243   0.3909   0.0000   0.2032   0.0025   0.0355   0.0943   0.1931   0.1756   0.0041   0.0000   0.0230  -0.0198    0.119
    19   0.1274   0.4008   0.0000   0.2032   0.0015   0.0215   0.0893   0.1168   0.1062   0.0016   0.0000   0.0159  -0.0100    0.100
    20   0.1290   0.4058   0.0000   0.2032   0.0005   0.0072   0.0853   0.0392   0.0356  -0.0006   0.0000   0.0057  -0.0030    0.090

  Surface # 2     Wing (YDUP)                             
     # Chordwise = 10   # Spanwise = 20     First strip = 21
     Surface area Ssurf =    0.082580     Ave. chord Cave =    0.203200

 Forces referred to Sref, Cref, Bref about Xref, Yref, Zref
 Standard axis orientation,  X fwd, Z down         
     CLsurf  =   0.27498     Clsurf  =   0.06072
     CYsurf  =  -0.00672     Cmsurf  =   0.01120
     CDsurf  =   0.01032     Cnsurf  =   0.00664
     CDisurf =   0.01032     CDvsurf =   0.00000

 Forces referred to Ssurf, Cave 
     CLsurf  =   0.43987     CDsurf  =   0.01651

 Strip Forces referred to Strip Area, Chord
    j     Xle      Yle      Zle      Chord    Area     c_cl     ai     cl_norm    cl       cd       cdv    cm_c/4     cm_LE   C.P.x/c
    21   0.0002  -0.0006   0.0000   0.2032   0.0005   0.1035   0.0449   0.5426   0.4934   0.1692   0.0000  -0.0142   0.1350    0.279
    22   0.0018  -0.0056   0.0000   0.2032   0.0015   0.1035   0.0450   0.5593   0.5087   0.0370   0.0000  -0.0127   0.1335    0.275
    23   0.0049  -0.0155   0.0000   0.2032   0.0025   0.1036   0.0469   0.5608   0.5100   0.0296   0.0000  -0.0089   0.1300    0.267
    24   0.0095  -0.0299   0.0000   0.2032   0.0034   0.1039   0.0500   0.5625   0.5116   0.0260   0.0000  -0.0044   0.1259    0.259
    25   0.0155  -0.0487   0.0000   0.2032   0.0042   0.1042   0.0533   0.5645   0.5134   0.0230   0.0000  -0.0003   0.1224    0.250
    26   0.0226  -0.0712   0.0000   0.2032   0.0049   0.1044   0.0568   0.5659   0.5146   0.0206   0.0000   0.0031   0.1194    0.244
    27   0.0308  -0.0970   0.0000   0.2032   0.0055   0.1043   0.0602   0.5659   0.5146   0.0189   0.0000   0.0057   0.1169    0.239
    28   0.0399  -0.1254   0.0000   0.2032   0.0060   0.1038   0.0637   0.5634   0.5124   0.0175   0.0000   0.0078   0.1144    0.235
    29   0.0495  -0.1558   0.0000   0.2032   0.0063   0.1027   0.0674   0.5575   0.5070   0.0165   0.0000   0.0096   0.1113    0.231
    30   0.0595  -0.1873   0.0000   0.2032   0.0065   0.1008   0.0716   0.5472   0.4976   0.0157   0.0000   0.0115   0.1072    0.227
    31   0.0697  -0.2191   0.0000   0.2032   0.0065   0.0979   0.0763   0.5313   0.4831   0.0149   0.0000   0.0136   0.1018    0.222
    32   0.0797  -0.2506   0.0000   0.2032   0.0063   0.0937   0.0814   0.5087   0.4626   0.0141   0.0000   0.0160   0.0946    0.215
    33   0.0893  -0.2810   0.0000   0.2032   0.0060   0.0881   0.0866   0.4782   0.4349   0.0130   0.0000   0.0188   0.0853    0.207
    34   0.0984  -0.3094   0.0000   0.2032   0.0055   0.0808   0.0916   0.4389   0.3991   0.0118   0.0000   0.0219   0.0739    0.195
    35   0.1066  -0.3352   0.0000   0.2032   0.0049   0.0719   0.0955   0.3901   0.3548   0.0102   0.0000   0.0247   0.0607    0.180
    36   0.1137  -0.3577   0.0000   0.2032   0.0042   0.0611   0.0976   0.3320   0.3019   0.0084   0.0000   0.0265   0.0464    0.162
    37   0.1197  -0.3765   0.0000   0.2032   0.0034   0.0489   0.0973   0.2657   0.2416   0.0063   0.0000   0.0263   0.0323    0.141
    38   0.1243  -0.3909   0.0000   0.2032   0.0025   0.0355   0.0943   0.1931   0.1756   0.0041   0.0000   0.0230   0.0198    0.119
    39   0.1274  -0.4008   0.0000   0.2032   0.0015   0.0215   0.0893   0.1168   0.1062   0.0016   0.0000   0.0159   0.0100    0.100
    40   0.1290  -0.4058   0.0000   0.2032   0.0005   0.0072   0.0853   0.0392   0.0356  -0.0006   0.0000   0.0057   0.0030    0.090
 ---------------------------------------------------------------
