 ---------------------------------------------------------------
 Surface and Strip Forces by surface

  Sref = 0.10840       Cref = 0.17500       Bref = 0.71120    
  Xref = 0.10920       Yref =  0.0000       Zref =  0.0000    

  Surface # 1     Wing                                    
     # Chordwise = 10   # Spanwise = 20     First strip =  1
     Surface area Ssurf =    0.090322     Ave. chord Cave =    0.254000

 Forces referred to Sref, Cref, Bref about Xref, Yref, Zref
 Standard axis orientation,  X fwd, Z down         
     CLsurf  =   0.33510     Clsurf  =  -0.07221
     CYsurf  =   0.00366     Cmsurf  =   0.06451
     CDsurf  =   0.01590     Cnsurf  =  -0.00698
     CDisurf =   0.01590     CDvsurf =   0.00000

 Forces referred to Ssurf, Cave 
     CLsurf  =   0.40216     CDsurf  =   0.01908

 Strip Forces referred to Strip Area, Chord
    j     Xle      Yle      Zle      Chord    Area     c_cl     ai     cl_norm    cl       cd       cdv    cm_c/4     cm_LE   C.P.x/c
     1   0.0001   0.0005   0.0000   0.2540   0.0006   0.1253   0.0811   0.4916   0.4820   0.1212   0.0000   0.0032  -0.1189    0.243
     2   0.0007   0.0049   0.0000   0.2540   0.0017   0.1253   0.0805   0.5028   0.4929   0.0327   0.0000   0.0037  -0.1184    0.243
     3   0.0019   0.0135   0.0000   0.2540   0.0027   0.1252   0.0806   0.5033   0.4934   0.0274   0.0000   0.0049  -0.1172    0.240
     4   0.0037   0.0262   0.0000   0.2540   0.0037   0.1251   0.0812   0.5031   0.4932   0.0255   0.0000   0.0065  -0.1154    0.237
     5   0.0061   0.0426   0.0000   0.2540   0.0046   0.1248   0.0824   0.5021   0.4922   0.0241   0.0000   0.0083  -0.1134    0.233
     6   0.0089   0.0623   0.0000   0.2540   0.0054   0.1242   0.0838   0.4998   0.4900   0.0229   0.0000   0.0100  -0.1111    0.230
     7   0.0121   0.0849   0.0000   0.2540   0.0060   0.1232   0.0856   0.4956   0.4859   0.0219   0.0000   0.0116  -0.1085    0.226
     8   0.0157   0.1098   0.0000   0.2540   0.0065   0.1214   0.0877   0.4888   0.4792   0.0211   0.0000   0.0131  -0.1054    0.223
     9   0.0195   0.1363   0.0000   0.2540   0.0069   0.1189   0.0901   0.4786   0.4691   0.0204   0.0000   0.0146  -0.1014    0.219
    10   0.0234   0.1638   0.0000   0.2540   0.0071   0.1153   0.0929   0.4642   0.4551   0.0196   0.0000   0.0161  -0.0964    0.215
    11   0.0274   0.1918   0.0000   0.2540   0.0071   0.1106   0.0958   0.4450   0.4363   0.0189   0.0000   0.0178  -0.0901    0.209
    12   0.0313   0.2193   0.0000   0.2540   0.0069   0.1044   0.0988   0.4204   0.4121   0.0179   0.0000   0.0195  -0.0825    0.203
    13   0.0351   0.2458   0.0000   0.2540   0.0065   0.0968   0.1017   0.3898   0.3821   0.0168   0.0000   0.0212  -0.0734    0.195
    14   0.0387   0.2707   0.0000   0.2540   0.0060   0.0877   0.1041   0.3530   0.3461   0.0155   0.0000   0.0226  -0.0631    0.185
    15   0.0419   0.2933   0.0000   0.2540   0.0054   0.0770   0.1057   0.3101   0.3040   0.0138   0.0000   0.0235  -0.0518    0.173
    16   0.0447   0.3130   0.0000   0.2540   0.0046   0.0649   0.1059   0.2613   0.2562   0.0118   0.0000   0.0233  -0.0402    0.159
    17   0.0471   0.3294   0.0000   0.2540   0.0037   0.0516   0.1047   0.2077   0.2036   0.0095   0.0000   0.0215  -0.0290    0.144
    18   0.0489   0.3421   0.0000   0.2540   0.0027   0.0374   0.1018   0.1504   0.1475   0.0068   0.0000   0.0177  -0.0189    0.130
    19   0.0501   0.3507   0.0000   0.2540   0.0017   0.0226   0.0979   0.0909   0.0892   0.0037   0.0000   0.0118  -0.0104    0.118
    20   0.0507   0.3551   0.0000   0.2540   0.0006   0.0075   0.0952   0.0305   0.0299   0.0007   0.0000   0.0041  -0.0033    0.111

  Surface # 2     Wing (YDUP)                             
     # Chordwise = 10   # Spanwise = 20     First strip = 21
     Surface area Ssurf =    0.090322     Ave. chord Cave =    0.254000

 Forces referred to Sref, Cref, Bref about Xref, Yref, Zref
 Standard axis orientation,  X fwd, Z down         
     CLsurf  =   0.33510     Clsurf  =   0.07221
     CYsurf  =  -0.00366     Cmsurf  =   0.06451
     CDsurf  =   0.01590     Cnsurf  =   0.00698
     CDisurf =   0.01590     CDvsurf =   0.00000

 Forces referred to Ssurf, Cave 
     CLsurf  =   0.40216     CDsurf  =   0.01908

 Strip Forces referred to Strip Area, Chord
    j     Xle      Yle      Zle      Chord    Area     c_cl     ai     cl_norm    cl       cd       cdv    cm_c/4     cm_LE   C.P.x/c
    21   0.0001  -0.0005   0.0000   0.2540   0.0006   0.1253   0.0811   0.4916   0.4820   0.1212   0.0000   0.0032   0.1189    0.243
    22   0.0007  -0.0049   0.0000   0.2540   0.0017   0.1253   0.0805   0.5028   0.4929   0.0327   0.0000   0.0037   0.1184    0.243
    23   0.0019  -0.0135   0.0000   0.2540   0.0027   0.1252   0.0806   0.5033   0.4934   0.0274   0.0000   0.0049   0.1172    0.240
    24   0.0037  -0.0262   0.0000   0.2540   0.0037   0.1251   0.0812   0.5031   0.4932   0.0255   0.0000   0.0065   0.1154    0.237
    25   0.0061  -0.0426   0.0000   0.2540   0.0046   0.1248   0.0824   0.5021   0.4922   0.0241   0.0000   0.0083   0.1134    0.233
    26   0.0089  -0.0623   0.0000   0.2540   0.0054   0.1242   0.0838   0.4998   0.4900   0.0229   0.0000   0.0100   0.1111    0.230
    27   0.0121  -0.0849   0.0000   0.2540   0.0060   0.1232   0.0856   0.4956   0.4859   0.0219   0.0000   0.0116   0.1085    0.226
    28   0.0157  -0.1098   0.0000   0.2540   0.0065   0.1214   0.0877   0.4888   0.4792   0.0211   0.0000   0.0131   0.1054    0.223
    29   0.0195  -0.1363   0.0000   0.2540   0.0069   0.1189   0.0901   0.4786   0.4691   0.0204   0.0000   0.0146   0.1014    0.219
    30   0.0234  -0.1638   0.0000   0.2540   0.0071   0.1153   0.0929   0.4642   0.4551   0.0196   0.0000   0.0161   0.0964    0.215
    31   0.0274  -0.1918   0.0000   0.2540   0.0071   0.1106   0.0958   0.4450   0.4363   0.0189   0.0000   0.0178   0.0901    0.209
    32   0.0313  -0.2193   0.0000   0.2540   0.0069   0.1044   0.0988   0.4204   0.4121   0.0179   0.0000   0.0195   0.0825    0.203
    33   0.0351  -0.2458   0.0000   0.2540   0.0065   0.0968   0.1017   0.3898   0.3821   0.0168   0.0000   0.0212   0.0734    0.195
    34   0.0387  -0.2707   0.0000   0.2540   0.0060   0.0877   0.1041   0.3530   0.3461   0.0155   0.0000   0.0226   0.0631    0.185
    35   0.0419  -0.2933   0.0000   0.2540   0.0054   0.0770   0.1057   0.3101   0.3040   0.0138   0.0000   0.0235   0.0518    0.173
    36   0.0447  -0.3130   0.0000   0.2540   0.0046   0.0649   0.1059   0.2613   0.2562   0.0118   0.0000   0.0233   0.0402    0.159
    37   0.0471  -0.3294   0.0000   0.2540   0.0037   0.0516   0.1047   0.2077   0.2036   0.0095   0.0000   0.0215   0.0290    0.144
    38   0.0489  -0.3421   0.0000   0.2540   0.0027   0.0374   0.1018   0.1504   0.1475   0.0068   0.0000   0.0177   0.0189    0.130
    39   0.0501  -0.3507   0.0000   0.2540   0.0017   0.0226   0.0979   0.0909   0.0892   0.0037   0.0000   0.0118   0.0104    0.118
    40   0.0507  -0.3551   0.0000   0.2540   0.0006   0.0075   0.0952   0.0305   0.0299   0.0007   0.0000   0.0041   0.0033    0.111
 ---------------------------------------------------------------
