 ---------------------------------------------------------------
 Surface and Strip Forces by surface

  Sref = 0.19870       Cref = 0.27940       Bref = 0.71120    
  Xref = 0.10920       Yref =  0.0000       Zref =  0.0000    

  Surface # 1     Wing                                    
     # Chordwise = 10   # Spanwise = 20     First strip =  1
     Surface area Ssurf =    0.099355     Ave. chord Cave =    0.279400

 Forces referred to Sref, Cref, Bref about Xref, Yref, Zref
 Standard axis orientation,  X fwd, Z down         
     CLsurf  =   0.18281     Clsurf  =  -0.03958
     CYsurf  =   0.00470     Cmsurf  =  -0.00347
     CDsurf  =   0.00903     Cnsurf  =  -0.00544
     CDisurf =   0.00903     CDvsurf =   0.00000

 Forces referred to Ssurf, Cave 
     CLsurf  =   0.36560     CDsurf  =   0.01807

 Strip Forces referred to Strip Area, Chord
    j     Xle      Yle      Zle      Chord    Area     c_cl     ai     cl_norm    cl       cd       cdv    cm_c/4     cm_LE   C.P.x/c
     1   0.0002   0.0005   0.0000   0.2794   0.0006   0.1237   0.0756   0.4721   0.4177   0.2341   0.0000  -0.0092  -0.1126    0.272
     2   0.0018   0.0049   0.0000   0.2794   0.0018   0.1237   0.0744   0.4981   0.4407   0.0431   0.0000  -0.0084  -0.1119    0.269
     3   0.0049   0.0135   0.0000   0.2794   0.0030   0.1237   0.0748   0.4995   0.4420   0.0321   0.0000  -0.0059  -0.1095    0.263
     4   0.0095   0.0262   0.0000   0.2794   0.0041   0.1237   0.0765   0.5000   0.4423   0.0290   0.0000  -0.0024  -0.1062    0.255
     5   0.0155   0.0426   0.0000   0.2794   0.0051   0.1236   0.0788   0.5000   0.4423   0.0264   0.0000   0.0014  -0.1026    0.247
     6   0.0227   0.0623   0.0000   0.2794   0.0059   0.1233   0.0816   0.4990   0.4415   0.0241   0.0000   0.0049  -0.0991    0.239
     7   0.0309   0.0849   0.0000   0.2794   0.0066   0.1226   0.0846   0.4964   0.4392   0.0221   0.0000   0.0080  -0.0955    0.232
     8   0.0399   0.1098   0.0000   0.2794   0.0072   0.1212   0.0878   0.4912   0.4346   0.0204   0.0000   0.0109  -0.0917    0.225
     9   0.0496   0.1363   0.0000   0.2794   0.0076   0.1191   0.0912   0.4825   0.4269   0.0188   0.0000   0.0136  -0.0874    0.218
    10   0.0596   0.1638   0.0000   0.2794   0.0078   0.1158   0.0948   0.4695   0.4154   0.0173   0.0000   0.0161  -0.0822    0.211
    11   0.0698   0.1918   0.0000   0.2794   0.0078   0.1113   0.0984   0.4513   0.3993   0.0159   0.0000   0.0188  -0.0759    0.203
    12   0.0798   0.2193   0.0000   0.2794   0.0076   0.1053   0.1017   0.4272   0.3779   0.0143   0.0000   0.0214  -0.0685    0.193
    13   0.0895   0.2458   0.0000   0.2794   0.0072   0.0977   0.1046   0.3966   0.3509   0.0127   0.0000   0.0239  -0.0598    0.182
    14   0.0985   0.2707   0.0000   0.2794   0.0066   0.0885   0.1067   0.3592   0.3178   0.0109   0.0000   0.0260  -0.0500    0.168
    15   0.1067   0.2933   0.0000   0.2794   0.0059   0.0777   0.1075   0.3154   0.2790   0.0089   0.0000   0.0272  -0.0398    0.153
    16   0.1139   0.3130   0.0000   0.2794   0.0051   0.0654   0.1068   0.2655   0.2349   0.0069   0.0000   0.0270  -0.0296    0.135
    17   0.1199   0.3294   0.0000   0.2794   0.0041   0.0519   0.1044   0.2108   0.1865   0.0049   0.0000   0.0249  -0.0202    0.116
    18   0.1245   0.3421   0.0000   0.2794   0.0030   0.0375   0.1006   0.1525   0.1349   0.0028   0.0000   0.0204  -0.0124    0.099
    19   0.1276   0.3507   0.0000   0.2794   0.0018   0.0226   0.0962   0.0922   0.0815   0.0006   0.0000   0.0134  -0.0064    0.085
    20   0.1292   0.3551   0.0000   0.2794   0.0006   0.0076   0.0937   0.0310   0.0274  -0.0011   0.0000   0.0047  -0.0019    0.079

  Surface # 2     Wing (YDUP)                             
     # Chordwise = 10   # Spanwise = 20     First strip = 21
     Surface area Ssurf =    0.099355     Ave. chord Cave =    0.279400

 Forces referred to Sref, Cref, Bref about Xref, Yref, Zref
 Standard axis orientation,  X fwd, Z down         
     CLsurf  =   0.18281     Clsurf  =   0.03958
     CYsurf  =  -0.00470     Cmsurf  =  -0.00347
     CDsurf  =   0.00903     Cnsurf  =   0.00544
     CDisurf =   0.00903     CDvsurf =   0.00000

 Forces referred to Ssurf, Cave 
     CLsurf  =   0.36560     CDsurf  =   0.01807

 Strip Forces referred to Strip Area, Chord
    j     Xle      Yle      Zle      Chord    Area     c_cl     ai     cl_norm    cl       cd       cdv    cm_c/4     cm_LE   C.P.x/c
    21   0.0002  -0.0005   0.0000   0.2794   0.0006   0.1237   0.0756   0.4721   0.4177   0.2341   0.0000  -0.0092   0.1126    0.272
    22   0.0018  -0.0049   0.0000   0.2794   0.0018   0.1237   0.0744   0.4981   0.4407   0.0431   0.0000  -0.0084   0.1119    0.269
    23   0.0049  -0.0135   0.0000   0.2794   0.0030   0.1237   0.0748   0.4995   0.4420   0.0321   0.0000  -0.0059   0.1095    0.263
    24   0.0095  -0.0262   0.0000   0.2794   0.0041   0.1237   0.0765   0.5000   0.4423   0.0290   0.0000  -0.0024   0.1062    0.255
    25   0.0155  -0.0426   0.0000   0.2794   0.0051   0.1236   0.0788   0.5000   0.4423   0.0264   0.0000   0.0014   0.1026    0.247
    26   0.0227  -0.0623   0.0000   0.2794   0.0059   0.1233   0.0816   0.4990   0.4415   0.0241   0.0000   0.0049   0.0991    0.239
    27   0.0309  -0.0849   0.0000   0.2794   0.0066   0.1226   0.0846   0.4964   0.4392   0.0221   0.0000   0.0080   0.0955    0.232
    28   0.0399  -0.1098   0.0000   0.2794   0.0072   0.1212   0.0878   0.4912   0.4346   0.0204   0.0000   0.0109   0.0917    0.225
    29   0.0496  -0.1363   0.0000   0.2794   0.0076   0.1191   0.0912   0.4825   0.4269   0.0188   0.0000   0.0136   0.0874    0.218
    30   0.0596  -0.1638   0.0000   0.2794   0.0078   0.1158   0.0948   0.4695   0.4154   0.0173   0.0000   0.0161   0.0822    0.211
    31   0.0698  -0.1918   0.0000   0.2794   0.0078   0.1113   0.0984   0.4513   0.3993   0.0159   0.0000   0.0188   0.0759    0.203
    32   0.0798  -0.2193   0.0000   0.2794   0.0076   0.1053   0.1017   0.4272   0.3779   0.0143   0.0000   0.0214   0.0685    0.193
    33   0.0895  -0.2458   0.0000   0.2794   0.0072   0.0977   0.1046   0.3966   0.3509   0.0127   0.0000   0.0239   0.0598    0.182
    34   0.0985  -0.2707   0.0000   0.2794   0.0066   0.0885   0.1067   0.3592   0.3178   0.0109   0.0000   0.0260   0.0500    0.168
    35   0.1067  -0.2933   0.0000   0.2794   0.0059   0.0777   0.1075   0.3154   0.2790   0.0089   0.0000   0.0272   0.0398    0.153
    36   0.1139  -0.3130   0.0000   0.2794   0.0051   0.0654   0.1068   0.2655   0.2349   0.0069   0.0000   0.0270   0.0296    0.135
    37   0.1199  -0.3294   0.0000   0.2794   0.0041   0.0519   0.1044   0.2108   0.1865   0.0049   0.0000   0.0249   0.0202    0.116
    38   0.1245  -0.3421   0.0000   0.2794   0.0030   0.0375   0.1006   0.1525   0.1349   0.0028   0.0000   0.0204   0.0124    0.099
    39   0.1276  -0.3507   0.0000   0.2794   0.0018   0.0226   0.0962   0.0922   0.0815   0.0006   0.0000   0.0134   0.0064    0.085
    40   0.1292  -0.3551   0.0000   0.2794   0.0006   0.0076   0.0937   0.0310   0.0274  -0.0011   0.0000   0.0047   0.0019    0.079
 ---------------------------------------------------------------
