 ---------------------------------------------------------------
 Surface and Strip Forces by surface

  Sref = 0.12650       Cref = 0.18870       Bref = 0.71120    
  Xref = 0.10920       Yref =  0.0000       Zref =  0.0000    

  Surface # 1     Wing                                    
     # Chordwise = 10   # Spanwise = 20     First strip =  1
     Surface area Ssurf =    0.090322     Ave. chord Cave =    0.254000

 Forces referred to Sref, Cref, Bref about Xref, Yref, Zref
 Standard axis orientation,  X fwd, Z down         
     CLsurf  =   0.28715     Clsurf  =  -0.06276
     CYsurf  =   0.01048     Cmsurf  =  -0.02860
     CDsurf  =   0.01437     Cnsurf  =  -0.01027
     CDisurf =   0.01437     CDvsurf =   0.00000

 Forces referred to Ssurf, Cave 
     CLsurf  =   0.40216     CDsurf  =   0.02013

 Strip Forces referred to Strip Area, Chord
    j     Xle      Yle      Zle      Chord    Area     c_cl     ai     cl_norm    cl       cd       cdv    cm_c/4     cm_LE   C.P.x/c
     1   0.0003   0.0005   0.0000   0.2540   0.0006   0.1207   0.0646   0.5378   0.4417   0.2913   0.0000  -0.0187  -0.1244    0.292
     2   0.0023   0.0049   0.0000   0.2540   0.0017   0.1207   0.0644   0.5752   0.4725   0.0518   0.0000  -0.0175  -0.1233    0.287
     3   0.0064   0.0135   0.0000   0.2540   0.0027   0.1208   0.0664   0.5777   0.4745   0.0387   0.0000  -0.0137  -0.1200    0.279
     4   0.0123   0.0262   0.0000   0.2540   0.0037   0.1210   0.0697   0.5792   0.4757   0.0347   0.0000  -0.0087  -0.1156    0.268
     5   0.0201   0.0426   0.0000   0.2540   0.0046   0.1212   0.0736   0.5808   0.4770   0.0311   0.0000  -0.0035  -0.1111    0.257
     6   0.0294   0.0623   0.0000   0.2540   0.0054   0.1213   0.0778   0.5817   0.4778   0.0279   0.0000   0.0011  -0.1070    0.248
     7   0.0400   0.0849   0.0000   0.2540   0.0060   0.1210   0.0821   0.5809   0.4771   0.0251   0.0000   0.0051  -0.1032    0.239
     8   0.0517   0.1098   0.0000   0.2540   0.0065   0.1202   0.0865   0.5773   0.4742   0.0228   0.0000   0.0086  -0.0993    0.232
     9   0.0642   0.1363   0.0000   0.2540   0.0069   0.1186   0.0911   0.5698   0.4680   0.0207   0.0000   0.0117  -0.0950    0.225
    10   0.0772   0.1638   0.0000   0.2540   0.0071   0.1159   0.0958   0.5571   0.4576   0.0189   0.0000   0.0148  -0.0898    0.218
    11   0.0903   0.1918   0.0000   0.2540   0.0071   0.1119   0.1007   0.5382   0.4421   0.0170   0.0000   0.0180  -0.0834    0.209
    12   0.1033   0.2193   0.0000   0.2540   0.0069   0.1064   0.1054   0.5121   0.4206   0.0151   0.0000   0.0213  -0.0755    0.199
    13   0.1158   0.2458   0.0000   0.2540   0.0065   0.0993   0.1095   0.4777   0.3924   0.0131   0.0000   0.0247  -0.0661    0.187
    14   0.1275   0.2707   0.0000   0.2540   0.0060   0.0903   0.1127   0.4347   0.3570   0.0109   0.0000   0.0277  -0.0553    0.172
    15   0.1381   0.2933   0.0000   0.2540   0.0054   0.0795   0.1144   0.3831   0.3146   0.0085   0.0000   0.0299  -0.0438    0.155
    16   0.1474   0.3130   0.0000   0.2540   0.0046   0.0671   0.1142   0.3235   0.2657   0.0061   0.0000   0.0305  -0.0322    0.135
    17   0.1552   0.3294   0.0000   0.2540   0.0037   0.0534   0.1119   0.2574   0.2114   0.0038   0.0000   0.0287  -0.0216    0.114
    18   0.1611   0.3421   0.0000   0.2540   0.0027   0.0386   0.1079   0.1865   0.1532   0.0016   0.0000   0.0238  -0.0129    0.094
    19   0.1652   0.3507   0.0000   0.2540   0.0017   0.0233   0.1030   0.1128   0.0927  -0.0005   0.0000   0.0159  -0.0064    0.079
    20   0.1672   0.3551   0.0000   0.2540   0.0006   0.0078   0.1001   0.0380   0.0312  -0.0020   0.0000   0.0056  -0.0019    0.072

  Surface # 2     Wing (YDUP)                             
     # Chordwise = 10   # Spanwise = 20     First strip = 21
     Surface area Ssurf =    0.090322     Ave. chord Cave =    0.254000

 Forces referred to Sref, Cref, Bref about Xref, Yref, Zref
 Standard axis orientation,  X fwd, Z down         
     CLsurf  =   0.28715     Clsurf  =   0.06276
     CYsurf  =  -0.01048     Cmsurf  =  -0.02860
     CDsurf  =   0.01437     Cnsurf  =   0.01027
     CDisurf =   0.01437     CDvsurf =   0.00000

 Forces referred to Ssurf, Cave 
     CLsurf  =   0.40216     CDsurf  =   0.02013

 Strip Forces referred to Strip Area, Chord
    j     Xle      Yle      Zle      Chord    Area     c_cl     ai     cl_norm    cl       cd       cdv    cm_c/4     cm_LE   C.P.x/c
    21   0.0003  -0.0005   0.0000   0.2540   0.0006   0.1207   0.0646   0.5378   0.4417   0.2913   0.0000  -0.0187   0.1244    0.292
    22   0.0023  -0.0049   0.0000   0.2540   0.0017   0.1207   0.0644   0.5752   0.4725   0.0518   0.0000  -0.0175   0.1233    0.287
    23   0.0064  -0.0135   0.0000   0.2540   0.0027   0.1208   0.0664   0.5777   0.4745   0.0387   0.0000  -0.0137   0.1200    0.279
    24   0.0123  -0.0262   0.0000   0.2540   0.0037   0.1210   0.0697   0.5792   0.4757   0.0347   0.0000  -0.0087   0.1156    0.268
    25   0.0201  -0.0426   0.0000   0.2540   0.0046   0.1212   0.0736   0.5808   0.4770   0.0311   0.0000  -0.0035   0.1111    0.257
    26   0.0294  -0.0623   0.0000   0.2540   0.0054   0.1213   0.0778   0.5817   0.4778   0.0279   0.0000   0.0011   0.1070    0.248
    27   0.0400  -0.0849   0.0000   0.2540   0.0060   0.1210   0.0821   0.5809   0.4771   0.0251   0.0000   0.0051   0.1032    0.239
    28   0.0517  -0.1098   0.0000   0.2540   0.0065   0.1202   0.0865   0.5773   0.4742   0.0228   0.0000   0.0086   0.0993    0.232
    29   0.0642  -0.1363   0.0000   0.2540   0.0069   0.1186   0.0911   0.5698   0.4680   0.0207   0.0000   0.0117   0.0950    0.225
    30   0.0772  -0.1638   0.0000   0.2540   0.0071   0.1159   0.0958   0.5571   0.4576   0.0189   0.0000   0.0148   0.0898    0.218
    31   0.0903  -0.1918   0.0000   0.2540   0.0071   0.1119   0.1007   0.5382   0.4421   0.0170   0.0000   0.0180   0.0834    0.209
    32   0.1033  -0.2193   0.0000   0.2540   0.0069   0.1064   0.1054   0.5121   0.4206   0.0151   0.0000   0.0213   0.0755    0.199
    33   0.1158  -0.2458   0.0000   0.2540   0.0065   0.0993   0.1095   0.4777   0.3924   0.0131   0.0000   0.0247   0.0661    0.187
    34   0.1275  -0.2707   0.0000   0.2540   0.0060   0.0903   0.1127   0.4347   0.3570   0.0109   0.0000   0.0277   0.0553    0.172
    35   0.1381  -0.2933   0.0000   0.2540   0.0054   0.0795   0.1144   0.3831   0.3146   0.0085   0.0000   0.0299   0.0438    0.155
    36   0.1474  -0.3130   0.0000   0.2540   0.0046   0.0671   0.1142   0.3235   0.2657   0.0061   0.0000   0.0305   0.0322    0.135
    37   0.1552  -0.3294   0.0000   0.2540   0.0037   0.0534   0.1119   0.2574   0.2114   0.0038   0.0000   0.0287   0.0216    0.114
    38   0.1611  -0.3421   0.0000   0.2540   0.0027   0.0386   0.1079   0.1865   0.1532   0.0016   0.0000   0.0238   0.0129    0.094
    39   0.1652  -0.3507   0.0000   0.2540   0.0017   0.0233   0.1030   0.1128   0.0927  -0.0005   0.0000   0.0159   0.0064    0.079
    40   0.1672  -0.3551   0.0000   0.2540   0.0006   0.0078   0.1001   0.0380   0.0312  -0.0020   0.0000   0.0056   0.0019    0.072
 ---------------------------------------------------------------
