 ---------------------------------------------------------------
 Surface and Strip Forces by surface

  Sref = 0.12540       Cref = 0.15750       Bref = 0.91440    
  Xref = 0.10920       Yref =  0.0000       Zref =  0.0000    

  Surface # 1     Wing                                    
     # Chordwise = 10   # Spanwise = 20     First strip =  1
     Surface area Ssurf =    0.104516     Ave. chord Cave =    0.228600

 Forces referred to Sref, Cref, Bref about Xref, Yref, Zref
 Standard axis orientation,  X fwd, Z down         
     CLsurf  =   0.28967     Clsurf  =  -0.06380
     CYsurf  =   0.00463     Cmsurf  =   0.00608
     CDsurf  =   0.00855     Cnsurf  =  -0.00510
     CDisurf =   0.00855     CDvsurf =   0.00000

 Forces referred to Ssurf, Cave 
     CLsurf  =   0.34755     CDsurf  =   0.01025

 Strip Forces referred to Strip Area, Chord
    j     Xle      Yle      Zle      Chord    Area     c_cl     ai     cl_norm    cl       cd       cdv    cm_c/4     cm_LE   C.P.x/c
     1   0.0002   0.0007   0.0000   0.2286   0.0006   0.0930   0.0391   0.4298   0.3995   0.1010   0.0000  -0.0087  -0.1065    0.272
     2   0.0017   0.0063   0.0000   0.2286   0.0019   0.0930   0.0382   0.4372   0.4064   0.0221   0.0000  -0.0076  -0.1054    0.269
     3   0.0048   0.0174   0.0000   0.2286   0.0031   0.0930   0.0390   0.4378   0.4070   0.0178   0.0000  -0.0049  -0.1028    0.262
     4   0.0093   0.0337   0.0000   0.2286   0.0043   0.0932   0.0408   0.4386   0.4077   0.0157   0.0000  -0.0016  -0.0997    0.254
     5   0.0151   0.0548   0.0000   0.2286   0.0053   0.0933   0.0430   0.4395   0.4085   0.0140   0.0000   0.0015  -0.0970    0.246
     6   0.0221   0.0801   0.0000   0.2286   0.0062   0.0934   0.0454   0.4399   0.4090   0.0126   0.0000   0.0039  -0.0947    0.240
     7   0.0302   0.1092   0.0000   0.2286   0.0070   0.0932   0.0479   0.4392   0.4083   0.0116   0.0000   0.0058  -0.0927    0.236
     8   0.0390   0.1411   0.0000   0.2286   0.0076   0.0927   0.0505   0.4367   0.4059   0.0109   0.0000   0.0074  -0.0906    0.232
     9   0.0484   0.1752   0.0000   0.2286   0.0080   0.0915   0.0532   0.4314   0.4011   0.0103   0.0000   0.0087  -0.0881    0.228
    10   0.0582   0.2107   0.0000   0.2286   0.0082   0.0897   0.0564   0.4228   0.3930   0.0098   0.0000   0.0102  -0.0848    0.224
    11   0.0681   0.2465   0.0000   0.2286   0.0082   0.0870   0.0598   0.4099   0.3810   0.0094   0.0000   0.0117  -0.0804    0.219
    12   0.0779   0.2820   0.0000   0.2286   0.0080   0.0831   0.0637   0.3918   0.3642   0.0089   0.0000   0.0136  -0.0745    0.213
    13   0.0873   0.3161   0.0000   0.2286   0.0076   0.0780   0.0676   0.3677   0.3419   0.0083   0.0000   0.0157  -0.0671    0.204
    14   0.0961   0.3480   0.0000   0.2286   0.0070   0.0715   0.0712   0.3369   0.3132   0.0076   0.0000   0.0180  -0.0580    0.193
    15   0.1042   0.3771   0.0000   0.2286   0.0062   0.0634   0.0740   0.2989   0.2778   0.0066   0.0000   0.0202  -0.0474    0.177
    16   0.1112   0.4024   0.0000   0.2286   0.0053   0.0538   0.0752   0.2538   0.2359   0.0054   0.0000   0.0215  -0.0360    0.159
    17   0.1170   0.4235   0.0000   0.2286   0.0043   0.0430   0.0742   0.2025   0.1883   0.0041   0.0000   0.0213  -0.0247    0.137
    18   0.1215   0.4398   0.0000   0.2286   0.0031   0.0311   0.0708   0.1467   0.1364   0.0026   0.0000   0.0187  -0.0148    0.113
    19   0.1246   0.4509   0.0000   0.2286   0.0019   0.0187   0.0655   0.0885   0.0822   0.0010   0.0000   0.0130  -0.0073    0.092
    20   0.1261   0.4565   0.0000   0.2286   0.0006   0.0062   0.0614   0.0296   0.0275  -0.0005   0.0000   0.0047  -0.0021    0.081

  Surface # 2     Wing (YDUP)                             
     # Chordwise = 10   # Spanwise = 20     First strip = 21
     Surface area Ssurf =    0.104516     Ave. chord Cave =    0.228600

 Forces referred to Sref, Cref, Bref about Xref, Yref, Zref
 Standard axis orientation,  X fwd, Z down         
     CLsurf  =   0.28967     Clsurf  =   0.06380
     CYsurf  =  -0.00463     Cmsurf  =   0.00608
     CDsurf  =   0.00855     Cnsurf  =   0.00510
     CDisurf =   0.00855     CDvsurf =   0.00000

 Forces referred to Ssurf, Cave 
     CLsurf  =   0.34755     CDsurf  =   0.01025

 Strip Forces referred to Strip Area, Chord
    j     Xle      Yle      Zle      Chord    Area     c_cl     ai     cl_norm    cl       cd       cdv    cm_c/4     cm_LE   C.P.x/c
    21   0.0002  -0.0007   0.0000   0.2286   0.0006   0.0930   0.0391   0.4298   0.3995   0.1010   0.0000  -0.0087   0.1065    0.272
    22   0.0017  -0.0063   0.0000   0.2286   0.0019   0.0930   0.0382   0.4372   0.4064   0.0221   0.0000  -0.0076   0.1054    0.269
    23   0.0048  -0.0174   0.0000   0.2286   0.0031   0.0930   0.0390   0.4378   0.4070   0.0178   0.0000  -0.0049   0.1028    0.262
    24   0.0093  -0.0337   0.0000   0.2286   0.0043   0.0932   0.0408   0.4386   0.4077   0.0157   0.0000  -0.0016   0.0997    0.254
    25   0.0151  -0.0548   0.0000   0.2286   0.0053   0.0933   0.0430   0.4395   0.4085   0.0140   0.0000   0.0015   0.0970    0.246
    26   0.0221  -0.0801   0.0000   0.2286   0.0062   0.0934   0.0454   0.4399   0.4090   0.0126   0.0000   0.0039   0.0947    0.240
    27   0.0302  -0.1092   0.0000   0.2286   0.0070   0.0932   0.0479   0.4392   0.4083   0.0116   0.0000   0.0058   0.0927    0.236
    28   0.0390  -0.1411   0.0000   0.2286   0.0076   0.0927   0.0505   0.4367   0.4059   0.0109   0.0000   0.0074   0.0906    0.232
    29   0.0484  -0.1752   0.0000   0.2286   0.0080   0.0915   0.0532   0.4314   0.4011   0.0103   0.0000   0.0087   0.0881    0.228
    30   0.0582  -0.2107   0.0000   0.2286   0.0082   0.0897   0.0564   0.4228   0.3930   0.0098   0.0000   0.0102   0.0848    0.224
    31   0.0681  -0.2465   0.0000   0.2286   0.0082   0.0870   0.0598   0.4099   0.3810   0.0094   0.0000   0.0117   0.0804    0.219
    32   0.0779  -0.2820   0.0000   0.2286   0.0080   0.0831   0.0637   0.3918   0.3642   0.0089   0.0000   0.0136   0.0745    0.213
    33   0.0873  -0.3161   0.0000   0.2286   0.0076   0.0780   0.0676   0.3677   0.3419   0.0083   0.0000   0.0157   0.0671    0.204
    34   0.0961  -0.3480   0.0000   0.2286   0.0070   0.0715   0.0712   0.3369   0.3132   0.0076   0.0000   0.0180   0.0580    0.193
    35   0.1042  -0.3771   0.0000   0.2286   0.0062   0.0634   0.0740   0.2989   0.2778   0.0066   0.0000   0.0202   0.0474    0.177
    36   0.1112  -0.4024   0.0000   0.2286   0.0053   0.0538   0.0752   0.2538   0.2359   0.0054   0.0000   0.0215   0.0360    0.159
    37   0.1170  -0.4235   0.0000   0.2286   0.0043   0.0430   0.0742   0.2025   0.1883   0.0041   0.0000   0.0213   0.0247    0.137
    38   0.1215  -0.4398   0.0000   0.2286   0.0031   0.0311   0.0708   0.1467   0.1364   0.0026   0.0000   0.0187   0.0148    0.113
    39   0.1246  -0.4509   0.0000   0.2286   0.0019   0.0187   0.0655   0.0885   0.0822   0.0010   0.0000   0.0130   0.0073    0.092
    40   0.1261  -0.4565   0.0000   0.2286   0.0006   0.0062   0.0614   0.0296   0.0275  -0.0005   0.0000   0.0047   0.0021    0.081
 ---------------------------------------------------------------
