 ---------------------------------------------------------------
 Surface and Strip Forces by surface

  Sref = 0.11150       Cref = 0.21000       Bref = 0.60960    
  Xref = 0.10920       Yref =  0.0000       Zref =  0.0000    

  Surface # 1     Wing                                    
     # Chordwise = 10   # Spanwise = 20     First strip =  1
     Surface area Ssurf =    0.092903     Ave. chord Cave =    0.304800

 Forces referred to Sref, Cref, Bref about Xref, Yref, Zref
 Standard axis orientation,  X fwd, Z down         
     CLsurf  =   0.32578     Clsurf  =  -0.06978
     CYsurf  =   0.00795     Cmsurf  =   0.01709
     CDsurf  =   0.02174     Cnsurf  =  -0.01161
     CDisurf =   0.02174     CDvsurf =   0.00000

 Forces referred to Ssurf, Cave 
     CLsurf  =   0.39099     CDsurf  =   0.02609

 Strip Forces referred to Strip Area, Chord
    j     Xle      Yle      Zle      Chord    Area     c_cl     ai     cl_norm    cl       cd       cdv    cm_c/4     cm_LE   C.P.x/c
     1   0.0001   0.0005   0.0000   0.3048   0.0006   0.1479   0.1154   0.4812   0.4453   0.2976   0.0000   0.0009  -0.1156    0.248
     2   0.0012   0.0042   0.0000   0.3048   0.0017   0.1478   0.1142   0.5206   0.4818   0.0579   0.0000   0.0014  -0.1152    0.247
     3   0.0033   0.0116   0.0000   0.3048   0.0028   0.1478   0.1140   0.5229   0.4839   0.0429   0.0000   0.0031  -0.1135    0.244
     4   0.0065   0.0225   0.0000   0.3048   0.0038   0.1476   0.1147   0.5229   0.4839   0.0390   0.0000   0.0056  -0.1110    0.238
     5   0.0105   0.0365   0.0000   0.3048   0.0047   0.1472   0.1161   0.5219   0.4830   0.0363   0.0000   0.0085  -0.1079    0.232
     6   0.0154   0.0534   0.0000   0.3048   0.0055   0.1464   0.1180   0.5194   0.4807   0.0339   0.0000   0.0115  -0.1044    0.226
     7   0.0209   0.0728   0.0000   0.3048   0.0062   0.1450   0.1202   0.5148   0.4764   0.0317   0.0000   0.0143  -0.1006    0.220
     8   0.0270   0.0941   0.0000   0.3048   0.0067   0.1428   0.1227   0.5071   0.4693   0.0296   0.0000   0.0170  -0.0962    0.214
     9   0.0336   0.1168   0.0000   0.3048   0.0071   0.1395   0.1253   0.4956   0.4587   0.0277   0.0000   0.0196  -0.0911    0.207
    10   0.0404   0.1404   0.0000   0.3048   0.0073   0.1349   0.1281   0.4796   0.4438   0.0257   0.0000   0.0221  -0.0851    0.200
    11   0.0472   0.1644   0.0000   0.3048   0.0073   0.1289   0.1308   0.4583   0.4241   0.0238   0.0000   0.0245  -0.0781    0.192
    12   0.0540   0.1880   0.0000   0.3048   0.0071   0.1212   0.1332   0.4312   0.3991   0.0216   0.0000   0.0267  -0.0699    0.183
    13   0.0606   0.2107   0.0000   0.3048   0.0067   0.1119   0.1351   0.3981   0.3684   0.0194   0.0000   0.0285  -0.0609    0.173
    14   0.0667   0.2320   0.0000   0.3048   0.0062   0.1009   0.1362   0.3589   0.3322   0.0169   0.0000   0.0296  -0.0511    0.161
    15   0.0722   0.2514   0.0000   0.3048   0.0055   0.0882   0.1363   0.3139   0.2905   0.0143   0.0000   0.0297  -0.0410    0.148
    16   0.0771   0.2683   0.0000   0.3048   0.0047   0.0740   0.1352   0.2637   0.2440   0.0116   0.0000   0.0284  -0.0311    0.134
    17   0.0811   0.2823   0.0000   0.3048   0.0038   0.0587   0.1329   0.2091   0.1935   0.0086   0.0000   0.0252  -0.0221    0.120
    18   0.0843   0.2932   0.0000   0.3048   0.0028   0.0425   0.1296   0.1514   0.1401   0.0056   0.0000   0.0200  -0.0142    0.107
    19   0.0864   0.3006   0.0000   0.3048   0.0017   0.0257   0.1260   0.0916   0.0848   0.0023   0.0000   0.0129  -0.0078    0.097
    20   0.0875   0.3043   0.0000   0.3048   0.0006   0.0086   0.1241   0.0309   0.0286  -0.0005   0.0000   0.0045  -0.0025    0.093

  Surface # 2     Wing (YDUP)                             
     # Chordwise = 10   # Spanwise = 20     First strip = 21
     Surface area Ssurf =    0.092903     Ave. chord Cave =    0.304800

 Forces referred to Sref, Cref, Bref about Xref, Yref, Zref
 Standard axis orientation,  X fwd, Z down         
     CLsurf  =   0.32578     Clsurf  =   0.06978
     CYsurf  =  -0.00795     Cmsurf  =   0.01709
     CDsurf  =   0.02174     Cnsurf  =   0.01161
     CDisurf =   0.02174     CDvsurf =   0.00000

 Forces referred to Ssurf, Cave 
     CLsurf  =   0.39099     CDsurf  =   0.02609

 Strip Forces referred to Strip Area, Chord
    j     Xle      Yle      Zle      Chord    Area     c_cl     ai     cl_norm    cl       cd       cdv    cm_c/4     cm_LE   C.P.x/c
    21   0.0001  -0.0005   0.0000   0.3048   0.0006   0.1479   0.1154   0.4812   0.4453   0.2976   0.0000   0.0009   0.1156    0.248
    22   0.0012  -0.0042   0.0000   0.3048   0.0017   0.1478   0.1142   0.5206   0.4818   0.0579   0.0000   0.0014   0.1152    0.247
    23   0.0033  -0.0116   0.0000   0.3048   0.0028   0.1478   0.1140   0.5229   0.4839   0.0429   0.0000   0.0031   0.1135    0.244
    24   0.0065  -0.0225   0.0000   0.3048   0.0038   0.1476   0.1147   0.5229   0.4839   0.0390   0.0000   0.0056   0.1110    0.238
    25   0.0105  -0.0365   0.0000   0.3048   0.0047   0.1472   0.1161   0.5219   0.4830   0.0363   0.0000   0.0085   0.1079    0.232
    26   0.0154  -0.0534   0.0000   0.3048   0.0055   0.1464   0.1180   0.5194   0.4807   0.0339   0.0000   0.0115   0.1044    0.226
    27   0.0209  -0.0728   0.0000   0.3048   0.0062   0.1450   0.1202   0.5148   0.4764   0.0317   0.0000   0.0143   0.1006    0.220
    28   0.0270  -0.0941   0.0000   0.3048   0.0067   0.1428   0.1227   0.5071   0.4693   0.0296   0.0000   0.0170   0.0962    0.214
    29   0.0336  -0.1168   0.0000   0.3048   0.0071   0.1395   0.1253   0.4956   0.4587   0.0277   0.0000   0.0196   0.0911    0.207
    30   0.0404  -0.1404   0.0000   0.3048   0.0073   0.1349   0.1281   0.4796   0.4438   0.0257   0.0000   0.0221   0.0851    0.200
    31   0.0472  -0.1644   0.0000   0.3048   0.0073   0.1289   0.1308   0.4583   0.4241   0.0238   0.0000   0.0245   0.0781    0.192
    32   0.0540  -0.1880   0.0000   0.3048   0.0071   0.1212   0.1332   0.4312   0.3991   0.0216   0.0000   0.0267   0.0699    0.183
    33   0.0606  -0.2107   0.0000   0.3048   0.0067   0.1119   0.1351   0.3981   0.3684   0.0194   0.0000   0.0285   0.0609    0.173
    34   0.0667  -0.2320   0.0000   0.3048   0.0062   0.1009   0.1362   0.3589   0.3322   0.0169   0.0000   0.0296   0.0511    0.161
    35   0.0722  -0.2514   0.0000   0.3048   0.0055   0.0882   0.1363   0.3139   0.2905   0.0143   0.0000   0.0297   0.0410    0.148
    36   0.0771  -0.2683   0.0000   0.3048   0.0047   0.0740   0.1352   0.2637   0.2440   0.0116   0.0000   0.0284   0.0311    0.134
    37   0.0811  -0.2823   0.0000   0.3048   0.0038   0.0587   0.1329   0.2091   0.1935   0.0086   0.0000   0.0252   0.0221    0.120
    38   0.0843  -0.2932   0.0000   0.3048   0.0028   0.0425   0.1296   0.1514   0.1401   0.0056   0.0000   0.0200   0.0142    0.107
    39   0.0864  -0.3006   0.0000   0.3048   0.0017   0.0257   0.1260   0.0916   0.0848   0.0023   0.0000   0.0129   0.0078    0.097
    40   0.0875  -0.3043   0.0000   0.3048   0.0006   0.0086   0.1241   0.0309   0.0286  -0.0005   0.0000   0.0045   0.0025    0.093
 ---------------------------------------------------------------
