 ---------------------------------------------------------------
 Surface and Strip Forces by surface

  Sref = 0.16720       Cref = 0.18670       Bref = 0.91440    
  Xref = 0.10920       Yref =  0.0000       Zref =  0.0000    

  Surface # 1     Wing                                    
     # Chordwise = 10   # Spanwise = 20     First strip =  1
     Surface area Ssurf =    0.104516     Ave. chord Cave =    0.228600

 Forces referred to Sref, Cref, Bref about Xref, Yref, Zref
 Standard axis orientation,  X fwd, Z down         
     CLsurf  =   0.21725     Clsurf  =  -0.04746
     CYsurf  =   0.00172     Cmsurf  =   0.03687
     CDsurf  =   0.00624     Cnsurf  =  -0.00314
     CDisurf =   0.00624     CDvsurf =   0.00000

 Forces referred to Ssurf, Cave 
     CLsurf  =   0.34755     CDsurf  =   0.00998

 Strip Forces referred to Strip Area, Chord
    j     Xle      Yle      Zle      Chord    Area     c_cl     ai     cl_norm    cl       cd       cdv    cm_c/4     cm_LE   C.P.x/c
     1   0.0001   0.0007   0.0000   0.2286   0.0006   0.0951   0.0445   0.4201   0.4124   0.0594   0.0000  -0.0004  -0.1034    0.251
     2   0.0009   0.0063   0.0000   0.2286   0.0019   0.0951   0.0438   0.4238   0.4160   0.0167   0.0000   0.0002  -0.1028    0.250
     3   0.0024   0.0174   0.0000   0.2286   0.0031   0.0951   0.0440   0.4240   0.4162   0.0142   0.0000   0.0016  -0.1014    0.246
     4   0.0046   0.0337   0.0000   0.2286   0.0043   0.0951   0.0449   0.4240   0.4162   0.0130   0.0000   0.0033  -0.0997    0.242
     5   0.0075   0.0548   0.0000   0.2286   0.0053   0.0950   0.0461   0.4238   0.4160   0.0121   0.0000   0.0050  -0.0980    0.238
     6   0.0110   0.0801   0.0000   0.2286   0.0062   0.0947   0.0475   0.4228   0.4150   0.0114   0.0000   0.0063  -0.0964    0.235
     7   0.0150   0.1092   0.0000   0.2286   0.0070   0.0942   0.0491   0.4204   0.4127   0.0109   0.0000   0.0074  -0.0947    0.232
     8   0.0194   0.1411   0.0000   0.2286   0.0076   0.0933   0.0509   0.4162   0.4085   0.0105   0.0000   0.0084  -0.0927    0.230
     9   0.0241   0.1752   0.0000   0.2286   0.0080   0.0917   0.0530   0.4094   0.4019   0.0103   0.0000   0.0093  -0.0902    0.227
    10   0.0290   0.2107   0.0000   0.2286   0.0082   0.0895   0.0555   0.3994   0.3921   0.0101   0.0000   0.0103  -0.0867    0.224
    11   0.0339   0.2465   0.0000   0.2286   0.0082   0.0864   0.0584   0.3856   0.3785   0.0099   0.0000   0.0115  -0.0822    0.220
    12   0.0388   0.2820   0.0000   0.2286   0.0080   0.0822   0.0615   0.3671   0.3603   0.0096   0.0000   0.0129  -0.0763    0.214
    13   0.0435   0.3161   0.0000   0.2286   0.0076   0.0769   0.0649   0.3433   0.3369   0.0092   0.0000   0.0145  -0.0690    0.207
    14   0.0479   0.3480   0.0000   0.2286   0.0070   0.0703   0.0681   0.3135   0.3078   0.0087   0.0000   0.0162  -0.0601    0.197
    15   0.0519   0.3771   0.0000   0.2286   0.0062   0.0622   0.0706   0.2775   0.2724   0.0079   0.0000   0.0178  -0.0498    0.185
    16   0.0554   0.4024   0.0000   0.2286   0.0053   0.0528   0.0719   0.2354   0.2310   0.0069   0.0000   0.0187  -0.0386    0.169
    17   0.0583   0.4235   0.0000   0.2286   0.0043   0.0421   0.0713   0.1878   0.1843   0.0056   0.0000   0.0183  -0.0274    0.150
    18   0.0605   0.4398   0.0000   0.2286   0.0031   0.0305   0.0685   0.1361   0.1336   0.0040   0.0000   0.0160  -0.0172    0.130
    19   0.0620   0.4509   0.0000   0.2286   0.0019   0.0184   0.0637   0.0821   0.0805   0.0021   0.0000   0.0111  -0.0089    0.112
    20   0.0628   0.4565   0.0000   0.2286   0.0006   0.0061   0.0598   0.0274   0.0269   0.0003   0.0000   0.0040  -0.0027    0.101

  Surface # 2     Wing (YDUP)                             
     # Chordwise = 10   # Spanwise = 20     First strip = 21
     Surface area Ssurf =    0.104516     Ave. chord Cave =    0.228600

 Forces referred to Sref, Cref, Bref about Xref, Yref, Zref
 Standard axis orientation,  X fwd, Z down         
     CLsurf  =   0.21725     Clsurf  =   0.04746
     CYsurf  =  -0.00172     Cmsurf  =   0.03687
     CDsurf  =   0.00624     Cnsurf  =   0.00314
     CDisurf =   0.00624     CDvsurf =   0.00000

 Forces referred to Ssurf, Cave 
     CLsurf  =   0.34755     CDsurf  =   0.00998

 Strip Forces referred to Strip Area, Chord
    j     Xle      Yle      Zle      Chord    Area     c_cl     ai     cl_norm    cl       cd       cdv    cm_c/4     cm_LE   C.P.x/c
    21   0.0001  -0.0007   0.0000   0.2286   0.0006   0.0951   0.0445   0.4201   0.4124   0.0594   0.0000  -0.0004   0.1034    0.251
    22   0.0009  -0.0063   0.0000   0.2286   0.0019   0.0951   0.0438   0.4238   0.4160   0.0167   0.0000   0.0002   0.1028    0.250
    23   0.0024  -0.0174   0.0000   0.2286   0.0031   0.0951   0.0440   0.4240   0.4162   0.0142   0.0000   0.0016   0.1014    0.246
    24   0.0046  -0.0337   0.0000   0.2286   0.0043   0.0951   0.0449   0.4240   0.4162   0.0130   0.0000   0.0033   0.0997    0.242
    25   0.0075  -0.0548   0.0000   0.2286   0.0053   0.0950   0.0461   0.4238   0.4160   0.0121   0.0000   0.0050   0.0980    0.238
    26   0.0110  -0.0801   0.0000   0.2286   0.0062   0.0947   0.0475   0.4228   0.4150   0.0114   0.0000   0.0063   0.0964    0.235
    27   0.0150  -0.1092   0.0000   0.2286   0.0070   0.0942   0.0491   0.4204   0.4127   0.0109   0.0000   0.0074   0.0947    0.232
    28   0.0194  -0.1411   0.0000   0.2286   0.0076   0.0933   0.0509   0.4162   0.4085   0.0105   0.0000   0.0084   0.0927    0.230
    29   0.0241  -0.1752   0.0000   0.2286   0.0080   0.0917   0.0530   0.4094   0.4019   0.0103   0.0000   0.0093   0.0902    0.227
    30   0.0290  -0.2107   0.0000   0.2286   0.0082   0.0895   0.0555   0.3994   0.3921   0.0101   0.0000   0.0103   0.0867    0.224
    31   0.0339  -0.2465   0.0000   0.2286   0.0082   0.0864   0.0584   0.3856   0.3785   0.0099   0.0000   0.0115   0.0822    0.220
    32   0.0388  -0.2820   0.0000   0.2286   0.0080   0.0822   0.0615   0.3671   0.3603   0.0096   0.0000   0.0129   0.0763    0.214
    33   0.0435  -0.3161   0.0000   0.2286   0.0076   0.0769   0.0649   0.3433   0.3369   0.0092   0.0000   0.0145   0.0690    0.207
    34   0.0479  -0.3480   0.0000   0.2286   0.0070   0.0703   0.0681   0.3135   0.3078   0.0087   0.0000   0.0162   0.0601    0.197
    35   0.0519  -0.3771   0.0000   0.2286   0.0062   0.0622   0.0706   0.2775   0.2724   0.0079   0.0000   0.0178   0.0498    0.185
    36   0.0554  -0.4024   0.0000   0.2286   0.0053   0.0528   0.0719   0.2354   0.2310   0.0069   0.0000   0.0187   0.0386    0.169
    37   0.0583  -0.4235   0.0000   0.2286   0.0043   0.0421   0.0713   0.1878   0.1843   0.0056   0.0000   0.0183   0.0274    0.150
    38   0.0605  -0.4398   0.0000   0.2286   0.0031   0.0305   0.0685   0.1361   0.1336   0.0040   0.0000   0.0160   0.0172    0.130
    39   0.0620  -0.4509   0.0000   0.2286   0.0019   0.0184   0.0637   0.0821   0.0805   0.0021   0.0000   0.0111   0.0089    0.112
    40   0.0628  -0.4565   0.0000   0.2286   0.0006   0.0061   0.0598   0.0274   0.0269   0.0003   0.0000   0.0040   0.0027    0.101
 ---------------------------------------------------------------
