 ---------------------------------------------------------------
 Surface and Strip Forces by surface

  Sref = 0.12390       Cref = 0.20320       Bref = 0.60960    
  Xref = 0.10920       Yref =  0.0000       Zref =  0.0000    

  Surface # 1     Wing                                    
     # Chordwise = 10   # Spanwise = 20     First strip =  1
     Surface area Ssurf =    0.061935     Ave. chord Cave =    0.203200

 Forces referred to Sref, Cref, Bref about Xref, Yref, Zref
 Standard axis orientation,  X fwd, Z down         
     CLsurf  =   0.29318     Clsurf  =  -0.06285
     CYsurf  =   0.00000     Cmsurf  =   0.09355
     CDsurf  =   0.01840     Cnsurf  =  -0.00709
     CDisurf =   0.01840     CDvsurf =   0.00000

 Forces referred to Ssurf, Cave 
     CLsurf  =   0.58649     CDsurf  =   0.03680

 Strip Forces referred to Strip Area, Chord
    j     Xle      Yle      Zle      Chord    Area     c_cl     ai     cl_norm    cl       cd       cdv    cm_c/4     cm_LE   C.P.x/c
     1   0.0000   0.0005   0.0000   0.2032   0.0004   0.1469   0.1155   0.7275   0.7275   0.0408   0.0000   0.0154  -0.1654    0.229
     2   0.0000   0.0042   0.0000   0.2032   0.0011   0.1469   0.1155   0.7275   0.7275   0.0408   0.0000   0.0154  -0.1654    0.229
     3   0.0000   0.0116   0.0000   0.2032   0.0019   0.1469   0.1156   0.7272   0.7272   0.0408   0.0000   0.0154  -0.1653    0.229
     4   0.0000   0.0225   0.0000   0.2032   0.0025   0.1467   0.1158   0.7261   0.7261   0.0408   0.0000   0.0155  -0.1650    0.229
     5   0.0000   0.0365   0.0000   0.2032   0.0032   0.1461   0.1161   0.7235   0.7235   0.0408   0.0000   0.0156  -0.1642    0.228
     6   0.0000   0.0534   0.0000   0.2032   0.0037   0.1452   0.1168   0.7189   0.7189   0.0408   0.0000   0.0158  -0.1628    0.228
     7   0.0000   0.0728   0.0000   0.2032   0.0041   0.1437   0.1180   0.7112   0.7112   0.0408   0.0000   0.0162  -0.1605    0.227
     8   0.0000   0.0941   0.0000   0.2032   0.0045   0.1414   0.1196   0.6996   0.6996   0.0407   0.0000   0.0168  -0.1571    0.226
     9   0.0000   0.1168   0.0000   0.2032   0.0047   0.1381   0.1219   0.6832   0.6832   0.0406   0.0000   0.0176  -0.1523    0.224
    10   0.0000   0.1404   0.0000   0.2032   0.0048   0.1337   0.1248   0.6612   0.6612   0.0403   0.0000   0.0187  -0.1458    0.222
    11   0.0000   0.1644   0.0000   0.2032   0.0048   0.1280   0.1282   0.6327   0.6327   0.0397   0.0000   0.0200  -0.1374    0.218
    12   0.0000   0.1880   0.0000   0.2032   0.0047   0.1208   0.1321   0.5970   0.5970   0.0389   0.0000   0.0215  -0.1271    0.214
    13   0.0000   0.2107   0.0000   0.2032   0.0045   0.1120   0.1362   0.5533   0.5533   0.0376   0.0000   0.0230  -0.1147    0.208
    14   0.0000   0.2320   0.0000   0.2032   0.0041   0.1015   0.1401   0.5012   0.5012   0.0356   0.0000   0.0244  -0.1005    0.201
    15   0.0000   0.2514   0.0000   0.2032   0.0037   0.0893   0.1434   0.4407   0.4407   0.0329   0.0000   0.0252  -0.0846    0.193
    16   0.0000   0.2683   0.0000   0.2032   0.0032   0.0755   0.1456   0.3721   0.3721   0.0293   0.0000   0.0250  -0.0678    0.183
    17   0.0000   0.2823   0.0000   0.2032   0.0025   0.0602   0.1462   0.2966   0.2966   0.0246   0.0000   0.0232  -0.0509    0.172
    18   0.0000   0.2932   0.0000   0.2032   0.0019   0.0437   0.1450   0.2154   0.2154   0.0189   0.0000   0.0192  -0.0346    0.161
    19   0.0000   0.3006   0.0000   0.2032   0.0011   0.0265   0.1423   0.1304   0.1304   0.0120   0.0000   0.0129  -0.0197    0.151
    20   0.0000   0.3043   0.0000   0.2032   0.0004   0.0089   0.1401   0.0436   0.0436   0.0041   0.0000   0.0046  -0.0064    0.145

  Surface # 2     Wing (YDUP)                             
     # Chordwise = 10   # Spanwise = 20     First strip = 21
     Surface area Ssurf =    0.061935     Ave. chord Cave =    0.203200

 Forces referred to Sref, Cref, Bref about Xref, Yref, Zref
 Standard axis orientation,  X fwd, Z down         
     CLsurf  =   0.29318     Clsurf  =   0.06285
     CYsurf  =   0.00000     Cmsurf  =   0.09355
     CDsurf  =   0.01840     Cnsurf  =   0.00709
     CDisurf =   0.01840     CDvsurf =   0.00000

 Forces referred to Ssurf, Cave 
     CLsurf  =   0.58649     CDsurf  =   0.03680

 Strip Forces referred to Strip Area, Chord
    j     Xle      Yle      Zle      Chord    Area     c_cl     ai     cl_norm    cl       cd       cdv    cm_c/4     cm_LE   C.P.x/c
    21   0.0000  -0.0005   0.0000   0.2032   0.0004   0.1469   0.1155   0.7275   0.7275   0.0408   0.0000   0.0154   0.1654    0.229
    22   0.0000  -0.0042   0.0000   0.2032   0.0011   0.1469   0.1155   0.7275   0.7275   0.0408   0.0000   0.0154   0.1654    0.229
    23   0.0000  -0.0116   0.0000   0.2032   0.0019   0.1469   0.1156   0.7272   0.7272   0.0408   0.0000   0.0154   0.1653    0.229
    24   0.0000  -0.0225   0.0000   0.2032   0.0025   0.1467   0.1158   0.7261   0.7261   0.0408   0.0000   0.0155   0.1650    0.229
    25   0.0000  -0.0365   0.0000   0.2032   0.0032   0.1461   0.1161   0.7235   0.7235   0.0408   0.0000   0.0156   0.1642    0.228
    26   0.0000  -0.0534   0.0000   0.2032   0.0037   0.1452   0.1168   0.7189   0.7189   0.0408   0.0000   0.0158   0.1628    0.228
    27   0.0000  -0.0728   0.0000   0.2032   0.0041   0.1437   0.1180   0.7112   0.7112   0.0408   0.0000   0.0162   0.1605    0.227
    28   0.0000  -0.0941   0.0000   0.2032   0.0045   0.1414   0.1196   0.6996   0.6996   0.0407   0.0000   0.0168   0.1571    0.226
    29   0.0000  -0.1168   0.0000   0.2032   0.0047   0.1381   0.1219   0.6832   0.6832   0.0406   0.0000   0.0176   0.1523    0.224
    30   0.0000  -0.1404   0.0000   0.2032   0.0048   0.1337   0.1248   0.6612   0.6612   0.0403   0.0000   0.0187   0.1458    0.222
    31   0.0000  -0.1644   0.0000   0.2032   0.0048   0.1280   0.1282   0.6327   0.6327   0.0397   0.0000   0.0200   0.1374    0.218
    32   0.0000  -0.1880   0.0000   0.2032   0.0047   0.1208   0.1321   0.5970   0.5970   0.0389   0.0000   0.0215   0.1271    0.214
    33   0.0000  -0.2107   0.0000   0.2032   0.0045   0.1120   0.1362   0.5533   0.5533   0.0376   0.0000   0.0230   0.1147    0.208
    34   0.0000  -0.2320   0.0000   0.2032   0.0041   0.1015   0.1401   0.5012   0.5012   0.0356   0.0000   0.0244   0.1005    0.201
    35   0.0000  -0.2514   0.0000   0.2032   0.0037   0.0893   0.1434   0.4407   0.4407   0.0329   0.0000   0.0252   0.0846    0.193
    36   0.0000  -0.2683   0.0000   0.2032   0.0032   0.0755   0.1456   0.3721   0.3721   0.0293   0.0000   0.0250   0.0678    0.183
    37   0.0000  -0.2823   0.0000   0.2032   0.0025   0.0602   0.1462   0.2966   0.2966   0.0246   0.0000   0.0232   0.0509    0.172
    38   0.0000  -0.2932   0.0000   0.2032   0.0019   0.0437   0.1450   0.2154   0.2154   0.0189   0.0000   0.0192   0.0346    0.161
    39   0.0000  -0.3006   0.0000   0.2032   0.0011   0.0265   0.1423   0.1304   0.1304   0.0120   0.0000   0.0129   0.0197    0.151
    40   0.0000  -0.3043   0.0000   0.2032   0.0004   0.0089   0.1401   0.0436   0.0436   0.0041   0.0000   0.0046   0.0064    0.145
 ---------------------------------------------------------------
