 ---------------------------------------------------------------
 Surface and Strip Forces by surface

  Sref = 0.14450       Cref = 0.18870       Bref = 0.81280    
  Xref = 0.10920       Yref =  0.0000       Zref =  0.0000    

  Surface # 1     Wing                                    
     # Chordwise = 10   # Spanwise = 20     First strip =  1
     Surface area Ssurf =    0.103226     Ave. chord Cave =    0.254000

 Forces referred to Sref, Cref, Bref about Xref, Yref, Zref
 Standard axis orientation,  X fwd, Z down         
     CLsurf  =   0.25138     Clsurf  =  -0.05529
     CYsurf  =   0.00732     Cmsurf  =  -0.03712
     CDsurf  =   0.00963     Cnsurf  =  -0.00686
     CDisurf =   0.00963     CDvsurf =   0.00000

 Forces referred to Ssurf, Cave 
     CLsurf  =   0.35189     CDsurf  =   0.01348

 Strip Forces referred to Strip Area, Chord
    j     Xle      Yle      Zle      Chord    Area     c_cl     ai     cl_norm    cl       cd       cdv    cm_c/4     cm_LE   C.P.x/c
     1   0.0003   0.0006   0.0000   0.2540   0.0006   0.1043   0.0467   0.4746   0.3932   0.1915   0.0000  -0.0173  -0.1091    0.294
     2   0.0026   0.0056   0.0000   0.2540   0.0019   0.1043   0.0459   0.4939   0.4093   0.0346   0.0000  -0.0160  -0.1079    0.289
     3   0.0071   0.0155   0.0000   0.2540   0.0031   0.1044   0.0475   0.4954   0.4105   0.0264   0.0000  -0.0123  -0.1046    0.280
     4   0.0137   0.0299   0.0000   0.2540   0.0042   0.1046   0.0504   0.4968   0.4116   0.0235   0.0000  -0.0075  -0.1005    0.268
     5   0.0223   0.0487   0.0000   0.2540   0.0053   0.1049   0.0539   0.4985   0.4130   0.0208   0.0000  -0.0030  -0.0966    0.257
     6   0.0326   0.0712   0.0000   0.2540   0.0062   0.1051   0.0576   0.4998   0.4141   0.0185   0.0000   0.0010  -0.0932    0.248
     7   0.0444   0.0970   0.0000   0.2540   0.0069   0.1051   0.0613   0.4999   0.4142   0.0166   0.0000   0.0042  -0.0902    0.240
     8   0.0574   0.1254   0.0000   0.2540   0.0075   0.1046   0.0650   0.4977   0.4124   0.0150   0.0000   0.0070  -0.0873    0.233
     9   0.0713   0.1558   0.0000   0.2540   0.0079   0.1034   0.0689   0.4924   0.4080   0.0137   0.0000   0.0094  -0.0840    0.227
    10   0.0857   0.1873   0.0000   0.2540   0.0081   0.1014   0.0731   0.4828   0.4000   0.0126   0.0000   0.0118  -0.0800    0.221
    11   0.1003   0.2191   0.0000   0.2540   0.0081   0.0983   0.0775   0.4679   0.3877   0.0115   0.0000   0.0143  -0.0749    0.213
    12   0.1147   0.2506   0.0000   0.2540   0.0079   0.0938   0.0819   0.4466   0.3701   0.0103   0.0000   0.0170  -0.0684    0.204
    13   0.1286   0.2810   0.0000   0.2540   0.0075   0.0878   0.0861   0.4181   0.3465   0.0090   0.0000   0.0200  -0.0604    0.192
    14   0.1416   0.3094   0.0000   0.2540   0.0069   0.0801   0.0894   0.3817   0.3163   0.0075   0.0000   0.0229  -0.0508    0.177
    15   0.1534   0.3352   0.0000   0.2540   0.0062   0.0708   0.0913   0.3372   0.2794   0.0059   0.0000   0.0253  -0.0403    0.159
    16   0.1637   0.3577   0.0000   0.2540   0.0053   0.0598   0.0913   0.2852   0.2363   0.0042   0.0000   0.0265  -0.0295    0.138
    17   0.1723   0.3765   0.0000   0.2540   0.0042   0.0476   0.0891   0.2269   0.1880   0.0025   0.0000   0.0255  -0.0194    0.114
    18   0.1789   0.3909   0.0000   0.2540   0.0031   0.0344   0.0849   0.1642   0.1360   0.0010   0.0000   0.0216  -0.0111    0.091
    19   0.1834   0.4008   0.0000   0.2540   0.0019   0.0207   0.0795   0.0991   0.0821  -0.0005   0.0000   0.0146  -0.0053    0.072
    20   0.1857   0.4058   0.0000   0.2540   0.0006   0.0069   0.0761   0.0332   0.0275  -0.0015   0.0000   0.0052  -0.0015    0.062

  Surface # 2     Wing (YDUP)                             
     # Chordwise = 10   # Spanwise = 20     First strip = 21
     Surface area Ssurf =    0.103226     Ave. chord Cave =    0.254000

 Forces referred to Sref, Cref, Bref about Xref, Yref, Zref
 Standard axis orientation,  X fwd, Z down         
     CLsurf  =   0.25138     Clsurf  =   0.05529
     CYsurf  =  -0.00732     Cmsurf  =  -0.03712
     CDsurf  =   0.00963     Cnsurf  =   0.00686
     CDisurf =   0.00963     CDvsurf =   0.00000

 Forces referred to Ssurf, Cave 
     CLsurf  =   0.35189     CDsurf  =   0.01348

 Strip Forces referred to Strip Area, Chord
    j     Xle      Yle      Zle      Chord    Area     c_cl     ai     cl_norm    cl       cd       cdv    cm_c/4     cm_LE   C.P.x/c
    21   0.0003  -0.0006   0.0000   0.2540   0.0006   0.1043   0.0467   0.4746   0.3932   0.1915   0.0000  -0.0173   0.1091    0.294
    22   0.0026  -0.0056   0.0000   0.2540   0.0019   0.1043   0.0459   0.4939   0.4093   0.0346   0.0000  -0.0160   0.1079    0.289
    23   0.0071  -0.0155   0.0000   0.2540   0.0031   0.1044   0.0475   0.4954   0.4105   0.0264   0.0000  -0.0123   0.1046    0.280
    24   0.0137  -0.0299   0.0000   0.2540   0.0042   0.1046   0.0504   0.4968   0.4116   0.0235   0.0000  -0.0075   0.1005    0.268
    25   0.0223  -0.0487   0.0000   0.2540   0.0053   0.1049   0.0539   0.4985   0.4130   0.0208   0.0000  -0.0030   0.0966    0.257
    26   0.0326  -0.0712   0.0000   0.2540   0.0062   0.1051   0.0576   0.4998   0.4141   0.0185   0.0000   0.0010   0.0932    0.248
    27   0.0444  -0.0970   0.0000   0.2540   0.0069   0.1051   0.0613   0.4999   0.4142   0.0166   0.0000   0.0042   0.0902    0.240
    28   0.0574  -0.1254   0.0000   0.2540   0.0075   0.1046   0.0650   0.4977   0.4124   0.0150   0.0000   0.0070   0.0873    0.233
    29   0.0713  -0.1558   0.0000   0.2540   0.0079   0.1034   0.0689   0.4924   0.4080   0.0137   0.0000   0.0094   0.0840    0.227
    30   0.0857  -0.1873   0.0000   0.2540   0.0081   0.1014   0.0731   0.4828   0.4000   0.0126   0.0000   0.0118   0.0800    0.221
    31   0.1003  -0.2191   0.0000   0.2540   0.0081   0.0983   0.0775   0.4679   0.3877   0.0115   0.0000   0.0143   0.0749    0.213
    32   0.1147  -0.2506   0.0000   0.2540   0.0079   0.0938   0.0819   0.4466   0.3701   0.0103   0.0000   0.0170   0.0684    0.204
    33   0.1286  -0.2810   0.0000   0.2540   0.0075   0.0878   0.0861   0.4181   0.3465   0.0090   0.0000   0.0200   0.0604    0.192
    34   0.1416  -0.3094   0.0000   0.2540   0.0069   0.0801   0.0894   0.3817   0.3163   0.0075   0.0000   0.0229   0.0508    0.177
    35   0.1534  -0.3352   0.0000   0.2540   0.0062   0.0708   0.0913   0.3372   0.2794   0.0059   0.0000   0.0253   0.0403    0.159
    36   0.1637  -0.3577   0.0000   0.2540   0.0053   0.0598   0.0913   0.2852   0.2363   0.0042   0.0000   0.0265   0.0295    0.138
    37   0.1723  -0.3765   0.0000   0.2540   0.0042   0.0476   0.0891   0.2269   0.1880   0.0025   0.0000   0.0255   0.0194    0.114
    38   0.1789  -0.3909   0.0000   0.2540   0.0031   0.0344   0.0849   0.1642   0.1360   0.0010   0.0000   0.0216   0.0111    0.091
    39   0.1834  -0.4008   0.0000   0.2540   0.0019   0.0207   0.0795   0.0991   0.0821  -0.0005   0.0000   0.0146   0.0053    0.072
    40   0.1857  -0.4058   0.0000   0.2540   0.0006   0.0069   0.0761   0.0332   0.0275  -0.0015   0.0000   0.0052   0.0015    0.062
 ---------------------------------------------------------------
