 ---------------------------------------------------------------
 Surface and Strip Forces by surface

  Sref = 0.22300       Cref = 0.27540       Bref = 0.81280    
  Xref = 0.10920       Yref =  0.0000       Zref =  0.0000    

  Surface # 1     Wing                                    
     # Chordwise = 10   # Spanwise = 20     First strip =  1
     Surface area Ssurf =    0.123871     Ave. chord Cave =    0.304800

 Forces referred to Sref, Cref, Bref about Xref, Yref, Zref
 Standard axis orientation,  X fwd, Z down         
     CLsurf  =   0.16289     Clsurf  =  -0.03537
     CYsurf  =   0.00349     Cmsurf  =  -0.01492
     CDsurf  =   0.00621     Cnsurf  =  -0.00390
     CDisurf =   0.00621     CDvsurf =   0.00000

 Forces referred to Ssurf, Cave 
     CLsurf  =   0.29324     CDsurf  =   0.01118

 Strip Forces referred to Strip Area, Chord
    j     Xle      Yle      Zle      Chord    Area     c_cl     ai     cl_norm    cl       cd       cdv    cm_c/4     cm_LE   C.P.x/c
     1   0.0003   0.0006   0.0000   0.3048   0.0008   0.1077   0.0574   0.3942   0.3399   0.1624   0.0000  -0.0099  -0.0911    0.279
     2   0.0023   0.0056   0.0000   0.3048   0.0023   0.1077   0.0555   0.4083   0.3521   0.0282   0.0000  -0.0091  -0.0904    0.276
     3   0.0062   0.0155   0.0000   0.3048   0.0037   0.1076   0.0555   0.4091   0.3527   0.0207   0.0000  -0.0067  -0.0882    0.269
     4   0.0120   0.0299   0.0000   0.3048   0.0051   0.1077   0.0568   0.4093   0.3530   0.0186   0.0000  -0.0034  -0.0851    0.260
     5   0.0196   0.0487   0.0000   0.3048   0.0063   0.1076   0.0588   0.4095   0.3531   0.0168   0.0000   0.0001  -0.0819    0.250
     6   0.0286   0.0712   0.0000   0.3048   0.0074   0.1075   0.0613   0.4090   0.3526   0.0152   0.0000   0.0033  -0.0788    0.241
     7   0.0390   0.0970   0.0000   0.3048   0.0083   0.1070   0.0639   0.4072   0.3511   0.0138   0.0000   0.0061  -0.0758    0.233
     8   0.0504   0.1254   0.0000   0.3048   0.0090   0.1059   0.0668   0.4034   0.3479   0.0126   0.0000   0.0085  -0.0727    0.225
     9   0.0626   0.1558   0.0000   0.3048   0.0095   0.1042   0.0698   0.3969   0.3422   0.0116   0.0000   0.0108  -0.0693    0.218
    10   0.0752   0.1873   0.0000   0.3048   0.0097   0.1015   0.0729   0.3867   0.3335   0.0106   0.0000   0.0130  -0.0652    0.211
    11   0.0880   0.2191   0.0000   0.3048   0.0097   0.0977   0.0760   0.3723   0.3210   0.0096   0.0000   0.0153  -0.0602    0.202
    12   0.1006   0.2506   0.0000   0.3048   0.0095   0.0926   0.0789   0.3528   0.3043   0.0086   0.0000   0.0176  -0.0542    0.192
    13   0.1128   0.2810   0.0000   0.3048   0.0090   0.0860   0.0814   0.3279   0.2827   0.0075   0.0000   0.0199  -0.0471    0.180
    14   0.1242   0.3094   0.0000   0.3048   0.0083   0.0779   0.0830   0.2972   0.2562   0.0063   0.0000   0.0219  -0.0390    0.165
    15   0.1346   0.3352   0.0000   0.3048   0.0074   0.0684   0.0834   0.2608   0.2249   0.0050   0.0000   0.0232  -0.0305    0.147
    16   0.1436   0.3577   0.0000   0.3048   0.0063   0.0575   0.0823   0.2193   0.1891   0.0037   0.0000   0.0234  -0.0221    0.126
    17   0.1512   0.3765   0.0000   0.3048   0.0051   0.0455   0.0795   0.1737   0.1498   0.0023   0.0000   0.0218  -0.0144    0.105
    18   0.1570   0.3909   0.0000   0.3048   0.0037   0.0328   0.0752   0.1253   0.1080   0.0010   0.0000   0.0180  -0.0083    0.084
    19   0.1609   0.4008   0.0000   0.3048   0.0023   0.0198   0.0703   0.0755   0.0651  -0.0003   0.0000   0.0119  -0.0040    0.067
    20   0.1629   0.4058   0.0000   0.3048   0.0008   0.0066   0.0675   0.0253   0.0218  -0.0011   0.0000   0.0042  -0.0011    0.059

  Surface # 2     Wing (YDUP)                             
     # Chordwise = 10   # Spanwise = 20     First strip = 21
     Surface area Ssurf =    0.123871     Ave. chord Cave =    0.304800

 Forces referred to Sref, Cref, Bref about Xref, Yref, Zref
 Standard axis orientation,  X fwd, Z down         
     CLsurf  =   0.16289     Clsurf  =   0.03537
     CYsurf  =  -0.00349     Cmsurf  =  -0.01492
     CDsurf  =   0.00621     Cnsurf  =   0.00390
     CDisurf =   0.00621     CDvsurf =   0.00000

 Forces referred to Ssurf, Cave 
     CLsurf  =   0.29324     CDsurf  =   0.01118

 Strip Forces referred to Strip Area, Chord
    j     Xle      Yle      Zle      Chord    Area     c_cl     ai     cl_norm    cl       cd       cdv    cm_c/4     cm_LE   C.P.x/c
    21   0.0003  -0.0006   0.0000   0.3048   0.0008   0.1077   0.0574   0.3942   0.3399   0.1624   0.0000  -0.0099   0.0911    0.279
    22   0.0023  -0.0056   0.0000   0.3048   0.0023   0.1077   0.0555   0.4083   0.3521   0.0282   0.0000  -0.0091   0.0904    0.276
    23   0.0062  -0.0155   0.0000   0.3048   0.0037   0.1076   0.0555   0.4091   0.3527   0.0207   0.0000  -0.0067   0.0882    0.269
    24   0.0120  -0.0299   0.0000   0.3048   0.0051   0.1077   0.0568   0.4093   0.3530   0.0186   0.0000  -0.0034   0.0851    0.260
    25   0.0196  -0.0487   0.0000   0.3048   0.0063   0.1076   0.0588   0.4095   0.3531   0.0168   0.0000   0.0001   0.0819    0.250
    26   0.0286  -0.0712   0.0000   0.3048   0.0074   0.1075   0.0613   0.4090   0.3526   0.0152   0.0000   0.0033   0.0788    0.241
    27   0.0390  -0.0970   0.0000   0.3048   0.0083   0.1070   0.0639   0.4072   0.3511   0.0138   0.0000   0.0061   0.0758    0.233
    28   0.0504  -0.1254   0.0000   0.3048   0.0090   0.1059   0.0668   0.4034   0.3479   0.0126   0.0000   0.0085   0.0727    0.225
    29   0.0626  -0.1558   0.0000   0.3048   0.0095   0.1042   0.0698   0.3969   0.3422   0.0116   0.0000   0.0108   0.0693    0.218
    30   0.0752  -0.1873   0.0000   0.3048   0.0097   0.1015   0.0729   0.3867   0.3335   0.0106   0.0000   0.0130   0.0652    0.211
    31   0.0880  -0.2191   0.0000   0.3048   0.0097   0.0977   0.0760   0.3723   0.3210   0.0096   0.0000   0.0153   0.0602    0.202
    32   0.1006  -0.2506   0.0000   0.3048   0.0095   0.0926   0.0789   0.3528   0.3043   0.0086   0.0000   0.0176   0.0542    0.192
    33   0.1128  -0.2810   0.0000   0.3048   0.0090   0.0860   0.0814   0.3279   0.2827   0.0075   0.0000   0.0199   0.0471    0.180
    34   0.1242  -0.3094   0.0000   0.3048   0.0083   0.0779   0.0830   0.2972   0.2562   0.0063   0.0000   0.0219   0.0390    0.165
    35   0.1346  -0.3352   0.0000   0.3048   0.0074   0.0684   0.0834   0.2608   0.2249   0.0050   0.0000   0.0232   0.0305    0.147
    36   0.1436  -0.3577   0.0000   0.3048   0.0063   0.0575   0.0823   0.2193   0.1891   0.0037   0.0000   0.0234   0.0221    0.126
    37   0.1512  -0.3765   0.0000   0.3048   0.0051   0.0455   0.0795   0.1737   0.1498   0.0023   0.0000   0.0218   0.0144    0.105
    38   0.1570  -0.3909   0.0000   0.3048   0.0037   0.0328   0.0752   0.1253   0.1080   0.0010   0.0000   0.0180   0.0083    0.084
    39   0.1609  -0.4008   0.0000   0.3048   0.0023   0.0198   0.0703   0.0755   0.0651  -0.0003   0.0000   0.0119   0.0040    0.067
    40   0.1629  -0.4058   0.0000   0.3048   0.0008   0.0066   0.0675   0.0253   0.0218  -0.0011   0.0000   0.0042   0.0011    0.059
 ---------------------------------------------------------------
