 ---------------------------------------------------------------
 Surface and Strip Forces by surface

  Sref = 0.13010       Cref = 0.15090       Bref = 0.91440    
  Xref = 0.10920       Yref =  0.0000       Zref =  0.0000    

  Surface # 1     Wing                                    
     # Chordwise = 10   # Spanwise = 20     First strip =  1
     Surface area Ssurf =    0.092903     Ave. chord Cave =    0.203200

 Forces referred to Sref, Cref, Bref about Xref, Yref, Zref
 Standard axis orientation,  X fwd, Z down         
     CLsurf  =   0.27920     Clsurf  =  -0.06104
     CYsurf  =   0.00120     Cmsurf  =   0.09357
     CDsurf  =   0.00790     Cnsurf  =  -0.00405
     CDisurf =   0.00790     CDvsurf =   0.00000

 Forces referred to Ssurf, Cave 
     CLsurf  =   0.39099     CDsurf  =   0.01107

 Strip Forces referred to Strip Area, Chord
    j     Xle      Yle      Zle      Chord    Area     c_cl     ai     cl_norm    cl       cd       cdv    cm_c/4     cm_LE   C.P.x/c
     1   0.0000   0.0007   0.0000   0.2032   0.0006   0.0952   0.0451   0.4689   0.4668   0.0376   0.0000   0.0031  -0.1137    0.243
     2   0.0004   0.0063   0.0000   0.2032   0.0017   0.0952   0.0448   0.4710   0.4689   0.0150   0.0000   0.0035  -0.1133    0.243
     3   0.0012   0.0174   0.0000   0.2032   0.0028   0.0951   0.0450   0.4710   0.4690   0.0135   0.0000   0.0044  -0.1124    0.241
     4   0.0022   0.0337   0.0000   0.2032   0.0038   0.0951   0.0456   0.4709   0.4688   0.0128   0.0000   0.0054  -0.1114    0.239
     5   0.0037   0.0548   0.0000   0.2032   0.0047   0.0950   0.0464   0.4702   0.4682   0.0122   0.0000   0.0063  -0.1103    0.237
     6   0.0053   0.0801   0.0000   0.2032   0.0055   0.0946   0.0475   0.4686   0.4666   0.0118   0.0000   0.0070  -0.1092    0.235
     7   0.0073   0.1092   0.0000   0.2032   0.0062   0.0940   0.0487   0.4656   0.4635   0.0116   0.0000   0.0077  -0.1077    0.233
     8   0.0094   0.1411   0.0000   0.2032   0.0067   0.0930   0.0503   0.4604   0.4584   0.0115   0.0000   0.0083  -0.1059    0.232
     9   0.0117   0.1752   0.0000   0.2032   0.0071   0.0914   0.0522   0.4526   0.4507   0.0114   0.0000   0.0089  -0.1033    0.230
    10   0.0141   0.2107   0.0000   0.2032   0.0073   0.0892   0.0546   0.4415   0.4396   0.0114   0.0000   0.0097  -0.0997    0.228
    11   0.0164   0.2465   0.0000   0.2032   0.0073   0.0861   0.0575   0.4263   0.4244   0.0114   0.0000   0.0107  -0.0950    0.225
    12   0.0188   0.2820   0.0000   0.2032   0.0071   0.0821   0.0609   0.4063   0.4045   0.0114   0.0000   0.0119  -0.0888    0.221
    13   0.0211   0.3161   0.0000   0.2032   0.0067   0.0769   0.0646   0.3806   0.3789   0.0112   0.0000   0.0134  -0.0810    0.215
    14   0.0232   0.3480   0.0000   0.2032   0.0062   0.0704   0.0684   0.3485   0.3470   0.0108   0.0000   0.0151  -0.0714    0.207
    15   0.0252   0.3771   0.0000   0.2032   0.0055   0.0625   0.0718   0.3094   0.3081   0.0102   0.0000   0.0167  -0.0601    0.196
    16   0.0268   0.4024   0.0000   0.2032   0.0047   0.0532   0.0740   0.2634   0.2622   0.0091   0.0000   0.0178  -0.0476    0.182
    17   0.0283   0.4235   0.0000   0.2032   0.0038   0.0426   0.0745   0.2108   0.2099   0.0077   0.0000   0.0178  -0.0346    0.165
    18   0.0293   0.4398   0.0000   0.2032   0.0028   0.0310   0.0725   0.1533   0.1526   0.0058   0.0000   0.0157  -0.0223    0.147
    19   0.0301   0.4509   0.0000   0.2032   0.0017   0.0187   0.0682   0.0926   0.0922   0.0034   0.0000   0.0111  -0.0119    0.129
    20   0.0305   0.4565   0.0000   0.2032   0.0006   0.0062   0.0640   0.0309   0.0308   0.0009   0.0000   0.0041  -0.0036    0.118

  Surface # 2     Wing (YDUP)                             
     # Chordwise = 10   # Spanwise = 20     First strip = 21
     Surface area Ssurf =    0.092903     Ave. chord Cave =    0.203200

 Forces referred to Sref, Cref, Bref about Xref, Yref, Zref
 Standard axis orientation,  X fwd, Z down         
     CLsurf  =   0.27920     Clsurf  =   0.06104
     CYsurf  =  -0.00120     Cmsurf  =   0.09357
     CDsurf  =   0.00790     Cnsurf  =   0.00405
     CDisurf =   0.00790     CDvsurf =   0.00000

 Forces referred to Ssurf, Cave 
     CLsurf  =   0.39099     CDsurf  =   0.01107

 Strip Forces referred to Strip Area, Chord
    j     Xle      Yle      Zle      Chord    Area     c_cl     ai     cl_norm    cl       cd       cdv    cm_c/4     cm_LE   C.P.x/c
    21   0.0000  -0.0007   0.0000   0.2032   0.0006   0.0952   0.0451   0.4689   0.4668   0.0376   0.0000   0.0031   0.1137    0.243
    22   0.0004  -0.0063   0.0000   0.2032   0.0017   0.0952   0.0448   0.4710   0.4689   0.0150   0.0000   0.0035   0.1133    0.243
    23   0.0012  -0.0174   0.0000   0.2032   0.0028   0.0951   0.0450   0.4710   0.4690   0.0135   0.0000   0.0044   0.1124    0.241
    24   0.0022  -0.0337   0.0000   0.2032   0.0038   0.0951   0.0456   0.4709   0.4688   0.0128   0.0000   0.0054   0.1114    0.239
    25   0.0037  -0.0548   0.0000   0.2032   0.0047   0.0950   0.0464   0.4702   0.4682   0.0122   0.0000   0.0063   0.1103    0.237
    26   0.0053  -0.0801   0.0000   0.2032   0.0055   0.0946   0.0475   0.4686   0.4666   0.0118   0.0000   0.0070   0.1092    0.235
    27   0.0073  -0.1092   0.0000   0.2032   0.0062   0.0940   0.0487   0.4656   0.4635   0.0116   0.0000   0.0077   0.1077    0.233
    28   0.0094  -0.1411   0.0000   0.2032   0.0067   0.0930   0.0503   0.4604   0.4584   0.0115   0.0000   0.0083   0.1059    0.232
    29   0.0117  -0.1752   0.0000   0.2032   0.0071   0.0914   0.0522   0.4526   0.4507   0.0114   0.0000   0.0089   0.1033    0.230
    30   0.0141  -0.2107   0.0000   0.2032   0.0073   0.0892   0.0546   0.4415   0.4396   0.0114   0.0000   0.0097   0.0997    0.228
    31   0.0164  -0.2465   0.0000   0.2032   0.0073   0.0861   0.0575   0.4263   0.4244   0.0114   0.0000   0.0107   0.0950    0.225
    32   0.0188  -0.2820   0.0000   0.2032   0.0071   0.0821   0.0609   0.4063   0.4045   0.0114   0.0000   0.0119   0.0888    0.221
    33   0.0211  -0.3161   0.0000   0.2032   0.0067   0.0769   0.0646   0.3806   0.3789   0.0112   0.0000   0.0134   0.0810    0.215
    34   0.0232  -0.3480   0.0000   0.2032   0.0062   0.0704   0.0684   0.3485   0.3470   0.0108   0.0000   0.0151   0.0714    0.207
    35   0.0252  -0.3771   0.0000   0.2032   0.0055   0.0625   0.0718   0.3094   0.3081   0.0102   0.0000   0.0167   0.0601    0.196
    36   0.0268  -0.4024   0.0000   0.2032   0.0047   0.0532   0.0740   0.2634   0.2622   0.0091   0.0000   0.0178   0.0476    0.182
    37   0.0283  -0.4235   0.0000   0.2032   0.0038   0.0426   0.0745   0.2108   0.2099   0.0077   0.0000   0.0178   0.0346    0.165
    38   0.0293  -0.4398   0.0000   0.2032   0.0028   0.0310   0.0725   0.1533   0.1526   0.0058   0.0000   0.0157   0.0223    0.147
    39   0.0301  -0.4509   0.0000   0.2032   0.0017   0.0187   0.0682   0.0926   0.0922   0.0034   0.0000   0.0111   0.0119    0.129
    40   0.0305  -0.4565   0.0000   0.2032   0.0006   0.0062   0.0640   0.0309   0.0308   0.0009   0.0000   0.0041   0.0036    0.118
 ---------------------------------------------------------------
