 ---------------------------------------------------------------
 Surface and Strip Forces by surface

  Sref = 0.15330       Cref = 0.25250       Bref = 0.60960    
  Xref = 0.10920       Yref =  0.0000       Zref =  0.0000    

  Surface # 1     Wing                                    
     # Chordwise = 10   # Spanwise = 20     First strip =  1
     Surface area Ssurf =    0.085161     Ave. chord Cave =    0.279400

 Forces referred to Sref, Cref, Bref about Xref, Yref, Zref
 Standard axis orientation,  X fwd, Z down         
     CLsurf  =   0.23695     Clsurf  =  -0.05055
     CYsurf  =   0.00100     Cmsurf  =   0.04384
     CDsurf  =   0.01503     Cnsurf  =  -0.00510
     CDisurf =   0.01503     CDvsurf =   0.00000

 Forces referred to Ssurf, Cave 
     CLsurf  =   0.42654     CDsurf  =   0.02705

 Strip Forces referred to Strip Area, Chord
    j     Xle      Yle      Zle      Chord    Area     c_cl     ai     cl_norm    cl       cd       cdv    cm_c/4     cm_LE   C.P.x/c
     1   0.0000   0.0005   0.0000   0.2794   0.0005   0.1490   0.1194   0.5283   0.5272   0.0813   0.0000   0.0155  -0.1178    0.221
     2   0.0002   0.0042   0.0000   0.2794   0.0016   0.1490   0.1192   0.5352   0.5341   0.0369   0.0000   0.0156  -0.1177    0.221
     3   0.0005   0.0116   0.0000   0.2794   0.0026   0.1489   0.1191   0.5354   0.5343   0.0341   0.0000   0.0159  -0.1173    0.220
     4   0.0010   0.0225   0.0000   0.2794   0.0035   0.1487   0.1193   0.5346   0.5335   0.0332   0.0000   0.0164  -0.1165    0.219
     5   0.0017   0.0365   0.0000   0.2794   0.0043   0.1482   0.1197   0.5327   0.5316   0.0325   0.0000   0.0170  -0.1154    0.218
     6   0.0025   0.0534   0.0000   0.2794   0.0051   0.1471   0.1204   0.5291   0.5280   0.0319   0.0000   0.0177  -0.1138    0.216
     7   0.0033   0.0728   0.0000   0.2794   0.0057   0.1454   0.1214   0.5231   0.5220   0.0314   0.0000   0.0185  -0.1115    0.215
     8   0.0043   0.0941   0.0000   0.2794   0.0062   0.1429   0.1227   0.5139   0.5128   0.0308   0.0000   0.0193  -0.1084    0.212
     9   0.0054   0.1168   0.0000   0.2794   0.0065   0.1393   0.1242   0.5009   0.4998   0.0301   0.0000   0.0203  -0.1043    0.209
    10   0.0065   0.1404   0.0000   0.2794   0.0067   0.1344   0.1261   0.4834   0.4824   0.0293   0.0000   0.0213  -0.0989    0.206
    11   0.0075   0.1644   0.0000   0.2794   0.0067   0.1282   0.1282   0.4609   0.4600   0.0283   0.0000   0.0224  -0.0922    0.201
    12   0.0086   0.1880   0.0000   0.2794   0.0065   0.1205   0.1303   0.4330   0.4321   0.0271   0.0000   0.0234  -0.0843    0.196
    13   0.0097   0.2107   0.0000   0.2794   0.0062   0.1111   0.1322   0.3993   0.3985   0.0256   0.0000   0.0243  -0.0750    0.189
    14   0.0107   0.2320   0.0000   0.2794   0.0057   0.1001   0.1337   0.3598   0.3591   0.0236   0.0000   0.0248  -0.0647    0.181
    15   0.0115   0.2514   0.0000   0.2794   0.0051   0.0876   0.1345   0.3147   0.3141   0.0212   0.0000   0.0246  -0.0537    0.172
    16   0.0123   0.2683   0.0000   0.2794   0.0043   0.0736   0.1343   0.2644   0.2639   0.0184   0.0000   0.0234  -0.0424    0.161
    17   0.0130   0.2823   0.0000   0.2794   0.0035   0.0585   0.1330   0.2098   0.2094   0.0150   0.0000   0.0208  -0.0314    0.150
    18   0.0135   0.2932   0.0000   0.2794   0.0026   0.0423   0.1305   0.1519   0.1516   0.0111   0.0000   0.0166  -0.0212    0.140
    19   0.0138   0.3006   0.0000   0.2794   0.0016   0.0256   0.1274   0.0919   0.0917   0.0067   0.0000   0.0108  -0.0121    0.132
    20   0.0140   0.3043   0.0000   0.2794   0.0005   0.0086   0.1254   0.0308   0.0307   0.0021   0.0000   0.0038  -0.0039    0.127

  Surface # 2     Wing (YDUP)                             
     # Chordwise = 10   # Spanwise = 20     First strip = 21
     Surface area Ssurf =    0.085161     Ave. chord Cave =    0.279400

 Forces referred to Sref, Cref, Bref about Xref, Yref, Zref
 Standard axis orientation,  X fwd, Z down         
     CLsurf  =   0.23695     Clsurf  =   0.05055
     CYsurf  =  -0.00100     Cmsurf  =   0.04384
     CDsurf  =   0.01503     Cnsurf  =   0.00510
     CDisurf =   0.01503     CDvsurf =   0.00000

 Forces referred to Ssurf, Cave 
     CLsurf  =   0.42654     CDsurf  =   0.02705

 Strip Forces referred to Strip Area, Chord
    j     Xle      Yle      Zle      Chord    Area     c_cl     ai     cl_norm    cl       cd       cdv    cm_c/4     cm_LE   C.P.x/c
    21   0.0000  -0.0005   0.0000   0.2794   0.0005   0.1490   0.1194   0.5283   0.5272   0.0813   0.0000   0.0155   0.1178    0.221
    22   0.0002  -0.0042   0.0000   0.2794   0.0016   0.1490   0.1192   0.5352   0.5341   0.0369   0.0000   0.0156   0.1177    0.221
    23   0.0005  -0.0116   0.0000   0.2794   0.0026   0.1489   0.1191   0.5354   0.5343   0.0341   0.0000   0.0159   0.1173    0.220
    24   0.0010  -0.0225   0.0000   0.2794   0.0035   0.1487   0.1193   0.5346   0.5335   0.0332   0.0000   0.0164   0.1165    0.219
    25   0.0017  -0.0365   0.0000   0.2794   0.0043   0.1482   0.1197   0.5327   0.5316   0.0325   0.0000   0.0170   0.1154    0.218
    26   0.0025  -0.0534   0.0000   0.2794   0.0051   0.1471   0.1204   0.5291   0.5280   0.0319   0.0000   0.0177   0.1138    0.216
    27   0.0033  -0.0728   0.0000   0.2794   0.0057   0.1454   0.1214   0.5231   0.5220   0.0314   0.0000   0.0185   0.1115    0.215
    28   0.0043  -0.0941   0.0000   0.2794   0.0062   0.1429   0.1227   0.5139   0.5128   0.0308   0.0000   0.0193   0.1084    0.212
    29   0.0054  -0.1168   0.0000   0.2794   0.0065   0.1393   0.1242   0.5009   0.4998   0.0301   0.0000   0.0203   0.1043    0.209
    30   0.0065  -0.1404   0.0000   0.2794   0.0067   0.1344   0.1261   0.4834   0.4824   0.0293   0.0000   0.0213   0.0989    0.206
    31   0.0075  -0.1644   0.0000   0.2794   0.0067   0.1282   0.1282   0.4609   0.4600   0.0283   0.0000   0.0224   0.0922    0.201
    32   0.0086  -0.1880   0.0000   0.2794   0.0065   0.1205   0.1303   0.4330   0.4321   0.0271   0.0000   0.0234   0.0843    0.196
    33   0.0097  -0.2107   0.0000   0.2794   0.0062   0.1111   0.1322   0.3993   0.3985   0.0256   0.0000   0.0243   0.0750    0.189
    34   0.0107  -0.2320   0.0000   0.2794   0.0057   0.1001   0.1337   0.3598   0.3591   0.0236   0.0000   0.0248   0.0647    0.181
    35   0.0115  -0.2514   0.0000   0.2794   0.0051   0.0876   0.1345   0.3147   0.3141   0.0212   0.0000   0.0246   0.0537    0.172
    36   0.0123  -0.2683   0.0000   0.2794   0.0043   0.0736   0.1343   0.2644   0.2639   0.0184   0.0000   0.0234   0.0424    0.161
    37   0.0130  -0.2823   0.0000   0.2794   0.0035   0.0585   0.1330   0.2098   0.2094   0.0150   0.0000   0.0208   0.0314    0.150
    38   0.0135  -0.2932   0.0000   0.2794   0.0026   0.0423   0.1305   0.1519   0.1516   0.0111   0.0000   0.0166   0.0212    0.140
    39   0.0138  -0.3006   0.0000   0.2794   0.0016   0.0256   0.1274   0.0919   0.0917   0.0067   0.0000   0.0108   0.0121    0.132
    40   0.0140  -0.3043   0.0000   0.2794   0.0005   0.0086   0.1254   0.0308   0.0307   0.0021   0.0000   0.0038   0.0039    0.127
 ---------------------------------------------------------------
