 ---------------------------------------------------------------
 Surface and Strip Forces by surface

  Sref = 0.18580       Cref = 0.30480       Bref = 0.60960    
  Xref = 0.10920       Yref =  0.0000       Zref =  0.0000    

  Surface # 1     Wing                                    
     # Chordwise = 10   # Spanwise = 20     First strip =  1
     Surface area Ssurf =    0.092903     Ave. chord Cave =    0.304800

 Forces referred to Sref, Cref, Bref about Xref, Yref, Zref
 Standard axis orientation,  X fwd, Z down         
     CLsurf  =   0.19550     Clsurf  =  -0.04160
     CYsurf  =   0.00000     Cmsurf  =   0.03146
     CDsurf  =   0.01226     Cnsurf  =  -0.00356
     CDisurf =   0.01226     CDvsurf =   0.00000

 Forces referred to Ssurf, Cave 
     CLsurf  =   0.39099     CDsurf  =   0.02452

 Strip Forces referred to Strip Area, Chord
    j     Xle      Yle      Zle      Chord    Area     c_cl     ai     cl_norm    cl       cd       cdv    cm_c/4     cm_LE   C.P.x/c
     1   0.0000   0.0005   0.0000   0.3048   0.0006   0.1499   0.1215   0.4931   0.4931   0.0290   0.0000   0.0194  -0.1036    0.211
     2   0.0000   0.0042   0.0000   0.3048   0.0017   0.1499   0.1215   0.4931   0.4931   0.0290   0.0000   0.0194  -0.1035    0.211
     3   0.0000   0.0116   0.0000   0.3048   0.0028   0.1498   0.1215   0.4928   0.4928   0.0289   0.0000   0.0194  -0.1035    0.211
     4   0.0000   0.0225   0.0000   0.3048   0.0038   0.1496   0.1216   0.4920   0.4920   0.0289   0.0000   0.0195  -0.1032    0.210
     5   0.0000   0.0365   0.0000   0.3048   0.0047   0.1490   0.1218   0.4900   0.4900   0.0289   0.0000   0.0196  -0.1026    0.210
     6   0.0000   0.0534   0.0000   0.3048   0.0055   0.1479   0.1222   0.4863   0.4863   0.0288   0.0000   0.0197  -0.1016    0.209
     7   0.0000   0.0728   0.0000   0.3048   0.0062   0.1461   0.1227   0.4803   0.4803   0.0286   0.0000   0.0200  -0.0998    0.208
     8   0.0000   0.0941   0.0000   0.3048   0.0067   0.1433   0.1235   0.4714   0.4714   0.0283   0.0000   0.0204  -0.0972    0.207
     9   0.0000   0.1168   0.0000   0.3048   0.0071   0.1395   0.1246   0.4588   0.4588   0.0279   0.0000   0.0209  -0.0936    0.205
    10   0.0000   0.1404   0.0000   0.3048   0.0073   0.1345   0.1259   0.4421   0.4421   0.0273   0.0000   0.0215  -0.0889    0.201
    11   0.0000   0.1644   0.0000   0.3048   0.0073   0.1280   0.1274   0.4209   0.4209   0.0265   0.0000   0.0221  -0.0829    0.197
    12   0.0000   0.1880   0.0000   0.3048   0.0071   0.1201   0.1289   0.3947   0.3947   0.0254   0.0000   0.0227  -0.0758    0.192
    13   0.0000   0.2107   0.0000   0.3048   0.0067   0.1106   0.1302   0.3634   0.3634   0.0240   0.0000   0.0232  -0.0675    0.186
    14   0.0000   0.2320   0.0000   0.3048   0.0062   0.0995   0.1312   0.3269   0.3269   0.0222   0.0000   0.0233  -0.0584    0.179
    15   0.0000   0.2514   0.0000   0.3048   0.0055   0.0870   0.1315   0.2855   0.2855   0.0200   0.0000   0.0228  -0.0486    0.170
    16   0.0000   0.2683   0.0000   0.3048   0.0047   0.0730   0.1310   0.2396   0.2396   0.0174   0.0000   0.0214  -0.0385    0.161
    17   0.0000   0.2823   0.0000   0.3048   0.0038   0.0579   0.1294   0.1899   0.1899   0.0142   0.0000   0.0188  -0.0287    0.151
    18   0.0000   0.2932   0.0000   0.3048   0.0028   0.0419   0.1269   0.1374   0.1374   0.0106   0.0000   0.0149  -0.0195    0.142
    19   0.0000   0.3006   0.0000   0.3048   0.0017   0.0253   0.1239   0.0831   0.0831   0.0065   0.0000   0.0096  -0.0111    0.134
    20   0.0000   0.3043   0.0000   0.3048   0.0006   0.0085   0.1220   0.0278   0.0278   0.0022   0.0000   0.0033  -0.0036    0.130

  Surface # 2     Wing (YDUP)                             
     # Chordwise = 10   # Spanwise = 20     First strip = 21
     Surface area Ssurf =    0.092903     Ave. chord Cave =    0.304800

 Forces referred to Sref, Cref, Bref about Xref, Yref, Zref
 Standard axis orientation,  X fwd, Z down         
     CLsurf  =   0.19550     Clsurf  =   0.04160
     CYsurf  =   0.00000     Cmsurf  =   0.03146
     CDsurf  =   0.01226     Cnsurf  =   0.00356
     CDisurf =   0.01226     CDvsurf =   0.00000

 Forces referred to Ssurf, Cave 
     CLsurf  =   0.39099     CDsurf  =   0.02452

 Strip Forces referred to Strip Area, Chord
    j     Xle      Yle      Zle      Chord    Area     c_cl     ai     cl_norm    cl       cd       cdv    cm_c/4     cm_LE   C.P.x/c
    21   0.0000  -0.0005   0.0000   0.3048   0.0006   0.1499   0.1215   0.4931   0.4931   0.0290   0.0000   0.0194   0.1036    0.211
    22   0.0000  -0.0042   0.0000   0.3048   0.0017   0.1499   0.1215   0.4931   0.4931   0.0290   0.0000   0.0194   0.1035    0.211
    23   0.0000  -0.0116   0.0000   0.3048   0.0028   0.1498   0.1215   0.4928   0.4928   0.0289   0.0000   0.0194   0.1035    0.211
    24   0.0000  -0.0225   0.0000   0.3048   0.0038   0.1496   0.1216   0.4920   0.4920   0.0289   0.0000   0.0195   0.1032    0.210
    25   0.0000  -0.0365   0.0000   0.3048   0.0047   0.1490   0.1218   0.4900   0.4900   0.0289   0.0000   0.0196   0.1026    0.210
    26   0.0000  -0.0534   0.0000   0.3048   0.0055   0.1479   0.1222   0.4863   0.4863   0.0288   0.0000   0.0197   0.1016    0.209
    27   0.0000  -0.0728   0.0000   0.3048   0.0062   0.1461   0.1227   0.4803   0.4803   0.0286   0.0000   0.0200   0.0998    0.208
    28   0.0000  -0.0941   0.0000   0.3048   0.0067   0.1433   0.1235   0.4714   0.4714   0.0283   0.0000   0.0204   0.0972    0.207
    29   0.0000  -0.1168   0.0000   0.3048   0.0071   0.1395   0.1246   0.4588   0.4588   0.0279   0.0000   0.0209   0.0936    0.205
    30   0.0000  -0.1404   0.0000   0.3048   0.0073   0.1345   0.1259   0.4421   0.4421   0.0273   0.0000   0.0215   0.0889    0.201
    31   0.0000  -0.1644   0.0000   0.3048   0.0073   0.1280   0.1274   0.4209   0.4209   0.0265   0.0000   0.0221   0.0829    0.197
    32   0.0000  -0.1880   0.0000   0.3048   0.0071   0.1201   0.1289   0.3947   0.3947   0.0254   0.0000   0.0227   0.0758    0.192
    33   0.0000  -0.2107   0.0000   0.3048   0.0067   0.1106   0.1302   0.3634   0.3634   0.0240   0.0000   0.0232   0.0675    0.186
    34   0.0000  -0.2320   0.0000   0.3048   0.0062   0.0995   0.1312   0.3269   0.3269   0.0222   0.0000   0.0233   0.0584    0.179
    35   0.0000  -0.2514   0.0000   0.3048   0.0055   0.0870   0.1315   0.2855   0.2855   0.0200   0.0000   0.0228   0.0486    0.170
    36   0.0000  -0.2683   0.0000   0.3048   0.0047   0.0730   0.1310   0.2396   0.2396   0.0174   0.0000   0.0214   0.0385    0.161
    37   0.0000  -0.2823   0.0000   0.3048   0.0038   0.0579   0.1294   0.1899   0.1899   0.0142   0.0000   0.0188   0.0287    0.151
    38   0.0000  -0.2932   0.0000   0.3048   0.0028   0.0419   0.1269   0.1374   0.1374   0.0106   0.0000   0.0149   0.0195    0.142
    39   0.0000  -0.3006   0.0000   0.3048   0.0017   0.0253   0.1239   0.0831   0.0831   0.0065   0.0000   0.0096   0.0111    0.134
    40   0.0000  -0.3043   0.0000   0.3048   0.0006   0.0085   0.1220   0.0278   0.0278   0.0022   0.0000   0.0033   0.0036    0.130
 ---------------------------------------------------------------
