 ---------------------------------------------------------------
 Surface and Strip Forces by surface

  Sref = 0.18580       Cref = 0.22950       Bref = 0.81280    
  Xref = 0.10920       Yref =  0.0000       Zref =  0.0000    

  Surface # 1     Wing                                    
     # Chordwise = 10   # Spanwise = 20     First strip =  1
     Surface area Ssurf =    0.103226     Ave. chord Cave =    0.254000

 Forces referred to Sref, Cref, Bref about Xref, Yref, Zref
 Standard axis orientation,  X fwd, Z down         
     CLsurf  =   0.19550     Clsurf  =  -0.04228
     CYsurf  =   0.00145     Cmsurf  =   0.02907
     CDsurf  =   0.00706     Cnsurf  =  -0.00311
     CDisurf =   0.00706     CDvsurf =   0.00000

 Forces referred to Ssurf, Cave 
     CLsurf  =   0.35189     CDsurf  =   0.01271

 Strip Forces referred to Strip Area, Chord
    j     Xle      Yle      Zle      Chord    Area     c_cl     ai     cl_norm    cl       cd       cdv    cm_c/4     cm_LE   C.P.x/c
     1   0.0001   0.0006   0.0000   0.2540   0.0006   0.1091   0.0610   0.4305   0.4245   0.0706   0.0000   0.0029  -0.1037    0.243
     2   0.0007   0.0056   0.0000   0.2540   0.0019   0.1091   0.0604   0.4354   0.4294   0.0206   0.0000   0.0033  -0.1033    0.242
     3   0.0018   0.0155   0.0000   0.2540   0.0031   0.1090   0.0604   0.4356   0.4296   0.0176   0.0000   0.0043  -0.1023    0.240
     4   0.0036   0.0299   0.0000   0.2540   0.0042   0.1089   0.0609   0.4353   0.4293   0.0165   0.0000   0.0057  -0.1008    0.237
     5   0.0058   0.0487   0.0000   0.2540   0.0053   0.1087   0.0618   0.4345   0.4285   0.0156   0.0000   0.0071  -0.0992    0.233
     6   0.0085   0.0712   0.0000   0.2540   0.0062   0.1082   0.0630   0.4326   0.4267   0.0149   0.0000   0.0084  -0.0975    0.230
     7   0.0115   0.0970   0.0000   0.2540   0.0069   0.1074   0.0645   0.4292   0.4233   0.0143   0.0000   0.0095  -0.0955    0.228
     8   0.0149   0.1254   0.0000   0.2540   0.0075   0.1059   0.0663   0.4236   0.4178   0.0139   0.0000   0.0106  -0.0930    0.225
     9   0.0185   0.1558   0.0000   0.2540   0.0079   0.1038   0.0683   0.4152   0.4095   0.0135   0.0000   0.0117  -0.0899    0.221
    10   0.0223   0.1873   0.0000   0.2540   0.0081   0.1009   0.0707   0.4033   0.3978   0.0131   0.0000   0.0128  -0.0858    0.218
    11   0.0260   0.2191   0.0000   0.2540   0.0081   0.0969   0.0733   0.3873   0.3820   0.0127   0.0000   0.0141  -0.0806    0.213
    12   0.0298   0.2506   0.0000   0.2540   0.0079   0.0917   0.0761   0.3667   0.3616   0.0123   0.0000   0.0156  -0.0742    0.207
    13   0.0334   0.2810   0.0000   0.2540   0.0075   0.0852   0.0789   0.3408   0.3361   0.0116   0.0000   0.0171  -0.0663    0.199
    14   0.0368   0.3094   0.0000   0.2540   0.0069   0.0774   0.0813   0.3093   0.3050   0.0108   0.0000   0.0185  -0.0572    0.189
    15   0.0398   0.3352   0.0000   0.2540   0.0062   0.0681   0.0830   0.2721   0.2684   0.0097   0.0000   0.0196  -0.0471    0.177
    16   0.0425   0.3577   0.0000   0.2540   0.0053   0.0575   0.0834   0.2296   0.2265   0.0084   0.0000   0.0198  -0.0365    0.163
    17   0.0447   0.3765   0.0000   0.2540   0.0042   0.0457   0.0822   0.1826   0.1801   0.0068   0.0000   0.0186  -0.0261    0.146
    18   0.0465   0.3909   0.0000   0.2540   0.0031   0.0331   0.0793   0.1321   0.1303   0.0048   0.0000   0.0157  -0.0168    0.130
    19   0.0476   0.4008   0.0000   0.2540   0.0019   0.0199   0.0750   0.0797   0.0786   0.0026   0.0000   0.0106  -0.0090    0.116
    20   0.0482   0.4058   0.0000   0.2540   0.0006   0.0067   0.0718   0.0267   0.0263   0.0005   0.0000   0.0037  -0.0028    0.107

  Surface # 2     Wing (YDUP)                             
     # Chordwise = 10   # Spanwise = 20     First strip = 21
     Surface area Ssurf =    0.103226     Ave. chord Cave =    0.254000

 Forces referred to Sref, Cref, Bref about Xref, Yref, Zref
 Standard axis orientation,  X fwd, Z down         
     CLsurf  =   0.19550     Clsurf  =   0.04228
     CYsurf  =  -0.00145     Cmsurf  =   0.02907
     CDsurf  =   0.00706     Cnsurf  =   0.00311
     CDisurf =   0.00706     CDvsurf =   0.00000

 Forces referred to Ssurf, Cave 
     CLsurf  =   0.35189     CDsurf  =   0.01271

 Strip Forces referred to Strip Area, Chord
    j     Xle      Yle      Zle      Chord    Area     c_cl     ai     cl_norm    cl       cd       cdv    cm_c/4     cm_LE   C.P.x/c
    21   0.0001  -0.0006   0.0000   0.2540   0.0006   0.1091   0.0610   0.4305   0.4245   0.0706   0.0000   0.0029   0.1037    0.243
    22   0.0007  -0.0056   0.0000   0.2540   0.0019   0.1091   0.0604   0.4354   0.4294   0.0206   0.0000   0.0033   0.1033    0.242
    23   0.0018  -0.0155   0.0000   0.2540   0.0031   0.1090   0.0604   0.4356   0.4296   0.0176   0.0000   0.0043   0.1023    0.240
    24   0.0036  -0.0299   0.0000   0.2540   0.0042   0.1089   0.0609   0.4353   0.4293   0.0165   0.0000   0.0057   0.1008    0.237
    25   0.0058  -0.0487   0.0000   0.2540   0.0053   0.1087   0.0618   0.4345   0.4285   0.0156   0.0000   0.0071   0.0992    0.233
    26   0.0085  -0.0712   0.0000   0.2540   0.0062   0.1082   0.0630   0.4326   0.4267   0.0149   0.0000   0.0084   0.0975    0.230
    27   0.0115  -0.0970   0.0000   0.2540   0.0069   0.1074   0.0645   0.4292   0.4233   0.0143   0.0000   0.0095   0.0955    0.228
    28   0.0149  -0.1254   0.0000   0.2540   0.0075   0.1059   0.0663   0.4236   0.4178   0.0139   0.0000   0.0106   0.0930    0.225
    29   0.0185  -0.1558   0.0000   0.2540   0.0079   0.1038   0.0683   0.4152   0.4095   0.0135   0.0000   0.0117   0.0899    0.221
    30   0.0223  -0.1873   0.0000   0.2540   0.0081   0.1009   0.0707   0.4033   0.3978   0.0131   0.0000   0.0128   0.0858    0.218
    31   0.0260  -0.2191   0.0000   0.2540   0.0081   0.0969   0.0733   0.3873   0.3820   0.0127   0.0000   0.0141   0.0806    0.213
    32   0.0298  -0.2506   0.0000   0.2540   0.0079   0.0917   0.0761   0.3667   0.3616   0.0123   0.0000   0.0156   0.0742    0.207
    33   0.0334  -0.2810   0.0000   0.2540   0.0075   0.0852   0.0789   0.3408   0.3361   0.0116   0.0000   0.0171   0.0663    0.199
    34   0.0368  -0.3094   0.0000   0.2540   0.0069   0.0774   0.0813   0.3093   0.3050   0.0108   0.0000   0.0185   0.0572    0.189
    35   0.0398  -0.3352   0.0000   0.2540   0.0062   0.0681   0.0830   0.2721   0.2684   0.0097   0.0000   0.0196   0.0471    0.177
    36   0.0425  -0.3577   0.0000   0.2540   0.0053   0.0575   0.0834   0.2296   0.2265   0.0084   0.0000   0.0198   0.0365    0.163
    37   0.0447  -0.3765   0.0000   0.2540   0.0042   0.0457   0.0822   0.1826   0.1801   0.0068   0.0000   0.0186   0.0261    0.146
    38   0.0465  -0.3909   0.0000   0.2540   0.0031   0.0331   0.0793   0.1321   0.1303   0.0048   0.0000   0.0157   0.0168    0.130
    39   0.0476  -0.4008   0.0000   0.2540   0.0019   0.0199   0.0750   0.0797   0.0786   0.0026   0.0000   0.0106   0.0090    0.116
    40   0.0482  -0.4058   0.0000   0.2540   0.0006   0.0067   0.0718   0.0267   0.0263   0.0005   0.0000   0.0037   0.0028    0.107
 ---------------------------------------------------------------
