 ---------------------------------------------------------------
 Surface and Strip Forces by surface

  Sref = 0.86700E-01   Cref = 0.15090       Bref = 0.60960    
  Xref = 0.10920       Yref =  0.0000       Zref =  0.0000    

  Surface # 1     Wing                                    
     # Chordwise = 10   # Spanwise = 20     First strip =  1
     Surface area Ssurf =    0.061935     Ave. chord Cave =    0.203200

 Forces referred to Sref, Cref, Bref about Xref, Yref, Zref
 Standard axis orientation,  X fwd, Z down         
     CLsurf  =   0.41897     Clsurf  =  -0.09093
     CYsurf  =   0.01336     Cmsurf  =   0.07819
     CDsurf  =   0.02777     Cnsurf  =  -0.01549
     CDisurf =   0.02777     CDvsurf =   0.00000

 Forces referred to Ssurf, Cave 
     CLsurf  =   0.58649     CDsurf  =   0.03887

 Strip Forces referred to Strip Area, Chord
    j     Xle      Yle      Zle      Chord    Area     c_cl     ai     cl_norm    cl       cd       cdv    cm_c/4     cm_LE   C.P.x/c
     1   0.0001   0.0005   0.0000   0.2032   0.0004   0.1425   0.0965   0.6919   0.6445   0.3722   0.0000  -0.0108  -0.1794    0.267
     2   0.0012   0.0042   0.0000   0.2032   0.0011   0.1425   0.0972   0.7492   0.6978   0.0820   0.0000  -0.0096  -0.1782    0.264
     3   0.0032   0.0116   0.0000   0.2032   0.0019   0.1425   0.0992   0.7529   0.7012   0.0647   0.0000  -0.0063  -0.1751    0.259
     4   0.0062   0.0225   0.0000   0.2032   0.0025   0.1426   0.1022   0.7545   0.7028   0.0582   0.0000  -0.0019  -0.1709    0.253
     5   0.0101   0.0365   0.0000   0.2032   0.0032   0.1426   0.1058   0.7554   0.7036   0.0531   0.0000   0.0027  -0.1665    0.246
     6   0.0148   0.0534   0.0000   0.2032   0.0037   0.1423   0.1097   0.7549   0.7031   0.0489   0.0000   0.0068  -0.1622    0.240
     7   0.0201   0.0728   0.0000   0.2032   0.0041   0.1416   0.1138   0.7516   0.7001   0.0454   0.0000   0.0104  -0.1579    0.235
     8   0.0260   0.0941   0.0000   0.2032   0.0045   0.1402   0.1183   0.7446   0.6935   0.0426   0.0000   0.0136  -0.1531    0.230
     9   0.0323   0.1168   0.0000   0.2032   0.0047   0.1378   0.1232   0.7324   0.6822   0.0402   0.0000   0.0166  -0.1474    0.226
    10   0.0388   0.1404   0.0000   0.2032   0.0048   0.1343   0.1284   0.7139   0.6650   0.0380   0.0000   0.0196  -0.1404    0.221
    11   0.0454   0.1644   0.0000   0.2032   0.0048   0.1294   0.1340   0.6878   0.6407   0.0358   0.0000   0.0228  -0.1315    0.214
    12   0.0519   0.1880   0.0000   0.2032   0.0047   0.1228   0.1397   0.6530   0.6082   0.0335   0.0000   0.0261  -0.1205    0.207
    13   0.0582   0.2107   0.0000   0.2032   0.0045   0.1144   0.1452   0.6085   0.5667   0.0308   0.0000   0.0294  -0.1073    0.198
    14   0.0641   0.2320   0.0000   0.2032   0.0041   0.1041   0.1500   0.5536   0.5157   0.0276   0.0000   0.0325  -0.0921    0.187
    15   0.0694   0.2514   0.0000   0.2032   0.0037   0.0918   0.1536   0.4884   0.4549   0.0241   0.0000   0.0346  -0.0755    0.174
    16   0.0741   0.2683   0.0000   0.2032   0.0032   0.0777   0.1554   0.4134   0.3850   0.0200   0.0000   0.0350  -0.0584    0.159
    17   0.0780   0.2823   0.0000   0.2032   0.0025   0.0620   0.1551   0.3299   0.3072   0.0156   0.0000   0.0327  -0.0419    0.143
    18   0.0810   0.2932   0.0000   0.2032   0.0019   0.0450   0.1528   0.2398   0.2234   0.0108   0.0000   0.0272  -0.0272    0.128
    19   0.0830   0.3006   0.0000   0.2032   0.0011   0.0273   0.1490   0.1455   0.1355   0.0055   0.0000   0.0182  -0.0148    0.116
    20   0.0841   0.3043   0.0000   0.2032   0.0004   0.0091   0.1464   0.0491   0.0457  -0.0000   0.0000   0.0064  -0.0047    0.110

  Surface # 2     Wing (YDUP)                             
     # Chordwise = 10   # Spanwise = 20     First strip = 21
     Surface area Ssurf =    0.061935     Ave. chord Cave =    0.203200

 Forces referred to Sref, Cref, Bref about Xref, Yref, Zref
 Standard axis orientation,  X fwd, Z down         
     CLsurf  =   0.41897     Clsurf  =   0.09093
     CYsurf  =  -0.01336     Cmsurf  =   0.07819
     CDsurf  =   0.02777     Cnsurf  =   0.01549
     CDisurf =   0.02777     CDvsurf =   0.00000

 Forces referred to Ssurf, Cave 
     CLsurf  =   0.58649     CDsurf  =   0.03887

 Strip Forces referred to Strip Area, Chord
    j     Xle      Yle      Zle      Chord    Area     c_cl     ai     cl_norm    cl       cd       cdv    cm_c/4     cm_LE   C.P.x/c
    21   0.0001  -0.0005   0.0000   0.2032   0.0004   0.1425   0.0965   0.6919   0.6445   0.3722   0.0000  -0.0108   0.1794    0.267
    22   0.0012  -0.0042   0.0000   0.2032   0.0011   0.1425   0.0972   0.7492   0.6978   0.0820   0.0000  -0.0096   0.1782    0.264
    23   0.0032  -0.0116   0.0000   0.2032   0.0019   0.1425   0.0992   0.7529   0.7012   0.0647   0.0000  -0.0063   0.1751    0.259
    24   0.0062  -0.0225   0.0000   0.2032   0.0025   0.1426   0.1022   0.7545   0.7028   0.0582   0.0000  -0.0019   0.1709    0.253
    25   0.0101  -0.0365   0.0000   0.2032   0.0032   0.1426   0.1058   0.7554   0.7036   0.0531   0.0000   0.0027   0.1665    0.246
    26   0.0148  -0.0534   0.0000   0.2032   0.0037   0.1423   0.1097   0.7549   0.7031   0.0489   0.0000   0.0068   0.1622    0.240
    27   0.0201  -0.0728   0.0000   0.2032   0.0041   0.1416   0.1138   0.7516   0.7001   0.0454   0.0000   0.0104   0.1579    0.235
    28   0.0260  -0.0941   0.0000   0.2032   0.0045   0.1402   0.1183   0.7446   0.6935   0.0426   0.0000   0.0136   0.1531    0.230
    29   0.0323  -0.1168   0.0000   0.2032   0.0047   0.1378   0.1232   0.7324   0.6822   0.0402   0.0000   0.0166   0.1474    0.226
    30   0.0388  -0.1404   0.0000   0.2032   0.0048   0.1343   0.1284   0.7139   0.6650   0.0380   0.0000   0.0196   0.1404    0.221
    31   0.0454  -0.1644   0.0000   0.2032   0.0048   0.1294   0.1340   0.6878   0.6407   0.0358   0.0000   0.0228   0.1315    0.214
    32   0.0519  -0.1880   0.0000   0.2032   0.0047   0.1228   0.1397   0.6530   0.6082   0.0335   0.0000   0.0261   0.1205    0.207
    33   0.0582  -0.2107   0.0000   0.2032   0.0045   0.1144   0.1452   0.6085   0.5667   0.0308   0.0000   0.0294   0.1073    0.198
    34   0.0641  -0.2320   0.0000   0.2032   0.0041   0.1041   0.1500   0.5536   0.5157   0.0276   0.0000   0.0325   0.0921    0.187
    35   0.0694  -0.2514   0.0000   0.2032   0.0037   0.0918   0.1536   0.4884   0.4549   0.0241   0.0000   0.0346   0.0755    0.174
    36   0.0741  -0.2683   0.0000   0.2032   0.0032   0.0777   0.1554   0.4134   0.3850   0.0200   0.0000   0.0350   0.0584    0.159
    37   0.0780  -0.2823   0.0000   0.2032   0.0025   0.0620   0.1551   0.3299   0.3072   0.0156   0.0000   0.0327   0.0419    0.143
    38   0.0810  -0.2932   0.0000   0.2032   0.0019   0.0450   0.1528   0.2398   0.2234   0.0108   0.0000   0.0272   0.0272    0.128
    39   0.0830  -0.3006   0.0000   0.2032   0.0011   0.0273   0.1490   0.1455   0.1355   0.0055   0.0000   0.0182   0.0148    0.116
    40   0.0841  -0.3043   0.0000   0.2032   0.0004   0.0091   0.1464   0.0491   0.0457  -0.0000   0.0000   0.0064   0.0047    0.110
 ---------------------------------------------------------------
