 ---------------------------------------------------------------
 Surface and Strip Forces by surface

  Sref = 0.13010       Cref = 0.18670       Bref = 0.71120    
  Xref = 0.10920       Yref =  0.0000       Zref =  0.0000    

  Surface # 1     Wing                                    
     # Chordwise = 10   # Spanwise = 20     First strip =  1
     Surface area Ssurf =    0.081290     Ave. chord Cave =    0.228600

 Forces referred to Sref, Cref, Bref about Xref, Yref, Zref
 Standard axis orientation,  X fwd, Z down         
     CLsurf  =   0.27920     Clsurf  =  -0.06122
     CYsurf  =   0.01012     Cmsurf  =  -0.01147
     CDsurf  =   0.01388     Cnsurf  =  -0.00956
     CDisurf =   0.01388     CDvsurf =   0.00000

 Forces referred to Ssurf, Cave 
     CLsurf  =   0.44685     CDsurf  =   0.02222

 Strip Forces referred to Strip Area, Chord
    j     Xle      Yle      Zle      Chord    Area     c_cl     ai     cl_norm    cl       cd       cdv    cm_c/4     cm_LE   C.P.x/c
     1   0.0002   0.0005   0.0000   0.2286   0.0005   0.1197   0.0613   0.5769   0.4891   0.2904   0.0000  -0.0194  -0.1381    0.290
     2   0.0021   0.0049   0.0000   0.2286   0.0015   0.1197   0.0617   0.6145   0.5209   0.0550   0.0000  -0.0179  -0.1368    0.284
     3   0.0058   0.0135   0.0000   0.2286   0.0024   0.1198   0.0642   0.6171   0.5231   0.0422   0.0000  -0.0138  -0.1331    0.276
     4   0.0112   0.0262   0.0000   0.2286   0.0033   0.1200   0.0679   0.6190   0.5248   0.0376   0.0000  -0.0085  -0.1284    0.266
     5   0.0182   0.0426   0.0000   0.2286   0.0041   0.1203   0.0721   0.6211   0.5266   0.0335   0.0000  -0.0032  -0.1239    0.256
     6   0.0267   0.0623   0.0000   0.2286   0.0048   0.1205   0.0765   0.6225   0.5278   0.0300   0.0000   0.0014  -0.1198    0.247
     7   0.0364   0.0849   0.0000   0.2286   0.0054   0.1203   0.0810   0.6222   0.5275   0.0271   0.0000   0.0053  -0.1161    0.240
     8   0.0470   0.1098   0.0000   0.2286   0.0059   0.1196   0.0855   0.6190   0.5247   0.0247   0.0000   0.0086  -0.1124    0.234
     9   0.0584   0.1363   0.0000   0.2286   0.0062   0.1182   0.0903   0.6116   0.5185   0.0227   0.0000   0.0116  -0.1081    0.228
    10   0.0702   0.1638   0.0000   0.2286   0.0064   0.1157   0.0954   0.5989   0.5078   0.0209   0.0000   0.0145  -0.1029    0.221
    11   0.0821   0.1918   0.0000   0.2286   0.0064   0.1119   0.1007   0.5797   0.4915   0.0192   0.0000   0.0176  -0.0963    0.214
    12   0.0939   0.2193   0.0000   0.2286   0.0062   0.1067   0.1060   0.5527   0.4686   0.0174   0.0000   0.0209  -0.0880    0.205
    13   0.1053   0.2458   0.0000   0.2286   0.0059   0.0998   0.1110   0.5170   0.4383   0.0153   0.0000   0.0244  -0.0778    0.194
    14   0.1159   0.2707   0.0000   0.2286   0.0054   0.0910   0.1152   0.4717   0.3999   0.0131   0.0000   0.0278  -0.0659    0.181
    15   0.1256   0.2933   0.0000   0.2286   0.0048   0.0804   0.1179   0.4169   0.3534   0.0106   0.0000   0.0304  -0.0529    0.164
    16   0.1341   0.3130   0.0000   0.2286   0.0041   0.0680   0.1186   0.3530   0.2992   0.0080   0.0000   0.0314  -0.0395    0.145
    17   0.1411   0.3294   0.0000   0.2286   0.0033   0.0542   0.1170   0.2814   0.2386   0.0054   0.0000   0.0300  -0.0270    0.124
    18   0.1465   0.3421   0.0000   0.2286   0.0024   0.0393   0.1134   0.2042   0.1731   0.0028   0.0000   0.0252  -0.0163    0.104
    19   0.1502   0.3507   0.0000   0.2286   0.0015   0.0238   0.1085   0.1237   0.1048   0.0003   0.0000   0.0170  -0.0083    0.088
    20   0.1521   0.3551   0.0000   0.2286   0.0005   0.0079   0.1054   0.0416   0.0353  -0.0017   0.0000   0.0060  -0.0025    0.081

  Surface # 2     Wing (YDUP)                             
     # Chordwise = 10   # Spanwise = 20     First strip = 21
     Surface area Ssurf =    0.081290     Ave. chord Cave =    0.228600

 Forces referred to Sref, Cref, Bref about Xref, Yref, Zref
 Standard axis orientation,  X fwd, Z down         
     CLsurf  =   0.27920     Clsurf  =   0.06122
     CYsurf  =  -0.01012     Cmsurf  =  -0.01147
     CDsurf  =   0.01388     Cnsurf  =   0.00956
     CDisurf =   0.01388     CDvsurf =   0.00000

 Forces referred to Ssurf, Cave 
     CLsurf  =   0.44685     CDsurf  =   0.02222

 Strip Forces referred to Strip Area, Chord
    j     Xle      Yle      Zle      Chord    Area     c_cl     ai     cl_norm    cl       cd       cdv    cm_c/4     cm_LE   C.P.x/c
    21   0.0002  -0.0005   0.0000   0.2286   0.0005   0.1197   0.0613   0.5769   0.4891   0.2904   0.0000  -0.0194   0.1381    0.290
    22   0.0021  -0.0049   0.0000   0.2286   0.0015   0.1197   0.0617   0.6145   0.5209   0.0550   0.0000  -0.0179   0.1368    0.284
    23   0.0058  -0.0135   0.0000   0.2286   0.0024   0.1198   0.0642   0.6171   0.5231   0.0422   0.0000  -0.0138   0.1331    0.276
    24   0.0112  -0.0262   0.0000   0.2286   0.0033   0.1200   0.0679   0.6190   0.5248   0.0376   0.0000  -0.0085   0.1284    0.266
    25   0.0182  -0.0426   0.0000   0.2286   0.0041   0.1203   0.0721   0.6211   0.5266   0.0335   0.0000  -0.0032   0.1239    0.256
    26   0.0267  -0.0623   0.0000   0.2286   0.0048   0.1205   0.0765   0.6225   0.5278   0.0300   0.0000   0.0014   0.1198    0.247
    27   0.0364  -0.0849   0.0000   0.2286   0.0054   0.1203   0.0810   0.6222   0.5275   0.0271   0.0000   0.0053   0.1161    0.240
    28   0.0470  -0.1098   0.0000   0.2286   0.0059   0.1196   0.0855   0.6190   0.5247   0.0247   0.0000   0.0086   0.1124    0.234
    29   0.0584  -0.1363   0.0000   0.2286   0.0062   0.1182   0.0903   0.6116   0.5185   0.0227   0.0000   0.0116   0.1081    0.228
    30   0.0702  -0.1638   0.0000   0.2286   0.0064   0.1157   0.0954   0.5989   0.5078   0.0209   0.0000   0.0145   0.1029    0.221
    31   0.0821  -0.1918   0.0000   0.2286   0.0064   0.1119   0.1007   0.5797   0.4915   0.0192   0.0000   0.0176   0.0963    0.214
    32   0.0939  -0.2193   0.0000   0.2286   0.0062   0.1067   0.1060   0.5527   0.4686   0.0174   0.0000   0.0209   0.0880    0.205
    33   0.1053  -0.2458   0.0000   0.2286   0.0059   0.0998   0.1110   0.5170   0.4383   0.0153   0.0000   0.0244   0.0778    0.194
    34   0.1159  -0.2707   0.0000   0.2286   0.0054   0.0910   0.1152   0.4717   0.3999   0.0131   0.0000   0.0278   0.0659    0.181
    35   0.1256  -0.2933   0.0000   0.2286   0.0048   0.0804   0.1179   0.4169   0.3534   0.0106   0.0000   0.0304   0.0529    0.164
    36   0.1341  -0.3130   0.0000   0.2286   0.0041   0.0680   0.1186   0.3530   0.2992   0.0080   0.0000   0.0314   0.0395    0.145
    37   0.1411  -0.3294   0.0000   0.2286   0.0033   0.0542   0.1170   0.2814   0.2386   0.0054   0.0000   0.0300   0.0270    0.124
    38   0.1465  -0.3421   0.0000   0.2286   0.0024   0.0393   0.1134   0.2042   0.1731   0.0028   0.0000   0.0252   0.0163    0.104
    39   0.1502  -0.3507   0.0000   0.2286   0.0015   0.0238   0.1085   0.1237   0.1048   0.0003   0.0000   0.0170   0.0083    0.088
    40   0.1521  -0.3551   0.0000   0.2286   0.0005   0.0079   0.1054   0.0416   0.0353  -0.0017   0.0000   0.0060   0.0025    0.081
 ---------------------------------------------------------------
