 ---------------------------------------------------------------
 Surface and Strip Forces by surface

  Sref = 0.14630       Cref = 0.16980       Bref = 0.91440    
  Xref = 0.10920       Yref =  0.0000       Zref =  0.0000    

  Surface # 1     Wing                                    
     # Chordwise = 10   # Spanwise = 20     First strip =  1
     Surface area Ssurf =    0.104516     Ave. chord Cave =    0.228600

 Forces referred to Sref, Cref, Bref about Xref, Yref, Zref
 Standard axis orientation,  X fwd, Z down         
     CLsurf  =   0.24829     Clsurf  =  -0.05526
     CYsurf  =   0.00647     Cmsurf  =  -0.04519
     CDsurf  =   0.00752     Cnsurf  =  -0.00557
     CDisurf =   0.00752     CDvsurf =   0.00000

 Forces referred to Ssurf, Cave 
     CLsurf  =   0.34755     CDsurf  =   0.01052

 Strip Forces referred to Strip Area, Chord
    j     Xle      Yle      Zle      Chord    Area     c_cl     ai     cl_norm    cl       cd       cdv    cm_c/4     cm_LE   C.P.x/c
     1   0.0003   0.0007   0.0000   0.2286   0.0006   0.0904   0.0313   0.4578   0.3845   0.1381   0.0000  -0.0177  -0.1067    0.296
     2   0.0028   0.0063   0.0000   0.2286   0.0019   0.0904   0.0307   0.4698   0.3945   0.0268   0.0000  -0.0160  -0.1052    0.291
     3   0.0076   0.0174   0.0000   0.2286   0.0031   0.0905   0.0327   0.4711   0.3956   0.0212   0.0000  -0.0118  -0.1014    0.280
     4   0.0148   0.0337   0.0000   0.2286   0.0043   0.0908   0.0359   0.4731   0.3973   0.0185   0.0000  -0.0068  -0.0972    0.267
     5   0.0240   0.0548   0.0000   0.2286   0.0053   0.0913   0.0395   0.4757   0.3995   0.0160   0.0000  -0.0024  -0.0936    0.256
     6   0.0352   0.0801   0.0000   0.2286   0.0062   0.0917   0.0431   0.4782   0.4016   0.0140   0.0000   0.0011  -0.0908    0.247
     7   0.0479   0.1092   0.0000   0.2286   0.0070   0.0920   0.0464   0.4798   0.4029   0.0125   0.0000   0.0038  -0.0887    0.241
     8   0.0619   0.1411   0.0000   0.2286   0.0076   0.0919   0.0498   0.4794   0.4025   0.0114   0.0000   0.0058  -0.0867    0.236
     9   0.0769   0.1752   0.0000   0.2286   0.0080   0.0912   0.0533   0.4761   0.3998   0.0105   0.0000   0.0076  -0.0844    0.231
    10   0.0925   0.2107   0.0000   0.2286   0.0082   0.0899   0.0572   0.4691   0.3939   0.0097   0.0000   0.0093  -0.0815    0.226
    11   0.1082   0.2465   0.0000   0.2286   0.0082   0.0876   0.0615   0.4572   0.3839   0.0090   0.0000   0.0113  -0.0774    0.221
    12   0.1238   0.2820   0.0000   0.2286   0.0080   0.0842   0.0662   0.4394   0.3690   0.0083   0.0000   0.0136  -0.0719    0.213
    13   0.1388   0.3161   0.0000   0.2286   0.0076   0.0794   0.0709   0.4144   0.3480   0.0074   0.0000   0.0163  -0.0646    0.203
    14   0.1528   0.3480   0.0000   0.2286   0.0070   0.0730   0.0753   0.3813   0.3201   0.0064   0.0000   0.0193  -0.0555    0.190
    15   0.1655   0.3771   0.0000   0.2286   0.0062   0.0650   0.0785   0.3393   0.2849   0.0052   0.0000   0.0222  -0.0447    0.172
    16   0.1767   0.4024   0.0000   0.2286   0.0053   0.0553   0.0797   0.2886   0.2424   0.0038   0.0000   0.0243  -0.0331    0.150
    17   0.1859   0.4235   0.0000   0.2286   0.0043   0.0441   0.0783   0.2305   0.1936   0.0023   0.0000   0.0244  -0.0218    0.124
    18   0.1931   0.4398   0.0000   0.2286   0.0031   0.0320   0.0743   0.1670   0.1402   0.0010   0.0000   0.0215  -0.0123    0.097
    19   0.1979   0.4509   0.0000   0.2286   0.0019   0.0192   0.0684   0.1007   0.0846  -0.0004   0.0000   0.0150  -0.0056    0.073
    20   0.2004   0.4565   0.0000   0.2286   0.0006   0.0064   0.0641   0.0337   0.0283  -0.0013   0.0000   0.0054  -0.0015    0.060

  Surface # 2     Wing (YDUP)                             
     # Chordwise = 10   # Spanwise = 20     First strip = 21
     Surface area Ssurf =    0.104516     Ave. chord Cave =    0.228600

 Forces referred to Sref, Cref, Bref about Xref, Yref, Zref
 Standard axis orientation,  X fwd, Z down         
     CLsurf  =   0.24829     Clsurf  =   0.05526
     CYsurf  =  -0.00647     Cmsurf  =  -0.04519
     CDsurf  =   0.00752     Cnsurf  =   0.00557
     CDisurf =   0.00752     CDvsurf =   0.00000

 Forces referred to Ssurf, Cave 
     CLsurf  =   0.34755     CDsurf  =   0.01052

 Strip Forces referred to Strip Area, Chord
    j     Xle      Yle      Zle      Chord    Area     c_cl     ai     cl_norm    cl       cd       cdv    cm_c/4     cm_LE   C.P.x/c
    21   0.0003  -0.0007   0.0000   0.2286   0.0006   0.0904   0.0313   0.4578   0.3845   0.1381   0.0000  -0.0177   0.1067    0.296
    22   0.0028  -0.0063   0.0000   0.2286   0.0019   0.0904   0.0307   0.4698   0.3945   0.0268   0.0000  -0.0160   0.1052    0.291
    23   0.0076  -0.0174   0.0000   0.2286   0.0031   0.0905   0.0327   0.4711   0.3956   0.0212   0.0000  -0.0118   0.1014    0.280
    24   0.0148  -0.0337   0.0000   0.2286   0.0043   0.0908   0.0359   0.4731   0.3973   0.0185   0.0000  -0.0068   0.0972    0.267
    25   0.0240  -0.0548   0.0000   0.2286   0.0053   0.0913   0.0395   0.4757   0.3995   0.0160   0.0000  -0.0024   0.0936    0.256
    26   0.0352  -0.0801   0.0000   0.2286   0.0062   0.0917   0.0431   0.4782   0.4016   0.0140   0.0000   0.0011   0.0908    0.247
    27   0.0479  -0.1092   0.0000   0.2286   0.0070   0.0920   0.0464   0.4798   0.4029   0.0125   0.0000   0.0038   0.0887    0.241
    28   0.0619  -0.1411   0.0000   0.2286   0.0076   0.0919   0.0498   0.4794   0.4025   0.0114   0.0000   0.0058   0.0867    0.236
    29   0.0769  -0.1752   0.0000   0.2286   0.0080   0.0912   0.0533   0.4761   0.3998   0.0105   0.0000   0.0076   0.0844    0.231
    30   0.0925  -0.2107   0.0000   0.2286   0.0082   0.0899   0.0572   0.4691   0.3939   0.0097   0.0000   0.0093   0.0815    0.226
    31   0.1082  -0.2465   0.0000   0.2286   0.0082   0.0876   0.0615   0.4572   0.3839   0.0090   0.0000   0.0113   0.0774    0.221
    32   0.1238  -0.2820   0.0000   0.2286   0.0080   0.0842   0.0662   0.4394   0.3690   0.0083   0.0000   0.0136   0.0719    0.213
    33   0.1388  -0.3161   0.0000   0.2286   0.0076   0.0794   0.0709   0.4144   0.3480   0.0074   0.0000   0.0163   0.0646    0.203
    34   0.1528  -0.3480   0.0000   0.2286   0.0070   0.0730   0.0753   0.3813   0.3201   0.0064   0.0000   0.0193   0.0555    0.190
    35   0.1655  -0.3771   0.0000   0.2286   0.0062   0.0650   0.0785   0.3393   0.2849   0.0052   0.0000   0.0222   0.0447    0.172
    36   0.1767  -0.4024   0.0000   0.2286   0.0053   0.0553   0.0797   0.2886   0.2424   0.0038   0.0000   0.0243   0.0331    0.150
    37   0.1859  -0.4235   0.0000   0.2286   0.0043   0.0441   0.0783   0.2305   0.1936   0.0023   0.0000   0.0244   0.0218    0.124
    38   0.1931  -0.4398   0.0000   0.2286   0.0031   0.0320   0.0743   0.1670   0.1402   0.0010   0.0000   0.0215   0.0123    0.097
    39   0.1979  -0.4509   0.0000   0.2286   0.0019   0.0192   0.0684   0.1007   0.0846  -0.0004   0.0000   0.0150   0.0056    0.073
    40   0.2004  -0.4565   0.0000   0.2286   0.0006   0.0064   0.0641   0.0337   0.0283  -0.0013   0.0000   0.0054   0.0015    0.060
 ---------------------------------------------------------------
