 ---------------------------------------------------------------
 Surface and Strip Forces by surface

  Sref = 0.13010       Cref = 0.22640       Bref = 0.60960    
  Xref = 0.10920       Yref =  0.0000       Zref =  0.0000    

  Surface # 1     Wing                                    
     # Chordwise = 10   # Spanwise = 20     First strip =  1
     Surface area Ssurf =    0.092903     Ave. chord Cave =    0.304800

 Forces referred to Sref, Cref, Bref about Xref, Yref, Zref
 Standard axis orientation,  X fwd, Z down         
     CLsurf  =   0.27920     Clsurf  =  -0.06017
     CYsurf  =   0.01219     Cmsurf  =  -0.02536
     CDsurf  =   0.01925     Cnsurf  =  -0.01470
     CDisurf =   0.01925     CDvsurf =   0.00000

 Forces referred to Ssurf, Cave 
     CLsurf  =   0.39099     CDsurf  =   0.02696

 Strip Forces referred to Strip Area, Chord
    j     Xle      Yle      Zle      Chord    Area     c_cl     ai     cl_norm    cl       cd       cdv    cm_c/4     cm_LE   C.P.x/c
     1   0.0002   0.0005   0.0000   0.3048   0.0006   0.1455   0.1055   0.5199   0.4138   0.4476   0.0000  -0.0139  -0.1185    0.284
     2   0.0022   0.0042   0.0000   0.3048   0.0017   0.1455   0.1045   0.5927   0.4717   0.0732   0.0000  -0.0130  -0.1177    0.278
     3   0.0060   0.0116   0.0000   0.3048   0.0028   0.1455   0.1054   0.5971   0.4752   0.0507   0.0000  -0.0102  -0.1152    0.272
     4   0.0115   0.0225   0.0000   0.3048   0.0038   0.1455   0.1076   0.5980   0.4759   0.0455   0.0000  -0.0059  -0.1113    0.262
     5   0.0188   0.0365   0.0000   0.3048   0.0047   0.1453   0.1106   0.5982   0.4761   0.0416   0.0000  -0.0010  -0.1069    0.252
     6   0.0275   0.0534   0.0000   0.3048   0.0055   0.1449   0.1142   0.5971   0.4752   0.0379   0.0000   0.0039  -0.1022    0.242
     7   0.0374   0.0728   0.0000   0.3048   0.0062   0.1439   0.1181   0.5938   0.4725   0.0344   0.0000   0.0085  -0.0974    0.232
     8   0.0484   0.0941   0.0000   0.3048   0.0067   0.1422   0.1222   0.5871   0.4672   0.0312   0.0000   0.0128  -0.0924    0.223
     9   0.0601   0.1168   0.0000   0.3048   0.0071   0.1394   0.1263   0.5760   0.4584   0.0282   0.0000   0.0168  -0.0868    0.213
    10   0.0722   0.1404   0.0000   0.3048   0.0073   0.1353   0.1303   0.5595   0.4453   0.0252   0.0000   0.0206  -0.0804    0.204
    11   0.0845   0.1644   0.0000   0.3048   0.0073   0.1297   0.1341   0.5366   0.4270   0.0223   0.0000   0.0242  -0.0730    0.193
    12   0.0966   0.1880   0.0000   0.3048   0.0071   0.1223   0.1373   0.5065   0.4031   0.0193   0.0000   0.0277  -0.0646    0.181
    13   0.1083   0.2107   0.0000   0.3048   0.0067   0.1131   0.1398   0.4688   0.3731   0.0163   0.0000   0.0306  -0.0553    0.168
    14   0.1193   0.2320   0.0000   0.3048   0.0062   0.1021   0.1411   0.4235   0.3371   0.0131   0.0000   0.0327  -0.0454    0.153
    15   0.1292   0.2514   0.0000   0.3048   0.0055   0.0894   0.1410   0.3709   0.2952   0.0100   0.0000   0.0336  -0.0354    0.136
    16   0.1379   0.2683   0.0000   0.3048   0.0047   0.0751   0.1395   0.3119   0.2482   0.0070   0.0000   0.0325  -0.0258    0.119
    17   0.1452   0.2823   0.0000   0.3048   0.0038   0.0595   0.1365   0.2475   0.1970   0.0041   0.0000   0.0292  -0.0174    0.102
    18   0.1507   0.2932   0.0000   0.3048   0.0028   0.0430   0.1326   0.1793   0.1427   0.0015   0.0000   0.0234  -0.0106    0.086
    19   0.1545   0.3006   0.0000   0.3048   0.0017   0.0260   0.1286   0.1087   0.0865  -0.0010   0.0000   0.0151  -0.0055    0.075
    20   0.1565   0.3043   0.0000   0.3048   0.0006   0.0087   0.1267   0.0368   0.0293  -0.0027   0.0000   0.0052  -0.0017    0.071

  Surface # 2     Wing (YDUP)                             
     # Chordwise = 10   # Spanwise = 20     First strip = 21
     Surface area Ssurf =    0.092903     Ave. chord Cave =    0.304800

 Forces referred to Sref, Cref, Bref about Xref, Yref, Zref
 Standard axis orientation,  X fwd, Z down         
     CLsurf  =   0.27920     Clsurf  =   0.06017
     CYsurf  =  -0.01219     Cmsurf  =  -0.02536
     CDsurf  =   0.01925     Cnsurf  =   0.01470
     CDisurf =   0.01925     CDvsurf =   0.00000

 Forces referred to Ssurf, Cave 
     CLsurf  =   0.39099     CDsurf  =   0.02696

 Strip Forces referred to Strip Area, Chord
    j     Xle      Yle      Zle      Chord    Area     c_cl     ai     cl_norm    cl       cd       cdv    cm_c/4     cm_LE   C.P.x/c
    21   0.0002  -0.0005   0.0000   0.3048   0.0006   0.1455   0.1055   0.5199   0.4138   0.4476   0.0000  -0.0139   0.1185    0.284
    22   0.0022  -0.0042   0.0000   0.3048   0.0017   0.1455   0.1045   0.5927   0.4717   0.0732   0.0000  -0.0130   0.1177    0.278
    23   0.0060  -0.0116   0.0000   0.3048   0.0028   0.1455   0.1054   0.5971   0.4752   0.0507   0.0000  -0.0102   0.1152    0.272
    24   0.0115  -0.0225   0.0000   0.3048   0.0038   0.1455   0.1076   0.5980   0.4759   0.0455   0.0000  -0.0059   0.1113    0.262
    25   0.0188  -0.0365   0.0000   0.3048   0.0047   0.1453   0.1106   0.5982   0.4761   0.0416   0.0000  -0.0010   0.1069    0.252
    26   0.0275  -0.0534   0.0000   0.3048   0.0055   0.1449   0.1142   0.5971   0.4752   0.0379   0.0000   0.0039   0.1022    0.242
    27   0.0374  -0.0728   0.0000   0.3048   0.0062   0.1439   0.1181   0.5938   0.4725   0.0344   0.0000   0.0085   0.0974    0.232
    28   0.0484  -0.0941   0.0000   0.3048   0.0067   0.1422   0.1222   0.5871   0.4672   0.0312   0.0000   0.0128   0.0924    0.223
    29   0.0601  -0.1168   0.0000   0.3048   0.0071   0.1394   0.1263   0.5760   0.4584   0.0282   0.0000   0.0168   0.0868    0.213
    30   0.0722  -0.1404   0.0000   0.3048   0.0073   0.1353   0.1303   0.5595   0.4453   0.0252   0.0000   0.0206   0.0804    0.204
    31   0.0845  -0.1644   0.0000   0.3048   0.0073   0.1297   0.1341   0.5366   0.4270   0.0223   0.0000   0.0242   0.0730    0.193
    32   0.0966  -0.1880   0.0000   0.3048   0.0071   0.1223   0.1373   0.5065   0.4031   0.0193   0.0000   0.0277   0.0646    0.181
    33   0.1083  -0.2107   0.0000   0.3048   0.0067   0.1131   0.1398   0.4688   0.3731   0.0163   0.0000   0.0306   0.0553    0.168
    34   0.1193  -0.2320   0.0000   0.3048   0.0062   0.1021   0.1411   0.4235   0.3371   0.0131   0.0000   0.0327   0.0454    0.153
    35   0.1292  -0.2514   0.0000   0.3048   0.0055   0.0894   0.1410   0.3709   0.2952   0.0100   0.0000   0.0336   0.0354    0.136
    36   0.1379  -0.2683   0.0000   0.3048   0.0047   0.0751   0.1395   0.3119   0.2482   0.0070   0.0000   0.0325   0.0258    0.119
    37   0.1452  -0.2823   0.0000   0.3048   0.0038   0.0595   0.1365   0.2475   0.1970   0.0041   0.0000   0.0292   0.0174    0.102
    38   0.1507  -0.2932   0.0000   0.3048   0.0028   0.0430   0.1326   0.1793   0.1427   0.0015   0.0000   0.0234   0.0106    0.086
    39   0.1545  -0.3006   0.0000   0.3048   0.0017   0.0260   0.1286   0.1087   0.0865  -0.0010   0.0000   0.0151   0.0055    0.075
    40   0.1565  -0.3043   0.0000   0.3048   0.0006   0.0087   0.1267   0.0368   0.0293  -0.0027   0.0000   0.0052   0.0017    0.071
 ---------------------------------------------------------------
