 ---------------------------------------------------------------
 Surface and Strip Forces by surface

  Sref = 0.20900       Cref = 0.22860       Bref = 0.91440    
  Xref = 0.10920       Yref =  0.0000       Zref =  0.0000    

  Surface # 1     Wing                                    
     # Chordwise = 10   # Spanwise = 20     First strip =  1
     Surface area Ssurf =    0.104516     Ave. chord Cave =    0.228600

 Forces referred to Sref, Cref, Bref about Xref, Yref, Zref
 Standard axis orientation,  X fwd, Z down         
     CLsurf  =   0.17380     Clsurf  =  -0.03826
     CYsurf  =   0.00269     Cmsurf  =   0.00382
     CDsurf  =   0.00512     Cnsurf  =  -0.00302
     CDisurf =   0.00512     CDvsurf =   0.00000

 Forces referred to Ssurf, Cave 
     CLsurf  =   0.34755     CDsurf  =   0.01024

 Strip Forces referred to Strip Area, Chord
    j     Xle      Yle      Zle      Chord    Area     c_cl     ai     cl_norm    cl       cd       cdv    cm_c/4     cm_LE   C.P.x/c
     1   0.0002   0.0007   0.0000   0.2286   0.0006   0.0931   0.0395   0.4288   0.4003   0.0988   0.0000  -0.0083  -0.1064    0.271
     2   0.0017   0.0063   0.0000   0.2286   0.0019   0.0931   0.0385   0.4360   0.4070   0.0218   0.0000  -0.0072  -0.1053    0.268
     3   0.0047   0.0174   0.0000   0.2286   0.0031   0.0932   0.0393   0.4366   0.4075   0.0176   0.0000  -0.0045  -0.1027    0.261
     4   0.0090   0.0337   0.0000   0.2286   0.0043   0.0933   0.0410   0.4373   0.4082   0.0155   0.0000  -0.0013  -0.0998    0.253
     5   0.0147   0.0548   0.0000   0.2286   0.0053   0.0934   0.0432   0.4381   0.4090   0.0139   0.0000   0.0017  -0.0971    0.246
     6   0.0215   0.0801   0.0000   0.2286   0.0062   0.0935   0.0455   0.4385   0.4093   0.0126   0.0000   0.0040  -0.0948    0.240
     7   0.0292   0.1092   0.0000   0.2286   0.0070   0.0933   0.0480   0.4377   0.4086   0.0116   0.0000   0.0059  -0.0928    0.236
     8   0.0378   0.1411   0.0000   0.2286   0.0076   0.0927   0.0505   0.4350   0.4061   0.0109   0.0000   0.0074  -0.0907    0.232
     9   0.0470   0.1752   0.0000   0.2286   0.0080   0.0916   0.0532   0.4297   0.4011   0.0103   0.0000   0.0088  -0.0882    0.228
    10   0.0564   0.2107   0.0000   0.2286   0.0082   0.0897   0.0563   0.4210   0.3930   0.0099   0.0000   0.0102  -0.0849    0.224
    11   0.0661   0.2465   0.0000   0.2286   0.0082   0.0869   0.0598   0.4080   0.3809   0.0094   0.0000   0.0117  -0.0805    0.219
    12   0.0755   0.2820   0.0000   0.2286   0.0080   0.0831   0.0635   0.3899   0.3640   0.0090   0.0000   0.0135  -0.0747    0.213
    13   0.0847   0.3161   0.0000   0.2286   0.0076   0.0780   0.0674   0.3659   0.3416   0.0084   0.0000   0.0156  -0.0672    0.204
    14   0.0933   0.3480   0.0000   0.2286   0.0070   0.0714   0.0710   0.3351   0.3129   0.0076   0.0000   0.0179  -0.0581    0.193
    15   0.1010   0.3771   0.0000   0.2286   0.0062   0.0633   0.0738   0.2973   0.2775   0.0067   0.0000   0.0200  -0.0476    0.178
    16   0.1078   0.4024   0.0000   0.2286   0.0053   0.0538   0.0750   0.2524   0.2356   0.0055   0.0000   0.0214  -0.0361    0.159
    17   0.1135   0.4235   0.0000   0.2286   0.0043   0.0429   0.0740   0.2014   0.1880   0.0042   0.0000   0.0212  -0.0249    0.137
    18   0.1178   0.4398   0.0000   0.2286   0.0031   0.0311   0.0706   0.1459   0.1362   0.0027   0.0000   0.0185  -0.0150    0.114
    19   0.1208   0.4509   0.0000   0.2286   0.0019   0.0187   0.0654   0.0880   0.0821   0.0010   0.0000   0.0128  -0.0074    0.094
    20   0.1223   0.4565   0.0000   0.2286   0.0006   0.0062   0.0613   0.0294   0.0274  -0.0004   0.0000   0.0046  -0.0021    0.082

  Surface # 2     Wing (YDUP)                             
     # Chordwise = 10   # Spanwise = 20     First strip = 21
     Surface area Ssurf =    0.104516     Ave. chord Cave =    0.228600

 Forces referred to Sref, Cref, Bref about Xref, Yref, Zref
 Standard axis orientation,  X fwd, Z down         
     CLsurf  =   0.17380     Clsurf  =   0.03826
     CYsurf  =  -0.00269     Cmsurf  =   0.00382
     CDsurf  =   0.00512     Cnsurf  =   0.00302
     CDisurf =   0.00512     CDvsurf =   0.00000

 Forces referred to Ssurf, Cave 
     CLsurf  =   0.34755     CDsurf  =   0.01024

 Strip Forces referred to Strip Area, Chord
    j     Xle      Yle      Zle      Chord    Area     c_cl     ai     cl_norm    cl       cd       cdv    cm_c/4     cm_LE   C.P.x/c
    21   0.0002  -0.0007   0.0000   0.2286   0.0006   0.0931   0.0395   0.4288   0.4003   0.0988   0.0000  -0.0083   0.1064    0.271
    22   0.0017  -0.0063   0.0000   0.2286   0.0019   0.0931   0.0385   0.4360   0.4070   0.0218   0.0000  -0.0072   0.1053    0.268
    23   0.0047  -0.0174   0.0000   0.2286   0.0031   0.0932   0.0393   0.4366   0.4075   0.0176   0.0000  -0.0045   0.1027    0.261
    24   0.0090  -0.0337   0.0000   0.2286   0.0043   0.0933   0.0410   0.4373   0.4082   0.0155   0.0000  -0.0013   0.0998    0.253
    25   0.0147  -0.0548   0.0000   0.2286   0.0053   0.0934   0.0432   0.4381   0.4090   0.0139   0.0000   0.0017   0.0971    0.246
    26   0.0215  -0.0801   0.0000   0.2286   0.0062   0.0935   0.0455   0.4385   0.4093   0.0126   0.0000   0.0040   0.0948    0.240
    27   0.0292  -0.1092   0.0000   0.2286   0.0070   0.0933   0.0480   0.4377   0.4086   0.0116   0.0000   0.0059   0.0928    0.236
    28   0.0378  -0.1411   0.0000   0.2286   0.0076   0.0927   0.0505   0.4350   0.4061   0.0109   0.0000   0.0074   0.0907    0.232
    29   0.0470  -0.1752   0.0000   0.2286   0.0080   0.0916   0.0532   0.4297   0.4011   0.0103   0.0000   0.0088   0.0882    0.228
    30   0.0564  -0.2107   0.0000   0.2286   0.0082   0.0897   0.0563   0.4210   0.3930   0.0099   0.0000   0.0102   0.0849    0.224
    31   0.0661  -0.2465   0.0000   0.2286   0.0082   0.0869   0.0598   0.4080   0.3809   0.0094   0.0000   0.0117   0.0805    0.219
    32   0.0755  -0.2820   0.0000   0.2286   0.0080   0.0831   0.0635   0.3899   0.3640   0.0090   0.0000   0.0135   0.0747    0.213
    33   0.0847  -0.3161   0.0000   0.2286   0.0076   0.0780   0.0674   0.3659   0.3416   0.0084   0.0000   0.0156   0.0672    0.204
    34   0.0933  -0.3480   0.0000   0.2286   0.0070   0.0714   0.0710   0.3351   0.3129   0.0076   0.0000   0.0179   0.0581    0.193
    35   0.1010  -0.3771   0.0000   0.2286   0.0062   0.0633   0.0738   0.2973   0.2775   0.0067   0.0000   0.0200   0.0476    0.178
    36   0.1078  -0.4024   0.0000   0.2286   0.0053   0.0538   0.0750   0.2524   0.2356   0.0055   0.0000   0.0214   0.0361    0.159
    37   0.1135  -0.4235   0.0000   0.2286   0.0043   0.0429   0.0740   0.2014   0.1880   0.0042   0.0000   0.0212   0.0249    0.137
    38   0.1178  -0.4398   0.0000   0.2286   0.0031   0.0311   0.0706   0.1459   0.1362   0.0027   0.0000   0.0185   0.0150    0.114
    39   0.1208  -0.4509   0.0000   0.2286   0.0019   0.0187   0.0654   0.0880   0.0821   0.0010   0.0000   0.0128   0.0074    0.094
    40   0.1223  -0.4565   0.0000   0.2286   0.0006   0.0062   0.0613   0.0294   0.0274  -0.0004   0.0000   0.0046   0.0021    0.082
 ---------------------------------------------------------------
