 ---------------------------------------------------------------
 Surface and Strip Forces by surface

  Sref = 0.17340       Cref = 0.24890       Bref = 0.71120    
  Xref = 0.10920       Yref =  0.0000       Zref =  0.0000    

  Surface # 1     Wing                                    
     # Chordwise = 10   # Spanwise = 20     First strip =  1
     Surface area Ssurf =    0.108387     Ave. chord Cave =    0.304800

 Forces referred to Sref, Cref, Bref about Xref, Yref, Zref
 Standard axis orientation,  X fwd, Z down         
     CLsurf  =   0.20948     Clsurf  =  -0.04492
     CYsurf  =   0.00241     Cmsurf  =   0.01783
     CDsurf  =   0.01001     Cnsurf  =  -0.00434
     CDisurf =   0.01001     CDvsurf =   0.00000

 Forces referred to Ssurf, Cave 
     CLsurf  =   0.33514     CDsurf  =   0.01602

 Strip Forces referred to Strip Area, Chord
    j     Xle      Yle      Zle      Chord    Area     c_cl     ai     cl_norm    cl       cd       cdv    cm_c/4     cm_LE   C.P.x/c
     1   0.0001   0.0005   0.0000   0.3048   0.0007   0.1267   0.0849   0.4159   0.4040   0.1261   0.0000   0.0044  -0.0981    0.239
     2   0.0009   0.0049   0.0000   0.3048   0.0020   0.1267   0.0839   0.4272   0.4149   0.0298   0.0000   0.0047  -0.0977    0.239
     3   0.0023   0.0135   0.0000   0.3048   0.0033   0.1266   0.0836   0.4277   0.4154   0.0239   0.0000   0.0058  -0.0967    0.236
     4   0.0045   0.0262   0.0000   0.3048   0.0044   0.1265   0.0839   0.4273   0.4150   0.0222   0.0000   0.0073  -0.0950    0.232
     5   0.0074   0.0426   0.0000   0.3048   0.0055   0.1261   0.0847   0.4262   0.4140   0.0210   0.0000   0.0090  -0.0930    0.228
     6   0.0108   0.0623   0.0000   0.3048   0.0065   0.1254   0.0859   0.4239   0.4118   0.0199   0.0000   0.0107  -0.0907    0.224
     7   0.0147   0.0849   0.0000   0.3048   0.0073   0.1242   0.0874   0.4199   0.4078   0.0189   0.0000   0.0124  -0.0881    0.220
     8   0.0190   0.1098   0.0000   0.3048   0.0079   0.1222   0.0891   0.4135   0.4016   0.0181   0.0000   0.0140  -0.0850    0.215
     9   0.0236   0.1363   0.0000   0.3048   0.0083   0.1194   0.0911   0.4041   0.3924   0.0172   0.0000   0.0155  -0.0813    0.210
    10   0.0284   0.1638   0.0000   0.3048   0.0085   0.1156   0.0932   0.3910   0.3798   0.0164   0.0000   0.0170  -0.0766    0.205
    11   0.0332   0.1918   0.0000   0.3048   0.0085   0.1105   0.0954   0.3738   0.3631   0.0155   0.0000   0.0186  -0.0710    0.199
    12   0.0380   0.2193   0.0000   0.3048   0.0083   0.1040   0.0975   0.3520   0.3419   0.0145   0.0000   0.0201  -0.0642    0.191
    13   0.0426   0.2458   0.0000   0.3048   0.0079   0.0961   0.0994   0.3252   0.3159   0.0134   0.0000   0.0215  -0.0565    0.182
    14   0.0469   0.2707   0.0000   0.3048   0.0073   0.0867   0.1006   0.2934   0.2850   0.0121   0.0000   0.0225  -0.0479    0.171
    15   0.0508   0.2933   0.0000   0.3048   0.0065   0.0759   0.1009   0.2567   0.2493   0.0105   0.0000   0.0228  -0.0388    0.158
    16   0.0542   0.3130   0.0000   0.3048   0.0055   0.0637   0.1001   0.2156   0.2094   0.0088   0.0000   0.0221  -0.0297    0.145
    17   0.0571   0.3294   0.0000   0.3048   0.0044   0.0505   0.0980   0.1709   0.1660   0.0069   0.0000   0.0199  -0.0212    0.130
    18   0.0593   0.3421   0.0000   0.3048   0.0033   0.0365   0.0947   0.1235   0.1200   0.0047   0.0000   0.0161  -0.0136    0.116
    19   0.0607   0.3507   0.0000   0.3048   0.0020   0.0220   0.0909   0.0746   0.0724   0.0023   0.0000   0.0105  -0.0074    0.105
    20   0.0615   0.3551   0.0000   0.3048   0.0007   0.0074   0.0886   0.0250   0.0243   0.0002   0.0000   0.0037  -0.0023    0.099

  Surface # 2     Wing (YDUP)                             
     # Chordwise = 10   # Spanwise = 20     First strip = 21
     Surface area Ssurf =    0.108387     Ave. chord Cave =    0.304800

 Forces referred to Sref, Cref, Bref about Xref, Yref, Zref
 Standard axis orientation,  X fwd, Z down         
     CLsurf  =   0.20948     Clsurf  =   0.04492
     CYsurf  =  -0.00241     Cmsurf  =   0.01783
     CDsurf  =   0.01001     Cnsurf  =   0.00434
     CDisurf =   0.01001     CDvsurf =   0.00000

 Forces referred to Ssurf, Cave 
     CLsurf  =   0.33514     CDsurf  =   0.01602

 Strip Forces referred to Strip Area, Chord
    j     Xle      Yle      Zle      Chord    Area     c_cl     ai     cl_norm    cl       cd       cdv    cm_c/4     cm_LE   C.P.x/c
    21   0.0001  -0.0005   0.0000   0.3048   0.0007   0.1267   0.0849   0.4159   0.4040   0.1261   0.0000   0.0044   0.0981    0.239
    22   0.0009  -0.0049   0.0000   0.3048   0.0020   0.1267   0.0839   0.4272   0.4149   0.0298   0.0000   0.0047   0.0977    0.239
    23   0.0023  -0.0135   0.0000   0.3048   0.0033   0.1266   0.0836   0.4277   0.4154   0.0239   0.0000   0.0058   0.0967    0.236
    24   0.0045  -0.0262   0.0000   0.3048   0.0044   0.1265   0.0839   0.4273   0.4150   0.0222   0.0000   0.0073   0.0950    0.232
    25   0.0074  -0.0426   0.0000   0.3048   0.0055   0.1261   0.0847   0.4262   0.4140   0.0210   0.0000   0.0090   0.0930    0.228
    26   0.0108  -0.0623   0.0000   0.3048   0.0065   0.1254   0.0859   0.4239   0.4118   0.0199   0.0000   0.0107   0.0907    0.224
    27   0.0147  -0.0849   0.0000   0.3048   0.0073   0.1242   0.0874   0.4199   0.4078   0.0189   0.0000   0.0124   0.0881    0.220
    28   0.0190  -0.1098   0.0000   0.3048   0.0079   0.1222   0.0891   0.4135   0.4016   0.0181   0.0000   0.0140   0.0850    0.215
    29   0.0236  -0.1363   0.0000   0.3048   0.0083   0.1194   0.0911   0.4041   0.3924   0.0172   0.0000   0.0155   0.0813    0.210
    30   0.0284  -0.1638   0.0000   0.3048   0.0085   0.1156   0.0932   0.3910   0.3798   0.0164   0.0000   0.0170   0.0766    0.205
    31   0.0332  -0.1918   0.0000   0.3048   0.0085   0.1105   0.0954   0.3738   0.3631   0.0155   0.0000   0.0186   0.0710    0.199
    32   0.0380  -0.2193   0.0000   0.3048   0.0083   0.1040   0.0975   0.3520   0.3419   0.0145   0.0000   0.0201   0.0642    0.191
    33   0.0426  -0.2458   0.0000   0.3048   0.0079   0.0961   0.0994   0.3252   0.3159   0.0134   0.0000   0.0215   0.0565    0.182
    34   0.0469  -0.2707   0.0000   0.3048   0.0073   0.0867   0.1006   0.2934   0.2850   0.0121   0.0000   0.0225   0.0479    0.171
    35   0.0508  -0.2933   0.0000   0.3048   0.0065   0.0759   0.1009   0.2567   0.2493   0.0105   0.0000   0.0228   0.0388    0.158
    36   0.0542  -0.3130   0.0000   0.3048   0.0055   0.0637   0.1001   0.2156   0.2094   0.0088   0.0000   0.0221   0.0297    0.145
    37   0.0571  -0.3294   0.0000   0.3048   0.0044   0.0505   0.0980   0.1709   0.1660   0.0069   0.0000   0.0199   0.0212    0.130
    38   0.0593  -0.3421   0.0000   0.3048   0.0033   0.0365   0.0947   0.1235   0.1200   0.0047   0.0000   0.0161   0.0136    0.116
    39   0.0607  -0.3507   0.0000   0.3048   0.0020   0.0220   0.0909   0.0746   0.0724   0.0023   0.0000   0.0105   0.0074    0.105
    40   0.0615  -0.3551   0.0000   0.3048   0.0007   0.0074   0.0886   0.0250   0.0243   0.0002   0.0000   0.0037   0.0023    0.099
 ---------------------------------------------------------------
