 ---------------------------------------------------------------
 Surface and Strip Forces by surface

  Sref = 0.13910       Cref = 0.20760       Bref = 0.71120    
  Xref = 0.10920       Yref =  0.0000       Zref =  0.0000    

  Surface # 1     Wing                                    
     # Chordwise = 10   # Spanwise = 20     First strip =  1
     Surface area Ssurf =    0.099355     Ave. chord Cave =    0.279400

 Forces referred to Sref, Cref, Bref about Xref, Yref, Zref
 Standard axis orientation,  X fwd, Z down         
     CLsurf  =   0.26114     Clsurf  =  -0.05659
     CYsurf  =   0.00713     Cmsurf  =  -0.01112
     CDsurf  =   0.01295     Cnsurf  =  -0.00805
     CDisurf =   0.01295     CDvsurf =   0.00000

 Forces referred to Ssurf, Cave 
     CLsurf  =   0.36560     CDsurf  =   0.01812

 Strip Forces referred to Strip Area, Chord
    j     Xle      Yle      Zle      Chord    Area     c_cl     ai     cl_norm    cl       cd       cdv    cm_c/4     cm_LE   C.P.x/c
     1   0.0002   0.0005   0.0000   0.2794   0.0006   0.1234   0.0746   0.4763   0.4154   0.2439   0.0000  -0.0105  -0.1129    0.275
     2   0.0019   0.0049   0.0000   0.2794   0.0018   0.1234   0.0734   0.5039   0.4395   0.0442   0.0000  -0.0097  -0.1121    0.272
     3   0.0052   0.0135   0.0000   0.2794   0.0030   0.1234   0.0740   0.5055   0.4409   0.0327   0.0000  -0.0071  -0.1096    0.266
     4   0.0101   0.0262   0.0000   0.2794   0.0041   0.1234   0.0757   0.5060   0.4414   0.0295   0.0000  -0.0034  -0.1062    0.258
     5   0.0164   0.0426   0.0000   0.2794   0.0051   0.1234   0.0783   0.5061   0.4415   0.0268   0.0000   0.0006  -0.1024    0.249
     6   0.0240   0.0623   0.0000   0.2794   0.0059   0.1231   0.0812   0.5054   0.4408   0.0244   0.0000   0.0043  -0.0988    0.240
     7   0.0328   0.0849   0.0000   0.2794   0.0066   0.1224   0.0844   0.5029   0.4387   0.0223   0.0000   0.0076  -0.0951    0.233
     8   0.0423   0.1098   0.0000   0.2794   0.0072   0.1212   0.0878   0.4979   0.4343   0.0205   0.0000   0.0106  -0.0913    0.226
     9   0.0526   0.1363   0.0000   0.2794   0.0076   0.1190   0.0913   0.4894   0.4269   0.0188   0.0000   0.0133  -0.0869    0.219
    10   0.0632   0.1638   0.0000   0.2794   0.0078   0.1158   0.0950   0.4764   0.4155   0.0173   0.0000   0.0160  -0.0818    0.211
    11   0.0740   0.1918   0.0000   0.2794   0.0078   0.1114   0.0987   0.4581   0.3996   0.0158   0.0000   0.0187  -0.0755    0.203
    12   0.0846   0.2193   0.0000   0.2794   0.0076   0.1054   0.1021   0.4338   0.3784   0.0142   0.0000   0.0214  -0.0680    0.193
    13   0.0949   0.2458   0.0000   0.2794   0.0072   0.0979   0.1051   0.4029   0.3514   0.0125   0.0000   0.0240  -0.0593    0.182
    14   0.1044   0.2707   0.0000   0.2794   0.0066   0.0887   0.1072   0.3651   0.3184   0.0106   0.0000   0.0262  -0.0496    0.168
    15   0.1132   0.2933   0.0000   0.2794   0.0059   0.0778   0.1080   0.3205   0.2796   0.0086   0.0000   0.0276  -0.0393    0.151
    16   0.1208   0.3130   0.0000   0.2794   0.0051   0.0655   0.1073   0.2699   0.2354   0.0066   0.0000   0.0275  -0.0291    0.133
    17   0.1271   0.3294   0.0000   0.2794   0.0041   0.0520   0.1048   0.2142   0.1869   0.0045   0.0000   0.0253  -0.0198    0.115
    18   0.1320   0.3421   0.0000   0.2794   0.0030   0.0376   0.1010   0.1550   0.1352   0.0025   0.0000   0.0207  -0.0120    0.097
    19   0.1353   0.3507   0.0000   0.2794   0.0018   0.0227   0.0965   0.0937   0.0817   0.0004   0.0000   0.0137  -0.0062    0.083
    20   0.1370   0.3551   0.0000   0.2794   0.0006   0.0076   0.0939   0.0315   0.0275  -0.0012   0.0000   0.0048  -0.0019    0.076

  Surface # 2     Wing (YDUP)                             
     # Chordwise = 10   # Spanwise = 20     First strip = 21
     Surface area Ssurf =    0.099355     Ave. chord Cave =    0.279400

 Forces referred to Sref, Cref, Bref about Xref, Yref, Zref
 Standard axis orientation,  X fwd, Z down         
     CLsurf  =   0.26114     Clsurf  =   0.05659
     CYsurf  =  -0.00713     Cmsurf  =  -0.01112
     CDsurf  =   0.01295     Cnsurf  =   0.00805
     CDisurf =   0.01295     CDvsurf =   0.00000

 Forces referred to Ssurf, Cave 
     CLsurf  =   0.36560     CDsurf  =   0.01812

 Strip Forces referred to Strip Area, Chord
    j     Xle      Yle      Zle      Chord    Area     c_cl     ai     cl_norm    cl       cd       cdv    cm_c/4     cm_LE   C.P.x/c
    21   0.0002  -0.0005   0.0000   0.2794   0.0006   0.1234   0.0746   0.4763   0.4154   0.2439   0.0000  -0.0105   0.1129    0.275
    22   0.0019  -0.0049   0.0000   0.2794   0.0018   0.1234   0.0734   0.5039   0.4395   0.0442   0.0000  -0.0097   0.1121    0.272
    23   0.0052  -0.0135   0.0000   0.2794   0.0030   0.1234   0.0740   0.5055   0.4409   0.0327   0.0000  -0.0071   0.1096    0.266
    24   0.0101  -0.0262   0.0000   0.2794   0.0041   0.1234   0.0757   0.5060   0.4414   0.0295   0.0000  -0.0034   0.1062    0.258
    25   0.0164  -0.0426   0.0000   0.2794   0.0051   0.1234   0.0783   0.5061   0.4415   0.0268   0.0000   0.0006   0.1024    0.249
    26   0.0240  -0.0623   0.0000   0.2794   0.0059   0.1231   0.0812   0.5054   0.4408   0.0244   0.0000   0.0043   0.0988    0.240
    27   0.0328  -0.0849   0.0000   0.2794   0.0066   0.1224   0.0844   0.5029   0.4387   0.0223   0.0000   0.0076   0.0951    0.233
    28   0.0423  -0.1098   0.0000   0.2794   0.0072   0.1212   0.0878   0.4979   0.4343   0.0205   0.0000   0.0106   0.0913    0.226
    29   0.0526  -0.1363   0.0000   0.2794   0.0076   0.1190   0.0913   0.4894   0.4269   0.0188   0.0000   0.0133   0.0869    0.219
    30   0.0632  -0.1638   0.0000   0.2794   0.0078   0.1158   0.0950   0.4764   0.4155   0.0173   0.0000   0.0160   0.0818    0.211
    31   0.0740  -0.1918   0.0000   0.2794   0.0078   0.1114   0.0987   0.4581   0.3996   0.0158   0.0000   0.0187   0.0755    0.203
    32   0.0846  -0.2193   0.0000   0.2794   0.0076   0.1054   0.1021   0.4338   0.3784   0.0142   0.0000   0.0214   0.0680    0.193
    33   0.0949  -0.2458   0.0000   0.2794   0.0072   0.0979   0.1051   0.4029   0.3514   0.0125   0.0000   0.0240   0.0593    0.182
    34   0.1044  -0.2707   0.0000   0.2794   0.0066   0.0887   0.1072   0.3651   0.3184   0.0106   0.0000   0.0262   0.0496    0.168
    35   0.1132  -0.2933   0.0000   0.2794   0.0059   0.0778   0.1080   0.3205   0.2796   0.0086   0.0000   0.0276   0.0393    0.151
    36   0.1208  -0.3130   0.0000   0.2794   0.0051   0.0655   0.1073   0.2699   0.2354   0.0066   0.0000   0.0275   0.0291    0.133
    37   0.1271  -0.3294   0.0000   0.2794   0.0041   0.0520   0.1048   0.2142   0.1869   0.0045   0.0000   0.0253   0.0198    0.115
    38   0.1320  -0.3421   0.0000   0.2794   0.0030   0.0376   0.1010   0.1550   0.1352   0.0025   0.0000   0.0207   0.0120    0.097
    39   0.1353  -0.3507   0.0000   0.2794   0.0018   0.0227   0.0965   0.0937   0.0817   0.0004   0.0000   0.0137   0.0062    0.083
    40   0.1370  -0.3551   0.0000   0.2794   0.0006   0.0076   0.0939   0.0315   0.0275  -0.0012   0.0000   0.0048   0.0019    0.076
 ---------------------------------------------------------------
