 ---------------------------------------------------------------
 Surface and Strip Forces by surface

  Sref = 0.18580       Cref = 0.22860       Bref = 0.81280    
  Xref = 0.10920       Yref =  0.0000       Zref =  0.0000    

  Surface # 1     Wing                                    
     # Chordwise = 10   # Spanwise = 20     First strip =  1
     Surface area Ssurf =    0.092903     Ave. chord Cave =    0.228600

 Forces referred to Sref, Cref, Bref about Xref, Yref, Zref
 Standard axis orientation,  X fwd, Z down         
     CLsurf  =   0.19550     Clsurf  =  -0.04239
     CYsurf  =   0.00117     Cmsurf  =   0.03765
     CDsurf  =   0.00702     Cnsurf  =  -0.00317
     CDisurf =   0.00702     CDvsurf =   0.00000

 Forces referred to Ssurf, Cave 
     CLsurf  =   0.39099     CDsurf  =   0.01403

 Strip Forces referred to Strip Area, Chord
    j     Xle      Yle      Zle      Chord    Area     c_cl     ai     cl_norm    cl       cd       cdv    cm_c/4     cm_LE   C.P.x/c
     1   0.0001   0.0006   0.0000   0.2286   0.0006   0.1086   0.0600   0.4748   0.4712   0.0601   0.0000   0.0038  -0.1145    0.242
     2   0.0005   0.0056   0.0000   0.2286   0.0017   0.1086   0.0596   0.4789   0.4753   0.0207   0.0000   0.0041  -0.1141    0.241
     3   0.0014   0.0155   0.0000   0.2286   0.0028   0.1085   0.0597   0.4790   0.4754   0.0183   0.0000   0.0050  -0.1132    0.239
     4   0.0026   0.0299   0.0000   0.2286   0.0038   0.1084   0.0603   0.4787   0.4751   0.0173   0.0000   0.0062  -0.1119    0.237
     5   0.0043   0.0487   0.0000   0.2286   0.0047   0.1082   0.0612   0.4778   0.4742   0.0165   0.0000   0.0074  -0.1105    0.234
     6   0.0062   0.0712   0.0000   0.2286   0.0055   0.1078   0.0624   0.4759   0.4723   0.0159   0.0000   0.0084  -0.1090    0.232
     7   0.0085   0.0970   0.0000   0.2286   0.0062   0.1069   0.0638   0.4722   0.4686   0.0155   0.0000   0.0094  -0.1071    0.230
     8   0.0110   0.1254   0.0000   0.2286   0.0067   0.1055   0.0656   0.4662   0.4627   0.0151   0.0000   0.0103  -0.1047    0.228
     9   0.0136   0.1558   0.0000   0.2286   0.0071   0.1035   0.0677   0.4572   0.4537   0.0149   0.0000   0.0112  -0.1016    0.225
    10   0.0164   0.1873   0.0000   0.2286   0.0073   0.1006   0.0702   0.4445   0.4412   0.0146   0.0000   0.0123  -0.0974    0.222
    11   0.0192   0.2191   0.0000   0.2286   0.0073   0.0968   0.0731   0.4275   0.4242   0.0143   0.0000   0.0135  -0.0920    0.218
    12   0.0220   0.2506   0.0000   0.2286   0.0071   0.0918   0.0763   0.4053   0.4023   0.0140   0.0000   0.0149  -0.0851    0.213
    13   0.0246   0.2810   0.0000   0.2286   0.0067   0.0855   0.0796   0.3775   0.3747   0.0135   0.0000   0.0165  -0.0767    0.206
    14   0.0271   0.3094   0.0000   0.2286   0.0062   0.0778   0.0827   0.3435   0.3409   0.0127   0.0000   0.0181  -0.0668    0.197
    15   0.0294   0.3352   0.0000   0.2286   0.0055   0.0687   0.0851   0.3030   0.3008   0.0116   0.0000   0.0193  -0.0555    0.186
    16   0.0313   0.3577   0.0000   0.2286   0.0047   0.0581   0.0863   0.2564   0.2545   0.0102   0.0000   0.0198  -0.0435    0.172
    17   0.0330   0.3765   0.0000   0.2286   0.0038   0.0463   0.0858   0.2044   0.2028   0.0084   0.0000   0.0190  -0.0315    0.156
    18   0.0342   0.3909   0.0000   0.2286   0.0028   0.0336   0.0833   0.1482   0.1471   0.0062   0.0000   0.0162  -0.0205    0.140
    19   0.0351   0.4008   0.0000   0.2286   0.0017   0.0203   0.0791   0.0895   0.0888   0.0036   0.0000   0.0111  -0.0111    0.126
    20   0.0355   0.4058   0.0000   0.2286   0.0006   0.0068   0.0758   0.0299   0.0297   0.0009   0.0000   0.0040  -0.0034    0.117

  Surface # 2     Wing (YDUP)                             
     # Chordwise = 10   # Spanwise = 20     First strip = 21
     Surface area Ssurf =    0.092903     Ave. chord Cave =    0.228600

 Forces referred to Sref, Cref, Bref about Xref, Yref, Zref
 Standard axis orientation,  X fwd, Z down         
     CLsurf  =   0.19550     Clsurf  =   0.04239
     CYsurf  =  -0.00117     Cmsurf  =   0.03765
     CDsurf  =   0.00702     Cnsurf  =   0.00317
     CDisurf =   0.00702     CDvsurf =   0.00000

 Forces referred to Ssurf, Cave 
     CLsurf  =   0.39099     CDsurf  =   0.01403

 Strip Forces referred to Strip Area, Chord
    j     Xle      Yle      Zle      Chord    Area     c_cl     ai     cl_norm    cl       cd       cdv    cm_c/4     cm_LE   C.P.x/c
    21   0.0001  -0.0006   0.0000   0.2286   0.0006   0.1086   0.0600   0.4748   0.4712   0.0601   0.0000   0.0038   0.1145    0.242
    22   0.0005  -0.0056   0.0000   0.2286   0.0017   0.1086   0.0596   0.4789   0.4753   0.0207   0.0000   0.0041   0.1141    0.241
    23   0.0014  -0.0155   0.0000   0.2286   0.0028   0.1085   0.0597   0.4790   0.4754   0.0183   0.0000   0.0050   0.1132    0.239
    24   0.0026  -0.0299   0.0000   0.2286   0.0038   0.1084   0.0603   0.4787   0.4751   0.0173   0.0000   0.0062   0.1119    0.237
    25   0.0043  -0.0487   0.0000   0.2286   0.0047   0.1082   0.0612   0.4778   0.4742   0.0165   0.0000   0.0074   0.1105    0.234
    26   0.0062  -0.0712   0.0000   0.2286   0.0055   0.1078   0.0624   0.4759   0.4723   0.0159   0.0000   0.0084   0.1090    0.232
    27   0.0085  -0.0970   0.0000   0.2286   0.0062   0.1069   0.0638   0.4722   0.4686   0.0155   0.0000   0.0094   0.1071    0.230
    28   0.0110  -0.1254   0.0000   0.2286   0.0067   0.1055   0.0656   0.4662   0.4627   0.0151   0.0000   0.0103   0.1047    0.228
    29   0.0136  -0.1558   0.0000   0.2286   0.0071   0.1035   0.0677   0.4572   0.4537   0.0149   0.0000   0.0112   0.1016    0.225
    30   0.0164  -0.1873   0.0000   0.2286   0.0073   0.1006   0.0702   0.4445   0.4412   0.0146   0.0000   0.0123   0.0974    0.222
    31   0.0192  -0.2191   0.0000   0.2286   0.0073   0.0968   0.0731   0.4275   0.4242   0.0143   0.0000   0.0135   0.0920    0.218
    32   0.0220  -0.2506   0.0000   0.2286   0.0071   0.0918   0.0763   0.4053   0.4023   0.0140   0.0000   0.0149   0.0851    0.213
    33   0.0246  -0.2810   0.0000   0.2286   0.0067   0.0855   0.0796   0.3775   0.3747   0.0135   0.0000   0.0165   0.0767    0.206
    34   0.0271  -0.3094   0.0000   0.2286   0.0062   0.0778   0.0827   0.3435   0.3409   0.0127   0.0000   0.0181   0.0668    0.197
    35   0.0294  -0.3352   0.0000   0.2286   0.0055   0.0687   0.0851   0.3030   0.3008   0.0116   0.0000   0.0193   0.0555    0.186
    36   0.0313  -0.3577   0.0000   0.2286   0.0047   0.0581   0.0863   0.2564   0.2545   0.0102   0.0000   0.0198   0.0435    0.172
    37   0.0330  -0.3765   0.0000   0.2286   0.0038   0.0463   0.0858   0.2044   0.2028   0.0084   0.0000   0.0190   0.0315    0.156
    38   0.0342  -0.3909   0.0000   0.2286   0.0028   0.0336   0.0833   0.1482   0.1471   0.0062   0.0000   0.0162   0.0205    0.140
    39   0.0351  -0.4008   0.0000   0.2286   0.0017   0.0203   0.0791   0.0895   0.0888   0.0036   0.0000   0.0111   0.0111    0.126
    40   0.0355  -0.4058   0.0000   0.2286   0.0006   0.0068   0.0758   0.0299   0.0297   0.0009   0.0000   0.0040   0.0034    0.117
 ---------------------------------------------------------------
