 ---------------------------------------------------------------
 Surface and Strip Forces by surface

  Sref = 0.22710       Cref = 0.27940       Bref = 0.81280    
  Xref = 0.10920       Yref =  0.0000       Zref =  0.0000    

  Surface # 1     Wing                                    
     # Chordwise = 10   # Spanwise = 20     First strip =  1
     Surface area Ssurf =    0.113548     Ave. chord Cave =    0.279400

 Forces referred to Sref, Cref, Bref about Xref, Yref, Zref
 Standard axis orientation,  X fwd, Z down         
     CLsurf  =   0.15995     Clsurf  =  -0.03455
     CYsurf  =   0.00162     Cmsurf  =   0.01130
     CDsurf  =   0.00585     Cnsurf  =  -0.00267
     CDisurf =   0.00585     CDvsurf =   0.00000

 Forces referred to Ssurf, Cave 
     CLsurf  =   0.31990     CDsurf  =   0.01170

 Strip Forces referred to Strip Area, Chord
    j     Xle      Yle      Zle      Chord    Area     c_cl     ai     cl_norm    cl       cd       cdv    cm_c/4     cm_LE   C.P.x/c
     1   0.0001   0.0006   0.0000   0.2794   0.0007   0.1093   0.0615   0.3961   0.3843   0.0909   0.0000   0.0007  -0.0956    0.248
     2   0.0010   0.0056   0.0000   0.2794   0.0021   0.1093   0.0605   0.4028   0.3907   0.0217   0.0000   0.0012  -0.0951    0.247
     3   0.0027   0.0155   0.0000   0.2794   0.0034   0.1092   0.0603   0.4030   0.3910   0.0177   0.0000   0.0024  -0.0938    0.244
     4   0.0053   0.0299   0.0000   0.2794   0.0047   0.1091   0.0609   0.4028   0.3908   0.0163   0.0000   0.0042  -0.0920    0.239
     5   0.0086   0.0487   0.0000   0.2794   0.0058   0.1089   0.0619   0.4021   0.3901   0.0152   0.0000   0.0060  -0.0901    0.235
     6   0.0126   0.0712   0.0000   0.2794   0.0068   0.1085   0.0633   0.4005   0.3885   0.0143   0.0000   0.0077  -0.0880    0.230
     7   0.0171   0.0970   0.0000   0.2794   0.0076   0.1076   0.0649   0.3975   0.3856   0.0136   0.0000   0.0092  -0.0858    0.226
     8   0.0221   0.1254   0.0000   0.2794   0.0082   0.1062   0.0668   0.3923   0.3806   0.0129   0.0000   0.0106  -0.0832    0.222
     9   0.0275   0.1558   0.0000   0.2794   0.0087   0.1041   0.0689   0.3846   0.3730   0.0124   0.0000   0.0119  -0.0800    0.218
    10   0.0330   0.1873   0.0000   0.2794   0.0089   0.1011   0.0713   0.3734   0.3623   0.0119   0.0000   0.0133  -0.0759    0.213
    11   0.0387   0.2191   0.0000   0.2794   0.0089   0.0970   0.0738   0.3584   0.3477   0.0113   0.0000   0.0148  -0.0709    0.207
    12   0.0442   0.2506   0.0000   0.2794   0.0087   0.0917   0.0764   0.3389   0.3288   0.0107   0.0000   0.0163  -0.0647    0.200
    13   0.0496   0.2810   0.0000   0.2794   0.0082   0.0851   0.0787   0.3145   0.3051   0.0100   0.0000   0.0179  -0.0574    0.191
    14   0.0546   0.3094   0.0000   0.2794   0.0076   0.0771   0.0806   0.2849   0.2764   0.0091   0.0000   0.0193  -0.0489    0.180
    15   0.0591   0.3352   0.0000   0.2794   0.0068   0.0677   0.0817   0.2502   0.2427   0.0080   0.0000   0.0202  -0.0397    0.167
    16   0.0631   0.3577   0.0000   0.2794   0.0058   0.0570   0.0814   0.2107   0.2044   0.0067   0.0000   0.0203  -0.0303    0.151
    17   0.0664   0.3765   0.0000   0.2794   0.0047   0.0452   0.0796   0.1672   0.1622   0.0052   0.0000   0.0189  -0.0213    0.134
    18   0.0690   0.3909   0.0000   0.2794   0.0034   0.0327   0.0762   0.1208   0.1172   0.0036   0.0000   0.0157  -0.0134    0.116
    19   0.0707   0.4008   0.0000   0.2794   0.0021   0.0197   0.0718   0.0728   0.0707   0.0017   0.0000   0.0105  -0.0070    0.102
    20   0.0716   0.4058   0.0000   0.2794   0.0007   0.0066   0.0688   0.0244   0.0236   0.0000   0.0000   0.0037  -0.0022    0.094

  Surface # 2     Wing (YDUP)                             
     # Chordwise = 10   # Spanwise = 20     First strip = 21
     Surface area Ssurf =    0.113548     Ave. chord Cave =    0.279400

 Forces referred to Sref, Cref, Bref about Xref, Yref, Zref
 Standard axis orientation,  X fwd, Z down         
     CLsurf  =   0.15995     Clsurf  =   0.03455
     CYsurf  =  -0.00162     Cmsurf  =   0.01130
     CDsurf  =   0.00585     Cnsurf  =   0.00267
     CDisurf =   0.00585     CDvsurf =   0.00000

 Forces referred to Ssurf, Cave 
     CLsurf  =   0.31990     CDsurf  =   0.01170

 Strip Forces referred to Strip Area, Chord
    j     Xle      Yle      Zle      Chord    Area     c_cl     ai     cl_norm    cl       cd       cdv    cm_c/4     cm_LE   C.P.x/c
    21   0.0001  -0.0006   0.0000   0.2794   0.0007   0.1093   0.0615   0.3961   0.3843   0.0909   0.0000   0.0007   0.0956    0.248
    22   0.0010  -0.0056   0.0000   0.2794   0.0021   0.1093   0.0605   0.4028   0.3907   0.0217   0.0000   0.0012   0.0951    0.247
    23   0.0027  -0.0155   0.0000   0.2794   0.0034   0.1092   0.0603   0.4030   0.3910   0.0177   0.0000   0.0024   0.0938    0.244
    24   0.0053  -0.0299   0.0000   0.2794   0.0047   0.1091   0.0609   0.4028   0.3908   0.0163   0.0000   0.0042   0.0920    0.239
    25   0.0086  -0.0487   0.0000   0.2794   0.0058   0.1089   0.0619   0.4021   0.3901   0.0152   0.0000   0.0060   0.0901    0.235
    26   0.0126  -0.0712   0.0000   0.2794   0.0068   0.1085   0.0633   0.4005   0.3885   0.0143   0.0000   0.0077   0.0880    0.230
    27   0.0171  -0.0970   0.0000   0.2794   0.0076   0.1076   0.0649   0.3975   0.3856   0.0136   0.0000   0.0092   0.0858    0.226
    28   0.0221  -0.1254   0.0000   0.2794   0.0082   0.1062   0.0668   0.3923   0.3806   0.0129   0.0000   0.0106   0.0832    0.222
    29   0.0275  -0.1558   0.0000   0.2794   0.0087   0.1041   0.0689   0.3846   0.3730   0.0124   0.0000   0.0119   0.0800    0.218
    30   0.0330  -0.1873   0.0000   0.2794   0.0089   0.1011   0.0713   0.3734   0.3623   0.0119   0.0000   0.0133   0.0759    0.213
    31   0.0387  -0.2191   0.0000   0.2794   0.0089   0.0970   0.0738   0.3584   0.3477   0.0113   0.0000   0.0148   0.0709    0.207
    32   0.0442  -0.2506   0.0000   0.2794   0.0087   0.0917   0.0764   0.3389   0.3288   0.0107   0.0000   0.0163   0.0647    0.200
    33   0.0496  -0.2810   0.0000   0.2794   0.0082   0.0851   0.0787   0.3145   0.3051   0.0100   0.0000   0.0179   0.0574    0.191
    34   0.0546  -0.3094   0.0000   0.2794   0.0076   0.0771   0.0806   0.2849   0.2764   0.0091   0.0000   0.0193   0.0489    0.180
    35   0.0591  -0.3352   0.0000   0.2794   0.0068   0.0677   0.0817   0.2502   0.2427   0.0080   0.0000   0.0202   0.0397    0.167
    36   0.0631  -0.3577   0.0000   0.2794   0.0058   0.0570   0.0814   0.2107   0.2044   0.0067   0.0000   0.0203   0.0303    0.151
    37   0.0664  -0.3765   0.0000   0.2794   0.0047   0.0452   0.0796   0.1672   0.1622   0.0052   0.0000   0.0189   0.0213    0.134
    38   0.0690  -0.3909   0.0000   0.2794   0.0034   0.0327   0.0762   0.1208   0.1172   0.0036   0.0000   0.0157   0.0134    0.116
    39   0.0707  -0.4008   0.0000   0.2794   0.0021   0.0197   0.0718   0.0728   0.0707   0.0017   0.0000   0.0105   0.0070    0.102
    40   0.0716  -0.4058   0.0000   0.2794   0.0007   0.0066   0.0688   0.0244   0.0236   0.0000   0.0000   0.0037   0.0022    0.094
 ---------------------------------------------------------------
