 ---------------------------------------------------------------
 Surface and Strip Forces by surface

  Sref = 0.14630       Cref = 0.20660       Bref = 0.71120    
  Xref = 0.10920       Yref =  0.0000       Zref =  0.0000    

  Surface # 1     Wing                                    
     # Chordwise = 10   # Spanwise = 20     First strip =  1
     Surface area Ssurf =    0.081290     Ave. chord Cave =    0.228600

 Forces referred to Sref, Cref, Bref about Xref, Yref, Zref
 Standard axis orientation,  X fwd, Z down         
     CLsurf  =   0.24829     Clsurf  =  -0.05364
     CYsurf  =   0.00247     Cmsurf  =   0.04991
     CDsurf  =   0.01172     Cnsurf  =  -0.00524
     CDisurf =   0.01172     CDvsurf =   0.00000

 Forces referred to Ssurf, Cave 
     CLsurf  =   0.44685     CDsurf  =   0.02110

 Strip Forces referred to Strip Area, Chord
    j     Xle      Yle      Zle      Chord    Area     c_cl     ai     cl_norm    cl       cd       cdv    cm_c/4     cm_LE   C.P.x/c
     1   0.0001   0.0005   0.0000   0.2286   0.0005   0.1245   0.0793   0.5421   0.5346   0.1133   0.0000   0.0033  -0.1320    0.244
     2   0.0006   0.0049   0.0000   0.2286   0.0015   0.1245   0.0789   0.5526   0.5450   0.0340   0.0000   0.0037  -0.1316    0.243
     3   0.0016   0.0135   0.0000   0.2286   0.0024   0.1245   0.0792   0.5531   0.5455   0.0291   0.0000   0.0049  -0.1303    0.241
     4   0.0031   0.0262   0.0000   0.2286   0.0033   0.1244   0.0800   0.5530   0.5453   0.0273   0.0000   0.0066  -0.1286    0.238
     5   0.0051   0.0426   0.0000   0.2286   0.0041   0.1241   0.0812   0.5520   0.5443   0.0258   0.0000   0.0082  -0.1266    0.235
     6   0.0074   0.0623   0.0000   0.2286   0.0048   0.1236   0.0828   0.5497   0.5421   0.0247   0.0000   0.0098  -0.1245    0.232
     7   0.0101   0.0849   0.0000   0.2286   0.0054   0.1226   0.0846   0.5453   0.5377   0.0238   0.0000   0.0113  -0.1219    0.229
     8   0.0131   0.1098   0.0000   0.2286   0.0059   0.1210   0.0869   0.5381   0.5307   0.0231   0.0000   0.0126  -0.1188    0.226
     9   0.0163   0.1363   0.0000   0.2286   0.0062   0.1185   0.0895   0.5273   0.5200   0.0224   0.0000   0.0140  -0.1148    0.223
    10   0.0196   0.1638   0.0000   0.2286   0.0064   0.1151   0.0924   0.5121   0.5050   0.0218   0.0000   0.0155  -0.1096    0.219
    11   0.0229   0.1918   0.0000   0.2286   0.0064   0.1105   0.0958   0.4917   0.4848   0.0211   0.0000   0.0171  -0.1030    0.215
    12   0.0262   0.2193   0.0000   0.2286   0.0062   0.1046   0.0993   0.4653   0.4588   0.0203   0.0000   0.0189  -0.0948    0.209
    13   0.0294   0.2458   0.0000   0.2286   0.0059   0.0972   0.1029   0.4324   0.4264   0.0193   0.0000   0.0207  -0.0850    0.201
    14   0.0324   0.2707   0.0000   0.2286   0.0054   0.0883   0.1061   0.3925   0.3870   0.0180   0.0000   0.0224  -0.0736    0.192
    15   0.0351   0.2933   0.0000   0.2286   0.0048   0.0777   0.1084   0.3455   0.3407   0.0162   0.0000   0.0236  -0.0610    0.181
    16   0.0374   0.3130   0.0000   0.2286   0.0041   0.0657   0.1095   0.2919   0.2878   0.0141   0.0000   0.0237  -0.0477    0.168
    17   0.0394   0.3294   0.0000   0.2286   0.0033   0.0523   0.1089   0.2324   0.2292   0.0115   0.0000   0.0222  -0.0347    0.153
    18   0.0409   0.3421   0.0000   0.2286   0.0024   0.0379   0.1064   0.1686   0.1663   0.0084   0.0000   0.0186  -0.0228    0.138
    19   0.0419   0.3507   0.0000   0.2286   0.0015   0.0229   0.1026   0.1020   0.1006   0.0048   0.0000   0.0125  -0.0125    0.126
    20   0.0424   0.3551   0.0000   0.2286   0.0005   0.0077   0.0997   0.0342   0.0337   0.0011   0.0000   0.0044  -0.0039    0.119

  Surface # 2     Wing (YDUP)                             
     # Chordwise = 10   # Spanwise = 20     First strip = 21
     Surface area Ssurf =    0.081290     Ave. chord Cave =    0.228600

 Forces referred to Sref, Cref, Bref about Xref, Yref, Zref
 Standard axis orientation,  X fwd, Z down         
     CLsurf  =   0.24829     Clsurf  =   0.05364
     CYsurf  =  -0.00247     Cmsurf  =   0.04991
     CDsurf  =   0.01172     Cnsurf  =   0.00524
     CDisurf =   0.01172     CDvsurf =   0.00000

 Forces referred to Ssurf, Cave 
     CLsurf  =   0.44685     CDsurf  =   0.02110

 Strip Forces referred to Strip Area, Chord
    j     Xle      Yle      Zle      Chord    Area     c_cl     ai     cl_norm    cl       cd       cdv    cm_c/4     cm_LE   C.P.x/c
    21   0.0001  -0.0005   0.0000   0.2286   0.0005   0.1245   0.0793   0.5421   0.5346   0.1133   0.0000   0.0033   0.1320    0.244
    22   0.0006  -0.0049   0.0000   0.2286   0.0015   0.1245   0.0789   0.5526   0.5450   0.0340   0.0000   0.0037   0.1316    0.243
    23   0.0016  -0.0135   0.0000   0.2286   0.0024   0.1245   0.0792   0.5531   0.5455   0.0291   0.0000   0.0049   0.1303    0.241
    24   0.0031  -0.0262   0.0000   0.2286   0.0033   0.1244   0.0800   0.5530   0.5453   0.0273   0.0000   0.0066   0.1286    0.238
    25   0.0051  -0.0426   0.0000   0.2286   0.0041   0.1241   0.0812   0.5520   0.5443   0.0258   0.0000   0.0082   0.1266    0.235
    26   0.0074  -0.0623   0.0000   0.2286   0.0048   0.1236   0.0828   0.5497   0.5421   0.0247   0.0000   0.0098   0.1245    0.232
    27   0.0101  -0.0849   0.0000   0.2286   0.0054   0.1226   0.0846   0.5453   0.5377   0.0238   0.0000   0.0113   0.1219    0.229
    28   0.0131  -0.1098   0.0000   0.2286   0.0059   0.1210   0.0869   0.5381   0.5307   0.0231   0.0000   0.0126   0.1188    0.226
    29   0.0163  -0.1363   0.0000   0.2286   0.0062   0.1185   0.0895   0.5273   0.5200   0.0224   0.0000   0.0140   0.1148    0.223
    30   0.0196  -0.1638   0.0000   0.2286   0.0064   0.1151   0.0924   0.5121   0.5050   0.0218   0.0000   0.0155   0.1096    0.219
    31   0.0229  -0.1918   0.0000   0.2286   0.0064   0.1105   0.0958   0.4917   0.4848   0.0211   0.0000   0.0171   0.1030    0.215
    32   0.0262  -0.2193   0.0000   0.2286   0.0062   0.1046   0.0993   0.4653   0.4588   0.0203   0.0000   0.0189   0.0948    0.209
    33   0.0294  -0.2458   0.0000   0.2286   0.0059   0.0972   0.1029   0.4324   0.4264   0.0193   0.0000   0.0207   0.0850    0.201
    34   0.0324  -0.2707   0.0000   0.2286   0.0054   0.0883   0.1061   0.3925   0.3870   0.0180   0.0000   0.0224   0.0736    0.192
    35   0.0351  -0.2933   0.0000   0.2286   0.0048   0.0777   0.1084   0.3455   0.3407   0.0162   0.0000   0.0236   0.0610    0.181
    36   0.0374  -0.3130   0.0000   0.2286   0.0041   0.0657   0.1095   0.2919   0.2878   0.0141   0.0000   0.0237   0.0477    0.168
    37   0.0394  -0.3294   0.0000   0.2286   0.0033   0.0523   0.1089   0.2324   0.2292   0.0115   0.0000   0.0222   0.0347    0.153
    38   0.0409  -0.3421   0.0000   0.2286   0.0024   0.0379   0.1064   0.1686   0.1663   0.0084   0.0000   0.0186   0.0228    0.138
    39   0.0419  -0.3507   0.0000   0.2286   0.0015   0.0229   0.1026   0.1020   0.1006   0.0048   0.0000   0.0125   0.0125    0.126
    40   0.0424  -0.3551   0.0000   0.2286   0.0005   0.0077   0.0997   0.0342   0.0337   0.0011   0.0000   0.0044   0.0039    0.119
 ---------------------------------------------------------------
