 ---------------------------------------------------------------
 Surface and Strip Forces by surface

  Sref = 0.23230       Cref = 0.25400       Bref = 0.91440    
  Xref = 0.10920       Yref =  0.0000       Zref =  0.0000    

  Surface # 1     Wing                                    
     # Chordwise = 10   # Spanwise = 20     First strip =  1
     Surface area Ssurf =    0.116129     Ave. chord Cave =    0.254000

 Forces referred to Sref, Cref, Bref about Xref, Yref, Zref
 Standard axis orientation,  X fwd, Z down         
     CLsurf  =   0.15637     Clsurf  =  -0.03376
     CYsurf  =   0.00000     Cmsurf  =   0.03362
     CDsurf  =   0.00434     Cnsurf  =  -0.00171
     CDisurf =   0.00434     CDvsurf =   0.00000

 Forces referred to Ssurf, Cave 
     CLsurf  =   0.31279     CDsurf  =   0.00869

 Strip Forces referred to Strip Area, Chord
    j     Xle      Yle      Zle      Chord    Area     c_cl     ai     cl_norm    cl       cd       cdv    cm_c/4     cm_LE   C.P.x/c
     1   0.0000   0.0007   0.0000   0.2540   0.0007   0.0977   0.0497   0.3851   0.3851   0.0094   0.0000   0.0086  -0.0875    0.228
     2   0.0000   0.0063   0.0000   0.2540   0.0021   0.0977   0.0497   0.3850   0.3850   0.0094   0.0000   0.0086  -0.0875    0.228
     3   0.0000   0.0174   0.0000   0.2540   0.0035   0.0976   0.0498   0.3849   0.3849   0.0094   0.0000   0.0086  -0.0875    0.228
     4   0.0000   0.0337   0.0000   0.2540   0.0048   0.0975   0.0499   0.3844   0.3844   0.0094   0.0000   0.0087  -0.0873    0.227
     5   0.0000   0.0548   0.0000   0.2540   0.0059   0.0972   0.0501   0.3831   0.3831   0.0094   0.0000   0.0087  -0.0869    0.227
     6   0.0000   0.0801   0.0000   0.2540   0.0069   0.0966   0.0505   0.3809   0.3809   0.0094   0.0000   0.0088  -0.0863    0.227
     7   0.0000   0.1092   0.0000   0.2540   0.0078   0.0957   0.0511   0.3771   0.3771   0.0094   0.0000   0.0090  -0.0851    0.226
     8   0.0000   0.1411   0.0000   0.2540   0.0084   0.0942   0.0520   0.3714   0.3714   0.0095   0.0000   0.0093  -0.0834    0.225
     9   0.0000   0.1752   0.0000   0.2540   0.0089   0.0922   0.0533   0.3634   0.3634   0.0095   0.0000   0.0097  -0.0810    0.223
    10   0.0000   0.2107   0.0000   0.2540   0.0091   0.0894   0.0549   0.3525   0.3525   0.0095   0.0000   0.0103  -0.0777    0.221
    11   0.0000   0.2465   0.0000   0.2540   0.0091   0.0858   0.0569   0.3382   0.3382   0.0094   0.0000   0.0110  -0.0734    0.217
    12   0.0000   0.2820   0.0000   0.2540   0.0089   0.0812   0.0591   0.3200   0.3200   0.0093   0.0000   0.0119  -0.0680    0.213
    13   0.0000   0.3161   0.0000   0.2540   0.0084   0.0755   0.0615   0.2974   0.2974   0.0091   0.0000   0.0129  -0.0614    0.207
    14   0.0000   0.3480   0.0000   0.2540   0.0078   0.0686   0.0637   0.2701   0.2701   0.0087   0.0000   0.0139  -0.0536    0.199
    15   0.0000   0.3771   0.0000   0.2540   0.0069   0.0604   0.0654   0.2379   0.2379   0.0081   0.0000   0.0147  -0.0447    0.188
    16   0.0000   0.4024   0.0000   0.2540   0.0059   0.0510   0.0661   0.2010   0.2010   0.0072   0.0000   0.0150  -0.0352    0.175
    17   0.0000   0.4235   0.0000   0.2540   0.0048   0.0406   0.0653   0.1599   0.1599   0.0060   0.0000   0.0144  -0.0256    0.160
    18   0.0000   0.4398   0.0000   0.2540   0.0035   0.0294   0.0627   0.1156   0.1156   0.0044   0.0000   0.0123  -0.0166    0.144
    19   0.0000   0.4509   0.0000   0.2540   0.0021   0.0177   0.0585   0.0697   0.0697   0.0027   0.0000   0.0084  -0.0090    0.129
    20   0.0000   0.4565   0.0000   0.2540   0.0007   0.0059   0.0550   0.0232   0.0232   0.0009   0.0000   0.0030  -0.0028    0.119

  Surface # 2     Wing (YDUP)                             
     # Chordwise = 10   # Spanwise = 20     First strip = 21
     Surface area Ssurf =    0.116129     Ave. chord Cave =    0.254000

 Forces referred to Sref, Cref, Bref about Xref, Yref, Zref
 Standard axis orientation,  X fwd, Z down         
     CLsurf  =   0.15637     Clsurf  =   0.03376
     CYsurf  =   0.00000     Cmsurf  =   0.03362
     CDsurf  =   0.00434     Cnsurf  =   0.00171
     CDisurf =   0.00434     CDvsurf =   0.00000

 Forces referred to Ssurf, Cave 
     CLsurf  =   0.31279     CDsurf  =   0.00869

 Strip Forces referred to Strip Area, Chord
    j     Xle      Yle      Zle      Chord    Area     c_cl     ai     cl_norm    cl       cd       cdv    cm_c/4     cm_LE   C.P.x/c
    21   0.0000  -0.0007   0.0000   0.2540   0.0007   0.0977   0.0497   0.3851   0.3851   0.0094   0.0000   0.0086   0.0875    0.228
    22   0.0000  -0.0063   0.0000   0.2540   0.0021   0.0977   0.0497   0.3850   0.3850   0.0094   0.0000   0.0086   0.0875    0.228
    23   0.0000  -0.0174   0.0000   0.2540   0.0035   0.0976   0.0498   0.3849   0.3849   0.0094   0.0000   0.0086   0.0875    0.228
    24   0.0000  -0.0337   0.0000   0.2540   0.0048   0.0975   0.0499   0.3844   0.3844   0.0094   0.0000   0.0087   0.0873    0.227
    25   0.0000  -0.0548   0.0000   0.2540   0.0059   0.0972   0.0501   0.3831   0.3831   0.0094   0.0000   0.0087   0.0869    0.227
    26   0.0000  -0.0801   0.0000   0.2540   0.0069   0.0966   0.0505   0.3809   0.3809   0.0094   0.0000   0.0088   0.0863    0.227
    27   0.0000  -0.1092   0.0000   0.2540   0.0078   0.0957   0.0511   0.3771   0.3771   0.0094   0.0000   0.0090   0.0851    0.226
    28   0.0000  -0.1411   0.0000   0.2540   0.0084   0.0942   0.0520   0.3714   0.3714   0.0095   0.0000   0.0093   0.0834    0.225
    29   0.0000  -0.1752   0.0000   0.2540   0.0089   0.0922   0.0533   0.3634   0.3634   0.0095   0.0000   0.0097   0.0810    0.223
    30   0.0000  -0.2107   0.0000   0.2540   0.0091   0.0894   0.0549   0.3525   0.3525   0.0095   0.0000   0.0103   0.0777    0.221
    31   0.0000  -0.2465   0.0000   0.2540   0.0091   0.0858   0.0569   0.3382   0.3382   0.0094   0.0000   0.0110   0.0734    0.217
    32   0.0000  -0.2820   0.0000   0.2540   0.0089   0.0812   0.0591   0.3200   0.3200   0.0093   0.0000   0.0119   0.0680    0.213
    33   0.0000  -0.3161   0.0000   0.2540   0.0084   0.0755   0.0615   0.2974   0.2974   0.0091   0.0000   0.0129   0.0614    0.207
    34   0.0000  -0.3480   0.0000   0.2540   0.0078   0.0686   0.0637   0.2701   0.2701   0.0087   0.0000   0.0139   0.0536    0.199
    35   0.0000  -0.3771   0.0000   0.2540   0.0069   0.0604   0.0654   0.2379   0.2379   0.0081   0.0000   0.0147   0.0447    0.188
    36   0.0000  -0.4024   0.0000   0.2540   0.0059   0.0510   0.0661   0.2010   0.2010   0.0072   0.0000   0.0150   0.0352    0.175
    37   0.0000  -0.4235   0.0000   0.2540   0.0048   0.0406   0.0653   0.1599   0.1599   0.0060   0.0000   0.0144   0.0256    0.160
    38   0.0000  -0.4398   0.0000   0.2540   0.0035   0.0294   0.0627   0.1156   0.1156   0.0044   0.0000   0.0123   0.0166    0.144
    39   0.0000  -0.4509   0.0000   0.2540   0.0021   0.0177   0.0585   0.0697   0.0697   0.0027   0.0000   0.0084   0.0090    0.129
    40   0.0000  -0.4565   0.0000   0.2540   0.0007   0.0059   0.0550   0.0232   0.0232   0.0009   0.0000   0.0030   0.0028    0.119
 ---------------------------------------------------------------
