 ---------------------------------------------------------------
 Surface and Strip Forces by surface

  Sref = 0.11560       Cref = 0.15090       Bref = 0.81280    
  Xref = 0.10920       Yref =  0.0000       Zref =  0.0000    

  Surface # 1     Wing                                    
     # Chordwise = 10   # Spanwise = 20     First strip =  1
     Surface area Ssurf =    0.082580     Ave. chord Cave =    0.203200

 Forces referred to Sref, Cref, Bref about Xref, Yref, Zref
 Standard axis orientation,  X fwd, Z down         
     CLsurf  =   0.31422     Clsurf  =  -0.06839
     CYsurf  =   0.00179     Cmsurf  =   0.10582
     CDsurf  =   0.01126     Cnsurf  =  -0.00547
     CDisurf =   0.01126     CDvsurf =   0.00000

 Forces referred to Ssurf, Cave 
     CLsurf  =   0.43987     CDsurf  =   0.01576

 Strip Forces referred to Strip Area, Chord
    j     Xle      Yle      Zle      Chord    Area     c_cl     ai     cl_norm    cl       cd       cdv    cm_c/4     cm_LE   C.P.x/c
     1   0.0000   0.0006   0.0000   0.2032   0.0005   0.1077   0.0583   0.5298   0.5269   0.0583   0.0000   0.0035  -0.1287    0.243
     2   0.0004   0.0056   0.0000   0.2032   0.0015   0.1077   0.0581   0.5339   0.5309   0.0221   0.0000   0.0039  -0.1283    0.243
     3   0.0012   0.0155   0.0000   0.2032   0.0025   0.1077   0.0584   0.5340   0.5311   0.0198   0.0000   0.0048  -0.1273    0.241
     4   0.0022   0.0299   0.0000   0.2032   0.0034   0.1076   0.0591   0.5338   0.5309   0.0187   0.0000   0.0060  -0.1261    0.239
     5   0.0037   0.0487   0.0000   0.2032   0.0042   0.1074   0.0600   0.5330   0.5300   0.0179   0.0000   0.0071  -0.1247    0.237
     6   0.0053   0.0712   0.0000   0.2032   0.0049   0.1070   0.0613   0.5310   0.5281   0.0173   0.0000   0.0081  -0.1232    0.235
     7   0.0073   0.0970   0.0000   0.2032   0.0055   0.1063   0.0628   0.5272   0.5243   0.0169   0.0000   0.0090  -0.1214    0.233
     8   0.0094   0.1254   0.0000   0.2032   0.0060   0.1050   0.0646   0.5209   0.5181   0.0167   0.0000   0.0098  -0.1190    0.231
     9   0.0117   0.1558   0.0000   0.2032   0.0063   0.1031   0.0669   0.5115   0.5087   0.0165   0.0000   0.0107  -0.1158    0.229
    10   0.0141   0.1873   0.0000   0.2032   0.0065   0.1004   0.0697   0.4981   0.4954   0.0164   0.0000   0.0117  -0.1115    0.226
    11   0.0164   0.2191   0.0000   0.2032   0.0065   0.0968   0.0730   0.4800   0.4773   0.0162   0.0000   0.0129  -0.1058    0.223
    12   0.0188   0.2506   0.0000   0.2032   0.0063   0.0920   0.0767   0.4563   0.4538   0.0160   0.0000   0.0144  -0.0985    0.218
    13   0.0211   0.2810   0.0000   0.2032   0.0060   0.0859   0.0807   0.4262   0.4238   0.0156   0.0000   0.0161  -0.0894    0.212
    14   0.0232   0.3094   0.0000   0.2032   0.0055   0.0785   0.0846   0.3891   0.3869   0.0149   0.0000   0.0179  -0.0784    0.204
    15   0.0252   0.3352   0.0000   0.2032   0.0049   0.0695   0.0880   0.3444   0.3425   0.0138   0.0000   0.0195  -0.0658    0.193
    16   0.0268   0.3577   0.0000   0.2032   0.0042   0.0590   0.0902   0.2924   0.2908   0.0123   0.0000   0.0204  -0.0521    0.180
    17   0.0283   0.3765   0.0000   0.2032   0.0034   0.0472   0.0905   0.2338   0.2325   0.0103   0.0000   0.0199  -0.0380    0.164
    18   0.0293   0.3909   0.0000   0.2032   0.0025   0.0343   0.0886   0.1699   0.1690   0.0077   0.0000   0.0173  -0.0249    0.148
    19   0.0301   0.4008   0.0000   0.2032   0.0015   0.0207   0.0846   0.1028   0.1022   0.0046   0.0000   0.0120  -0.0135    0.133
    20   0.0305   0.4058   0.0000   0.2032   0.0005   0.0069   0.0810   0.0344   0.0342   0.0013   0.0000   0.0043  -0.0042    0.124

  Surface # 2     Wing (YDUP)                             
     # Chordwise = 10   # Spanwise = 20     First strip = 21
     Surface area Ssurf =    0.082580     Ave. chord Cave =    0.203200

 Forces referred to Sref, Cref, Bref about Xref, Yref, Zref
 Standard axis orientation,  X fwd, Z down         
     CLsurf  =   0.31422     Clsurf  =   0.06839
     CYsurf  =  -0.00179     Cmsurf  =   0.10582
     CDsurf  =   0.01126     Cnsurf  =   0.00547
     CDisurf =   0.01126     CDvsurf =   0.00000

 Forces referred to Ssurf, Cave 
     CLsurf  =   0.43987     CDsurf  =   0.01576

 Strip Forces referred to Strip Area, Chord
    j     Xle      Yle      Zle      Chord    Area     c_cl     ai     cl_norm    cl       cd       cdv    cm_c/4     cm_LE   C.P.x/c
    21   0.0000  -0.0006   0.0000   0.2032   0.0005   0.1077   0.0583   0.5298   0.5269   0.0583   0.0000   0.0035   0.1287    0.243
    22   0.0004  -0.0056   0.0000   0.2032   0.0015   0.1077   0.0581   0.5339   0.5309   0.0221   0.0000   0.0039   0.1283    0.243
    23   0.0012  -0.0155   0.0000   0.2032   0.0025   0.1077   0.0584   0.5340   0.5311   0.0198   0.0000   0.0048   0.1273    0.241
    24   0.0022  -0.0299   0.0000   0.2032   0.0034   0.1076   0.0591   0.5338   0.5309   0.0187   0.0000   0.0060   0.1261    0.239
    25   0.0037  -0.0487   0.0000   0.2032   0.0042   0.1074   0.0600   0.5330   0.5300   0.0179   0.0000   0.0071   0.1247    0.237
    26   0.0053  -0.0712   0.0000   0.2032   0.0049   0.1070   0.0613   0.5310   0.5281   0.0173   0.0000   0.0081   0.1232    0.235
    27   0.0073  -0.0970   0.0000   0.2032   0.0055   0.1063   0.0628   0.5272   0.5243   0.0169   0.0000   0.0090   0.1214    0.233
    28   0.0094  -0.1254   0.0000   0.2032   0.0060   0.1050   0.0646   0.5209   0.5181   0.0167   0.0000   0.0098   0.1190    0.231
    29   0.0117  -0.1558   0.0000   0.2032   0.0063   0.1031   0.0669   0.5115   0.5087   0.0165   0.0000   0.0107   0.1158    0.229
    30   0.0141  -0.1873   0.0000   0.2032   0.0065   0.1004   0.0697   0.4981   0.4954   0.0164   0.0000   0.0117   0.1115    0.226
    31   0.0164  -0.2191   0.0000   0.2032   0.0065   0.0968   0.0730   0.4800   0.4773   0.0162   0.0000   0.0129   0.1058    0.223
    32   0.0188  -0.2506   0.0000   0.2032   0.0063   0.0920   0.0767   0.4563   0.4538   0.0160   0.0000   0.0144   0.0985    0.218
    33   0.0211  -0.2810   0.0000   0.2032   0.0060   0.0859   0.0807   0.4262   0.4238   0.0156   0.0000   0.0161   0.0894    0.212
    34   0.0232  -0.3094   0.0000   0.2032   0.0055   0.0785   0.0846   0.3891   0.3869   0.0149   0.0000   0.0179   0.0784    0.204
    35   0.0252  -0.3352   0.0000   0.2032   0.0049   0.0695   0.0880   0.3444   0.3425   0.0138   0.0000   0.0195   0.0658    0.193
    36   0.0268  -0.3577   0.0000   0.2032   0.0042   0.0590   0.0902   0.2924   0.2908   0.0123   0.0000   0.0204   0.0521    0.180
    37   0.0283  -0.3765   0.0000   0.2032   0.0034   0.0472   0.0905   0.2338   0.2325   0.0103   0.0000   0.0199   0.0380    0.164
    38   0.0293  -0.3909   0.0000   0.2032   0.0025   0.0343   0.0886   0.1699   0.1690   0.0077   0.0000   0.0173   0.0249    0.148
    39   0.0301  -0.4008   0.0000   0.2032   0.0015   0.0207   0.0846   0.1028   0.1022   0.0046   0.0000   0.0120   0.0135    0.133
    40   0.0305  -0.4058   0.0000   0.2032   0.0005   0.0069   0.0810   0.0344   0.0342   0.0013   0.0000   0.0043   0.0042    0.124
 ---------------------------------------------------------------
