 ---------------------------------------------------------------
 Surface and Strip Forces by surface

  Sref = 0.20440       Cref = 0.22820       Bref = 0.91440    
  Xref = 0.10920       Yref =  0.0000       Zref =  0.0000    

  Surface # 1     Wing                                    
     # Chordwise = 10   # Spanwise = 20     First strip =  1
     Surface area Ssurf =    0.127742     Ave. chord Cave =    0.279400

 Forces referred to Sref, Cref, Bref about Xref, Yref, Zref
 Standard axis orientation,  X fwd, Z down         
     CLsurf  =   0.17771     Clsurf  =  -0.03866
     CYsurf  =   0.00201     Cmsurf  =   0.00222
     CDsurf  =   0.00521     Cnsurf  =  -0.00266
     CDisurf =   0.00521     CDvsurf =   0.00000

 Forces referred to Ssurf, Cave 
     CLsurf  =   0.28436     CDsurf  =   0.00833

 Strip Forces referred to Strip Area, Chord
    j     Xle      Yle      Zle      Chord    Area     c_cl     ai     cl_norm    cl       cd       cdv    cm_c/4     cm_LE   C.P.x/c
     1   0.0002   0.0007   0.0000   0.2794   0.0008   0.0957   0.0460   0.3561   0.3372   0.0819   0.0000  -0.0035  -0.0867    0.260
     2   0.0015   0.0063   0.0000   0.2794   0.0023   0.0957   0.0445   0.3612   0.3421   0.0172   0.0000  -0.0029  -0.0861    0.258
     3   0.0041   0.0174   0.0000   0.2794   0.0038   0.0956   0.0444   0.3614   0.3423   0.0137   0.0000  -0.0012  -0.0844    0.253
     4   0.0080   0.0337   0.0000   0.2794   0.0052   0.0956   0.0451   0.3615   0.3423   0.0124   0.0000   0.0011  -0.0822    0.247
     5   0.0130   0.0548   0.0000   0.2794   0.0065   0.0955   0.0465   0.3613   0.3421   0.0113   0.0000   0.0033  -0.0800    0.240
     6   0.0190   0.0801   0.0000   0.2794   0.0076   0.0953   0.0481   0.3605   0.3414   0.0104   0.0000   0.0053  -0.0779    0.235
     7   0.0259   0.1092   0.0000   0.2794   0.0085   0.0948   0.0499   0.3586   0.3396   0.0097   0.0000   0.0069  -0.0758    0.230
     8   0.0335   0.1411   0.0000   0.2794   0.0093   0.0939   0.0519   0.3551   0.3362   0.0091   0.0000   0.0084  -0.0736    0.225
     9   0.0416   0.1752   0.0000   0.2794   0.0097   0.0923   0.0542   0.3491   0.3306   0.0086   0.0000   0.0097  -0.0709    0.221
    10   0.0500   0.2107   0.0000   0.2794   0.0100   0.0899   0.0566   0.3403   0.3222   0.0082   0.0000   0.0110  -0.0676    0.216
    11   0.0586   0.2465   0.0000   0.2794   0.0100   0.0866   0.0592   0.3278   0.3104   0.0078   0.0000   0.0125  -0.0633    0.210
    12   0.0670   0.2820   0.0000   0.2794   0.0097   0.0823   0.0619   0.3112   0.2947   0.0073   0.0000   0.0141  -0.0579    0.202
    13   0.0751   0.3161   0.0000   0.2794   0.0093   0.0766   0.0644   0.2899   0.2745   0.0067   0.0000   0.0158  -0.0514    0.193
    14   0.0827   0.3480   0.0000   0.2794   0.0085   0.0696   0.0665   0.2635   0.2495   0.0061   0.0000   0.0174  -0.0437    0.180
    15   0.0896   0.3771   0.0000   0.2794   0.0076   0.0613   0.0677   0.2319   0.2196   0.0052   0.0000   0.0187  -0.0351    0.165
    16   0.0956   0.4024   0.0000   0.2794   0.0065   0.0517   0.0675   0.1956   0.1852   0.0043   0.0000   0.0192  -0.0263    0.146
    17   0.1006   0.4235   0.0000   0.2794   0.0052   0.0410   0.0655   0.1551   0.1469   0.0032   0.0000   0.0183  -0.0178    0.125
    18   0.1045   0.4398   0.0000   0.2794   0.0038   0.0296   0.0617   0.1119   0.1060   0.0020   0.0000   0.0155  -0.0106    0.104
    19   0.1071   0.4509   0.0000   0.2794   0.0023   0.0178   0.0567   0.0673   0.0637   0.0007   0.0000   0.0105  -0.0052    0.085
    20   0.1084   0.4565   0.0000   0.2794   0.0008   0.0059   0.0533   0.0225   0.0213  -0.0004   0.0000   0.0037  -0.0015    0.075

  Surface # 2     Wing (YDUP)                             
     # Chordwise = 10   # Spanwise = 20     First strip = 21
     Surface area Ssurf =    0.127742     Ave. chord Cave =    0.279400

 Forces referred to Sref, Cref, Bref about Xref, Yref, Zref
 Standard axis orientation,  X fwd, Z down         
     CLsurf  =   0.17771     Clsurf  =   0.03866
     CYsurf  =  -0.00201     Cmsurf  =   0.00222
     CDsurf  =   0.00521     Cnsurf  =   0.00266
     CDisurf =   0.00521     CDvsurf =   0.00000

 Forces referred to Ssurf, Cave 
     CLsurf  =   0.28436     CDsurf  =   0.00833

 Strip Forces referred to Strip Area, Chord
    j     Xle      Yle      Zle      Chord    Area     c_cl     ai     cl_norm    cl       cd       cdv    cm_c/4     cm_LE   C.P.x/c
    21   0.0002  -0.0007   0.0000   0.2794   0.0008   0.0957   0.0460   0.3561   0.3372   0.0819   0.0000  -0.0035   0.0867    0.260
    22   0.0015  -0.0063   0.0000   0.2794   0.0023   0.0957   0.0445   0.3612   0.3421   0.0172   0.0000  -0.0029   0.0861    0.258
    23   0.0041  -0.0174   0.0000   0.2794   0.0038   0.0956   0.0444   0.3614   0.3423   0.0137   0.0000  -0.0012   0.0844    0.253
    24   0.0080  -0.0337   0.0000   0.2794   0.0052   0.0956   0.0451   0.3615   0.3423   0.0124   0.0000   0.0011   0.0822    0.247
    25   0.0130  -0.0548   0.0000   0.2794   0.0065   0.0955   0.0465   0.3613   0.3421   0.0113   0.0000   0.0033   0.0800    0.240
    26   0.0190  -0.0801   0.0000   0.2794   0.0076   0.0953   0.0481   0.3605   0.3414   0.0104   0.0000   0.0053   0.0779    0.235
    27   0.0259  -0.1092   0.0000   0.2794   0.0085   0.0948   0.0499   0.3586   0.3396   0.0097   0.0000   0.0069   0.0758    0.230
    28   0.0335  -0.1411   0.0000   0.2794   0.0093   0.0939   0.0519   0.3551   0.3362   0.0091   0.0000   0.0084   0.0736    0.225
    29   0.0416  -0.1752   0.0000   0.2794   0.0097   0.0923   0.0542   0.3491   0.3306   0.0086   0.0000   0.0097   0.0709    0.221
    30   0.0500  -0.2107   0.0000   0.2794   0.0100   0.0899   0.0566   0.3403   0.3222   0.0082   0.0000   0.0110   0.0676    0.216
    31   0.0586  -0.2465   0.0000   0.2794   0.0100   0.0866   0.0592   0.3278   0.3104   0.0078   0.0000   0.0125   0.0633    0.210
    32   0.0670  -0.2820   0.0000   0.2794   0.0097   0.0823   0.0619   0.3112   0.2947   0.0073   0.0000   0.0141   0.0579    0.202
    33   0.0751  -0.3161   0.0000   0.2794   0.0093   0.0766   0.0644   0.2899   0.2745   0.0067   0.0000   0.0158   0.0514    0.193
    34   0.0827  -0.3480   0.0000   0.2794   0.0085   0.0696   0.0665   0.2635   0.2495   0.0061   0.0000   0.0174   0.0437    0.180
    35   0.0896  -0.3771   0.0000   0.2794   0.0076   0.0613   0.0677   0.2319   0.2196   0.0052   0.0000   0.0187   0.0351    0.165
    36   0.0956  -0.4024   0.0000   0.2794   0.0065   0.0517   0.0675   0.1956   0.1852   0.0043   0.0000   0.0192   0.0263    0.146
    37   0.1006  -0.4235   0.0000   0.2794   0.0052   0.0410   0.0655   0.1551   0.1469   0.0032   0.0000   0.0183   0.0178    0.125
    38   0.1045  -0.4398   0.0000   0.2794   0.0038   0.0296   0.0617   0.1119   0.1060   0.0020   0.0000   0.0155   0.0106    0.104
    39   0.1071  -0.4509   0.0000   0.2794   0.0023   0.0178   0.0567   0.0673   0.0637   0.0007   0.0000   0.0105   0.0052    0.085
    40   0.1084  -0.4565   0.0000   0.2794   0.0008   0.0059   0.0533   0.0225   0.0213  -0.0004   0.0000   0.0037   0.0015    0.075
 ---------------------------------------------------------------
