 ---------------------------------------------------------------
 Surface and Strip Forces by surface

  Sref = 0.13940       Cref = 0.22950       Bref = 0.60960    
  Xref = 0.10920       Yref =  0.0000       Zref =  0.0000    

  Surface # 1     Wing                                    
     # Chordwise = 10   # Spanwise = 20     First strip =  1
     Surface area Ssurf =    0.077419     Ave. chord Cave =    0.254000

 Forces referred to Sref, Cref, Bref about Xref, Yref, Zref
 Standard axis orientation,  X fwd, Z down         
     CLsurf  =   0.26058     Clsurf  =  -0.05637
     CYsurf  =   0.01026     Cmsurf  =   0.00244
     CDsurf  =   0.01764     Cnsurf  =  -0.01140
     CDisurf =   0.01764     CDvsurf =   0.00000

 Forces referred to Ssurf, Cave 
     CLsurf  =   0.46919     CDsurf  =   0.03177

 Strip Forces referred to Strip Area, Chord
    j     Xle      Yle      Zle      Chord    Area     c_cl     ai     cl_norm    cl       cd       cdv    cm_c/4     cm_LE   C.P.x/c
     1   0.0002   0.0005   0.0000   0.2540   0.0005   0.1439   0.1001   0.5840   0.5038   0.4253   0.0000  -0.0136  -0.1439    0.277
     2   0.0017   0.0042   0.0000   0.2540   0.0014   0.1439   0.1001   0.6510   0.5615   0.0779   0.0000  -0.0126  -0.1430    0.272
     3   0.0047   0.0116   0.0000   0.2540   0.0023   0.1440   0.1016   0.6551   0.5650   0.0575   0.0000  -0.0094  -0.1400    0.267
     4   0.0091   0.0225   0.0000   0.2540   0.0032   0.1440   0.1044   0.6564   0.5662   0.0516   0.0000  -0.0048  -0.1358    0.258
     5   0.0148   0.0365   0.0000   0.2540   0.0039   0.1440   0.1079   0.6570   0.5667   0.0470   0.0000   0.0001  -0.1312    0.250
     6   0.0217   0.0534   0.0000   0.2540   0.0046   0.1436   0.1118   0.6564   0.5662   0.0429   0.0000   0.0049  -0.1265    0.241
     7   0.0295   0.0728   0.0000   0.2540   0.0052   0.1428   0.1160   0.6533   0.5635   0.0392   0.0000   0.0092  -0.1218    0.234
     8   0.0382   0.0941   0.0000   0.2540   0.0056   0.1413   0.1205   0.6468   0.5579   0.0360   0.0000   0.0131  -0.1167    0.226
     9   0.0474   0.1168   0.0000   0.2540   0.0059   0.1388   0.1251   0.6356   0.5483   0.0331   0.0000   0.0168  -0.1110    0.219
    10   0.0570   0.1404   0.0000   0.2540   0.0061   0.1350   0.1298   0.6186   0.5336   0.0303   0.0000   0.0204  -0.1042    0.212
    11   0.0666   0.1644   0.0000   0.2540   0.0061   0.1297   0.1345   0.5946   0.5129   0.0276   0.0000   0.0240  -0.0961    0.203
    12   0.0762   0.1880   0.0000   0.2540   0.0059   0.1227   0.1389   0.5629   0.4855   0.0247   0.0000   0.0274  -0.0865    0.193
    13   0.0854   0.2107   0.0000   0.2540   0.0056   0.1139   0.1427   0.5226   0.4508   0.0217   0.0000   0.0307  -0.0754    0.182
    14   0.0941   0.2320   0.0000   0.2540   0.0052   0.1031   0.1455   0.4736   0.4086   0.0184   0.0000   0.0332  -0.0633    0.169
    15   0.1019   0.2514   0.0000   0.2540   0.0046   0.0906   0.1469   0.4161   0.3589   0.0150   0.0000   0.0346  -0.0505    0.154
    16   0.1088   0.2683   0.0000   0.2540   0.0039   0.0763   0.1466   0.3508   0.3026   0.0115   0.0000   0.0342  -0.0380    0.137
    17   0.1145   0.2823   0.0000   0.2540   0.0032   0.0606   0.1446   0.2791   0.2407   0.0080   0.0000   0.0312  -0.0264    0.120
    18   0.1189   0.2932   0.0000   0.2540   0.0023   0.0439   0.1411   0.2024   0.1746   0.0046   0.0000   0.0253  -0.0166    0.105
    19   0.1219   0.3006   0.0000   0.2540   0.0014   0.0266   0.1371   0.1227   0.1059   0.0011   0.0000   0.0166  -0.0088    0.093
    20   0.1234   0.3043   0.0000   0.2540   0.0005   0.0089   0.1348   0.0415   0.0358  -0.0019   0.0000   0.0058  -0.0028    0.088

  Surface # 2     Wing (YDUP)                             
     # Chordwise = 10   # Spanwise = 20     First strip = 21
     Surface area Ssurf =    0.077419     Ave. chord Cave =    0.254000

 Forces referred to Sref, Cref, Bref about Xref, Yref, Zref
 Standard axis orientation,  X fwd, Z down         
     CLsurf  =   0.26058     Clsurf  =   0.05637
     CYsurf  =  -0.01026     Cmsurf  =   0.00244
     CDsurf  =   0.01764     Cnsurf  =   0.01140
     CDisurf =   0.01764     CDvsurf =   0.00000

 Forces referred to Ssurf, Cave 
     CLsurf  =   0.46919     CDsurf  =   0.03177

 Strip Forces referred to Strip Area, Chord
    j     Xle      Yle      Zle      Chord    Area     c_cl     ai     cl_norm    cl       cd       cdv    cm_c/4     cm_LE   C.P.x/c
    21   0.0002  -0.0005   0.0000   0.2540   0.0005   0.1439   0.1001   0.5840   0.5038   0.4253   0.0000  -0.0136   0.1439    0.277
    22   0.0017  -0.0042   0.0000   0.2540   0.0014   0.1439   0.1001   0.6510   0.5615   0.0779   0.0000  -0.0126   0.1430    0.272
    23   0.0047  -0.0116   0.0000   0.2540   0.0023   0.1440   0.1016   0.6551   0.5650   0.0575   0.0000  -0.0094   0.1400    0.267
    24   0.0091  -0.0225   0.0000   0.2540   0.0032   0.1440   0.1044   0.6564   0.5662   0.0516   0.0000  -0.0048   0.1358    0.258
    25   0.0148  -0.0365   0.0000   0.2540   0.0039   0.1440   0.1079   0.6570   0.5667   0.0470   0.0000   0.0001   0.1312    0.250
    26   0.0217  -0.0534   0.0000   0.2540   0.0046   0.1436   0.1118   0.6564   0.5662   0.0429   0.0000   0.0049   0.1265    0.241
    27   0.0295  -0.0728   0.0000   0.2540   0.0052   0.1428   0.1160   0.6533   0.5635   0.0392   0.0000   0.0092   0.1218    0.234
    28   0.0382  -0.0941   0.0000   0.2540   0.0056   0.1413   0.1205   0.6468   0.5579   0.0360   0.0000   0.0131   0.1167    0.226
    29   0.0474  -0.1168   0.0000   0.2540   0.0059   0.1388   0.1251   0.6356   0.5483   0.0331   0.0000   0.0168   0.1110    0.219
    30   0.0570  -0.1404   0.0000   0.2540   0.0061   0.1350   0.1298   0.6186   0.5336   0.0303   0.0000   0.0204   0.1042    0.212
    31   0.0666  -0.1644   0.0000   0.2540   0.0061   0.1297   0.1345   0.5946   0.5129   0.0276   0.0000   0.0240   0.0961    0.203
    32   0.0762  -0.1880   0.0000   0.2540   0.0059   0.1227   0.1389   0.5629   0.4855   0.0247   0.0000   0.0274   0.0865    0.193
    33   0.0854  -0.2107   0.0000   0.2540   0.0056   0.1139   0.1427   0.5226   0.4508   0.0217   0.0000   0.0307   0.0754    0.182
    34   0.0941  -0.2320   0.0000   0.2540   0.0052   0.1031   0.1455   0.4736   0.4086   0.0184   0.0000   0.0332   0.0633    0.169
    35   0.1019  -0.2514   0.0000   0.2540   0.0046   0.0906   0.1469   0.4161   0.3589   0.0150   0.0000   0.0346   0.0505    0.154
    36   0.1088  -0.2683   0.0000   0.2540   0.0039   0.0763   0.1466   0.3508   0.3026   0.0115   0.0000   0.0342   0.0380    0.137
    37   0.1145  -0.2823   0.0000   0.2540   0.0032   0.0606   0.1446   0.2791   0.2407   0.0080   0.0000   0.0312   0.0264    0.120
    38   0.1189  -0.2932   0.0000   0.2540   0.0023   0.0439   0.1411   0.2024   0.1746   0.0046   0.0000   0.0253   0.0166    0.105
    39   0.1219  -0.3006   0.0000   0.2540   0.0014   0.0266   0.1371   0.1227   0.1059   0.0011   0.0000   0.0166   0.0088    0.093
    40   0.1234  -0.3043   0.0000   0.2540   0.0005   0.0089   0.1348   0.0415   0.0358  -0.0019   0.0000   0.0058   0.0028    0.088
 ---------------------------------------------------------------
