 ---------------------------------------------------------------
 Surface and Strip Forces by surface

  Sref = 0.21680       Cref = 0.30480       Bref = 0.71120    
  Xref = 0.10920       Yref =  0.0000       Zref =  0.0000    

  Surface # 1     Wing                                    
     # Chordwise = 10   # Spanwise = 20     First strip =  1
     Surface area Ssurf =    0.108387     Ave. chord Cave =    0.304800

 Forces referred to Sref, Cref, Bref about Xref, Yref, Zref
 Standard axis orientation,  X fwd, Z down         
     CLsurf  =   0.16755     Clsurf  =  -0.03603
     CYsurf  =   0.00296     Cmsurf  =   0.00346
     CDsurf  =   0.00816     Cnsurf  =  -0.00417
     CDisurf =   0.00816     CDvsurf =   0.00000

 Forces referred to Ssurf, Cave 
     CLsurf  =   0.33514     CDsurf  =   0.01633

 Strip Forces referred to Strip Area, Chord
    j     Xle      Yle      Zle      Chord    Area     c_cl     ai     cl_norm    cl       cd       cdv    cm_c/4     cm_LE   C.P.x/c
     1   0.0001   0.0005   0.0000   0.3048   0.0007   0.1258   0.0825   0.4231   0.3951   0.1780   0.0000  -0.0012  -0.1009    0.253
     2   0.0013   0.0049   0.0000   0.3048   0.0020   0.1258   0.0812   0.4406   0.4115   0.0353   0.0000  -0.0007  -0.1004    0.252
     3   0.0036   0.0135   0.0000   0.3048   0.0033   0.1258   0.0809   0.4415   0.4123   0.0268   0.0000   0.0009  -0.0988    0.248
     4   0.0070   0.0262   0.0000   0.3048   0.0044   0.1256   0.0815   0.4413   0.4121   0.0244   0.0000   0.0032  -0.0964    0.242
     5   0.0114   0.0426   0.0000   0.3048   0.0055   0.1254   0.0828   0.4405   0.4114   0.0226   0.0000   0.0058  -0.0937    0.236
     6   0.0167   0.0623   0.0000   0.3048   0.0065   0.1248   0.0845   0.4387   0.4097   0.0211   0.0000   0.0083  -0.0909    0.230
     7   0.0228   0.0849   0.0000   0.3048   0.0073   0.1237   0.0866   0.4351   0.4063   0.0197   0.0000   0.0106  -0.0877    0.224
     8   0.0294   0.1098   0.0000   0.3048   0.0079   0.1220   0.0889   0.4292   0.4008   0.0184   0.0000   0.0128  -0.0843    0.218
     9   0.0365   0.1363   0.0000   0.3048   0.0083   0.1194   0.0913   0.4201   0.3923   0.0173   0.0000   0.0149  -0.0802    0.212
    10   0.0439   0.1638   0.0000   0.3048   0.0085   0.1157   0.0939   0.4072   0.3803   0.0161   0.0000   0.0170  -0.0753    0.205
    11   0.0514   0.1918   0.0000   0.3048   0.0085   0.1108   0.0965   0.3899   0.3641   0.0150   0.0000   0.0190  -0.0694    0.198
    12   0.0588   0.2193   0.0000   0.3048   0.0083   0.1044   0.0990   0.3677   0.3434   0.0138   0.0000   0.0209  -0.0625    0.189
    13   0.0659   0.2458   0.0000   0.3048   0.0079   0.0966   0.1010   0.3401   0.3176   0.0124   0.0000   0.0227  -0.0546    0.178
    14   0.0725   0.2707   0.0000   0.3048   0.0073   0.0872   0.1023   0.3071   0.2868   0.0109   0.0000   0.0241  -0.0458    0.166
    15   0.0786   0.2933   0.0000   0.3048   0.0065   0.0763   0.1025   0.2688   0.2511   0.0093   0.0000   0.0247  -0.0367    0.152
    16   0.0839   0.3130   0.0000   0.3048   0.0055   0.0641   0.1015   0.2259   0.2109   0.0075   0.0000   0.0240  -0.0276    0.136
    17   0.0883   0.3294   0.0000   0.3048   0.0044   0.0508   0.0992   0.1790   0.1672   0.0056   0.0000   0.0218  -0.0192    0.120
    18   0.0917   0.3421   0.0000   0.3048   0.0033   0.0367   0.0956   0.1294   0.1208   0.0035   0.0000   0.0176  -0.0121    0.104
    19   0.0940   0.3507   0.0000   0.3048   0.0020   0.0221   0.0915   0.0782   0.0730   0.0014   0.0000   0.0115  -0.0064    0.092
    20   0.0952   0.3551   0.0000   0.3048   0.0007   0.0074   0.0892   0.0262   0.0245  -0.0004   0.0000   0.0040  -0.0020    0.086

  Surface # 2     Wing (YDUP)                             
     # Chordwise = 10   # Spanwise = 20     First strip = 21
     Surface area Ssurf =    0.108387     Ave. chord Cave =    0.304800

 Forces referred to Sref, Cref, Bref about Xref, Yref, Zref
 Standard axis orientation,  X fwd, Z down         
     CLsurf  =   0.16755     Clsurf  =   0.03603
     CYsurf  =  -0.00296     Cmsurf  =   0.00346
     CDsurf  =   0.00816     Cnsurf  =   0.00417
     CDisurf =   0.00816     CDvsurf =   0.00000

 Forces referred to Ssurf, Cave 
     CLsurf  =   0.33514     CDsurf  =   0.01633

 Strip Forces referred to Strip Area, Chord
    j     Xle      Yle      Zle      Chord    Area     c_cl     ai     cl_norm    cl       cd       cdv    cm_c/4     cm_LE   C.P.x/c
    21   0.0001  -0.0005   0.0000   0.3048   0.0007   0.1258   0.0825   0.4231   0.3951   0.1780   0.0000  -0.0012   0.1009    0.253
    22   0.0013  -0.0049   0.0000   0.3048   0.0020   0.1258   0.0812   0.4406   0.4115   0.0353   0.0000  -0.0007   0.1004    0.252
    23   0.0036  -0.0135   0.0000   0.3048   0.0033   0.1258   0.0809   0.4415   0.4123   0.0268   0.0000   0.0009   0.0988    0.248
    24   0.0070  -0.0262   0.0000   0.3048   0.0044   0.1256   0.0815   0.4413   0.4121   0.0244   0.0000   0.0032   0.0964    0.242
    25   0.0114  -0.0426   0.0000   0.3048   0.0055   0.1254   0.0828   0.4405   0.4114   0.0226   0.0000   0.0058   0.0937    0.236
    26   0.0167  -0.0623   0.0000   0.3048   0.0065   0.1248   0.0845   0.4387   0.4097   0.0211   0.0000   0.0083   0.0909    0.230
    27   0.0228  -0.0849   0.0000   0.3048   0.0073   0.1237   0.0866   0.4351   0.4063   0.0197   0.0000   0.0106   0.0877    0.224
    28   0.0294  -0.1098   0.0000   0.3048   0.0079   0.1220   0.0889   0.4292   0.4008   0.0184   0.0000   0.0128   0.0843    0.218
    29   0.0365  -0.1363   0.0000   0.3048   0.0083   0.1194   0.0913   0.4201   0.3923   0.0173   0.0000   0.0149   0.0802    0.212
    30   0.0439  -0.1638   0.0000   0.3048   0.0085   0.1157   0.0939   0.4072   0.3803   0.0161   0.0000   0.0170   0.0753    0.205
    31   0.0514  -0.1918   0.0000   0.3048   0.0085   0.1108   0.0965   0.3899   0.3641   0.0150   0.0000   0.0190   0.0694    0.198
    32   0.0588  -0.2193   0.0000   0.3048   0.0083   0.1044   0.0990   0.3677   0.3434   0.0138   0.0000   0.0209   0.0625    0.189
    33   0.0659  -0.2458   0.0000   0.3048   0.0079   0.0966   0.1010   0.3401   0.3176   0.0124   0.0000   0.0227   0.0546    0.178
    34   0.0725  -0.2707   0.0000   0.3048   0.0073   0.0872   0.1023   0.3071   0.2868   0.0109   0.0000   0.0241   0.0458    0.166
    35   0.0786  -0.2933   0.0000   0.3048   0.0065   0.0763   0.1025   0.2688   0.2511   0.0093   0.0000   0.0247   0.0367    0.152
    36   0.0839  -0.3130   0.0000   0.3048   0.0055   0.0641   0.1015   0.2259   0.2109   0.0075   0.0000   0.0240   0.0276    0.136
    37   0.0883  -0.3294   0.0000   0.3048   0.0044   0.0508   0.0992   0.1790   0.1672   0.0056   0.0000   0.0218   0.0192    0.120
    38   0.0917  -0.3421   0.0000   0.3048   0.0033   0.0367   0.0956   0.1294   0.1208   0.0035   0.0000   0.0176   0.0121    0.104
    39   0.0940  -0.3507   0.0000   0.3048   0.0020   0.0221   0.0915   0.0782   0.0730   0.0014   0.0000   0.0115   0.0064    0.092
    40   0.0952  -0.3551   0.0000   0.3048   0.0007   0.0074   0.0892   0.0262   0.0245  -0.0004   0.0000   0.0040   0.0020    0.086
 ---------------------------------------------------------------
