 ---------------------------------------------------------------
 Surface and Strip Forces by surface

  Sref = 0.13010       Cref = 0.21000       Bref = 0.71120    
  Xref = 0.10920       Yref =  0.0000       Zref =  0.0000    

  Surface # 1     Wing                                    
     # Chordwise = 10   # Spanwise = 20     First strip =  1
     Surface area Ssurf =    0.108387     Ave. chord Cave =    0.304800

 Forces referred to Sref, Cref, Bref about Xref, Yref, Zref
 Standard axis orientation,  X fwd, Z down         
     CLsurf  =   0.27920     Clsurf  =  -0.06002
     CYsurf  =   0.00477     Cmsurf  =   0.01025
     CDsurf  =   0.01358     Cnsurf  =  -0.00684
     CDisurf =   0.01358     CDvsurf =   0.00000

 Forces referred to Ssurf, Cave 
     CLsurf  =   0.33514     CDsurf  =   0.01630

 Strip Forces referred to Strip Area, Chord
    j     Xle      Yle      Zle      Chord    Area     c_cl     ai     cl_norm    cl       cd       cdv    cm_c/4     cm_LE   C.P.x/c
     1   0.0001   0.0005   0.0000   0.3048   0.0007   0.1259   0.0828   0.4221   0.3959   0.1733   0.0000  -0.0007  -0.1007    0.252
     2   0.0013   0.0049   0.0000   0.3048   0.0020   0.1259   0.0815   0.4390   0.4118   0.0348   0.0000  -0.0002  -0.1002    0.250
     3   0.0035   0.0135   0.0000   0.3048   0.0033   0.1259   0.0812   0.4399   0.4126   0.0265   0.0000   0.0013  -0.0986    0.247
     4   0.0068   0.0262   0.0000   0.3048   0.0044   0.1257   0.0818   0.4397   0.4124   0.0242   0.0000   0.0036  -0.0963    0.241
     5   0.0110   0.0426   0.0000   0.3048   0.0055   0.1254   0.0830   0.4389   0.4117   0.0225   0.0000   0.0061  -0.0937    0.235
     6   0.0161   0.0623   0.0000   0.3048   0.0065   0.1248   0.0847   0.4370   0.4099   0.0210   0.0000   0.0085  -0.0909    0.229
     7   0.0220   0.0849   0.0000   0.3048   0.0073   0.1238   0.0867   0.4334   0.4065   0.0196   0.0000   0.0108  -0.0878    0.223
     8   0.0284   0.1098   0.0000   0.3048   0.0079   0.1220   0.0889   0.4274   0.4009   0.0184   0.0000   0.0129  -0.0844    0.218
     9   0.0353   0.1363   0.0000   0.3048   0.0083   0.1194   0.0913   0.4183   0.3923   0.0172   0.0000   0.0150  -0.0803    0.212
    10   0.0424   0.1638   0.0000   0.3048   0.0085   0.1157   0.0939   0.4054   0.3802   0.0162   0.0000   0.0170  -0.0754    0.205
    11   0.0497   0.1918   0.0000   0.3048   0.0085   0.1108   0.0964   0.3881   0.3640   0.0150   0.0000   0.0190  -0.0696    0.198
    12   0.0568   0.2193   0.0000   0.3048   0.0083   0.1044   0.0988   0.3659   0.3432   0.0138   0.0000   0.0209  -0.0627    0.189
    13   0.0637   0.2458   0.0000   0.3048   0.0079   0.0966   0.1008   0.3384   0.3174   0.0125   0.0000   0.0226  -0.0548    0.179
    14   0.0701   0.2707   0.0000   0.3048   0.0073   0.0872   0.1021   0.3056   0.2866   0.0110   0.0000   0.0239  -0.0460    0.166
    15   0.0760   0.2933   0.0000   0.3048   0.0065   0.0763   0.1024   0.2675   0.2509   0.0094   0.0000   0.0245  -0.0369    0.152
    16   0.0811   0.3130   0.0000   0.3048   0.0055   0.0641   0.1014   0.2247   0.2108   0.0076   0.0000   0.0239  -0.0278    0.137
    17   0.0853   0.3294   0.0000   0.3048   0.0044   0.0508   0.0990   0.1781   0.1670   0.0057   0.0000   0.0216  -0.0194    0.121
    18   0.0886   0.3421   0.0000   0.3048   0.0033   0.0367   0.0955   0.1287   0.1207   0.0036   0.0000   0.0175  -0.0122    0.105
    19   0.0908   0.3507   0.0000   0.3048   0.0020   0.0221   0.0914   0.0778   0.0729   0.0015   0.0000   0.0114  -0.0065    0.093
    20   0.0920   0.3551   0.0000   0.3048   0.0007   0.0074   0.0891   0.0261   0.0245  -0.0004   0.0000   0.0040  -0.0020    0.087

  Surface # 2     Wing (YDUP)                             
     # Chordwise = 10   # Spanwise = 20     First strip = 21
     Surface area Ssurf =    0.108387     Ave. chord Cave =    0.304800

 Forces referred to Sref, Cref, Bref about Xref, Yref, Zref
 Standard axis orientation,  X fwd, Z down         
     CLsurf  =   0.27920     Clsurf  =   0.06002
     CYsurf  =  -0.00477     Cmsurf  =   0.01025
     CDsurf  =   0.01358     Cnsurf  =   0.00684
     CDisurf =   0.01358     CDvsurf =   0.00000

 Forces referred to Ssurf, Cave 
     CLsurf  =   0.33514     CDsurf  =   0.01630

 Strip Forces referred to Strip Area, Chord
    j     Xle      Yle      Zle      Chord    Area     c_cl     ai     cl_norm    cl       cd       cdv    cm_c/4     cm_LE   C.P.x/c
    21   0.0001  -0.0005   0.0000   0.3048   0.0007   0.1259   0.0828   0.4221   0.3959   0.1733   0.0000  -0.0007   0.1007    0.252
    22   0.0013  -0.0049   0.0000   0.3048   0.0020   0.1259   0.0815   0.4390   0.4118   0.0348   0.0000  -0.0002   0.1002    0.250
    23   0.0035  -0.0135   0.0000   0.3048   0.0033   0.1259   0.0812   0.4399   0.4126   0.0265   0.0000   0.0013   0.0986    0.247
    24   0.0068  -0.0262   0.0000   0.3048   0.0044   0.1257   0.0818   0.4397   0.4124   0.0242   0.0000   0.0036   0.0963    0.241
    25   0.0110  -0.0426   0.0000   0.3048   0.0055   0.1254   0.0830   0.4389   0.4117   0.0225   0.0000   0.0061   0.0937    0.235
    26   0.0161  -0.0623   0.0000   0.3048   0.0065   0.1248   0.0847   0.4370   0.4099   0.0210   0.0000   0.0085   0.0909    0.229
    27   0.0220  -0.0849   0.0000   0.3048   0.0073   0.1238   0.0867   0.4334   0.4065   0.0196   0.0000   0.0108   0.0878    0.223
    28   0.0284  -0.1098   0.0000   0.3048   0.0079   0.1220   0.0889   0.4274   0.4009   0.0184   0.0000   0.0129   0.0844    0.218
    29   0.0353  -0.1363   0.0000   0.3048   0.0083   0.1194   0.0913   0.4183   0.3923   0.0172   0.0000   0.0150   0.0803    0.212
    30   0.0424  -0.1638   0.0000   0.3048   0.0085   0.1157   0.0939   0.4054   0.3802   0.0162   0.0000   0.0170   0.0754    0.205
    31   0.0497  -0.1918   0.0000   0.3048   0.0085   0.1108   0.0964   0.3881   0.3640   0.0150   0.0000   0.0190   0.0696    0.198
    32   0.0568  -0.2193   0.0000   0.3048   0.0083   0.1044   0.0988   0.3659   0.3432   0.0138   0.0000   0.0209   0.0627    0.189
    33   0.0637  -0.2458   0.0000   0.3048   0.0079   0.0966   0.1008   0.3384   0.3174   0.0125   0.0000   0.0226   0.0548    0.179
    34   0.0701  -0.2707   0.0000   0.3048   0.0073   0.0872   0.1021   0.3056   0.2866   0.0110   0.0000   0.0239   0.0460    0.166
    35   0.0760  -0.2933   0.0000   0.3048   0.0065   0.0763   0.1024   0.2675   0.2509   0.0094   0.0000   0.0245   0.0369    0.152
    36   0.0811  -0.3130   0.0000   0.3048   0.0055   0.0641   0.1014   0.2247   0.2108   0.0076   0.0000   0.0239   0.0278    0.137
    37   0.0853  -0.3294   0.0000   0.3048   0.0044   0.0508   0.0990   0.1781   0.1670   0.0057   0.0000   0.0216   0.0194    0.121
    38   0.0886  -0.3421   0.0000   0.3048   0.0033   0.0367   0.0955   0.1287   0.1207   0.0036   0.0000   0.0175   0.0122    0.105
    39   0.0908  -0.3507   0.0000   0.3048   0.0020   0.0221   0.0914   0.0778   0.0729   0.0015   0.0000   0.0114   0.0065    0.093
    40   0.0920  -0.3551   0.0000   0.3048   0.0007   0.0074   0.0891   0.0261   0.0245  -0.0004   0.0000   0.0040   0.0020    0.087
 ---------------------------------------------------------------
