 ---------------------------------------------------------------
 Surface and Strip Forces by surface

  Sref = 0.15330       Cref = 0.25250       Bref = 0.60960    
  Xref = 0.10920       Yref =  0.0000       Zref =  0.0000    

  Surface # 1     Wing                                    
     # Chordwise = 10   # Spanwise = 20     First strip =  1
     Surface area Ssurf =    0.085161     Ave. chord Cave =    0.279400

 Forces referred to Sref, Cref, Bref about Xref, Yref, Zref
 Standard axis orientation,  X fwd, Z down         
     CLsurf  =   0.23695     Clsurf  =  -0.05067
     CYsurf  =   0.00288     Cmsurf  =   0.03312
     CDsurf  =   0.01532     Cnsurf  =  -0.00622
     CDisurf =   0.01532     CDvsurf =   0.00000

 Forces referred to Ssurf, Cave 
     CLsurf  =   0.42654     CDsurf  =   0.02758

 Strip Forces referred to Strip Area, Chord
    j     Xle      Yle      Zle      Chord    Area     c_cl     ai     cl_norm    cl       cd       cdv    cm_c/4     cm_LE   C.P.x/c
     1   0.0001   0.0005   0.0000   0.2794   0.0005   0.1483   0.1171   0.5191   0.5103   0.1720   0.0000   0.0094  -0.1222    0.232
     2   0.0006   0.0042   0.0000   0.2794   0.0016   0.1483   0.1165   0.5390   0.5298   0.0470   0.0000   0.0097  -0.1219    0.232
     3   0.0015   0.0116   0.0000   0.2794   0.0026   0.1482   0.1165   0.5400   0.5308   0.0391   0.0000   0.0106  -0.1210    0.230
     4   0.0030   0.0225   0.0000   0.2794   0.0035   0.1480   0.1169   0.5396   0.5304   0.0368   0.0000   0.0120  -0.1194    0.227
     5   0.0049   0.0365   0.0000   0.2794   0.0043   0.1475   0.1177   0.5381   0.5290   0.0351   0.0000   0.0136  -0.1174    0.224
     6   0.0071   0.0534   0.0000   0.2794   0.0051   0.1466   0.1189   0.5350   0.5259   0.0337   0.0000   0.0152  -0.1150    0.221
     7   0.0097   0.0728   0.0000   0.2794   0.0057   0.1451   0.1205   0.5295   0.5205   0.0324   0.0000   0.0168  -0.1120    0.218
     8   0.0125   0.0941   0.0000   0.2794   0.0062   0.1427   0.1223   0.5209   0.5120   0.0312   0.0000   0.0185  -0.1083    0.214
     9   0.0156   0.1168   0.0000   0.2794   0.0065   0.1392   0.1245   0.5084   0.4998   0.0300   0.0000   0.0201  -0.1036    0.210
    10   0.0187   0.1404   0.0000   0.2794   0.0067   0.1346   0.1268   0.4914   0.4830   0.0288   0.0000   0.0217  -0.0978    0.205
    11   0.0219   0.1644   0.0000   0.2794   0.0067   0.1285   0.1293   0.4692   0.4612   0.0274   0.0000   0.0233  -0.0908    0.199
    12   0.0250   0.1880   0.0000   0.2794   0.0065   0.1208   0.1317   0.4413   0.4338   0.0258   0.0000   0.0249  -0.0825    0.193
    13   0.0281   0.2107   0.0000   0.2794   0.0062   0.1116   0.1339   0.4074   0.4004   0.0240   0.0000   0.0262  -0.0730    0.185
    14   0.0309   0.2320   0.0000   0.2794   0.0057   0.1006   0.1355   0.3673   0.3611   0.0218   0.0000   0.0270  -0.0624    0.175
    15   0.0335   0.2514   0.0000   0.2794   0.0051   0.0881   0.1363   0.3214   0.3160   0.0193   0.0000   0.0271  -0.0513    0.164
    16   0.0357   0.2683   0.0000   0.2794   0.0043   0.0740   0.1359   0.2702   0.2656   0.0164   0.0000   0.0259  -0.0400    0.153
    17   0.0376   0.2823   0.0000   0.2794   0.0035   0.0587   0.1343   0.2144   0.2108   0.0131   0.0000   0.0231  -0.0292    0.141
    18   0.0391   0.2932   0.0000   0.2794   0.0026   0.0425   0.1316   0.1553   0.1526   0.0094   0.0000   0.0184  -0.0194    0.129
    19   0.0400   0.3006   0.0000   0.2794   0.0016   0.0257   0.1283   0.0940   0.0924   0.0053   0.0000   0.0120  -0.0109    0.120
    20   0.0405   0.3043   0.0000   0.2794   0.0005   0.0086   0.1263   0.0315   0.0310   0.0012   0.0000   0.0042  -0.0035    0.116

  Surface # 2     Wing (YDUP)                             
     # Chordwise = 10   # Spanwise = 20     First strip = 21
     Surface area Ssurf =    0.085161     Ave. chord Cave =    0.279400

 Forces referred to Sref, Cref, Bref about Xref, Yref, Zref
 Standard axis orientation,  X fwd, Z down         
     CLsurf  =   0.23695     Clsurf  =   0.05067
     CYsurf  =  -0.00288     Cmsurf  =   0.03312
     CDsurf  =   0.01532     Cnsurf  =   0.00622
     CDisurf =   0.01532     CDvsurf =   0.00000

 Forces referred to Ssurf, Cave 
     CLsurf  =   0.42654     CDsurf  =   0.02758

 Strip Forces referred to Strip Area, Chord
    j     Xle      Yle      Zle      Chord    Area     c_cl     ai     cl_norm    cl       cd       cdv    cm_c/4     cm_LE   C.P.x/c
    21   0.0001  -0.0005   0.0000   0.2794   0.0005   0.1483   0.1171   0.5191   0.5103   0.1720   0.0000   0.0094   0.1222    0.232
    22   0.0006  -0.0042   0.0000   0.2794   0.0016   0.1483   0.1165   0.5390   0.5298   0.0470   0.0000   0.0097   0.1219    0.232
    23   0.0015  -0.0116   0.0000   0.2794   0.0026   0.1482   0.1165   0.5400   0.5308   0.0391   0.0000   0.0106   0.1210    0.230
    24   0.0030  -0.0225   0.0000   0.2794   0.0035   0.1480   0.1169   0.5396   0.5304   0.0368   0.0000   0.0120   0.1194    0.227
    25   0.0049  -0.0365   0.0000   0.2794   0.0043   0.1475   0.1177   0.5381   0.5290   0.0351   0.0000   0.0136   0.1174    0.224
    26   0.0071  -0.0534   0.0000   0.2794   0.0051   0.1466   0.1189   0.5350   0.5259   0.0337   0.0000   0.0152   0.1150    0.221
    27   0.0097  -0.0728   0.0000   0.2794   0.0057   0.1451   0.1205   0.5295   0.5205   0.0324   0.0000   0.0168   0.1120    0.218
    28   0.0125  -0.0941   0.0000   0.2794   0.0062   0.1427   0.1223   0.5209   0.5120   0.0312   0.0000   0.0185   0.1083    0.214
    29   0.0156  -0.1168   0.0000   0.2794   0.0065   0.1392   0.1245   0.5084   0.4998   0.0300   0.0000   0.0201   0.1036    0.210
    30   0.0187  -0.1404   0.0000   0.2794   0.0067   0.1346   0.1268   0.4914   0.4830   0.0288   0.0000   0.0217   0.0978    0.205
    31   0.0219  -0.1644   0.0000   0.2794   0.0067   0.1285   0.1293   0.4692   0.4612   0.0274   0.0000   0.0233   0.0908    0.199
    32   0.0250  -0.1880   0.0000   0.2794   0.0065   0.1208   0.1317   0.4413   0.4338   0.0258   0.0000   0.0249   0.0825    0.193
    33   0.0281  -0.2107   0.0000   0.2794   0.0062   0.1116   0.1339   0.4074   0.4004   0.0240   0.0000   0.0262   0.0730    0.185
    34   0.0309  -0.2320   0.0000   0.2794   0.0057   0.1006   0.1355   0.3673   0.3611   0.0218   0.0000   0.0270   0.0624    0.175
    35   0.0335  -0.2514   0.0000   0.2794   0.0051   0.0881   0.1363   0.3214   0.3160   0.0193   0.0000   0.0271   0.0513    0.164
    36   0.0357  -0.2683   0.0000   0.2794   0.0043   0.0740   0.1359   0.2702   0.2656   0.0164   0.0000   0.0259   0.0400    0.153
    37   0.0376  -0.2823   0.0000   0.2794   0.0035   0.0587   0.1343   0.2144   0.2108   0.0131   0.0000   0.0231   0.0292    0.141
    38   0.0391  -0.2932   0.0000   0.2794   0.0026   0.0425   0.1316   0.1553   0.1526   0.0094   0.0000   0.0184   0.0194    0.129
    39   0.0400  -0.3006   0.0000   0.2794   0.0016   0.0257   0.1283   0.0940   0.0924   0.0053   0.0000   0.0120   0.0109    0.120
    40   0.0405  -0.3043   0.0000   0.2794   0.0005   0.0086   0.1263   0.0315   0.0310   0.0012   0.0000   0.0042   0.0035    0.116
 ---------------------------------------------------------------
