 ---------------------------------------------------------------
 Surface and Strip Forces by surface

  Sref = 0.11920       Cref = 0.20760       Bref = 0.60960    
  Xref = 0.10920       Yref =  0.0000       Zref =  0.0000    

  Surface # 1     Wing                                    
     # Chordwise = 10   # Spanwise = 20     First strip =  1
     Surface area Ssurf =    0.085161     Ave. chord Cave =    0.279400

 Forces referred to Sref, Cref, Bref about Xref, Yref, Zref
 Standard axis orientation,  X fwd, Z down         
     CLsurf  =   0.30473     Clsurf  =  -0.06589
     CYsurf  =   0.01387     Cmsurf  =  -0.02217
     CDsurf  =   0.02092     Cnsurf  =  -0.01557
     CDisurf =   0.02092     CDvsurf =   0.00000

 Forces referred to Ssurf, Cave 
     CLsurf  =   0.42654     CDsurf  =   0.02929

 Strip Forces referred to Strip Area, Chord
    j     Xle      Yle      Zle      Chord    Area     c_cl     ai     cl_norm    cl       cd       cdv    cm_c/4     cm_LE   C.P.x/c
     1   0.0002   0.0005   0.0000   0.2794   0.0005   0.1442   0.1002   0.5577   0.4485   0.4617   0.0000  -0.0166  -0.1302    0.287
     2   0.0021   0.0042   0.0000   0.2794   0.0016   0.1442   0.0999   0.6344   0.5102   0.0779   0.0000  -0.0156  -0.1293    0.281
     3   0.0058   0.0116   0.0000   0.2794   0.0026   0.1442   0.1015   0.6391   0.5139   0.0552   0.0000  -0.0124  -0.1264    0.274
     4   0.0113   0.0225   0.0000   0.2794   0.0035   0.1443   0.1044   0.6404   0.5150   0.0496   0.0000  -0.0075  -0.1222    0.265
     5   0.0183   0.0365   0.0000   0.2794   0.0043   0.1442   0.1081   0.6412   0.5156   0.0452   0.0000  -0.0022  -0.1174    0.254
     6   0.0268   0.0534   0.0000   0.2794   0.0051   0.1440   0.1122   0.6407   0.5152   0.0410   0.0000   0.0030  -0.1125    0.244
     7   0.0365   0.0728   0.0000   0.2794   0.0057   0.1432   0.1167   0.6379   0.5130   0.0372   0.0000   0.0077  -0.1076    0.235
     8   0.0472   0.0941   0.0000   0.2794   0.0062   0.1416   0.1212   0.6317   0.5080   0.0337   0.0000   0.0121  -0.1025    0.226
     9   0.0586   0.1168   0.0000   0.2794   0.0065   0.1391   0.1259   0.6208   0.4992   0.0305   0.0000   0.0162  -0.0967    0.217
    10   0.0704   0.1404   0.0000   0.2794   0.0067   0.1352   0.1306   0.6040   0.4858   0.0275   0.0000   0.0202  -0.0901    0.208
    11   0.0824   0.1644   0.0000   0.2794   0.0067   0.1299   0.1351   0.5804   0.4668   0.0245   0.0000   0.0240  -0.0824    0.199
    12   0.0942   0.1880   0.0000   0.2794   0.0065   0.1227   0.1391   0.5490   0.4415   0.0214   0.0000   0.0277  -0.0734    0.187
    13   0.1056   0.2107   0.0000   0.2794   0.0062   0.1138   0.1423   0.5092   0.4095   0.0181   0.0000   0.0310  -0.0633    0.174
    14   0.1163   0.2320   0.0000   0.2794   0.0057   0.1029   0.1443   0.4609   0.3707   0.0148   0.0000   0.0336  -0.0523    0.159
    15   0.1260   0.2514   0.0000   0.2794   0.0051   0.0902   0.1449   0.4044   0.3253   0.0114   0.0000   0.0348  -0.0411    0.143
    16   0.1345   0.2683   0.0000   0.2794   0.0043   0.0759   0.1438   0.3406   0.2739   0.0080   0.0000   0.0341  -0.0302    0.125
    17   0.1415   0.2823   0.0000   0.2794   0.0035   0.0602   0.1412   0.2706   0.2176   0.0049   0.0000   0.0309  -0.0205    0.108
    18   0.1470   0.2932   0.0000   0.2794   0.0026   0.0436   0.1374   0.1962   0.1578   0.0020   0.0000   0.0249  -0.0126    0.092
    19   0.1507   0.3006   0.0000   0.2794   0.0016   0.0264   0.1332   0.1190   0.0957  -0.0008   0.0000   0.0163  -0.0065    0.080
    20   0.1526   0.3043   0.0000   0.2794   0.0005   0.0088   0.1311   0.0403   0.0324  -0.0028   0.0000   0.0056  -0.0020    0.076

  Surface # 2     Wing (YDUP)                             
     # Chordwise = 10   # Spanwise = 20     First strip = 21
     Surface area Ssurf =    0.085161     Ave. chord Cave =    0.279400

 Forces referred to Sref, Cref, Bref about Xref, Yref, Zref
 Standard axis orientation,  X fwd, Z down         
     CLsurf  =   0.30473     Clsurf  =   0.06589
     CYsurf  =  -0.01387     Cmsurf  =  -0.02217
     CDsurf  =   0.02092     Cnsurf  =   0.01557
     CDisurf =   0.02092     CDvsurf =   0.00000

 Forces referred to Ssurf, Cave 
     CLsurf  =   0.42654     CDsurf  =   0.02929

 Strip Forces referred to Strip Area, Chord
    j     Xle      Yle      Zle      Chord    Area     c_cl     ai     cl_norm    cl       cd       cdv    cm_c/4     cm_LE   C.P.x/c
    21   0.0002  -0.0005   0.0000   0.2794   0.0005   0.1442   0.1002   0.5577   0.4485   0.4617   0.0000  -0.0166   0.1302    0.287
    22   0.0021  -0.0042   0.0000   0.2794   0.0016   0.1442   0.0999   0.6344   0.5102   0.0779   0.0000  -0.0156   0.1293    0.281
    23   0.0058  -0.0116   0.0000   0.2794   0.0026   0.1442   0.1015   0.6391   0.5139   0.0552   0.0000  -0.0124   0.1264    0.274
    24   0.0113  -0.0225   0.0000   0.2794   0.0035   0.1443   0.1044   0.6404   0.5150   0.0496   0.0000  -0.0075   0.1222    0.265
    25   0.0183  -0.0365   0.0000   0.2794   0.0043   0.1442   0.1081   0.6412   0.5156   0.0452   0.0000  -0.0022   0.1174    0.254
    26   0.0268  -0.0534   0.0000   0.2794   0.0051   0.1440   0.1122   0.6407   0.5152   0.0410   0.0000   0.0030   0.1125    0.244
    27   0.0365  -0.0728   0.0000   0.2794   0.0057   0.1432   0.1167   0.6379   0.5130   0.0372   0.0000   0.0077   0.1076    0.235
    28   0.0472  -0.0941   0.0000   0.2794   0.0062   0.1416   0.1212   0.6317   0.5080   0.0337   0.0000   0.0121   0.1025    0.226
    29   0.0586  -0.1168   0.0000   0.2794   0.0065   0.1391   0.1259   0.6208   0.4992   0.0305   0.0000   0.0162   0.0967    0.217
    30   0.0704  -0.1404   0.0000   0.2794   0.0067   0.1352   0.1306   0.6040   0.4858   0.0275   0.0000   0.0202   0.0901    0.208
    31   0.0824  -0.1644   0.0000   0.2794   0.0067   0.1299   0.1351   0.5804   0.4668   0.0245   0.0000   0.0240   0.0824    0.199
    32   0.0942  -0.1880   0.0000   0.2794   0.0065   0.1227   0.1391   0.5490   0.4415   0.0214   0.0000   0.0277   0.0734    0.187
    33   0.1056  -0.2107   0.0000   0.2794   0.0062   0.1138   0.1423   0.5092   0.4095   0.0181   0.0000   0.0310   0.0633    0.174
    34   0.1163  -0.2320   0.0000   0.2794   0.0057   0.1029   0.1443   0.4609   0.3707   0.0148   0.0000   0.0336   0.0523    0.159
    35   0.1260  -0.2514   0.0000   0.2794   0.0051   0.0902   0.1449   0.4044   0.3253   0.0114   0.0000   0.0348   0.0411    0.143
    36   0.1345  -0.2683   0.0000   0.2794   0.0043   0.0759   0.1438   0.3406   0.2739   0.0080   0.0000   0.0341   0.0302    0.125
    37   0.1415  -0.2823   0.0000   0.2794   0.0035   0.0602   0.1412   0.2706   0.2176   0.0049   0.0000   0.0309   0.0205    0.108
    38   0.1470  -0.2932   0.0000   0.2794   0.0026   0.0436   0.1374   0.1962   0.1578   0.0020   0.0000   0.0249   0.0126    0.092
    39   0.1507  -0.3006   0.0000   0.2794   0.0016   0.0264   0.1332   0.1190   0.0957  -0.0008   0.0000   0.0163   0.0065    0.080
    40   0.1526  -0.3043   0.0000   0.2794   0.0005   0.0088   0.1311   0.0403   0.0324  -0.0028   0.0000   0.0056   0.0020    0.076
 ---------------------------------------------------------------
