 ---------------------------------------------------------------
 Surface and Strip Forces by surface

  Sref = 0.25550       Cref = 0.27940       Bref = 0.91440    
  Xref = 0.10920       Yref =  0.0000       Zref =  0.0000    

  Surface # 1     Wing                                    
     # Chordwise = 10   # Spanwise = 20     First strip =  1
     Surface area Ssurf =    0.127742     Ave. chord Cave =    0.279400

 Forces referred to Sref, Cref, Bref about Xref, Yref, Zref
 Standard axis orientation,  X fwd, Z down         
     CLsurf  =   0.14217     Clsurf  =  -0.03098
     CYsurf  =   0.00182     Cmsurf  =  -0.00172
     CDsurf  =   0.00419     Cnsurf  =  -0.00224
     CDisurf =   0.00419     CDvsurf =   0.00000

 Forces referred to Ssurf, Cave 
     CLsurf  =   0.28436     CDsurf  =   0.00838

 Strip Forces referred to Strip Area, Chord
    j     Xle      Yle      Zle      Chord    Area     c_cl     ai     cl_norm    cl       cd       cdv    cm_c/4     cm_LE   C.P.x/c
     1   0.0002   0.0007   0.0000   0.2794   0.0008   0.0953   0.0451   0.3591   0.3352   0.0898   0.0000  -0.0051  -0.0873    0.265
     2   0.0017   0.0063   0.0000   0.2794   0.0023   0.0953   0.0436   0.3650   0.3407   0.0181   0.0000  -0.0044  -0.0866    0.263
     3   0.0047   0.0174   0.0000   0.2794   0.0038   0.0953   0.0435   0.3652   0.3409   0.0142   0.0000  -0.0024  -0.0847    0.257
     4   0.0090   0.0337   0.0000   0.2794   0.0052   0.0953   0.0444   0.3654   0.3410   0.0128   0.0000   0.0001  -0.0823    0.250
     5   0.0147   0.0548   0.0000   0.2794   0.0065   0.0952   0.0459   0.3653   0.3410   0.0116   0.0000   0.0026  -0.0799    0.243
     6   0.0215   0.0801   0.0000   0.2794   0.0076   0.0951   0.0477   0.3648   0.3405   0.0106   0.0000   0.0047  -0.0776    0.236
     7   0.0292   0.1092   0.0000   0.2794   0.0085   0.0946   0.0497   0.3631   0.3390   0.0098   0.0000   0.0065  -0.0755    0.231
     8   0.0378   0.1411   0.0000   0.2794   0.0093   0.0937   0.0519   0.3598   0.3358   0.0092   0.0000   0.0081  -0.0732    0.226
     9   0.0470   0.1752   0.0000   0.2794   0.0097   0.0923   0.0542   0.3541   0.3305   0.0086   0.0000   0.0095  -0.0705    0.221
    10   0.0564   0.2107   0.0000   0.2794   0.0100   0.0900   0.0567   0.3454   0.3224   0.0082   0.0000   0.0110  -0.0672    0.216
    11   0.0661   0.2465   0.0000   0.2794   0.0100   0.0868   0.0595   0.3330   0.3108   0.0077   0.0000   0.0125  -0.0629    0.210
    12   0.0755   0.2820   0.0000   0.2794   0.0097   0.0824   0.0623   0.3164   0.2953   0.0072   0.0000   0.0142  -0.0575    0.202
    13   0.0847   0.3161   0.0000   0.2794   0.0093   0.0768   0.0650   0.2949   0.2753   0.0066   0.0000   0.0160  -0.0509    0.192
    14   0.0933   0.3480   0.0000   0.2794   0.0085   0.0699   0.0671   0.2682   0.2503   0.0058   0.0000   0.0178  -0.0432    0.179
    15   0.1010   0.3771   0.0000   0.2794   0.0076   0.0615   0.0683   0.2361   0.2204   0.0050   0.0000   0.0192  -0.0346    0.163
    16   0.1078   0.4024   0.0000   0.2794   0.0065   0.0519   0.0680   0.1991   0.1859   0.0040   0.0000   0.0197  -0.0257    0.144
    17   0.1135   0.4235   0.0000   0.2794   0.0052   0.0411   0.0659   0.1580   0.1474   0.0029   0.0000   0.0189  -0.0173    0.122
    18   0.1178   0.4398   0.0000   0.2794   0.0038   0.0297   0.0620   0.1139   0.1064   0.0018   0.0000   0.0160  -0.0102    0.100
    19   0.1208   0.4509   0.0000   0.2794   0.0023   0.0178   0.0570   0.0685   0.0640   0.0005   0.0000   0.0108  -0.0049    0.081
    20   0.1223   0.4565   0.0000   0.2794   0.0008   0.0059   0.0535   0.0229   0.0214  -0.0005   0.0000   0.0038  -0.0014    0.070

  Surface # 2     Wing (YDUP)                             
     # Chordwise = 10   # Spanwise = 20     First strip = 21
     Surface area Ssurf =    0.127742     Ave. chord Cave =    0.279400

 Forces referred to Sref, Cref, Bref about Xref, Yref, Zref
 Standard axis orientation,  X fwd, Z down         
     CLsurf  =   0.14217     Clsurf  =   0.03098
     CYsurf  =  -0.00182     Cmsurf  =  -0.00172
     CDsurf  =   0.00419     Cnsurf  =   0.00224
     CDisurf =   0.00419     CDvsurf =   0.00000

 Forces referred to Ssurf, Cave 
     CLsurf  =   0.28436     CDsurf  =   0.00838

 Strip Forces referred to Strip Area, Chord
    j     Xle      Yle      Zle      Chord    Area     c_cl     ai     cl_norm    cl       cd       cdv    cm_c/4     cm_LE   C.P.x/c
    21   0.0002  -0.0007   0.0000   0.2794   0.0008   0.0953   0.0451   0.3591   0.3352   0.0898   0.0000  -0.0051   0.0873    0.265
    22   0.0017  -0.0063   0.0000   0.2794   0.0023   0.0953   0.0436   0.3650   0.3407   0.0181   0.0000  -0.0044   0.0866    0.263
    23   0.0047  -0.0174   0.0000   0.2794   0.0038   0.0953   0.0435   0.3652   0.3409   0.0142   0.0000  -0.0024   0.0847    0.257
    24   0.0090  -0.0337   0.0000   0.2794   0.0052   0.0953   0.0444   0.3654   0.3410   0.0128   0.0000   0.0001   0.0823    0.250
    25   0.0147  -0.0548   0.0000   0.2794   0.0065   0.0952   0.0459   0.3653   0.3410   0.0116   0.0000   0.0026   0.0799    0.243
    26   0.0215  -0.0801   0.0000   0.2794   0.0076   0.0951   0.0477   0.3648   0.3405   0.0106   0.0000   0.0047   0.0776    0.236
    27   0.0292  -0.1092   0.0000   0.2794   0.0085   0.0946   0.0497   0.3631   0.3390   0.0098   0.0000   0.0065   0.0755    0.231
    28   0.0378  -0.1411   0.0000   0.2794   0.0093   0.0937   0.0519   0.3598   0.3358   0.0092   0.0000   0.0081   0.0732    0.226
    29   0.0470  -0.1752   0.0000   0.2794   0.0097   0.0923   0.0542   0.3541   0.3305   0.0086   0.0000   0.0095   0.0705    0.221
    30   0.0564  -0.2107   0.0000   0.2794   0.0100   0.0900   0.0567   0.3454   0.3224   0.0082   0.0000   0.0110   0.0672    0.216
    31   0.0661  -0.2465   0.0000   0.2794   0.0100   0.0868   0.0595   0.3330   0.3108   0.0077   0.0000   0.0125   0.0629    0.210
    32   0.0755  -0.2820   0.0000   0.2794   0.0097   0.0824   0.0623   0.3164   0.2953   0.0072   0.0000   0.0142   0.0575    0.202
    33   0.0847  -0.3161   0.0000   0.2794   0.0093   0.0768   0.0650   0.2949   0.2753   0.0066   0.0000   0.0160   0.0509    0.192
    34   0.0933  -0.3480   0.0000   0.2794   0.0085   0.0699   0.0671   0.2682   0.2503   0.0058   0.0000   0.0178   0.0432    0.179
    35   0.1010  -0.3771   0.0000   0.2794   0.0076   0.0615   0.0683   0.2361   0.2204   0.0050   0.0000   0.0192   0.0346    0.163
    36   0.1078  -0.4024   0.0000   0.2794   0.0065   0.0519   0.0680   0.1991   0.1859   0.0040   0.0000   0.0197   0.0257    0.144
    37   0.1135  -0.4235   0.0000   0.2794   0.0052   0.0411   0.0659   0.1580   0.1474   0.0029   0.0000   0.0189   0.0173    0.122
    38   0.1178  -0.4398   0.0000   0.2794   0.0038   0.0297   0.0620   0.1139   0.1064   0.0018   0.0000   0.0160   0.0102    0.100
    39   0.1208  -0.4509   0.0000   0.2794   0.0023   0.0178   0.0570   0.0685   0.0640   0.0005   0.0000   0.0108   0.0049    0.081
    40   0.1223  -0.4565   0.0000   0.2794   0.0008   0.0059   0.0535   0.0229   0.0214  -0.0005   0.0000   0.0038   0.0014    0.070
 ---------------------------------------------------------------
