 ---------------------------------------------------------------
 Surface and Strip Forces by surface

  Sref = 0.22300       Cref = 0.24890       Bref = 0.91440    
  Xref = 0.10920       Yref =  0.0000       Zref =  0.0000    

  Surface # 1     Wing                                    
     # Chordwise = 10   # Spanwise = 20     First strip =  1
     Surface area Ssurf =    0.139355     Ave. chord Cave =    0.304800

 Forces referred to Sref, Cref, Bref about Xref, Yref, Zref
 Standard axis orientation,  X fwd, Z down         
     CLsurf  =   0.16289     Clsurf  =  -0.03517
     CYsurf  =   0.00111     Cmsurf  =   0.01031
     CDsurf  =   0.00469     Cnsurf  =  -0.00203
     CDisurf =   0.00469     CDvsurf =   0.00000

 Forces referred to Ssurf, Cave 
     CLsurf  =   0.26066     CDsurf  =   0.00751

 Strip Forces referred to Strip Area, Chord
    j     Xle      Yle      Zle      Chord    Area     c_cl     ai     cl_norm    cl       cd       cdv    cm_c/4     cm_LE   C.P.x/c
     1   0.0001   0.0007   0.0000   0.3048   0.0009   0.0974   0.0495   0.3238   0.3163   0.0558   0.0000   0.0018  -0.0772    0.244
     2   0.0010   0.0063   0.0000   0.3048   0.0026   0.0974   0.0484   0.3269   0.3193   0.0135   0.0000   0.0022  -0.0768    0.243
     3   0.0027   0.0174   0.0000   0.3048   0.0042   0.0973   0.0481   0.3269   0.3193   0.0111   0.0000   0.0031  -0.0758    0.240
     4   0.0052   0.0337   0.0000   0.3048   0.0057   0.0972   0.0483   0.3266   0.3190   0.0103   0.0000   0.0045  -0.0744    0.236
     5   0.0084   0.0548   0.0000   0.3048   0.0071   0.0970   0.0490   0.3259   0.3184   0.0097   0.0000   0.0059  -0.0728    0.232
     6   0.0124   0.0801   0.0000   0.3048   0.0083   0.0966   0.0500   0.3245   0.3170   0.0091   0.0000   0.0071  -0.0712    0.227
     7   0.0168   0.1092   0.0000   0.3048   0.0093   0.0958   0.0513   0.3219   0.3144   0.0087   0.0000   0.0083  -0.0695    0.224
     8   0.0218   0.1411   0.0000   0.3048   0.0101   0.0945   0.0527   0.3176   0.3103   0.0083   0.0000   0.0093  -0.0674    0.220
     9   0.0270   0.1752   0.0000   0.3048   0.0106   0.0926   0.0544   0.3112   0.3041   0.0080   0.0000   0.0103  -0.0648    0.216
    10   0.0325   0.2107   0.0000   0.3048   0.0109   0.0899   0.0562   0.3022   0.2952   0.0077   0.0000   0.0114  -0.0616    0.211
    11   0.0380   0.2465   0.0000   0.3048   0.0109   0.0863   0.0582   0.2900   0.2833   0.0073   0.0000   0.0125  -0.0575    0.206
    12   0.0435   0.2820   0.0000   0.3048   0.0106   0.0816   0.0603   0.2741   0.2678   0.0070   0.0000   0.0138  -0.0525    0.199
    13   0.0487   0.3161   0.0000   0.3048   0.0101   0.0757   0.0622   0.2543   0.2484   0.0065   0.0000   0.0150  -0.0465    0.189
    14   0.0537   0.3480   0.0000   0.3048   0.0093   0.0685   0.0636   0.2303   0.2249   0.0059   0.0000   0.0162  -0.0395    0.178
    15   0.0581   0.3771   0.0000   0.3048   0.0083   0.0601   0.0642   0.2020   0.1973   0.0052   0.0000   0.0170  -0.0319    0.164
    16   0.0621   0.4024   0.0000   0.3048   0.0071   0.0505   0.0637   0.1698   0.1659   0.0044   0.0000   0.0171  -0.0240    0.147
    17   0.0653   0.4235   0.0000   0.3048   0.0057   0.0400   0.0616   0.1345   0.1313   0.0034   0.0000   0.0160  -0.0166    0.128
    18   0.0678   0.4398   0.0000   0.3048   0.0042   0.0288   0.0580   0.0969   0.0946   0.0022   0.0000   0.0134  -0.0101    0.109
    19   0.0695   0.4509   0.0000   0.3048   0.0026   0.0173   0.0533   0.0582   0.0569   0.0010   0.0000   0.0090  -0.0052    0.092
    20   0.0704   0.4565   0.0000   0.3048   0.0009   0.0058   0.0502   0.0194   0.0190  -0.0001   0.0000   0.0032  -0.0015    0.083

  Surface # 2     Wing (YDUP)                             
     # Chordwise = 10   # Spanwise = 20     First strip = 21
     Surface area Ssurf =    0.139355     Ave. chord Cave =    0.304800

 Forces referred to Sref, Cref, Bref about Xref, Yref, Zref
 Standard axis orientation,  X fwd, Z down         
     CLsurf  =   0.16289     Clsurf  =   0.03517
     CYsurf  =  -0.00111     Cmsurf  =   0.01031
     CDsurf  =   0.00469     Cnsurf  =   0.00203
     CDisurf =   0.00469     CDvsurf =   0.00000

 Forces referred to Ssurf, Cave 
     CLsurf  =   0.26066     CDsurf  =   0.00751

 Strip Forces referred to Strip Area, Chord
    j     Xle      Yle      Zle      Chord    Area     c_cl     ai     cl_norm    cl       cd       cdv    cm_c/4     cm_LE   C.P.x/c
    21   0.0001  -0.0007   0.0000   0.3048   0.0009   0.0974   0.0495   0.3238   0.3163   0.0558   0.0000   0.0018   0.0772    0.244
    22   0.0010  -0.0063   0.0000   0.3048   0.0026   0.0974   0.0484   0.3269   0.3193   0.0135   0.0000   0.0022   0.0768    0.243
    23   0.0027  -0.0174   0.0000   0.3048   0.0042   0.0973   0.0481   0.3269   0.3193   0.0111   0.0000   0.0031   0.0758    0.240
    24   0.0052  -0.0337   0.0000   0.3048   0.0057   0.0972   0.0483   0.3266   0.3190   0.0103   0.0000   0.0045   0.0744    0.236
    25   0.0084  -0.0548   0.0000   0.3048   0.0071   0.0970   0.0490   0.3259   0.3184   0.0097   0.0000   0.0059   0.0728    0.232
    26   0.0124  -0.0801   0.0000   0.3048   0.0083   0.0966   0.0500   0.3245   0.3170   0.0091   0.0000   0.0071   0.0712    0.227
    27   0.0168  -0.1092   0.0000   0.3048   0.0093   0.0958   0.0513   0.3219   0.3144   0.0087   0.0000   0.0083   0.0695    0.224
    28   0.0218  -0.1411   0.0000   0.3048   0.0101   0.0945   0.0527   0.3176   0.3103   0.0083   0.0000   0.0093   0.0674    0.220
    29   0.0270  -0.1752   0.0000   0.3048   0.0106   0.0926   0.0544   0.3112   0.3041   0.0080   0.0000   0.0103   0.0648    0.216
    30   0.0325  -0.2107   0.0000   0.3048   0.0109   0.0899   0.0562   0.3022   0.2952   0.0077   0.0000   0.0114   0.0616    0.211
    31   0.0380  -0.2465   0.0000   0.3048   0.0109   0.0863   0.0582   0.2900   0.2833   0.0073   0.0000   0.0125   0.0575    0.206
    32   0.0435  -0.2820   0.0000   0.3048   0.0106   0.0816   0.0603   0.2741   0.2678   0.0070   0.0000   0.0138   0.0525    0.199
    33   0.0487  -0.3161   0.0000   0.3048   0.0101   0.0757   0.0622   0.2543   0.2484   0.0065   0.0000   0.0150   0.0465    0.189
    34   0.0537  -0.3480   0.0000   0.3048   0.0093   0.0685   0.0636   0.2303   0.2249   0.0059   0.0000   0.0162   0.0395    0.178
    35   0.0581  -0.3771   0.0000   0.3048   0.0083   0.0601   0.0642   0.2020   0.1973   0.0052   0.0000   0.0170   0.0319    0.164
    36   0.0621  -0.4024   0.0000   0.3048   0.0071   0.0505   0.0637   0.1698   0.1659   0.0044   0.0000   0.0171   0.0240    0.147
    37   0.0653  -0.4235   0.0000   0.3048   0.0057   0.0400   0.0616   0.1345   0.1313   0.0034   0.0000   0.0160   0.0166    0.128
    38   0.0678  -0.4398   0.0000   0.3048   0.0042   0.0288   0.0580   0.0969   0.0946   0.0022   0.0000   0.0134   0.0101    0.109
    39   0.0695  -0.4509   0.0000   0.3048   0.0026   0.0173   0.0533   0.0582   0.0569   0.0010   0.0000   0.0090   0.0052    0.092
    40   0.0704  -0.4565   0.0000   0.3048   0.0009   0.0058   0.0502   0.0194   0.0190  -0.0001   0.0000   0.0032   0.0015    0.083
 ---------------------------------------------------------------
