 ---------------------------------------------------------------
 Surface and Strip Forces by surface

  Sref = 0.22990       Cref = 0.25250       Bref = 0.91440    
  Xref = 0.10920       Yref =  0.0000       Zref =  0.0000    

  Surface # 1     Wing                                    
     # Chordwise = 10   # Spanwise = 20     First strip =  1
     Surface area Ssurf =    0.127742     Ave. chord Cave =    0.279400

 Forces referred to Sref, Cref, Bref about Xref, Yref, Zref
 Standard axis orientation,  X fwd, Z down         
     CLsurf  =   0.15800     Clsurf  =  -0.03432
     CYsurf  =   0.00156     Cmsurf  =   0.00569
     CDsurf  =   0.00460     Cnsurf  =  -0.00225
     CDisurf =   0.00460     CDvsurf =   0.00000

 Forces referred to Ssurf, Cave 
     CLsurf  =   0.28436     CDsurf  =   0.00828

 Strip Forces referred to Strip Area, Chord
    j     Xle      Yle      Zle      Chord    Area     c_cl     ai     cl_norm    cl       cd       cdv    cm_c/4     cm_LE   C.P.x/c
     1   0.0001   0.0007   0.0000   0.2794   0.0008   0.0960   0.0467   0.3535   0.3391   0.0735   0.0000  -0.0019  -0.0860    0.256
     2   0.0013   0.0063   0.0000   0.2794   0.0023   0.0960   0.0454   0.3581   0.3434   0.0163   0.0000  -0.0014  -0.0855    0.254
     3   0.0036   0.0174   0.0000   0.2794   0.0038   0.0960   0.0452   0.3582   0.3436   0.0131   0.0000   0.0002  -0.0840    0.250
     4   0.0070   0.0337   0.0000   0.2794   0.0052   0.0960   0.0459   0.3581   0.3435   0.0119   0.0000   0.0021  -0.0820    0.244
     5   0.0113   0.0548   0.0000   0.2794   0.0065   0.0958   0.0470   0.3578   0.3432   0.0110   0.0000   0.0041  -0.0800    0.238
     6   0.0166   0.0801   0.0000   0.2794   0.0076   0.0956   0.0485   0.3568   0.3423   0.0102   0.0000   0.0058  -0.0780    0.233
     7   0.0226   0.1092   0.0000   0.2794   0.0085   0.0950   0.0502   0.3547   0.3402   0.0095   0.0000   0.0073  -0.0761    0.229
     8   0.0292   0.1411   0.0000   0.2794   0.0093   0.0940   0.0520   0.3509   0.3366   0.0090   0.0000   0.0086  -0.0739    0.224
     9   0.0363   0.1752   0.0000   0.2794   0.0097   0.0923   0.0541   0.3448   0.3307   0.0086   0.0000   0.0098  -0.0713    0.220
    10   0.0436   0.2107   0.0000   0.2794   0.0100   0.0899   0.0564   0.3357   0.3220   0.0082   0.0000   0.0111  -0.0679    0.216
    11   0.0510   0.2465   0.0000   0.2794   0.0100   0.0865   0.0589   0.3232   0.3100   0.0079   0.0000   0.0124  -0.0637    0.210
    12   0.0583   0.2820   0.0000   0.2794   0.0097   0.0821   0.0615   0.3066   0.2941   0.0074   0.0000   0.0139  -0.0583    0.203
    13   0.0654   0.3161   0.0000   0.2794   0.0093   0.0764   0.0639   0.2854   0.2738   0.0069   0.0000   0.0155  -0.0518    0.193
    14   0.0720   0.3480   0.0000   0.2794   0.0085   0.0694   0.0660   0.2593   0.2487   0.0063   0.0000   0.0170  -0.0442    0.182
    15   0.0780   0.3771   0.0000   0.2794   0.0076   0.0611   0.0671   0.2282   0.2189   0.0055   0.0000   0.0182  -0.0357    0.167
    16   0.0833   0.4024   0.0000   0.2794   0.0065   0.0515   0.0670   0.1924   0.1845   0.0045   0.0000   0.0187  -0.0268    0.149
    17   0.0876   0.4235   0.0000   0.2794   0.0052   0.0408   0.0651   0.1526   0.1464   0.0035   0.0000   0.0178  -0.0184    0.128
    18   0.0910   0.4398   0.0000   0.2794   0.0038   0.0295   0.0614   0.1101   0.1056   0.0022   0.0000   0.0150  -0.0111    0.108
    19   0.0933   0.4509   0.0000   0.2794   0.0023   0.0177   0.0565   0.0662   0.0635   0.0009   0.0000   0.0102  -0.0055    0.090
    20   0.0945   0.4565   0.0000   0.2794   0.0008   0.0059   0.0531   0.0221   0.0212  -0.0002   0.0000   0.0036  -0.0016    0.080

  Surface # 2     Wing (YDUP)                             
     # Chordwise = 10   # Spanwise = 20     First strip = 21
     Surface area Ssurf =    0.127742     Ave. chord Cave =    0.279400

 Forces referred to Sref, Cref, Bref about Xref, Yref, Zref
 Standard axis orientation,  X fwd, Z down         
     CLsurf  =   0.15800     Clsurf  =   0.03432
     CYsurf  =  -0.00156     Cmsurf  =   0.00569
     CDsurf  =   0.00460     Cnsurf  =   0.00225
     CDisurf =   0.00460     CDvsurf =   0.00000

 Forces referred to Ssurf, Cave 
     CLsurf  =   0.28436     CDsurf  =   0.00828

 Strip Forces referred to Strip Area, Chord
    j     Xle      Yle      Zle      Chord    Area     c_cl     ai     cl_norm    cl       cd       cdv    cm_c/4     cm_LE   C.P.x/c
    21   0.0001  -0.0007   0.0000   0.2794   0.0008   0.0960   0.0467   0.3535   0.3391   0.0735   0.0000  -0.0019   0.0860    0.256
    22   0.0013  -0.0063   0.0000   0.2794   0.0023   0.0960   0.0454   0.3581   0.3434   0.0163   0.0000  -0.0014   0.0855    0.254
    23   0.0036  -0.0174   0.0000   0.2794   0.0038   0.0960   0.0452   0.3582   0.3436   0.0131   0.0000   0.0002   0.0840    0.250
    24   0.0070  -0.0337   0.0000   0.2794   0.0052   0.0960   0.0459   0.3581   0.3435   0.0119   0.0000   0.0021   0.0820    0.244
    25   0.0113  -0.0548   0.0000   0.2794   0.0065   0.0958   0.0470   0.3578   0.3432   0.0110   0.0000   0.0041   0.0800    0.238
    26   0.0166  -0.0801   0.0000   0.2794   0.0076   0.0956   0.0485   0.3568   0.3423   0.0102   0.0000   0.0058   0.0780    0.233
    27   0.0226  -0.1092   0.0000   0.2794   0.0085   0.0950   0.0502   0.3547   0.3402   0.0095   0.0000   0.0073   0.0761    0.229
    28   0.0292  -0.1411   0.0000   0.2794   0.0093   0.0940   0.0520   0.3509   0.3366   0.0090   0.0000   0.0086   0.0739    0.224
    29   0.0363  -0.1752   0.0000   0.2794   0.0097   0.0923   0.0541   0.3448   0.3307   0.0086   0.0000   0.0098   0.0713    0.220
    30   0.0436  -0.2107   0.0000   0.2794   0.0100   0.0899   0.0564   0.3357   0.3220   0.0082   0.0000   0.0111   0.0679    0.216
    31   0.0510  -0.2465   0.0000   0.2794   0.0100   0.0865   0.0589   0.3232   0.3100   0.0079   0.0000   0.0124   0.0637    0.210
    32   0.0583  -0.2820   0.0000   0.2794   0.0097   0.0821   0.0615   0.3066   0.2941   0.0074   0.0000   0.0139   0.0583    0.203
    33   0.0654  -0.3161   0.0000   0.2794   0.0093   0.0764   0.0639   0.2854   0.2738   0.0069   0.0000   0.0155   0.0518    0.193
    34   0.0720  -0.3480   0.0000   0.2794   0.0085   0.0694   0.0660   0.2593   0.2487   0.0063   0.0000   0.0170   0.0442    0.182
    35   0.0780  -0.3771   0.0000   0.2794   0.0076   0.0611   0.0671   0.2282   0.2189   0.0055   0.0000   0.0182   0.0357    0.167
    36   0.0833  -0.4024   0.0000   0.2794   0.0065   0.0515   0.0670   0.1924   0.1845   0.0045   0.0000   0.0187   0.0268    0.149
    37   0.0876  -0.4235   0.0000   0.2794   0.0052   0.0408   0.0651   0.1526   0.1464   0.0035   0.0000   0.0178   0.0184    0.128
    38   0.0910  -0.4398   0.0000   0.2794   0.0038   0.0295   0.0614   0.1101   0.1056   0.0022   0.0000   0.0150   0.0111    0.108
    39   0.0933  -0.4509   0.0000   0.2794   0.0023   0.0177   0.0565   0.0662   0.0635   0.0009   0.0000   0.0102   0.0055    0.090
    40   0.0945  -0.4565   0.0000   0.2794   0.0008   0.0059   0.0531   0.0221   0.0212  -0.0002   0.0000   0.0036   0.0016    0.080
 ---------------------------------------------------------------
