 ---------------------------------------------------------------
 Surface and Strip Forces by surface

  Sref = 0.97500E-01   Cref = 0.16980       Bref = 0.60960    
  Xref = 0.10920       Yref =  0.0000       Zref =  0.0000    

  Surface # 1     Wing                                    
     # Chordwise = 10   # Spanwise = 20     First strip =  1
     Surface area Ssurf =    0.069677     Ave. chord Cave =    0.228600

 Forces referred to Sref, Cref, Bref about Xref, Yref, Zref
 Standard axis orientation,  X fwd, Z down         
     CLsurf  =   0.37256     Clsurf  =  -0.08120
     CYsurf  =   0.01894     Cmsurf  =  -0.00820
     CDsurf  =   0.02540     Cnsurf  =  -0.01836
     CDisurf =   0.02540     CDvsurf =   0.00000

 Forces referred to Ssurf, Cave 
     CLsurf  =   0.52132     CDsurf  =   0.03555

 Strip Forces referred to Strip Area, Chord
    j     Xle      Yle      Zle      Chord    Area     c_cl     ai     cl_norm    cl       cd       cdv    cm_c/4     cm_LE   C.P.x/c
     1   0.0002   0.0005   0.0000   0.2286   0.0004   0.1409   0.0870   0.6551   0.5376   0.5003   0.0000  -0.0234  -0.1602    0.294
     2   0.0020   0.0042   0.0000   0.2286   0.0013   0.1409   0.0886   0.7433   0.6100   0.0909   0.0000  -0.0219  -0.1589    0.286
     3   0.0055   0.0116   0.0000   0.2286   0.0021   0.1411   0.0920   0.7489   0.6146   0.0679   0.0000  -0.0174  -0.1550    0.278
     4   0.0107   0.0225   0.0000   0.2286   0.0029   0.1413   0.0967   0.7517   0.6169   0.0607   0.0000  -0.0113  -0.1497    0.268
     5   0.0174   0.0365   0.0000   0.2286   0.0036   0.1415   0.1020   0.7543   0.6190   0.0545   0.0000  -0.0049  -0.1441    0.258
     6   0.0255   0.0534   0.0000   0.2286   0.0042   0.1416   0.1075   0.7558   0.6202   0.0491   0.0000   0.0010  -0.1389    0.248
     7   0.0347   0.0728   0.0000   0.2286   0.0047   0.1412   0.1131   0.7548   0.6194   0.0444   0.0000   0.0061  -0.1339    0.240
     8   0.0448   0.0941   0.0000   0.2286   0.0051   0.1402   0.1188   0.7501   0.6155   0.0403   0.0000   0.0107  -0.1288    0.233
     9   0.0557   0.1168   0.0000   0.2286   0.0053   0.1382   0.1248   0.7400   0.6073   0.0367   0.0000   0.0149  -0.1230    0.226
    10   0.0669   0.1404   0.0000   0.2286   0.0054   0.1349   0.1309   0.7232   0.5935   0.0335   0.0000   0.0190  -0.1161    0.218
    11   0.0783   0.1644   0.0000   0.2286   0.0054   0.1302   0.1371   0.6983   0.5730   0.0302   0.0000   0.0231  -0.1077    0.210
    12   0.0895   0.1880   0.0000   0.2286   0.0053   0.1237   0.1431   0.6639   0.5448   0.0269   0.0000   0.0274  -0.0974    0.200
    13   0.1004   0.2107   0.0000   0.2286   0.0051   0.1153   0.1484   0.6191   0.5081   0.0233   0.0000   0.0316  -0.0853    0.188
    14   0.1105   0.2320   0.0000   0.2286   0.0047   0.1048   0.1525   0.5633   0.4623   0.0194   0.0000   0.0352  -0.0717    0.174
    15   0.1197   0.2514   0.0000   0.2286   0.0042   0.0924   0.1550   0.4967   0.4076   0.0153   0.0000   0.0376  -0.0572    0.158
    16   0.1278   0.2683   0.0000   0.2286   0.0036   0.0780   0.1555   0.4200   0.3447   0.0112   0.0000   0.0380  -0.0428    0.140
    17   0.1345   0.2823   0.0000   0.2286   0.0029   0.0621   0.1538   0.3348   0.2748   0.0072   0.0000   0.0354  -0.0294    0.121
    18   0.1397   0.2932   0.0000   0.2286   0.0021   0.0451   0.1503   0.2433   0.1997   0.0035   0.0000   0.0291  -0.0182    0.104
    19   0.1432   0.3006   0.0000   0.2286   0.0013   0.0273   0.1460   0.1477   0.1212  -0.0000   0.0000   0.0193  -0.0095    0.091
    20   0.1450   0.3043   0.0000   0.2286   0.0004   0.0091   0.1435   0.0501   0.0411  -0.0030   0.0000   0.0067  -0.0029    0.086

  Surface # 2     Wing (YDUP)                             
     # Chordwise = 10   # Spanwise = 20     First strip = 21
     Surface area Ssurf =    0.069677     Ave. chord Cave =    0.228600

 Forces referred to Sref, Cref, Bref about Xref, Yref, Zref
 Standard axis orientation,  X fwd, Z down         
     CLsurf  =   0.37256     Clsurf  =   0.08120
     CYsurf  =  -0.01894     Cmsurf  =  -0.00820
     CDsurf  =   0.02540     Cnsurf  =   0.01836
     CDisurf =   0.02540     CDvsurf =   0.00000

 Forces referred to Ssurf, Cave 
     CLsurf  =   0.52132     CDsurf  =   0.03555

 Strip Forces referred to Strip Area, Chord
    j     Xle      Yle      Zle      Chord    Area     c_cl     ai     cl_norm    cl       cd       cdv    cm_c/4     cm_LE   C.P.x/c
    21   0.0002  -0.0005   0.0000   0.2286   0.0004   0.1409   0.0870   0.6551   0.5376   0.5003   0.0000  -0.0234   0.1602    0.294
    22   0.0020  -0.0042   0.0000   0.2286   0.0013   0.1409   0.0886   0.7433   0.6100   0.0909   0.0000  -0.0219   0.1589    0.286
    23   0.0055  -0.0116   0.0000   0.2286   0.0021   0.1411   0.0920   0.7489   0.6146   0.0679   0.0000  -0.0174   0.1550    0.278
    24   0.0107  -0.0225   0.0000   0.2286   0.0029   0.1413   0.0967   0.7517   0.6169   0.0607   0.0000  -0.0113   0.1497    0.268
    25   0.0174  -0.0365   0.0000   0.2286   0.0036   0.1415   0.1020   0.7543   0.6190   0.0545   0.0000  -0.0049   0.1441    0.258
    26   0.0255  -0.0534   0.0000   0.2286   0.0042   0.1416   0.1075   0.7558   0.6202   0.0491   0.0000   0.0010   0.1389    0.248
    27   0.0347  -0.0728   0.0000   0.2286   0.0047   0.1412   0.1131   0.7548   0.6194   0.0444   0.0000   0.0061   0.1339    0.240
    28   0.0448  -0.0941   0.0000   0.2286   0.0051   0.1402   0.1188   0.7501   0.6155   0.0403   0.0000   0.0107   0.1288    0.233
    29   0.0557  -0.1168   0.0000   0.2286   0.0053   0.1382   0.1248   0.7400   0.6073   0.0367   0.0000   0.0149   0.1230    0.226
    30   0.0669  -0.1404   0.0000   0.2286   0.0054   0.1349   0.1309   0.7232   0.5935   0.0335   0.0000   0.0190   0.1161    0.218
    31   0.0783  -0.1644   0.0000   0.2286   0.0054   0.1302   0.1371   0.6983   0.5730   0.0302   0.0000   0.0231   0.1077    0.210
    32   0.0895  -0.1880   0.0000   0.2286   0.0053   0.1237   0.1431   0.6639   0.5448   0.0269   0.0000   0.0274   0.0974    0.200
    33   0.1004  -0.2107   0.0000   0.2286   0.0051   0.1153   0.1484   0.6191   0.5081   0.0233   0.0000   0.0316   0.0853    0.188
    34   0.1105  -0.2320   0.0000   0.2286   0.0047   0.1048   0.1525   0.5633   0.4623   0.0194   0.0000   0.0352   0.0717    0.174
    35   0.1197  -0.2514   0.0000   0.2286   0.0042   0.0924   0.1550   0.4967   0.4076   0.0153   0.0000   0.0376   0.0572    0.158
    36   0.1278  -0.2683   0.0000   0.2286   0.0036   0.0780   0.1555   0.4200   0.3447   0.0112   0.0000   0.0380   0.0428    0.140
    37   0.1345  -0.2823   0.0000   0.2286   0.0029   0.0621   0.1538   0.3348   0.2748   0.0072   0.0000   0.0354   0.0294    0.121
    38   0.1397  -0.2932   0.0000   0.2286   0.0021   0.0451   0.1503   0.2433   0.1997   0.0035   0.0000   0.0291   0.0182    0.104
    39   0.1432  -0.3006   0.0000   0.2286   0.0013   0.0273   0.1460   0.1477   0.1212  -0.0000   0.0000   0.0193   0.0095    0.091
    40   0.1450  -0.3043   0.0000   0.2286   0.0004   0.0091   0.1435   0.0501   0.0411  -0.0030   0.0000   0.0067   0.0029    0.086
 ---------------------------------------------------------------
