 ---------------------------------------------------------------
 Surface and Strip Forces by surface

  Sref = 0.22990       Cref = 0.25250       Bref = 0.91440    
  Xref = 0.10920       Yref =  0.0000       Zref =  0.0000    

  Surface # 1     Wing                                    
     # Chordwise = 10   # Spanwise = 20     First strip =  1
     Surface area Ssurf =    0.127742     Ave. chord Cave =    0.279400

 Forces referred to Sref, Cref, Bref about Xref, Yref, Zref
 Standard axis orientation,  X fwd, Z down         
     CLsurf  =   0.15800     Clsurf  =  -0.03418
     CYsurf  =   0.00089     Cmsurf  =   0.01688
     CDsurf  =   0.00451     Cnsurf  =  -0.00194
     CDisurf =   0.00451     CDvsurf =   0.00000

 Forces referred to Ssurf, Cave 
     CLsurf  =   0.28436     CDsurf  =   0.00812

 Strip Forces referred to Strip Area, Chord
    j     Xle      Yle      Zle      Chord    Area     c_cl     ai     cl_norm    cl       cd       cdv    cm_c/4     cm_LE   C.P.x/c
     1   0.0001   0.0007   0.0000   0.2794   0.0008   0.0970   0.0487   0.3495   0.3447   0.0473   0.0000   0.0028  -0.0835    0.242
     2   0.0007   0.0063   0.0000   0.2794   0.0023   0.0970   0.0478   0.3521   0.3473   0.0133   0.0000   0.0031  -0.0831    0.241
     3   0.0021   0.0174   0.0000   0.2794   0.0038   0.0970   0.0477   0.3521   0.3473   0.0113   0.0000   0.0040  -0.0822    0.239
     4   0.0040   0.0337   0.0000   0.2794   0.0052   0.0969   0.0480   0.3518   0.3470   0.0106   0.0000   0.0051  -0.0810    0.235
     5   0.0065   0.0548   0.0000   0.2794   0.0065   0.0967   0.0487   0.3511   0.3463   0.0100   0.0000   0.0063  -0.0796    0.232
     6   0.0095   0.0801   0.0000   0.2794   0.0076   0.0963   0.0497   0.3496   0.3448   0.0095   0.0000   0.0074  -0.0782    0.229
     7   0.0129   0.1092   0.0000   0.2794   0.0085   0.0955   0.0509   0.3468   0.3421   0.0092   0.0000   0.0083  -0.0766    0.226
     8   0.0167   0.1411   0.0000   0.2794   0.0093   0.0942   0.0523   0.3423   0.3376   0.0089   0.0000   0.0092  -0.0746    0.223
     9   0.0207   0.1752   0.0000   0.2794   0.0097   0.0924   0.0540   0.3356   0.3310   0.0086   0.0000   0.0101  -0.0721    0.219
    10   0.0249   0.2107   0.0000   0.2794   0.0100   0.0898   0.0559   0.3260   0.3215   0.0084   0.0000   0.0110  -0.0688    0.216
    11   0.0291   0.2465   0.0000   0.2794   0.0100   0.0862   0.0580   0.3131   0.3089   0.0081   0.0000   0.0121  -0.0646    0.211
    12   0.0333   0.2820   0.0000   0.2794   0.0097   0.0816   0.0603   0.2964   0.2924   0.0078   0.0000   0.0133  -0.0593    0.205
    13   0.0373   0.3161   0.0000   0.2794   0.0093   0.0759   0.0625   0.2755   0.2717   0.0074   0.0000   0.0146  -0.0529    0.196
    14   0.0411   0.3480   0.0000   0.2794   0.0085   0.0688   0.0644   0.2499   0.2465   0.0069   0.0000   0.0158  -0.0455    0.186
    15   0.0445   0.3771   0.0000   0.2794   0.0076   0.0605   0.0655   0.2198   0.2168   0.0062   0.0000   0.0167  -0.0372    0.173
    16   0.0475   0.4024   0.0000   0.2794   0.0065   0.0510   0.0655   0.1852   0.1827   0.0053   0.0000   0.0170  -0.0284    0.157
    17   0.0500   0.4235   0.0000   0.2794   0.0052   0.0405   0.0639   0.1469   0.1449   0.0042   0.0000   0.0161  -0.0200    0.139
    18   0.0519   0.4398   0.0000   0.2794   0.0038   0.0292   0.0606   0.1061   0.1046   0.0029   0.0000   0.0136  -0.0125    0.120
    19   0.0533   0.4509   0.0000   0.2794   0.0023   0.0176   0.0560   0.0638   0.0629   0.0015   0.0000   0.0092  -0.0065    0.104
    20   0.0539   0.4565   0.0000   0.2794   0.0008   0.0059   0.0526   0.0213   0.0210   0.0002   0.0000   0.0033  -0.0019    0.094

  Surface # 2     Wing (YDUP)                             
     # Chordwise = 10   # Spanwise = 20     First strip = 21
     Surface area Ssurf =    0.127742     Ave. chord Cave =    0.279400

 Forces referred to Sref, Cref, Bref about Xref, Yref, Zref
 Standard axis orientation,  X fwd, Z down         
     CLsurf  =   0.15800     Clsurf  =   0.03418
     CYsurf  =  -0.00089     Cmsurf  =   0.01688
     CDsurf  =   0.00451     Cnsurf  =   0.00194
     CDisurf =   0.00451     CDvsurf =   0.00000

 Forces referred to Ssurf, Cave 
     CLsurf  =   0.28436     CDsurf  =   0.00812

 Strip Forces referred to Strip Area, Chord
    j     Xle      Yle      Zle      Chord    Area     c_cl     ai     cl_norm    cl       cd       cdv    cm_c/4     cm_LE   C.P.x/c
    21   0.0001  -0.0007   0.0000   0.2794   0.0008   0.0970   0.0487   0.3495   0.3447   0.0473   0.0000   0.0028   0.0835    0.242
    22   0.0007  -0.0063   0.0000   0.2794   0.0023   0.0970   0.0478   0.3521   0.3473   0.0133   0.0000   0.0031   0.0831    0.241
    23   0.0021  -0.0174   0.0000   0.2794   0.0038   0.0970   0.0477   0.3521   0.3473   0.0113   0.0000   0.0040   0.0822    0.239
    24   0.0040  -0.0337   0.0000   0.2794   0.0052   0.0969   0.0480   0.3518   0.3470   0.0106   0.0000   0.0051   0.0810    0.235
    25   0.0065  -0.0548   0.0000   0.2794   0.0065   0.0967   0.0487   0.3511   0.3463   0.0100   0.0000   0.0063   0.0796    0.232
    26   0.0095  -0.0801   0.0000   0.2794   0.0076   0.0963   0.0497   0.3496   0.3448   0.0095   0.0000   0.0074   0.0782    0.229
    27   0.0129  -0.1092   0.0000   0.2794   0.0085   0.0955   0.0509   0.3468   0.3421   0.0092   0.0000   0.0083   0.0766    0.226
    28   0.0167  -0.1411   0.0000   0.2794   0.0093   0.0942   0.0523   0.3423   0.3376   0.0089   0.0000   0.0092   0.0746    0.223
    29   0.0207  -0.1752   0.0000   0.2794   0.0097   0.0924   0.0540   0.3356   0.3310   0.0086   0.0000   0.0101   0.0721    0.219
    30   0.0249  -0.2107   0.0000   0.2794   0.0100   0.0898   0.0559   0.3260   0.3215   0.0084   0.0000   0.0110   0.0688    0.216
    31   0.0291  -0.2465   0.0000   0.2794   0.0100   0.0862   0.0580   0.3131   0.3089   0.0081   0.0000   0.0121   0.0646    0.211
    32   0.0333  -0.2820   0.0000   0.2794   0.0097   0.0816   0.0603   0.2964   0.2924   0.0078   0.0000   0.0133   0.0593    0.205
    33   0.0373  -0.3161   0.0000   0.2794   0.0093   0.0759   0.0625   0.2755   0.2717   0.0074   0.0000   0.0146   0.0529    0.196
    34   0.0411  -0.3480   0.0000   0.2794   0.0085   0.0688   0.0644   0.2499   0.2465   0.0069   0.0000   0.0158   0.0455    0.186
    35   0.0445  -0.3771   0.0000   0.2794   0.0076   0.0605   0.0655   0.2198   0.2168   0.0062   0.0000   0.0167   0.0372    0.173
    36   0.0475  -0.4024   0.0000   0.2794   0.0065   0.0510   0.0655   0.1852   0.1827   0.0053   0.0000   0.0170   0.0284    0.157
    37   0.0500  -0.4235   0.0000   0.2794   0.0052   0.0405   0.0639   0.1469   0.1449   0.0042   0.0000   0.0161   0.0200    0.139
    38   0.0519  -0.4398   0.0000   0.2794   0.0038   0.0292   0.0606   0.1061   0.1046   0.0029   0.0000   0.0136   0.0125    0.120
    39   0.0533  -0.4509   0.0000   0.2794   0.0023   0.0176   0.0560   0.0638   0.0629   0.0015   0.0000   0.0092   0.0065    0.104
    40   0.0539  -0.4565   0.0000   0.2794   0.0008   0.0059   0.0526   0.0213   0.0210   0.0002   0.0000   0.0033   0.0019    0.094
 ---------------------------------------------------------------
