 ---------------------------------------------------------------
 Surface and Strip Forces by surface

  Sref = 0.11150       Cref = 0.18360       Bref = 0.60960    
  Xref = 0.10920       Yref =  0.0000       Zref =  0.0000    

  Surface # 1     Wing                                    
     # Chordwise = 10   # Spanwise = 20     First strip =  1
     Surface area Ssurf =    0.061935     Ave. chord Cave =    0.203200

 Forces referred to Sref, Cref, Bref about Xref, Yref, Zref
 Standard axis orientation,  X fwd, Z down         
     CLsurf  =   0.32578     Clsurf  =  -0.07078
     CYsurf  =   0.01134     Cmsurf  =   0.04393
     CDsurf  =   0.02168     Cnsurf  =  -0.01251
     CDisurf =   0.02168     CDvsurf =   0.00000

 Forces referred to Ssurf, Cave 
     CLsurf  =   0.58649     CDsurf  =   0.03902

 Strip Forces referred to Strip Area, Chord
    j     Xle      Yle      Zle      Chord    Area     c_cl     ai     cl_norm    cl       cd       cdv    cm_c/4     cm_LE   C.P.x/c
     1   0.0001   0.0005   0.0000   0.2032   0.0004   0.1420   0.0944   0.6934   0.6377   0.3962   0.0000  -0.0131  -0.1799    0.271
     2   0.0013   0.0042   0.0000   0.2032   0.0011   0.1420   0.0953   0.7558   0.6950   0.0849   0.0000  -0.0119  -0.1787    0.267
     3   0.0035   0.0116   0.0000   0.2032   0.0019   0.1421   0.0976   0.7599   0.6987   0.0665   0.0000  -0.0082  -0.1753    0.262
     4   0.0068   0.0225   0.0000   0.2032   0.0025   0.1422   0.1009   0.7618   0.7005   0.0596   0.0000  -0.0034  -0.1708    0.255
     5   0.0110   0.0365   0.0000   0.2032   0.0032   0.1422   0.1048   0.7631   0.7017   0.0541   0.0000   0.0015  -0.1662    0.248
     6   0.0161   0.0534   0.0000   0.2032   0.0037   0.1420   0.1090   0.7629   0.7016   0.0496   0.0000   0.0059  -0.1617    0.242
     7   0.0219   0.0728   0.0000   0.2032   0.0041   0.1414   0.1135   0.7602   0.6990   0.0459   0.0000   0.0097  -0.1573    0.236
     8   0.0283   0.0941   0.0000   0.2032   0.0045   0.1401   0.1182   0.7535   0.6929   0.0429   0.0000   0.0131  -0.1524    0.231
     9   0.0352   0.1168   0.0000   0.2032   0.0047   0.1378   0.1233   0.7417   0.6821   0.0403   0.0000   0.0163  -0.1467    0.226
    10   0.0423   0.1404   0.0000   0.2032   0.0048   0.1343   0.1287   0.7235   0.6653   0.0379   0.0000   0.0195  -0.1396    0.221
    11   0.0495   0.1644   0.0000   0.2032   0.0048   0.1295   0.1345   0.6975   0.6414   0.0356   0.0000   0.0228  -0.1307    0.214
    12   0.0566   0.1880   0.0000   0.2032   0.0047   0.1230   0.1404   0.6626   0.6093   0.0330   0.0000   0.0263  -0.1197    0.207
    13   0.0635   0.2107   0.0000   0.2032   0.0045   0.1146   0.1461   0.6177   0.5680   0.0302   0.0000   0.0298  -0.1065    0.197
    14   0.0699   0.2320   0.0000   0.2032   0.0041   0.1043   0.1510   0.5623   0.5171   0.0270   0.0000   0.0330  -0.0913    0.186
    15   0.0757   0.2514   0.0000   0.2032   0.0037   0.0920   0.1546   0.4962   0.4563   0.0233   0.0000   0.0353  -0.0747    0.173
    16   0.0808   0.2683   0.0000   0.2032   0.0032   0.0779   0.1564   0.4201   0.3863   0.0192   0.0000   0.0357  -0.0576    0.157
    17   0.0850   0.2823   0.0000   0.2032   0.0025   0.0622   0.1560   0.3353   0.3083   0.0147   0.0000   0.0335  -0.0411    0.141
    18   0.0883   0.2932   0.0000   0.2032   0.0019   0.0452   0.1536   0.2438   0.2242   0.0100   0.0000   0.0279  -0.0265    0.126
    19   0.0905   0.3006   0.0000   0.2032   0.0011   0.0274   0.1497   0.1479   0.1360   0.0048   0.0000   0.0186  -0.0144    0.113
    20   0.0917   0.3043   0.0000   0.2032   0.0004   0.0092   0.1471   0.0499   0.0459  -0.0004   0.0000   0.0066  -0.0045    0.107

  Surface # 2     Wing (YDUP)                             
     # Chordwise = 10   # Spanwise = 20     First strip = 21
     Surface area Ssurf =    0.061935     Ave. chord Cave =    0.203200

 Forces referred to Sref, Cref, Bref about Xref, Yref, Zref
 Standard axis orientation,  X fwd, Z down         
     CLsurf  =   0.32578     Clsurf  =   0.07078
     CYsurf  =  -0.01134     Cmsurf  =   0.04393
     CDsurf  =   0.02168     Cnsurf  =   0.01251
     CDisurf =   0.02168     CDvsurf =   0.00000

 Forces referred to Ssurf, Cave 
     CLsurf  =   0.58649     CDsurf  =   0.03902

 Strip Forces referred to Strip Area, Chord
    j     Xle      Yle      Zle      Chord    Area     c_cl     ai     cl_norm    cl       cd       cdv    cm_c/4     cm_LE   C.P.x/c
    21   0.0001  -0.0005   0.0000   0.2032   0.0004   0.1420   0.0944   0.6934   0.6377   0.3962   0.0000  -0.0131   0.1799    0.271
    22   0.0013  -0.0042   0.0000   0.2032   0.0011   0.1420   0.0953   0.7558   0.6950   0.0849   0.0000  -0.0119   0.1787    0.267
    23   0.0035  -0.0116   0.0000   0.2032   0.0019   0.1421   0.0976   0.7599   0.6987   0.0665   0.0000  -0.0082   0.1753    0.262
    24   0.0068  -0.0225   0.0000   0.2032   0.0025   0.1422   0.1009   0.7618   0.7005   0.0596   0.0000  -0.0034   0.1708    0.255
    25   0.0110  -0.0365   0.0000   0.2032   0.0032   0.1422   0.1048   0.7631   0.7017   0.0541   0.0000   0.0015   0.1662    0.248
    26   0.0161  -0.0534   0.0000   0.2032   0.0037   0.1420   0.1090   0.7629   0.7016   0.0496   0.0000   0.0059   0.1617    0.242
    27   0.0219  -0.0728   0.0000   0.2032   0.0041   0.1414   0.1135   0.7602   0.6990   0.0459   0.0000   0.0097   0.1573    0.236
    28   0.0283  -0.0941   0.0000   0.2032   0.0045   0.1401   0.1182   0.7535   0.6929   0.0429   0.0000   0.0131   0.1524    0.231
    29   0.0352  -0.1168   0.0000   0.2032   0.0047   0.1378   0.1233   0.7417   0.6821   0.0403   0.0000   0.0163   0.1467    0.226
    30   0.0423  -0.1404   0.0000   0.2032   0.0048   0.1343   0.1287   0.7235   0.6653   0.0379   0.0000   0.0195   0.1396    0.221
    31   0.0495  -0.1644   0.0000   0.2032   0.0048   0.1295   0.1345   0.6975   0.6414   0.0356   0.0000   0.0228   0.1307    0.214
    32   0.0566  -0.1880   0.0000   0.2032   0.0047   0.1230   0.1404   0.6626   0.6093   0.0330   0.0000   0.0263   0.1197    0.207
    33   0.0635  -0.2107   0.0000   0.2032   0.0045   0.1146   0.1461   0.6177   0.5680   0.0302   0.0000   0.0298   0.1065    0.197
    34   0.0699  -0.2320   0.0000   0.2032   0.0041   0.1043   0.1510   0.5623   0.5171   0.0270   0.0000   0.0330   0.0913    0.186
    35   0.0757  -0.2514   0.0000   0.2032   0.0037   0.0920   0.1546   0.4962   0.4563   0.0233   0.0000   0.0353   0.0747    0.173
    36   0.0808  -0.2683   0.0000   0.2032   0.0032   0.0779   0.1564   0.4201   0.3863   0.0192   0.0000   0.0357   0.0576    0.157
    37   0.0850  -0.2823   0.0000   0.2032   0.0025   0.0622   0.1560   0.3353   0.3083   0.0147   0.0000   0.0335   0.0411    0.141
    38   0.0883  -0.2932   0.0000   0.2032   0.0019   0.0452   0.1536   0.2438   0.2242   0.0100   0.0000   0.0279   0.0265    0.126
    39   0.0905  -0.3006   0.0000   0.2032   0.0011   0.0274   0.1497   0.1479   0.1360   0.0048   0.0000   0.0186   0.0144    0.113
    40   0.0917  -0.3043   0.0000   0.2032   0.0004   0.0092   0.1471   0.0499   0.0459  -0.0004   0.0000   0.0066   0.0045    0.107
 ---------------------------------------------------------------
