 ---------------------------------------------------------------
 Surface and Strip Forces by surface

  Sref = 0.10840       Cref = 0.17500       Bref = 0.71120    
  Xref = 0.10920       Yref =  0.0000       Zref =  0.0000    

  Surface # 1     Wing                                    
     # Chordwise = 10   # Spanwise = 20     First strip =  1
     Surface area Ssurf =    0.090322     Ave. chord Cave =    0.254000

 Forces referred to Sref, Cref, Bref about Xref, Yref, Zref
 Standard axis orientation,  X fwd, Z down         
     CLsurf  =   0.33510     Clsurf  =  -0.07303
     CYsurf  =   0.01059     Cmsurf  =  -0.01714
     CDsurf  =   0.01664     Cnsurf  =  -0.01091
     CDisurf =   0.01664     CDvsurf =   0.00000

 Forces referred to Ssurf, Cave 
     CLsurf  =   0.40216     CDsurf  =   0.01997

 Strip Forces referred to Strip Area, Chord
    j     Xle      Yle      Zle      Chord    Area     c_cl     ai     cl_norm    cl       cd       cdv    cm_c/4     cm_LE   C.P.x/c
     1   0.0002   0.0005   0.0000   0.2540   0.0006   0.1216   0.0684   0.5231   0.4488   0.2673   0.0000  -0.0149  -0.1245    0.283
     2   0.0020   0.0049   0.0000   0.2540   0.0017   0.1216   0.0679   0.5554   0.4765   0.0492   0.0000  -0.0138  -0.1235    0.279
     3   0.0056   0.0135   0.0000   0.2540   0.0027   0.1217   0.0693   0.5575   0.4783   0.0370   0.0000  -0.0105  -0.1205    0.272
     4   0.0108   0.0262   0.0000   0.2540   0.0037   0.1218   0.0719   0.5586   0.4792   0.0332   0.0000  -0.0060  -0.1165    0.263
     5   0.0175   0.0426   0.0000   0.2540   0.0046   0.1219   0.0753   0.5596   0.4800   0.0299   0.0000  -0.0014  -0.1123    0.253
     6   0.0256   0.0623   0.0000   0.2540   0.0054   0.1219   0.0789   0.5597   0.4802   0.0270   0.0000   0.0027  -0.1084    0.244
     7   0.0349   0.0849   0.0000   0.2540   0.0060   0.1214   0.0827   0.5582   0.4789   0.0245   0.0000   0.0063  -0.1047    0.237
     8   0.0451   0.1098   0.0000   0.2540   0.0065   0.1205   0.0867   0.5539   0.4752   0.0224   0.0000   0.0095  -0.1008    0.230
     9   0.0560   0.1363   0.0000   0.2540   0.0069   0.1186   0.0909   0.5458   0.4682   0.0206   0.0000   0.0125  -0.0965    0.223
    10   0.0673   0.1638   0.0000   0.2540   0.0071   0.1158   0.0953   0.5329   0.4571   0.0189   0.0000   0.0153  -0.0912    0.216
    11   0.0788   0.1918   0.0000   0.2540   0.0071   0.1117   0.0997   0.5140   0.4410   0.0173   0.0000   0.0183  -0.0848    0.209
    12   0.0901   0.2193   0.0000   0.2540   0.0069   0.1061   0.1041   0.4883   0.4189   0.0156   0.0000   0.0213  -0.0769    0.199
    13   0.1010   0.2458   0.0000   0.2540   0.0065   0.0988   0.1080   0.4550   0.3903   0.0137   0.0000   0.0243  -0.0674    0.188
    14   0.1112   0.2707   0.0000   0.2540   0.0060   0.0898   0.1110   0.4136   0.3548   0.0116   0.0000   0.0271  -0.0567    0.174
    15   0.1205   0.2933   0.0000   0.2540   0.0054   0.0790   0.1126   0.3642   0.3125   0.0094   0.0000   0.0290  -0.0451    0.157
    16   0.1286   0.3130   0.0000   0.2540   0.0046   0.0667   0.1124   0.3074   0.2638   0.0071   0.0000   0.0294  -0.0335    0.139
    17   0.1353   0.3294   0.0000   0.2540   0.0037   0.0530   0.1103   0.2445   0.2098   0.0048   0.0000   0.0275  -0.0228    0.119
    18   0.1405   0.3421   0.0000   0.2540   0.0027   0.0384   0.1065   0.1772   0.1520   0.0026   0.0000   0.0228  -0.0138    0.100
    19   0.1441   0.3507   0.0000   0.2540   0.0017   0.0232   0.1018   0.1072   0.0919   0.0003   0.0000   0.0152  -0.0071    0.085
    20   0.1459   0.3551   0.0000   0.2540   0.0006   0.0077   0.0990   0.0360   0.0309  -0.0015   0.0000   0.0053  -0.0021    0.078

  Surface # 2     Wing (YDUP)                             
     # Chordwise = 10   # Spanwise = 20     First strip = 21
     Surface area Ssurf =    0.090322     Ave. chord Cave =    0.254000

 Forces referred to Sref, Cref, Bref about Xref, Yref, Zref
 Standard axis orientation,  X fwd, Z down         
     CLsurf  =   0.33510     Clsurf  =   0.07303
     CYsurf  =  -0.01059     Cmsurf  =  -0.01714
     CDsurf  =   0.01664     Cnsurf  =   0.01091
     CDisurf =   0.01664     CDvsurf =   0.00000

 Forces referred to Ssurf, Cave 
     CLsurf  =   0.40216     CDsurf  =   0.01997

 Strip Forces referred to Strip Area, Chord
    j     Xle      Yle      Zle      Chord    Area     c_cl     ai     cl_norm    cl       cd       cdv    cm_c/4     cm_LE   C.P.x/c
    21   0.0002  -0.0005   0.0000   0.2540   0.0006   0.1216   0.0684   0.5231   0.4488   0.2673   0.0000  -0.0149   0.1245    0.283
    22   0.0020  -0.0049   0.0000   0.2540   0.0017   0.1216   0.0679   0.5554   0.4765   0.0492   0.0000  -0.0138   0.1235    0.279
    23   0.0056  -0.0135   0.0000   0.2540   0.0027   0.1217   0.0693   0.5575   0.4783   0.0370   0.0000  -0.0105   0.1205    0.272
    24   0.0108  -0.0262   0.0000   0.2540   0.0037   0.1218   0.0719   0.5586   0.4792   0.0332   0.0000  -0.0060   0.1165    0.263
    25   0.0175  -0.0426   0.0000   0.2540   0.0046   0.1219   0.0753   0.5596   0.4800   0.0299   0.0000  -0.0014   0.1123    0.253
    26   0.0256  -0.0623   0.0000   0.2540   0.0054   0.1219   0.0789   0.5597   0.4802   0.0270   0.0000   0.0027   0.1084    0.244
    27   0.0349  -0.0849   0.0000   0.2540   0.0060   0.1214   0.0827   0.5582   0.4789   0.0245   0.0000   0.0063   0.1047    0.237
    28   0.0451  -0.1098   0.0000   0.2540   0.0065   0.1205   0.0867   0.5539   0.4752   0.0224   0.0000   0.0095   0.1008    0.230
    29   0.0560  -0.1363   0.0000   0.2540   0.0069   0.1186   0.0909   0.5458   0.4682   0.0206   0.0000   0.0125   0.0965    0.223
    30   0.0673  -0.1638   0.0000   0.2540   0.0071   0.1158   0.0953   0.5329   0.4571   0.0189   0.0000   0.0153   0.0912    0.216
    31   0.0788  -0.1918   0.0000   0.2540   0.0071   0.1117   0.0997   0.5140   0.4410   0.0173   0.0000   0.0183   0.0848    0.209
    32   0.0901  -0.2193   0.0000   0.2540   0.0069   0.1061   0.1041   0.4883   0.4189   0.0156   0.0000   0.0213   0.0769    0.199
    33   0.1010  -0.2458   0.0000   0.2540   0.0065   0.0988   0.1080   0.4550   0.3903   0.0137   0.0000   0.0243   0.0674    0.188
    34   0.1112  -0.2707   0.0000   0.2540   0.0060   0.0898   0.1110   0.4136   0.3548   0.0116   0.0000   0.0271   0.0567    0.174
    35   0.1205  -0.2933   0.0000   0.2540   0.0054   0.0790   0.1126   0.3642   0.3125   0.0094   0.0000   0.0290   0.0451    0.157
    36   0.1286  -0.3130   0.0000   0.2540   0.0046   0.0667   0.1124   0.3074   0.2638   0.0071   0.0000   0.0294   0.0335    0.139
    37   0.1353  -0.3294   0.0000   0.2540   0.0037   0.0530   0.1103   0.2445   0.2098   0.0048   0.0000   0.0275   0.0228    0.119
    38   0.1405  -0.3421   0.0000   0.2540   0.0027   0.0384   0.1065   0.1772   0.1520   0.0026   0.0000   0.0228   0.0138    0.100
    39   0.1441  -0.3507   0.0000   0.2540   0.0017   0.0232   0.1018   0.1072   0.0919   0.0003   0.0000   0.0152   0.0071    0.085
    40   0.1459  -0.3551   0.0000   0.2540   0.0006   0.0077   0.0990   0.0360   0.0309  -0.0015   0.0000   0.0053   0.0021    0.078
 ---------------------------------------------------------------
