 ---------------------------------------------------------------
 Surface and Strip Forces by surface

  Sref = 0.14860       Cref = 0.21000       Bref = 0.81280    
  Xref = 0.10920       Yref =  0.0000       Zref =  0.0000    

  Surface # 1     Wing                                    
     # Chordwise = 10   # Spanwise = 20     First strip =  1
     Surface area Ssurf =    0.123871     Ave. chord Cave =    0.304800

 Forces referred to Sref, Cref, Bref about Xref, Yref, Zref
 Standard axis orientation,  X fwd, Z down         
     CLsurf  =   0.24444     Clsurf  =  -0.05257
     CYsurf  =   0.00196     Cmsurf  =   0.02389
     CDsurf  =   0.00890     Cnsurf  =  -0.00376
     CDisurf =   0.00890     CDvsurf =   0.00000

 Forces referred to Ssurf, Cave 
     CLsurf  =   0.29324     CDsurf  =   0.01067

 Strip Forces referred to Strip Area, Chord
    j     Xle      Yle      Zle      Chord    Area     c_cl     ai     cl_norm    cl       cd       cdv    cm_c/4     cm_LE   C.P.x/c
     1   0.0001   0.0006   0.0000   0.3048   0.0008   0.1103   0.0640   0.3645   0.3565   0.0763   0.0000   0.0034  -0.0861    0.241
     2   0.0008   0.0056   0.0000   0.3048   0.0023   0.1103   0.0630   0.3697   0.3616   0.0190   0.0000   0.0037  -0.0858    0.240
     3   0.0023   0.0155   0.0000   0.3048   0.0037   0.1102   0.0627   0.3698   0.3618   0.0156   0.0000   0.0046  -0.0848    0.237
     4   0.0045   0.0299   0.0000   0.3048   0.0051   0.1101   0.0629   0.3695   0.3614   0.0146   0.0000   0.0060  -0.0834    0.234
     5   0.0073   0.0487   0.0000   0.3048   0.0063   0.1098   0.0636   0.3686   0.3605   0.0137   0.0000   0.0074  -0.0818    0.230
     6   0.0107   0.0712   0.0000   0.3048   0.0074   0.1093   0.0647   0.3667   0.3587   0.0130   0.0000   0.0088  -0.0800    0.226
     7   0.0146   0.0970   0.0000   0.3048   0.0083   0.1083   0.0660   0.3634   0.3555   0.0124   0.0000   0.0100  -0.0779    0.222
     8   0.0188   0.1254   0.0000   0.3048   0.0090   0.1067   0.0675   0.3582   0.3504   0.0119   0.0000   0.0113  -0.0754    0.218
     9   0.0234   0.1558   0.0000   0.3048   0.0095   0.1044   0.0693   0.3504   0.3428   0.0115   0.0000   0.0124  -0.0723    0.214
    10   0.0281   0.1873   0.0000   0.3048   0.0097   0.1011   0.0712   0.3396   0.3322   0.0110   0.0000   0.0137  -0.0685    0.209
    11   0.0329   0.2191   0.0000   0.3048   0.0097   0.0968   0.0733   0.3252   0.3181   0.0105   0.0000   0.0150  -0.0638    0.203
    12   0.0376   0.2506   0.0000   0.3048   0.0095   0.0913   0.0753   0.3067   0.3000   0.0099   0.0000   0.0163  -0.0580    0.196
    13   0.0422   0.2810   0.0000   0.3048   0.0090   0.0845   0.0772   0.2839   0.2777   0.0092   0.0000   0.0176  -0.0512    0.187
    14   0.0464   0.3094   0.0000   0.3048   0.0083   0.0764   0.0785   0.2565   0.2509   0.0084   0.0000   0.0187  -0.0435    0.176
    15   0.0503   0.3352   0.0000   0.3048   0.0074   0.0669   0.0790   0.2247   0.2198   0.0074   0.0000   0.0193  -0.0352    0.162
    16   0.0537   0.3577   0.0000   0.3048   0.0063   0.0562   0.0783   0.1888   0.1847   0.0062   0.0000   0.0190  -0.0268    0.147
    17   0.0565   0.3765   0.0000   0.3048   0.0051   0.0445   0.0762   0.1496   0.1463   0.0048   0.0000   0.0175  -0.0189    0.131
    18   0.0587   0.3909   0.0000   0.3048   0.0037   0.0321   0.0728   0.1080   0.1056   0.0033   0.0000   0.0143  -0.0119    0.114
    19   0.0602   0.4008   0.0000   0.3048   0.0023   0.0194   0.0686   0.0651   0.0636   0.0016   0.0000   0.0095  -0.0063    0.101
    20   0.0609   0.4058   0.0000   0.3048   0.0008   0.0065   0.0658   0.0217   0.0213   0.0001   0.0000   0.0033  -0.0019    0.093

  Surface # 2     Wing (YDUP)                             
     # Chordwise = 10   # Spanwise = 20     First strip = 21
     Surface area Ssurf =    0.123871     Ave. chord Cave =    0.304800

 Forces referred to Sref, Cref, Bref about Xref, Yref, Zref
 Standard axis orientation,  X fwd, Z down         
     CLsurf  =   0.24444     Clsurf  =   0.05257
     CYsurf  =  -0.00196     Cmsurf  =   0.02389
     CDsurf  =   0.00890     Cnsurf  =   0.00376
     CDisurf =   0.00890     CDvsurf =   0.00000

 Forces referred to Ssurf, Cave 
     CLsurf  =   0.29324     CDsurf  =   0.01067

 Strip Forces referred to Strip Area, Chord
    j     Xle      Yle      Zle      Chord    Area     c_cl     ai     cl_norm    cl       cd       cdv    cm_c/4     cm_LE   C.P.x/c
    21   0.0001  -0.0006   0.0000   0.3048   0.0008   0.1103   0.0640   0.3645   0.3565   0.0763   0.0000   0.0034   0.0861    0.241
    22   0.0008  -0.0056   0.0000   0.3048   0.0023   0.1103   0.0630   0.3697   0.3616   0.0190   0.0000   0.0037   0.0858    0.240
    23   0.0023  -0.0155   0.0000   0.3048   0.0037   0.1102   0.0627   0.3698   0.3618   0.0156   0.0000   0.0046   0.0848    0.237
    24   0.0045  -0.0299   0.0000   0.3048   0.0051   0.1101   0.0629   0.3695   0.3614   0.0146   0.0000   0.0060   0.0834    0.234
    25   0.0073  -0.0487   0.0000   0.3048   0.0063   0.1098   0.0636   0.3686   0.3605   0.0137   0.0000   0.0074   0.0818    0.230
    26   0.0107  -0.0712   0.0000   0.3048   0.0074   0.1093   0.0647   0.3667   0.3587   0.0130   0.0000   0.0088   0.0800    0.226
    27   0.0146  -0.0970   0.0000   0.3048   0.0083   0.1083   0.0660   0.3634   0.3555   0.0124   0.0000   0.0100   0.0779    0.222
    28   0.0188  -0.1254   0.0000   0.3048   0.0090   0.1067   0.0675   0.3582   0.3504   0.0119   0.0000   0.0113   0.0754    0.218
    29   0.0234  -0.1558   0.0000   0.3048   0.0095   0.1044   0.0693   0.3504   0.3428   0.0115   0.0000   0.0124   0.0723    0.214
    30   0.0281  -0.1873   0.0000   0.3048   0.0097   0.1011   0.0712   0.3396   0.3322   0.0110   0.0000   0.0137   0.0685    0.209
    31   0.0329  -0.2191   0.0000   0.3048   0.0097   0.0968   0.0733   0.3252   0.3181   0.0105   0.0000   0.0150   0.0638    0.203
    32   0.0376  -0.2506   0.0000   0.3048   0.0095   0.0913   0.0753   0.3067   0.3000   0.0099   0.0000   0.0163   0.0580    0.196
    33   0.0422  -0.2810   0.0000   0.3048   0.0090   0.0845   0.0772   0.2839   0.2777   0.0092   0.0000   0.0176   0.0512    0.187
    34   0.0464  -0.3094   0.0000   0.3048   0.0083   0.0764   0.0785   0.2565   0.2509   0.0084   0.0000   0.0187   0.0435    0.176
    35   0.0503  -0.3352   0.0000   0.3048   0.0074   0.0669   0.0790   0.2247   0.2198   0.0074   0.0000   0.0193   0.0352    0.162
    36   0.0537  -0.3577   0.0000   0.3048   0.0063   0.0562   0.0783   0.1888   0.1847   0.0062   0.0000   0.0190   0.0268    0.147
    37   0.0565  -0.3765   0.0000   0.3048   0.0051   0.0445   0.0762   0.1496   0.1463   0.0048   0.0000   0.0175   0.0189    0.131
    38   0.0587  -0.3909   0.0000   0.3048   0.0037   0.0321   0.0728   0.1080   0.1056   0.0033   0.0000   0.0143   0.0119    0.114
    39   0.0602  -0.4008   0.0000   0.3048   0.0023   0.0194   0.0686   0.0651   0.0636   0.0016   0.0000   0.0095   0.0063    0.101
    40   0.0609  -0.4058   0.0000   0.3048   0.0008   0.0065   0.0658   0.0217   0.0213   0.0001   0.0000   0.0033   0.0019    0.093
 ---------------------------------------------------------------
