 ---------------------------------------------------------------
 Surface and Strip Forces by surface

  Sref = 0.14860       Cref = 0.16590       Bref = 0.91440    
  Xref = 0.10920       Yref =  0.0000       Zref =  0.0000    

  Surface # 1     Wing                                    
     # Chordwise = 10   # Spanwise = 20     First strip =  1
     Surface area Ssurf =    0.092903     Ave. chord Cave =    0.203200

 Forces referred to Sref, Cref, Bref about Xref, Yref, Zref
 Standard axis orientation,  X fwd, Z down         
     CLsurf  =   0.24444     Clsurf  =  -0.05431
     CYsurf  =   0.00498     Cmsurf  =   0.00029
     CDsurf  =   0.00727     Cnsurf  =  -0.00485
     CDisurf =   0.00727     CDvsurf =   0.00000

 Forces referred to Ssurf, Cave 
     CLsurf  =   0.39099     CDsurf  =   0.01162

 Strip Forces referred to Strip Area, Chord
    j     Xle      Yle      Zle      Chord    Area     c_cl     ai     cl_norm    cl       cd       cdv    cm_c/4     cm_LE   C.P.x/c
     1   0.0002   0.0007   0.0000   0.2032   0.0006   0.0910   0.0336   0.4813   0.4389   0.1172   0.0000  -0.0130  -0.1193    0.280
     2   0.0020   0.0063   0.0000   0.2032   0.0017   0.0910   0.0332   0.4908   0.4476   0.0262   0.0000  -0.0114  -0.1178    0.276
     3   0.0054   0.0174   0.0000   0.2032   0.0028   0.0912   0.0349   0.4919   0.4486   0.0211   0.0000  -0.0077  -0.1144    0.267
     4   0.0105   0.0337   0.0000   0.2032   0.0038   0.0914   0.0376   0.4936   0.4501   0.0183   0.0000  -0.0034  -0.1106    0.258
     5   0.0171   0.0548   0.0000   0.2032   0.0047   0.0917   0.0407   0.4956   0.4520   0.0160   0.0000   0.0002  -0.1075    0.250
     6   0.0250   0.0801   0.0000   0.2032   0.0055   0.0920   0.0437   0.4974   0.4536   0.0143   0.0000   0.0030  -0.1052    0.243
     7   0.0341   0.1092   0.0000   0.2032   0.0062   0.0921   0.0466   0.4980   0.4541   0.0130   0.0000   0.0051  -0.1033    0.239
     8   0.0441   0.1411   0.0000   0.2032   0.0067   0.0918   0.0495   0.4965   0.4528   0.0121   0.0000   0.0067  -0.1014    0.235
     9   0.0547   0.1752   0.0000   0.2032   0.0071   0.0910   0.0526   0.4922   0.4489   0.0115   0.0000   0.0081  -0.0991    0.232
    10   0.0658   0.2107   0.0000   0.2032   0.0073   0.0895   0.0562   0.4841   0.4415   0.0109   0.0000   0.0095  -0.0960    0.228
    11   0.0770   0.2465   0.0000   0.2032   0.0073   0.0871   0.0602   0.4713   0.4298   0.0105   0.0000   0.0112  -0.0917    0.224
    12   0.0881   0.2820   0.0000   0.2032   0.0071   0.0837   0.0648   0.4527   0.4129   0.0100   0.0000   0.0131  -0.0858    0.218
    13   0.0987   0.3161   0.0000   0.2032   0.0067   0.0790   0.0697   0.4272   0.3896   0.0094   0.0000   0.0155  -0.0779    0.210
    14   0.1087   0.3480   0.0000   0.2032   0.0062   0.0728   0.0745   0.3936   0.3589   0.0086   0.0000   0.0183  -0.0680    0.199
    15   0.1178   0.3771   0.0000   0.2032   0.0055   0.0649   0.0785   0.3511   0.3202   0.0075   0.0000   0.0211  -0.0561    0.184
    16   0.1257   0.4024   0.0000   0.2032   0.0047   0.0554   0.0808   0.2997   0.2733   0.0062   0.0000   0.0232  -0.0429    0.165
    17   0.1323   0.4235   0.0000   0.2032   0.0038   0.0444   0.0807   0.2401   0.2190   0.0046   0.0000   0.0236  -0.0296    0.142
    18   0.1374   0.4398   0.0000   0.2032   0.0028   0.0322   0.0776   0.1745   0.1591   0.0029   0.0000   0.0211  -0.0177    0.117
    19   0.1408   0.4509   0.0000   0.2032   0.0017   0.0195   0.0722   0.1054   0.0961   0.0011   0.0000   0.0149  -0.0086    0.095
    20   0.1426   0.4565   0.0000   0.2032   0.0006   0.0065   0.0677   0.0352   0.0321  -0.0006   0.0000   0.0054  -0.0025    0.082

  Surface # 2     Wing (YDUP)                             
     # Chordwise = 10   # Spanwise = 20     First strip = 21
     Surface area Ssurf =    0.092903     Ave. chord Cave =    0.203200

 Forces referred to Sref, Cref, Bref about Xref, Yref, Zref
 Standard axis orientation,  X fwd, Z down         
     CLsurf  =   0.24444     Clsurf  =   0.05431
     CYsurf  =  -0.00498     Cmsurf  =   0.00029
     CDsurf  =   0.00727     Cnsurf  =   0.00485
     CDisurf =   0.00727     CDvsurf =   0.00000

 Forces referred to Ssurf, Cave 
     CLsurf  =   0.39099     CDsurf  =   0.01162

 Strip Forces referred to Strip Area, Chord
    j     Xle      Yle      Zle      Chord    Area     c_cl     ai     cl_norm    cl       cd       cdv    cm_c/4     cm_LE   C.P.x/c
    21   0.0002  -0.0007   0.0000   0.2032   0.0006   0.0910   0.0336   0.4813   0.4389   0.1172   0.0000  -0.0130   0.1193    0.280
    22   0.0020  -0.0063   0.0000   0.2032   0.0017   0.0910   0.0332   0.4908   0.4476   0.0262   0.0000  -0.0114   0.1178    0.276
    23   0.0054  -0.0174   0.0000   0.2032   0.0028   0.0912   0.0349   0.4919   0.4486   0.0211   0.0000  -0.0077   0.1144    0.267
    24   0.0105  -0.0337   0.0000   0.2032   0.0038   0.0914   0.0376   0.4936   0.4501   0.0183   0.0000  -0.0034   0.1106    0.258
    25   0.0171  -0.0548   0.0000   0.2032   0.0047   0.0917   0.0407   0.4956   0.4520   0.0160   0.0000   0.0002   0.1075    0.250
    26   0.0250  -0.0801   0.0000   0.2032   0.0055   0.0920   0.0437   0.4974   0.4536   0.0143   0.0000   0.0030   0.1052    0.243
    27   0.0341  -0.1092   0.0000   0.2032   0.0062   0.0921   0.0466   0.4980   0.4541   0.0130   0.0000   0.0051   0.1033    0.239
    28   0.0441  -0.1411   0.0000   0.2032   0.0067   0.0918   0.0495   0.4965   0.4528   0.0121   0.0000   0.0067   0.1014    0.235
    29   0.0547  -0.1752   0.0000   0.2032   0.0071   0.0910   0.0526   0.4922   0.4489   0.0115   0.0000   0.0081   0.0991    0.232
    30   0.0658  -0.2107   0.0000   0.2032   0.0073   0.0895   0.0562   0.4841   0.4415   0.0109   0.0000   0.0095   0.0960    0.228
    31   0.0770  -0.2465   0.0000   0.2032   0.0073   0.0871   0.0602   0.4713   0.4298   0.0105   0.0000   0.0112   0.0917    0.224
    32   0.0881  -0.2820   0.0000   0.2032   0.0071   0.0837   0.0648   0.4527   0.4129   0.0100   0.0000   0.0131   0.0858    0.218
    33   0.0987  -0.3161   0.0000   0.2032   0.0067   0.0790   0.0697   0.4272   0.3896   0.0094   0.0000   0.0155   0.0779    0.210
    34   0.1087  -0.3480   0.0000   0.2032   0.0062   0.0728   0.0745   0.3936   0.3589   0.0086   0.0000   0.0183   0.0680    0.199
    35   0.1178  -0.3771   0.0000   0.2032   0.0055   0.0649   0.0785   0.3511   0.3202   0.0075   0.0000   0.0211   0.0561    0.184
    36   0.1257  -0.4024   0.0000   0.2032   0.0047   0.0554   0.0808   0.2997   0.2733   0.0062   0.0000   0.0232   0.0429    0.165
    37   0.1323  -0.4235   0.0000   0.2032   0.0038   0.0444   0.0807   0.2401   0.2190   0.0046   0.0000   0.0236   0.0296    0.142
    38   0.1374  -0.4398   0.0000   0.2032   0.0028   0.0322   0.0776   0.1745   0.1591   0.0029   0.0000   0.0211   0.0177    0.117
    39   0.1408  -0.4509   0.0000   0.2032   0.0017   0.0195   0.0722   0.1054   0.0961   0.0011   0.0000   0.0149   0.0086    0.095
    40   0.1426  -0.4565   0.0000   0.2032   0.0006   0.0065   0.0677   0.0352   0.0321  -0.0006   0.0000   0.0054   0.0025    0.082
 ---------------------------------------------------------------
