 ---------------------------------------------------------------
 Surface and Strip Forces by surface

  Sref = 0.11920       Cref = 0.19250       Bref = 0.71120    
  Xref = 0.10920       Yref =  0.0000       Zref =  0.0000    

  Surface # 1     Wing                                    
     # Chordwise = 10   # Spanwise = 20     First strip =  1
     Surface area Ssurf =    0.099355     Ave. chord Cave =    0.279400

 Forces referred to Sref, Cref, Bref about Xref, Yref, Zref
 Standard axis orientation,  X fwd, Z down         
     CLsurf  =   0.30473     Clsurf  =  -0.06591
     CYsurf  =   0.00717     Cmsurf  =  -0.00064
     CDsurf  =   0.01499     Cnsurf  =  -0.00861
     CDisurf =   0.01499     CDvsurf =   0.00000

 Forces referred to Ssurf, Cave 
     CLsurf  =   0.36560     CDsurf  =   0.01798

 Strip Forces referred to Strip Area, Chord
    j     Xle      Yle      Zle      Chord    Area     c_cl     ai     cl_norm    cl       cd       cdv    cm_c/4     cm_LE   C.P.x/c
     1   0.0002   0.0005   0.0000   0.2794   0.0006   0.1241   0.0769   0.4669   0.4208   0.2200   0.0000  -0.0073  -0.1122    0.267
     2   0.0016   0.0049   0.0000   0.2794   0.0018   0.1241   0.0757   0.4906   0.4422   0.0416   0.0000  -0.0066  -0.1115    0.265
     3   0.0045   0.0135   0.0000   0.2794   0.0030   0.1240   0.0760   0.4919   0.4434   0.0313   0.0000  -0.0043  -0.1093    0.260
     4   0.0087   0.0262   0.0000   0.2794   0.0041   0.1240   0.0774   0.4922   0.4436   0.0282   0.0000  -0.0010  -0.1062    0.252
     5   0.0142   0.0426   0.0000   0.2794   0.0051   0.1239   0.0795   0.4920   0.4435   0.0258   0.0000   0.0024  -0.1028    0.245
     6   0.0208   0.0623   0.0000   0.2794   0.0059   0.1235   0.0821   0.4909   0.4425   0.0237   0.0000   0.0057  -0.0994    0.237
     7   0.0283   0.0849   0.0000   0.2794   0.0066   0.1227   0.0849   0.4880   0.4399   0.0218   0.0000   0.0087  -0.0960    0.230
     8   0.0366   0.1098   0.0000   0.2794   0.0072   0.1213   0.0879   0.4826   0.4350   0.0202   0.0000   0.0113  -0.0922    0.224
     9   0.0455   0.1363   0.0000   0.2794   0.0076   0.1191   0.0912   0.4737   0.4270   0.0188   0.0000   0.0139  -0.0879    0.218
    10   0.0546   0.1638   0.0000   0.2794   0.0078   0.1158   0.0945   0.4606   0.4152   0.0174   0.0000   0.0163  -0.0828    0.211
    11   0.0640   0.1918   0.0000   0.2794   0.0078   0.1112   0.0979   0.4425   0.3988   0.0160   0.0000   0.0188  -0.0766    0.203
    12   0.0731   0.2193   0.0000   0.2794   0.0076   0.1051   0.1012   0.4186   0.3773   0.0146   0.0000   0.0212  -0.0691    0.194
    13   0.0820   0.2458   0.0000   0.2794   0.0072   0.0975   0.1040   0.3884   0.3501   0.0130   0.0000   0.0236  -0.0604    0.183
    14   0.0903   0.2707   0.0000   0.2794   0.0066   0.0883   0.1060   0.3517   0.3170   0.0113   0.0000   0.0255  -0.0507    0.169
    15   0.0978   0.2933   0.0000   0.2794   0.0059   0.0775   0.1068   0.3087   0.2782   0.0094   0.0000   0.0267  -0.0405    0.154
    16   0.1044   0.3130   0.0000   0.2794   0.0051   0.0652   0.1062   0.2598   0.2342   0.0074   0.0000   0.0265  -0.0303    0.137
    17   0.1099   0.3294   0.0000   0.2794   0.0041   0.0517   0.1039   0.2062   0.1859   0.0053   0.0000   0.0243  -0.0208    0.119
    18   0.1141   0.3421   0.0000   0.2794   0.0030   0.0374   0.1002   0.1492   0.1345   0.0032   0.0000   0.0199  -0.0129    0.102
    19   0.1170   0.3507   0.0000   0.2794   0.0018   0.0226   0.0958   0.0902   0.0813   0.0010   0.0000   0.0131  -0.0067    0.089
    20   0.1184   0.3551   0.0000   0.2794   0.0006   0.0075   0.0933   0.0303   0.0273  -0.0008   0.0000   0.0046  -0.0021    0.082

  Surface # 2     Wing (YDUP)                             
     # Chordwise = 10   # Spanwise = 20     First strip = 21
     Surface area Ssurf =    0.099355     Ave. chord Cave =    0.279400

 Forces referred to Sref, Cref, Bref about Xref, Yref, Zref
 Standard axis orientation,  X fwd, Z down         
     CLsurf  =   0.30473     Clsurf  =   0.06591
     CYsurf  =  -0.00717     Cmsurf  =  -0.00064
     CDsurf  =   0.01499     Cnsurf  =   0.00861
     CDisurf =   0.01499     CDvsurf =   0.00000

 Forces referred to Ssurf, Cave 
     CLsurf  =   0.36560     CDsurf  =   0.01798

 Strip Forces referred to Strip Area, Chord
    j     Xle      Yle      Zle      Chord    Area     c_cl     ai     cl_norm    cl       cd       cdv    cm_c/4     cm_LE   C.P.x/c
    21   0.0002  -0.0005   0.0000   0.2794   0.0006   0.1241   0.0769   0.4669   0.4208   0.2200   0.0000  -0.0073   0.1122    0.267
    22   0.0016  -0.0049   0.0000   0.2794   0.0018   0.1241   0.0757   0.4906   0.4422   0.0416   0.0000  -0.0066   0.1115    0.265
    23   0.0045  -0.0135   0.0000   0.2794   0.0030   0.1240   0.0760   0.4919   0.4434   0.0313   0.0000  -0.0043   0.1093    0.260
    24   0.0087  -0.0262   0.0000   0.2794   0.0041   0.1240   0.0774   0.4922   0.4436   0.0282   0.0000  -0.0010   0.1062    0.252
    25   0.0142  -0.0426   0.0000   0.2794   0.0051   0.1239   0.0795   0.4920   0.4435   0.0258   0.0000   0.0024   0.1028    0.245
    26   0.0208  -0.0623   0.0000   0.2794   0.0059   0.1235   0.0821   0.4909   0.4425   0.0237   0.0000   0.0057   0.0994    0.237
    27   0.0283  -0.0849   0.0000   0.2794   0.0066   0.1227   0.0849   0.4880   0.4399   0.0218   0.0000   0.0087   0.0960    0.230
    28   0.0366  -0.1098   0.0000   0.2794   0.0072   0.1213   0.0879   0.4826   0.4350   0.0202   0.0000   0.0113   0.0922    0.224
    29   0.0455  -0.1363   0.0000   0.2794   0.0076   0.1191   0.0912   0.4737   0.4270   0.0188   0.0000   0.0139   0.0879    0.218
    30   0.0546  -0.1638   0.0000   0.2794   0.0078   0.1158   0.0945   0.4606   0.4152   0.0174   0.0000   0.0163   0.0828    0.211
    31   0.0640  -0.1918   0.0000   0.2794   0.0078   0.1112   0.0979   0.4425   0.3988   0.0160   0.0000   0.0188   0.0766    0.203
    32   0.0731  -0.2193   0.0000   0.2794   0.0076   0.1051   0.1012   0.4186   0.3773   0.0146   0.0000   0.0212   0.0691    0.194
    33   0.0820  -0.2458   0.0000   0.2794   0.0072   0.0975   0.1040   0.3884   0.3501   0.0130   0.0000   0.0236   0.0604    0.183
    34   0.0903  -0.2707   0.0000   0.2794   0.0066   0.0883   0.1060   0.3517   0.3170   0.0113   0.0000   0.0255   0.0507    0.169
    35   0.0978  -0.2933   0.0000   0.2794   0.0059   0.0775   0.1068   0.3087   0.2782   0.0094   0.0000   0.0267   0.0405    0.154
    36   0.1044  -0.3130   0.0000   0.2794   0.0051   0.0652   0.1062   0.2598   0.2342   0.0074   0.0000   0.0265   0.0303    0.137
    37   0.1099  -0.3294   0.0000   0.2794   0.0041   0.0517   0.1039   0.2062   0.1859   0.0053   0.0000   0.0243   0.0208    0.119
    38   0.1141  -0.3421   0.0000   0.2794   0.0030   0.0374   0.1002   0.1492   0.1345   0.0032   0.0000   0.0199   0.0129    0.102
    39   0.1170  -0.3507   0.0000   0.2794   0.0018   0.0226   0.0958   0.0902   0.0813   0.0010   0.0000   0.0131   0.0067    0.089
    40   0.1184  -0.3551   0.0000   0.2794   0.0006   0.0075   0.0933   0.0303   0.0273  -0.0008   0.0000   0.0046   0.0021    0.082
 ---------------------------------------------------------------
