 ---------------------------------------------------------------
 Surface and Strip Forces by surface

  Sref = 0.22300       Cref = 0.27540       Bref = 0.81280    
  Xref = 0.10920       Yref =  0.0000       Zref =  0.0000    

  Surface # 1     Wing                                    
     # Chordwise = 10   # Spanwise = 20     First strip =  1
     Surface area Ssurf =    0.123871     Ave. chord Cave =    0.304800

 Forces referred to Sref, Cref, Bref about Xref, Yref, Zref
 Standard axis orientation,  X fwd, Z down         
     CLsurf  =   0.16289     Clsurf  =  -0.03523
     CYsurf  =   0.00264     Cmsurf  =  -0.00442
     CDsurf  =   0.00612     Cnsurf  =  -0.00332
     CDisurf =   0.00612     CDvsurf =   0.00000

 Forces referred to Ssurf, Cave 
     CLsurf  =   0.29324     CDsurf  =   0.01101

 Strip Forces referred to Strip Area, Chord
    j     Xle      Yle      Zle      Chord    Area     c_cl     ai     cl_norm    cl       cd       cdv    cm_c/4     cm_LE   C.P.x/c
     1   0.0002   0.0006   0.0000   0.3048   0.0008   0.1088   0.0604   0.3782   0.3462   0.1334   0.0000  -0.0049  -0.0900    0.264
     2   0.0017   0.0056   0.0000   0.3048   0.0023   0.1088   0.0587   0.3889   0.3560   0.0251   0.0000  -0.0043  -0.0894    0.262
     3   0.0047   0.0155   0.0000   0.3048   0.0037   0.1087   0.0585   0.3894   0.3564   0.0189   0.0000  -0.0025  -0.0876    0.257
     4   0.0091   0.0299   0.0000   0.3048   0.0051   0.1087   0.0593   0.3894   0.3564   0.0172   0.0000   0.0001  -0.0851    0.250
     5   0.0149   0.0487   0.0000   0.3048   0.0063   0.1085   0.0607   0.3890   0.3561   0.0157   0.0000   0.0029  -0.0824    0.242
     6   0.0218   0.0712   0.0000   0.3048   0.0074   0.1082   0.0626   0.3879   0.3551   0.0144   0.0000   0.0054  -0.0797    0.235
     7   0.0296   0.0970   0.0000   0.3048   0.0083   0.1075   0.0647   0.3855   0.3529   0.0133   0.0000   0.0077  -0.0770    0.228
     8   0.0383   0.1254   0.0000   0.3048   0.0090   0.1062   0.0671   0.3811   0.3489   0.0123   0.0000   0.0097  -0.0741    0.222
     9   0.0476   0.1558   0.0000   0.3048   0.0095   0.1043   0.0696   0.3741   0.3424   0.0115   0.0000   0.0116  -0.0707    0.216
    10   0.0572   0.1873   0.0000   0.3048   0.0097   0.1014   0.0722   0.3637   0.3330   0.0107   0.0000   0.0135  -0.0666    0.210
    11   0.0669   0.2191   0.0000   0.3048   0.0097   0.0974   0.0749   0.3494   0.3198   0.0099   0.0000   0.0154  -0.0617    0.202
    12   0.0765   0.2506   0.0000   0.3048   0.0095   0.0921   0.0775   0.3305   0.3025   0.0090   0.0000   0.0173  -0.0557    0.193
    13   0.0858   0.2810   0.0000   0.3048   0.0090   0.0854   0.0797   0.3066   0.2807   0.0081   0.0000   0.0192  -0.0486    0.182
    14   0.0945   0.3094   0.0000   0.3048   0.0083   0.0773   0.0812   0.2776   0.2541   0.0070   0.0000   0.0208  -0.0407    0.168
    15   0.1023   0.3352   0.0000   0.3048   0.0074   0.0678   0.0816   0.2434   0.2228   0.0059   0.0000   0.0219  -0.0322    0.152
    16   0.1092   0.3577   0.0000   0.3048   0.0063   0.0570   0.0806   0.2046   0.1873   0.0046   0.0000   0.0219  -0.0238    0.133
    17   0.1150   0.3765   0.0000   0.3048   0.0051   0.0451   0.0781   0.1620   0.1483   0.0033   0.0000   0.0202  -0.0160    0.114
    18   0.1194   0.3909   0.0000   0.3048   0.0037   0.0325   0.0741   0.1169   0.1070   0.0019   0.0000   0.0167  -0.0096    0.094
    19   0.1224   0.4008   0.0000   0.3048   0.0023   0.0196   0.0695   0.0704   0.0645   0.0004   0.0000   0.0110  -0.0048    0.079
    20   0.1239   0.4058   0.0000   0.3048   0.0008   0.0065   0.0667   0.0236   0.0216  -0.0007   0.0000   0.0039  -0.0014    0.071

  Surface # 2     Wing (YDUP)                             
     # Chordwise = 10   # Spanwise = 20     First strip = 21
     Surface area Ssurf =    0.123871     Ave. chord Cave =    0.304800

 Forces referred to Sref, Cref, Bref about Xref, Yref, Zref
 Standard axis orientation,  X fwd, Z down         
     CLsurf  =   0.16289     Clsurf  =   0.03523
     CYsurf  =  -0.00264     Cmsurf  =  -0.00442
     CDsurf  =   0.00612     Cnsurf  =   0.00332
     CDisurf =   0.00612     CDvsurf =   0.00000

 Forces referred to Ssurf, Cave 
     CLsurf  =   0.29324     CDsurf  =   0.01101

 Strip Forces referred to Strip Area, Chord
    j     Xle      Yle      Zle      Chord    Area     c_cl     ai     cl_norm    cl       cd       cdv    cm_c/4     cm_LE   C.P.x/c
    21   0.0002  -0.0006   0.0000   0.3048   0.0008   0.1088   0.0604   0.3782   0.3462   0.1334   0.0000  -0.0049   0.0900    0.264
    22   0.0017  -0.0056   0.0000   0.3048   0.0023   0.1088   0.0587   0.3889   0.3560   0.0251   0.0000  -0.0043   0.0894    0.262
    23   0.0047  -0.0155   0.0000   0.3048   0.0037   0.1087   0.0585   0.3894   0.3564   0.0189   0.0000  -0.0025   0.0876    0.257
    24   0.0091  -0.0299   0.0000   0.3048   0.0051   0.1087   0.0593   0.3894   0.3564   0.0172   0.0000   0.0001   0.0851    0.250
    25   0.0149  -0.0487   0.0000   0.3048   0.0063   0.1085   0.0607   0.3890   0.3561   0.0157   0.0000   0.0029   0.0824    0.242
    26   0.0218  -0.0712   0.0000   0.3048   0.0074   0.1082   0.0626   0.3879   0.3551   0.0144   0.0000   0.0054   0.0797    0.235
    27   0.0296  -0.0970   0.0000   0.3048   0.0083   0.1075   0.0647   0.3855   0.3529   0.0133   0.0000   0.0077   0.0770    0.228
    28   0.0383  -0.1254   0.0000   0.3048   0.0090   0.1062   0.0671   0.3811   0.3489   0.0123   0.0000   0.0097   0.0741    0.222
    29   0.0476  -0.1558   0.0000   0.3048   0.0095   0.1043   0.0696   0.3741   0.3424   0.0115   0.0000   0.0116   0.0707    0.216
    30   0.0572  -0.1873   0.0000   0.3048   0.0097   0.1014   0.0722   0.3637   0.3330   0.0107   0.0000   0.0135   0.0666    0.210
    31   0.0669  -0.2191   0.0000   0.3048   0.0097   0.0974   0.0749   0.3494   0.3198   0.0099   0.0000   0.0154   0.0617    0.202
    32   0.0765  -0.2506   0.0000   0.3048   0.0095   0.0921   0.0775   0.3305   0.3025   0.0090   0.0000   0.0173   0.0557    0.193
    33   0.0858  -0.2810   0.0000   0.3048   0.0090   0.0854   0.0797   0.3066   0.2807   0.0081   0.0000   0.0192   0.0486    0.182
    34   0.0945  -0.3094   0.0000   0.3048   0.0083   0.0773   0.0812   0.2776   0.2541   0.0070   0.0000   0.0208   0.0407    0.168
    35   0.1023  -0.3352   0.0000   0.3048   0.0074   0.0678   0.0816   0.2434   0.2228   0.0059   0.0000   0.0219   0.0322    0.152
    36   0.1092  -0.3577   0.0000   0.3048   0.0063   0.0570   0.0806   0.2046   0.1873   0.0046   0.0000   0.0219   0.0238    0.133
    37   0.1150  -0.3765   0.0000   0.3048   0.0051   0.0451   0.0781   0.1620   0.1483   0.0033   0.0000   0.0202   0.0160    0.114
    38   0.1194  -0.3909   0.0000   0.3048   0.0037   0.0325   0.0741   0.1169   0.1070   0.0019   0.0000   0.0167   0.0096    0.094
    39   0.1224  -0.4008   0.0000   0.3048   0.0023   0.0196   0.0695   0.0704   0.0645   0.0004   0.0000   0.0110   0.0048    0.079
    40   0.1239  -0.4058   0.0000   0.3048   0.0008   0.0065   0.0667   0.0236   0.0216  -0.0007   0.0000   0.0039   0.0014    0.071
 ---------------------------------------------------------------
