 ---------------------------------------------------------------
 Surface and Strip Forces by surface

  Sref = 0.16720       Cref = 0.18360       Bref = 0.91440    
  Xref = 0.10920       Yref =  0.0000       Zref =  0.0000    

  Surface # 1     Wing                                    
     # Chordwise = 10   # Spanwise = 20     First strip =  1
     Surface area Ssurf =    0.092903     Ave. chord Cave =    0.203200

 Forces referred to Sref, Cref, Bref about Xref, Yref, Zref
 Standard axis orientation,  X fwd, Z down         
     CLsurf  =   0.21725     Clsurf  =  -0.04790
     CYsurf  =   0.00278     Cmsurf  =   0.02817
     CDsurf  =   0.00632     Cnsurf  =  -0.00370
     CDisurf =   0.00632     CDvsurf =   0.00000

 Forces referred to Ssurf, Cave 
     CLsurf  =   0.39099     CDsurf  =   0.01138

 Strip Forces referred to Strip Area, Chord
    j     Xle      Yle      Zle      Chord    Area     c_cl     ai     cl_norm    cl       cd       cdv    cm_c/4     cm_LE   C.P.x/c
     1   0.0001   0.0007   0.0000   0.2032   0.0006   0.0930   0.0394   0.4694   0.4518   0.0842   0.0000  -0.0058  -0.1179    0.263
     2   0.0013   0.0063   0.0000   0.2032   0.0017   0.0930   0.0388   0.4755   0.4576   0.0216   0.0000  -0.0047  -0.1168    0.260
     3   0.0035   0.0174   0.0000   0.2032   0.0028   0.0930   0.0397   0.4761   0.4582   0.0179   0.0000  -0.0023  -0.1145    0.255
     4   0.0067   0.0337   0.0000   0.2032   0.0038   0.0931   0.0413   0.4768   0.4589   0.0159   0.0000   0.0005  -0.1119    0.249
     5   0.0109   0.0548   0.0000   0.2032   0.0047   0.0932   0.0433   0.4775   0.4596   0.0143   0.0000   0.0030  -0.1096    0.243
     6   0.0159   0.0801   0.0000   0.2032   0.0055   0.0932   0.0454   0.4776   0.4597   0.0131   0.0000   0.0049  -0.1077    0.239
     7   0.0217   0.1092   0.0000   0.2032   0.0062   0.0930   0.0476   0.4765   0.4586   0.0123   0.0000   0.0064  -0.1060    0.236
     8   0.0280   0.1411   0.0000   0.2032   0.0067   0.0924   0.0499   0.4733   0.4555   0.0118   0.0000   0.0076  -0.1040    0.233
     9   0.0348   0.1752   0.0000   0.2032   0.0071   0.0912   0.0525   0.4674   0.4498   0.0114   0.0000   0.0087  -0.1016    0.231
    10   0.0418   0.2107   0.0000   0.2032   0.0073   0.0894   0.0555   0.4579   0.4407   0.0111   0.0000   0.0098  -0.0982    0.228
    11   0.0490   0.2465   0.0000   0.2032   0.0073   0.0867   0.0590   0.4441   0.4274   0.0109   0.0000   0.0112  -0.0936    0.224
    12   0.0560   0.2820   0.0000   0.2032   0.0071   0.0829   0.0630   0.4250   0.4090   0.0106   0.0000   0.0128  -0.0875    0.219
    13   0.0628   0.3161   0.0000   0.2032   0.0067   0.0780   0.0673   0.3996   0.3845   0.0102   0.0000   0.0148  -0.0796    0.211
    14   0.0691   0.3480   0.0000   0.2032   0.0062   0.0716   0.0716   0.3670   0.3532   0.0096   0.0000   0.0170  -0.0697    0.202
    15   0.0749   0.3771   0.0000   0.2032   0.0055   0.0638   0.0752   0.3266   0.3143   0.0087   0.0000   0.0192  -0.0581    0.189
    16   0.0799   0.4024   0.0000   0.2032   0.0047   0.0543   0.0775   0.2784   0.2679   0.0075   0.0000   0.0209  -0.0451    0.172
    17   0.0841   0.4235   0.0000   0.2032   0.0038   0.0435   0.0776   0.2229   0.2146   0.0061   0.0000   0.0210  -0.0319    0.152
    18   0.0873   0.4398   0.0000   0.2032   0.0028   0.0316   0.0750   0.1620   0.1559   0.0043   0.0000   0.0187  -0.0198    0.130
    19   0.0895   0.4509   0.0000   0.2032   0.0017   0.0191   0.0701   0.0979   0.0942   0.0022   0.0000   0.0132  -0.0101    0.110
    20   0.0907   0.4565   0.0000   0.2032   0.0006   0.0064   0.0657   0.0327   0.0315   0.0001   0.0000   0.0048  -0.0030    0.098

  Surface # 2     Wing (YDUP)                             
     # Chordwise = 10   # Spanwise = 20     First strip = 21
     Surface area Ssurf =    0.092903     Ave. chord Cave =    0.203200

 Forces referred to Sref, Cref, Bref about Xref, Yref, Zref
 Standard axis orientation,  X fwd, Z down         
     CLsurf  =   0.21725     Clsurf  =   0.04790
     CYsurf  =  -0.00278     Cmsurf  =   0.02817
     CDsurf  =   0.00632     Cnsurf  =   0.00370
     CDisurf =   0.00632     CDvsurf =   0.00000

 Forces referred to Ssurf, Cave 
     CLsurf  =   0.39099     CDsurf  =   0.01138

 Strip Forces referred to Strip Area, Chord
    j     Xle      Yle      Zle      Chord    Area     c_cl     ai     cl_norm    cl       cd       cdv    cm_c/4     cm_LE   C.P.x/c
    21   0.0001  -0.0007   0.0000   0.2032   0.0006   0.0930   0.0394   0.4694   0.4518   0.0842   0.0000  -0.0058   0.1179    0.263
    22   0.0013  -0.0063   0.0000   0.2032   0.0017   0.0930   0.0388   0.4755   0.4576   0.0216   0.0000  -0.0047   0.1168    0.260
    23   0.0035  -0.0174   0.0000   0.2032   0.0028   0.0930   0.0397   0.4761   0.4582   0.0179   0.0000  -0.0023   0.1145    0.255
    24   0.0067  -0.0337   0.0000   0.2032   0.0038   0.0931   0.0413   0.4768   0.4589   0.0159   0.0000   0.0005   0.1119    0.249
    25   0.0109  -0.0548   0.0000   0.2032   0.0047   0.0932   0.0433   0.4775   0.4596   0.0143   0.0000   0.0030   0.1096    0.243
    26   0.0159  -0.0801   0.0000   0.2032   0.0055   0.0932   0.0454   0.4776   0.4597   0.0131   0.0000   0.0049   0.1077    0.239
    27   0.0217  -0.1092   0.0000   0.2032   0.0062   0.0930   0.0476   0.4765   0.4586   0.0123   0.0000   0.0064   0.1060    0.236
    28   0.0280  -0.1411   0.0000   0.2032   0.0067   0.0924   0.0499   0.4733   0.4555   0.0118   0.0000   0.0076   0.1040    0.233
    29   0.0348  -0.1752   0.0000   0.2032   0.0071   0.0912   0.0525   0.4674   0.4498   0.0114   0.0000   0.0087   0.1016    0.231
    30   0.0418  -0.2107   0.0000   0.2032   0.0073   0.0894   0.0555   0.4579   0.4407   0.0111   0.0000   0.0098   0.0982    0.228
    31   0.0490  -0.2465   0.0000   0.2032   0.0073   0.0867   0.0590   0.4441   0.4274   0.0109   0.0000   0.0112   0.0936    0.224
    32   0.0560  -0.2820   0.0000   0.2032   0.0071   0.0829   0.0630   0.4250   0.4090   0.0106   0.0000   0.0128   0.0875    0.219
    33   0.0628  -0.3161   0.0000   0.2032   0.0067   0.0780   0.0673   0.3996   0.3845   0.0102   0.0000   0.0148   0.0796    0.211
    34   0.0691  -0.3480   0.0000   0.2032   0.0062   0.0716   0.0716   0.3670   0.3532   0.0096   0.0000   0.0170   0.0697    0.202
    35   0.0749  -0.3771   0.0000   0.2032   0.0055   0.0638   0.0752   0.3266   0.3143   0.0087   0.0000   0.0192   0.0581    0.189
    36   0.0799  -0.4024   0.0000   0.2032   0.0047   0.0543   0.0775   0.2784   0.2679   0.0075   0.0000   0.0209   0.0451    0.172
    37   0.0841  -0.4235   0.0000   0.2032   0.0038   0.0435   0.0776   0.2229   0.2146   0.0061   0.0000   0.0210   0.0319    0.152
    38   0.0873  -0.4398   0.0000   0.2032   0.0028   0.0316   0.0750   0.1620   0.1559   0.0043   0.0000   0.0187   0.0198    0.130
    39   0.0895  -0.4509   0.0000   0.2032   0.0017   0.0191   0.0701   0.0979   0.0942   0.0022   0.0000   0.0132   0.0101    0.110
    40   0.0907  -0.4565   0.0000   0.2032   0.0006   0.0064   0.0657   0.0327   0.0315   0.0001   0.0000   0.0048   0.0030    0.098
 ---------------------------------------------------------------
