 ---------------------------------------------------------------
 Surface and Strip Forces by surface

  Sref = 0.19820       Cref = 0.24890       Bref = 0.81280    
  Xref = 0.10920       Yref =  0.0000       Zref =  0.0000    

  Surface # 1     Wing                                    
     # Chordwise = 10   # Spanwise = 20     First strip =  1
     Surface area Ssurf =    0.123871     Ave. chord Cave =    0.304800

 Forces referred to Sref, Cref, Bref about Xref, Yref, Zref
 Standard axis orientation,  X fwd, Z down         
     CLsurf  =   0.18327     Clsurf  =  -0.03932
     CYsurf  =   0.00074     Cmsurf  =   0.02486
     CDsurf  =   0.00656     Cnsurf  =  -0.00243
     CDisurf =   0.00656     CDvsurf =   0.00000

 Forces referred to Ssurf, Cave 
     CLsurf  =   0.29324     CDsurf  =   0.01049

 Strip Forces referred to Strip Area, Chord
    j     Xle      Yle      Zle      Chord    Area     c_cl     ai     cl_norm    cl       cd       cdv    cm_c/4     cm_LE   C.P.x/c
     1   0.0000   0.0006   0.0000   0.3048   0.0008   0.1110   0.0651   0.3636   0.3615   0.0449   0.0000   0.0074  -0.0834    0.229
     2   0.0004   0.0056   0.0000   0.3048   0.0023   0.1110   0.0646   0.3662   0.3641   0.0155   0.0000   0.0076  -0.0832    0.229
     3   0.0012   0.0155   0.0000   0.3048   0.0037   0.1109   0.0644   0.3661   0.3641   0.0138   0.0000   0.0081  -0.0827    0.228
     4   0.0022   0.0299   0.0000   0.3048   0.0051   0.1107   0.0646   0.3657   0.3636   0.0132   0.0000   0.0087  -0.0819    0.226
     5   0.0037   0.0487   0.0000   0.3048   0.0063   0.1104   0.0650   0.3645   0.3625   0.0128   0.0000   0.0095  -0.0808    0.224
     6   0.0053   0.0712   0.0000   0.3048   0.0074   0.1097   0.0657   0.3624   0.3603   0.0124   0.0000   0.0103  -0.0795    0.222
     7   0.0073   0.0970   0.0000   0.3048   0.0083   0.1086   0.0666   0.3587   0.3567   0.0121   0.0000   0.0110  -0.0778    0.219
     8   0.0094   0.1254   0.0000   0.3048   0.0090   0.1069   0.0677   0.3530   0.3510   0.0118   0.0000   0.0118  -0.0757    0.216
     9   0.0117   0.1558   0.0000   0.3048   0.0095   0.1044   0.0691   0.3448   0.3429   0.0115   0.0000   0.0126  -0.0728    0.213
    10   0.0141   0.1873   0.0000   0.3048   0.0097   0.1010   0.0707   0.3336   0.3318   0.0112   0.0000   0.0135  -0.0692    0.209
    11   0.0164   0.2191   0.0000   0.3048   0.0097   0.0966   0.0725   0.3190   0.3172   0.0108   0.0000   0.0145  -0.0646    0.204
    12   0.0188   0.2506   0.0000   0.3048   0.0095   0.0910   0.0743   0.3005   0.2989   0.0104   0.0000   0.0155  -0.0590    0.198
    13   0.0211   0.2810   0.0000   0.3048   0.0090   0.0842   0.0760   0.2779   0.2763   0.0098   0.0000   0.0165  -0.0523    0.190
    14   0.0232   0.3094   0.0000   0.3048   0.0083   0.0760   0.0773   0.2509   0.2495   0.0090   0.0000   0.0174  -0.0448    0.180
    15   0.0252   0.3352   0.0000   0.3048   0.0074   0.0665   0.0778   0.2197   0.2185   0.0081   0.0000   0.0178  -0.0367    0.169
    16   0.0268   0.3577   0.0000   0.3048   0.0063   0.0559   0.0773   0.1846   0.1836   0.0069   0.0000   0.0174  -0.0283    0.155
    17   0.0283   0.3765   0.0000   0.3048   0.0051   0.0443   0.0755   0.1462   0.1454   0.0056   0.0000   0.0160  -0.0203    0.140
    18   0.0293   0.3909   0.0000   0.3048   0.0037   0.0320   0.0723   0.1056   0.1050   0.0040   0.0000   0.0131  -0.0131    0.125
    19   0.0301   0.4008   0.0000   0.3048   0.0023   0.0193   0.0682   0.0636   0.0633   0.0022   0.0000   0.0087  -0.0071    0.112
    20   0.0305   0.4058   0.0000   0.3048   0.0008   0.0064   0.0655   0.0212   0.0211   0.0005   0.0000   0.0031  -0.0022    0.105

  Surface # 2     Wing (YDUP)                             
     # Chordwise = 10   # Spanwise = 20     First strip = 21
     Surface area Ssurf =    0.123871     Ave. chord Cave =    0.304800

 Forces referred to Sref, Cref, Bref about Xref, Yref, Zref
 Standard axis orientation,  X fwd, Z down         
     CLsurf  =   0.18327     Clsurf  =   0.03932
     CYsurf  =  -0.00074     Cmsurf  =   0.02486
     CDsurf  =   0.00656     Cnsurf  =   0.00243
     CDisurf =   0.00656     CDvsurf =   0.00000

 Forces referred to Ssurf, Cave 
     CLsurf  =   0.29324     CDsurf  =   0.01049

 Strip Forces referred to Strip Area, Chord
    j     Xle      Yle      Zle      Chord    Area     c_cl     ai     cl_norm    cl       cd       cdv    cm_c/4     cm_LE   C.P.x/c
    21   0.0000  -0.0006   0.0000   0.3048   0.0008   0.1110   0.0651   0.3636   0.3615   0.0449   0.0000   0.0074   0.0834    0.229
    22   0.0004  -0.0056   0.0000   0.3048   0.0023   0.1110   0.0646   0.3662   0.3641   0.0155   0.0000   0.0076   0.0832    0.229
    23   0.0012  -0.0155   0.0000   0.3048   0.0037   0.1109   0.0644   0.3661   0.3641   0.0138   0.0000   0.0081   0.0827    0.228
    24   0.0022  -0.0299   0.0000   0.3048   0.0051   0.1107   0.0646   0.3657   0.3636   0.0132   0.0000   0.0087   0.0819    0.226
    25   0.0037  -0.0487   0.0000   0.3048   0.0063   0.1104   0.0650   0.3645   0.3625   0.0128   0.0000   0.0095   0.0808    0.224
    26   0.0053  -0.0712   0.0000   0.3048   0.0074   0.1097   0.0657   0.3624   0.3603   0.0124   0.0000   0.0103   0.0795    0.222
    27   0.0073  -0.0970   0.0000   0.3048   0.0083   0.1086   0.0666   0.3587   0.3567   0.0121   0.0000   0.0110   0.0778    0.219
    28   0.0094  -0.1254   0.0000   0.3048   0.0090   0.1069   0.0677   0.3530   0.3510   0.0118   0.0000   0.0118   0.0757    0.216
    29   0.0117  -0.1558   0.0000   0.3048   0.0095   0.1044   0.0691   0.3448   0.3429   0.0115   0.0000   0.0126   0.0728    0.213
    30   0.0141  -0.1873   0.0000   0.3048   0.0097   0.1010   0.0707   0.3336   0.3318   0.0112   0.0000   0.0135   0.0692    0.209
    31   0.0164  -0.2191   0.0000   0.3048   0.0097   0.0966   0.0725   0.3190   0.3172   0.0108   0.0000   0.0145   0.0646    0.204
    32   0.0188  -0.2506   0.0000   0.3048   0.0095   0.0910   0.0743   0.3005   0.2989   0.0104   0.0000   0.0155   0.0590    0.198
    33   0.0211  -0.2810   0.0000   0.3048   0.0090   0.0842   0.0760   0.2779   0.2763   0.0098   0.0000   0.0165   0.0523    0.190
    34   0.0232  -0.3094   0.0000   0.3048   0.0083   0.0760   0.0773   0.2509   0.2495   0.0090   0.0000   0.0174   0.0448    0.180
    35   0.0252  -0.3352   0.0000   0.3048   0.0074   0.0665   0.0778   0.2197   0.2185   0.0081   0.0000   0.0178   0.0367    0.169
    36   0.0268  -0.3577   0.0000   0.3048   0.0063   0.0559   0.0773   0.1846   0.1836   0.0069   0.0000   0.0174   0.0283    0.155
    37   0.0283  -0.3765   0.0000   0.3048   0.0051   0.0443   0.0755   0.1462   0.1454   0.0056   0.0000   0.0160   0.0203    0.140
    38   0.0293  -0.3909   0.0000   0.3048   0.0037   0.0320   0.0723   0.1056   0.1050   0.0040   0.0000   0.0131   0.0131    0.125
    39   0.0301  -0.4008   0.0000   0.3048   0.0023   0.0193   0.0682   0.0636   0.0633   0.0022   0.0000   0.0087   0.0071    0.112
    40   0.0305  -0.4058   0.0000   0.3048   0.0008   0.0064   0.0655   0.0212   0.0211   0.0005   0.0000   0.0031   0.0022    0.105
 ---------------------------------------------------------------
