 ---------------------------------------------------------------
 Surface and Strip Forces by surface

  Sref = 0.20440       Cref = 0.25250       Bref = 0.81280    
  Xref = 0.10920       Yref =  0.0000       Zref =  0.0000    

  Surface # 1     Wing                                    
     # Chordwise = 10   # Spanwise = 20     First strip =  1
     Surface area Ssurf =    0.113548     Ave. chord Cave =    0.279400

 Forces referred to Sref, Cref, Bref about Xref, Yref, Zref
 Standard axis orientation,  X fwd, Z down         
     CLsurf  =   0.17771     Clsurf  =  -0.03876
     CYsurf  =   0.00408     Cmsurf  =  -0.01462
     CDsurf  =   0.00676     Cnsurf  =  -0.00431
     CDisurf =   0.00676     CDvsurf =   0.00000

 Forces referred to Ssurf, Cave 
     CLsurf  =   0.31990     CDsurf  =   0.01217

 Strip Forces referred to Strip Area, Chord
    j     Xle      Yle      Zle      Chord    Area     c_cl     ai     cl_norm    cl       cd       cdv    cm_c/4     cm_LE   C.P.x/c
     1   0.0002   0.0006   0.0000   0.2794   0.0007   0.1066   0.0539   0.4246   0.3670   0.1679   0.0000  -0.0117  -0.0995    0.282
     2   0.0022   0.0056   0.0000   0.2794   0.0021   0.1065   0.0524   0.4399   0.3802   0.0301   0.0000  -0.0108  -0.0986    0.278
     3   0.0062   0.0155   0.0000   0.2794   0.0034   0.1066   0.0529   0.4408   0.3809   0.0227   0.0000  -0.0080  -0.0960    0.271
     4   0.0119   0.0299   0.0000   0.2794   0.0047   0.1066   0.0547   0.4413   0.3814   0.0203   0.0000  -0.0043  -0.0926    0.261
     5   0.0194   0.0487   0.0000   0.2794   0.0058   0.1067   0.0572   0.4419   0.3819   0.0183   0.0000  -0.0006  -0.0892    0.252
     6   0.0284   0.0712   0.0000   0.2794   0.0068   0.1067   0.0600   0.4419   0.3819   0.0164   0.0000   0.0028  -0.0861    0.243
     7   0.0387   0.0970   0.0000   0.2794   0.0076   0.1063   0.0630   0.4406   0.3808   0.0149   0.0000   0.0057  -0.0831    0.235
     8   0.0500   0.1254   0.0000   0.2794   0.0082   0.1054   0.0661   0.4372   0.3778   0.0136   0.0000   0.0081  -0.0801    0.228
     9   0.0621   0.1558   0.0000   0.2794   0.0087   0.1039   0.0694   0.4308   0.3724   0.0125   0.0000   0.0104  -0.0767    0.222
    10   0.0746   0.1873   0.0000   0.2794   0.0089   0.1014   0.0728   0.4207   0.3636   0.0115   0.0000   0.0126  -0.0726    0.215
    11   0.0873   0.2191   0.0000   0.2794   0.0089   0.0979   0.0764   0.4059   0.3508   0.0105   0.0000   0.0149  -0.0675    0.207
    12   0.0998   0.2506   0.0000   0.2794   0.0087   0.0930   0.0798   0.3857   0.3334   0.0095   0.0000   0.0174  -0.0611    0.198
    13   0.1119   0.2810   0.0000   0.2794   0.0082   0.0866   0.0829   0.3594   0.3106   0.0083   0.0000   0.0199  -0.0536    0.186
    14   0.1232   0.3094   0.0000   0.2794   0.0076   0.0787   0.0852   0.3266   0.2823   0.0071   0.0000   0.0222  -0.0448    0.172
    15   0.1335   0.3352   0.0000   0.2794   0.0068   0.0692   0.0863   0.2874   0.2484   0.0057   0.0000   0.0239  -0.0354    0.154
    16   0.1425   0.3577   0.0000   0.2794   0.0058   0.0583   0.0857   0.2423   0.2094   0.0042   0.0000   0.0244  -0.0259    0.134
    17   0.1500   0.3765   0.0000   0.2794   0.0047   0.0463   0.0832   0.1922   0.1662   0.0028   0.0000   0.0230  -0.0171    0.112
    18   0.1557   0.3909   0.0000   0.2794   0.0034   0.0334   0.0790   0.1389   0.1200   0.0013   0.0000   0.0192  -0.0099    0.090
    19   0.1597   0.4008   0.0000   0.2794   0.0021   0.0201   0.0740   0.0837   0.0724  -0.0002   0.0000   0.0128  -0.0048    0.073
    20   0.1617   0.4058   0.0000   0.2794   0.0007   0.0067   0.0709   0.0281   0.0242  -0.0012   0.0000   0.0045  -0.0014    0.064

  Surface # 2     Wing (YDUP)                             
     # Chordwise = 10   # Spanwise = 20     First strip = 21
     Surface area Ssurf =    0.113548     Ave. chord Cave =    0.279400

 Forces referred to Sref, Cref, Bref about Xref, Yref, Zref
 Standard axis orientation,  X fwd, Z down         
     CLsurf  =   0.17771     Clsurf  =   0.03876
     CYsurf  =  -0.00408     Cmsurf  =  -0.01462
     CDsurf  =   0.00676     Cnsurf  =   0.00431
     CDisurf =   0.00676     CDvsurf =   0.00000

 Forces referred to Ssurf, Cave 
     CLsurf  =   0.31990     CDsurf  =   0.01217

 Strip Forces referred to Strip Area, Chord
    j     Xle      Yle      Zle      Chord    Area     c_cl     ai     cl_norm    cl       cd       cdv    cm_c/4     cm_LE   C.P.x/c
    21   0.0002  -0.0006   0.0000   0.2794   0.0007   0.1066   0.0539   0.4246   0.3670   0.1679   0.0000  -0.0117   0.0995    0.282
    22   0.0022  -0.0056   0.0000   0.2794   0.0021   0.1065   0.0524   0.4399   0.3802   0.0301   0.0000  -0.0108   0.0986    0.278
    23   0.0062  -0.0155   0.0000   0.2794   0.0034   0.1066   0.0529   0.4408   0.3809   0.0227   0.0000  -0.0080   0.0960    0.271
    24   0.0119  -0.0299   0.0000   0.2794   0.0047   0.1066   0.0547   0.4413   0.3814   0.0203   0.0000  -0.0043   0.0926    0.261
    25   0.0194  -0.0487   0.0000   0.2794   0.0058   0.1067   0.0572   0.4419   0.3819   0.0183   0.0000  -0.0006   0.0892    0.252
    26   0.0284  -0.0712   0.0000   0.2794   0.0068   0.1067   0.0600   0.4419   0.3819   0.0164   0.0000   0.0028   0.0861    0.243
    27   0.0387  -0.0970   0.0000   0.2794   0.0076   0.1063   0.0630   0.4406   0.3808   0.0149   0.0000   0.0057   0.0831    0.235
    28   0.0500  -0.1254   0.0000   0.2794   0.0082   0.1054   0.0661   0.4372   0.3778   0.0136   0.0000   0.0081   0.0801    0.228
    29   0.0621  -0.1558   0.0000   0.2794   0.0087   0.1039   0.0694   0.4308   0.3724   0.0125   0.0000   0.0104   0.0767    0.222
    30   0.0746  -0.1873   0.0000   0.2794   0.0089   0.1014   0.0728   0.4207   0.3636   0.0115   0.0000   0.0126   0.0726    0.215
    31   0.0873  -0.2191   0.0000   0.2794   0.0089   0.0979   0.0764   0.4059   0.3508   0.0105   0.0000   0.0149   0.0675    0.207
    32   0.0998  -0.2506   0.0000   0.2794   0.0087   0.0930   0.0798   0.3857   0.3334   0.0095   0.0000   0.0174   0.0611    0.198
    33   0.1119  -0.2810   0.0000   0.2794   0.0082   0.0866   0.0829   0.3594   0.3106   0.0083   0.0000   0.0199   0.0536    0.186
    34   0.1232  -0.3094   0.0000   0.2794   0.0076   0.0787   0.0852   0.3266   0.2823   0.0071   0.0000   0.0222   0.0448    0.172
    35   0.1335  -0.3352   0.0000   0.2794   0.0068   0.0692   0.0863   0.2874   0.2484   0.0057   0.0000   0.0239   0.0354    0.154
    36   0.1425  -0.3577   0.0000   0.2794   0.0058   0.0583   0.0857   0.2423   0.2094   0.0042   0.0000   0.0244   0.0259    0.134
    37   0.1500  -0.3765   0.0000   0.2794   0.0047   0.0463   0.0832   0.1922   0.1662   0.0028   0.0000   0.0230   0.0171    0.112
    38   0.1557  -0.3909   0.0000   0.2794   0.0034   0.0334   0.0790   0.1389   0.1200   0.0013   0.0000   0.0192   0.0099    0.090
    39   0.1597  -0.4008   0.0000   0.2794   0.0021   0.0201   0.0740   0.0837   0.0724  -0.0002   0.0000   0.0128   0.0048    0.073
    40   0.1617  -0.4058   0.0000   0.2794   0.0007   0.0067   0.0709   0.0281   0.0242  -0.0012   0.0000   0.0045   0.0014    0.064
 ---------------------------------------------------------------
