 ---------------------------------------------------------------
 Surface and Strip Forces by surface

  Sref = 0.13910       Cref = 0.20760       Bref = 0.71120    
  Xref = 0.10920       Yref =  0.0000       Zref =  0.0000    

  Surface # 1     Wing                                    
     # Chordwise = 10   # Spanwise = 20     First strip =  1
     Surface area Ssurf =    0.099355     Ave. chord Cave =    0.279400

 Forces referred to Sref, Cref, Bref about Xref, Yref, Zref
 Standard axis orientation,  X fwd, Z down         
     CLsurf  =   0.26114     Clsurf  =  -0.05622
     CYsurf  =   0.00379     Cmsurf  =   0.02510
     CDsurf  =   0.01255     Cnsurf  =  -0.00589
     CDisurf =   0.01255     CDvsurf =   0.00000

 Forces referred to Ssurf, Cave 
     CLsurf  =   0.36560     CDsurf  =   0.01758

 Strip Forces referred to Strip Area, Chord
    j     Xle      Yle      Zle      Chord    Area     c_cl     ai     cl_norm    cl       cd       cdv    cm_c/4     cm_LE   C.P.x/c
     1   0.0001   0.0005   0.0000   0.2794   0.0006   0.1255   0.0816   0.4524   0.4344   0.1518   0.0000   0.0008  -0.1092    0.248
     2   0.0010   0.0049   0.0000   0.2794   0.0018   0.1255   0.0807   0.4670   0.4484   0.0342   0.0000   0.0013  -0.1088    0.247
     3   0.0028   0.0135   0.0000   0.2794   0.0030   0.1255   0.0806   0.4677   0.4490   0.0272   0.0000   0.0027  -0.1073    0.244
     4   0.0054   0.0262   0.0000   0.2794   0.0041   0.1254   0.0813   0.4675   0.4489   0.0250   0.0000   0.0048  -0.1052    0.239
     5   0.0087   0.0426   0.0000   0.2794   0.0051   0.1251   0.0825   0.4667   0.4481   0.0234   0.0000   0.0070  -0.1028    0.234
     6   0.0128   0.0623   0.0000   0.2794   0.0059   0.1245   0.0842   0.4647   0.4461   0.0219   0.0000   0.0092  -0.1001    0.229
     7   0.0174   0.0849   0.0000   0.2794   0.0066   0.1234   0.0861   0.4609   0.4425   0.0207   0.0000   0.0112  -0.0973    0.225
     8   0.0225   0.1098   0.0000   0.2794   0.0072   0.1217   0.0883   0.4546   0.4364   0.0196   0.0000   0.0130  -0.0939    0.220
     9   0.0280   0.1363   0.0000   0.2794   0.0076   0.1192   0.0908   0.4450   0.4273   0.0187   0.0000   0.0148  -0.0899    0.215
    10   0.0336   0.1638   0.0000   0.2794   0.0078   0.1155   0.0935   0.4316   0.4143   0.0177   0.0000   0.0166  -0.0850    0.210
    11   0.0394   0.1918   0.0000   0.2794   0.0078   0.1107   0.0962   0.4135   0.3970   0.0167   0.0000   0.0185  -0.0789    0.203
    12   0.0450   0.2193   0.0000   0.2794   0.0076   0.1045   0.0989   0.3902   0.3747   0.0156   0.0000   0.0203  -0.0716    0.196
    13   0.0505   0.2458   0.0000   0.2794   0.0072   0.0967   0.1014   0.3614   0.3470   0.0144   0.0000   0.0221  -0.0632    0.186
    14   0.0556   0.2707   0.0000   0.2794   0.0066   0.0875   0.1032   0.3268   0.3138   0.0129   0.0000   0.0235  -0.0537    0.175
    15   0.0602   0.2933   0.0000   0.2794   0.0059   0.0767   0.1041   0.2865   0.2751   0.0113   0.0000   0.0242  -0.0435    0.162
    16   0.0643   0.3130   0.0000   0.2794   0.0051   0.0645   0.1036   0.2411   0.2315   0.0094   0.0000   0.0237  -0.0333    0.147
    17   0.0676   0.3294   0.0000   0.2794   0.0041   0.0512   0.1017   0.1913   0.1837   0.0073   0.0000   0.0217  -0.0236    0.132
    18   0.0702   0.3421   0.0000   0.2794   0.0030   0.0370   0.0985   0.1384   0.1329   0.0050   0.0000   0.0177  -0.0151    0.117
    19   0.0720   0.3507   0.0000   0.2794   0.0018   0.0224   0.0945   0.0836   0.0803   0.0024   0.0000   0.0117  -0.0082    0.105
    20   0.0729   0.3551   0.0000   0.2794   0.0006   0.0075   0.0920   0.0280   0.0269   0.0001   0.0000   0.0041  -0.0026    0.099

  Surface # 2     Wing (YDUP)                             
     # Chordwise = 10   # Spanwise = 20     First strip = 21
     Surface area Ssurf =    0.099355     Ave. chord Cave =    0.279400

 Forces referred to Sref, Cref, Bref about Xref, Yref, Zref
 Standard axis orientation,  X fwd, Z down         
     CLsurf  =   0.26114     Clsurf  =   0.05622
     CYsurf  =  -0.00379     Cmsurf  =   0.02510
     CDsurf  =   0.01255     Cnsurf  =   0.00589
     CDisurf =   0.01255     CDvsurf =   0.00000

 Forces referred to Ssurf, Cave 
     CLsurf  =   0.36560     CDsurf  =   0.01758

 Strip Forces referred to Strip Area, Chord
    j     Xle      Yle      Zle      Chord    Area     c_cl     ai     cl_norm    cl       cd       cdv    cm_c/4     cm_LE   C.P.x/c
    21   0.0001  -0.0005   0.0000   0.2794   0.0006   0.1255   0.0816   0.4524   0.4344   0.1518   0.0000   0.0008   0.1092    0.248
    22   0.0010  -0.0049   0.0000   0.2794   0.0018   0.1255   0.0807   0.4670   0.4484   0.0342   0.0000   0.0013   0.1088    0.247
    23   0.0028  -0.0135   0.0000   0.2794   0.0030   0.1255   0.0806   0.4677   0.4490   0.0272   0.0000   0.0027   0.1073    0.244
    24   0.0054  -0.0262   0.0000   0.2794   0.0041   0.1254   0.0813   0.4675   0.4489   0.0250   0.0000   0.0048   0.1052    0.239
    25   0.0087  -0.0426   0.0000   0.2794   0.0051   0.1251   0.0825   0.4667   0.4481   0.0234   0.0000   0.0070   0.1028    0.234
    26   0.0128  -0.0623   0.0000   0.2794   0.0059   0.1245   0.0842   0.4647   0.4461   0.0219   0.0000   0.0092   0.1001    0.229
    27   0.0174  -0.0849   0.0000   0.2794   0.0066   0.1234   0.0861   0.4609   0.4425   0.0207   0.0000   0.0112   0.0973    0.225
    28   0.0225  -0.1098   0.0000   0.2794   0.0072   0.1217   0.0883   0.4546   0.4364   0.0196   0.0000   0.0130   0.0939    0.220
    29   0.0280  -0.1363   0.0000   0.2794   0.0076   0.1192   0.0908   0.4450   0.4273   0.0187   0.0000   0.0148   0.0899    0.215
    30   0.0336  -0.1638   0.0000   0.2794   0.0078   0.1155   0.0935   0.4316   0.4143   0.0177   0.0000   0.0166   0.0850    0.210
    31   0.0394  -0.1918   0.0000   0.2794   0.0078   0.1107   0.0962   0.4135   0.3970   0.0167   0.0000   0.0185   0.0789    0.203
    32   0.0450  -0.2193   0.0000   0.2794   0.0076   0.1045   0.0989   0.3902   0.3747   0.0156   0.0000   0.0203   0.0716    0.196
    33   0.0505  -0.2458   0.0000   0.2794   0.0072   0.0967   0.1014   0.3614   0.3470   0.0144   0.0000   0.0221   0.0632    0.186
    34   0.0556  -0.2707   0.0000   0.2794   0.0066   0.0875   0.1032   0.3268   0.3138   0.0129   0.0000   0.0235   0.0537    0.175
    35   0.0602  -0.2933   0.0000   0.2794   0.0059   0.0767   0.1041   0.2865   0.2751   0.0113   0.0000   0.0242   0.0435    0.162
    36   0.0643  -0.3130   0.0000   0.2794   0.0051   0.0645   0.1036   0.2411   0.2315   0.0094   0.0000   0.0237   0.0333    0.147
    37   0.0676  -0.3294   0.0000   0.2794   0.0041   0.0512   0.1017   0.1913   0.1837   0.0073   0.0000   0.0217   0.0236    0.132
    38   0.0702  -0.3421   0.0000   0.2794   0.0030   0.0370   0.0985   0.1384   0.1329   0.0050   0.0000   0.0177   0.0151    0.117
    39   0.0720  -0.3507   0.0000   0.2794   0.0018   0.0224   0.0945   0.0836   0.0803   0.0024   0.0000   0.0117   0.0082    0.105
    40   0.0729  -0.3551   0.0000   0.2794   0.0006   0.0075   0.0920   0.0280   0.0269   0.0001   0.0000   0.0041   0.0026    0.099
 ---------------------------------------------------------------
