 ---------------------------------------------------------------
 Surface and Strip Forces by surface

  Sref = 0.16720       Cref = 0.27540       Bref = 0.60960    
  Xref = 0.10920       Yref =  0.0000       Zref =  0.0000    

  Surface # 1     Wing                                    
     # Chordwise = 10   # Spanwise = 20     First strip =  1
     Surface area Ssurf =    0.092903     Ave. chord Cave =    0.304800

 Forces referred to Sref, Cref, Bref about Xref, Yref, Zref
 Standard axis orientation,  X fwd, Z down         
     CLsurf  =   0.21725     Clsurf  =  -0.04657
     CYsurf  =   0.00585     Cmsurf  =   0.00540
     CDsurf  =   0.01457     Cnsurf  =  -0.00820
     CDisurf =   0.01457     CDvsurf =   0.00000

 Forces referred to Ssurf, Cave 
     CLsurf  =   0.39099     CDsurf  =   0.02623

 Strip Forces referred to Strip Area, Chord
    j     Xle      Yle      Zle      Chord    Area     c_cl     ai     cl_norm    cl       cd       cdv    cm_c/4     cm_LE   C.P.x/c
     1   0.0001   0.0005   0.0000   0.3048   0.0006   0.1476   0.1143   0.4841   0.4407   0.3214   0.0000  -0.0011  -0.1164    0.252
     2   0.0013   0.0042   0.0000   0.3048   0.0017   0.1476   0.1131   0.5279   0.4805   0.0604   0.0000  -0.0005  -0.1159    0.251
     3   0.0037   0.0116   0.0000   0.3048   0.0028   0.1475   0.1130   0.5304   0.4828   0.0441   0.0000   0.0013  -0.1141    0.247
     4   0.0071   0.0225   0.0000   0.3048   0.0038   0.1473   0.1138   0.5305   0.4829   0.0400   0.0000   0.0040  -0.1113    0.242
     5   0.0116   0.0365   0.0000   0.3048   0.0047   0.1470   0.1154   0.5296   0.4821   0.0371   0.0000   0.0072  -0.1080    0.235
     6   0.0170   0.0534   0.0000   0.3048   0.0055   0.1462   0.1175   0.5273   0.4800   0.0344   0.0000   0.0105  -0.1043    0.228
     7   0.0231   0.0728   0.0000   0.3048   0.0062   0.1449   0.1199   0.5228   0.4759   0.0320   0.0000   0.0136  -0.1003    0.221
     8   0.0299   0.0941   0.0000   0.3048   0.0067   0.1427   0.1226   0.5153   0.4690   0.0298   0.0000   0.0165  -0.0958    0.215
     9   0.0371   0.1168   0.0000   0.3048   0.0071   0.1395   0.1255   0.5038   0.4586   0.0277   0.0000   0.0193  -0.0906    0.208
    10   0.0446   0.1404   0.0000   0.3048   0.0073   0.1350   0.1284   0.4877   0.4440   0.0256   0.0000   0.0220  -0.0845    0.200
    11   0.0523   0.1644   0.0000   0.3048   0.0073   0.1290   0.1312   0.4663   0.4245   0.0235   0.0000   0.0246  -0.0774    0.192
    12   0.0598   0.1880   0.0000   0.3048   0.0071   0.1214   0.1337   0.4390   0.3996   0.0213   0.0000   0.0269  -0.0692    0.183
    13   0.0670   0.2107   0.0000   0.3048   0.0067   0.1121   0.1356   0.4054   0.3690   0.0189   0.0000   0.0289  -0.0601    0.172
    14   0.0738   0.2320   0.0000   0.3048   0.0062   0.1010   0.1368   0.3656   0.3328   0.0164   0.0000   0.0301  -0.0503    0.160
    15   0.0799   0.2514   0.0000   0.3048   0.0055   0.0883   0.1369   0.3198   0.2911   0.0137   0.0000   0.0303  -0.0402    0.146
    16   0.0853   0.2683   0.0000   0.3048   0.0047   0.0742   0.1357   0.2686   0.2445   0.0109   0.0000   0.0290  -0.0304    0.131
    17   0.0898   0.2823   0.0000   0.3048   0.0038   0.0588   0.1333   0.2130   0.1939   0.0080   0.0000   0.0258  -0.0214    0.117
    18   0.0932   0.2932   0.0000   0.3048   0.0028   0.0425   0.1299   0.1542   0.1404   0.0050   0.0000   0.0205  -0.0137    0.104
    19   0.0956   0.3006   0.0000   0.3048   0.0017   0.0257   0.1263   0.0934   0.0850   0.0019   0.0000   0.0133  -0.0075    0.094
    20   0.0968   0.3043   0.0000   0.3048   0.0006   0.0086   0.1244   0.0315   0.0287  -0.0008   0.0000   0.0046  -0.0024    0.090

  Surface # 2     Wing (YDUP)                             
     # Chordwise = 10   # Spanwise = 20     First strip = 21
     Surface area Ssurf =    0.092903     Ave. chord Cave =    0.304800

 Forces referred to Sref, Cref, Bref about Xref, Yref, Zref
 Standard axis orientation,  X fwd, Z down         
     CLsurf  =   0.21725     Clsurf  =   0.04657
     CYsurf  =  -0.00585     Cmsurf  =   0.00540
     CDsurf  =   0.01457     Cnsurf  =   0.00820
     CDisurf =   0.01457     CDvsurf =   0.00000

 Forces referred to Ssurf, Cave 
     CLsurf  =   0.39099     CDsurf  =   0.02623

 Strip Forces referred to Strip Area, Chord
    j     Xle      Yle      Zle      Chord    Area     c_cl     ai     cl_norm    cl       cd       cdv    cm_c/4     cm_LE   C.P.x/c
    21   0.0001  -0.0005   0.0000   0.3048   0.0006   0.1476   0.1143   0.4841   0.4407   0.3214   0.0000  -0.0011   0.1164    0.252
    22   0.0013  -0.0042   0.0000   0.3048   0.0017   0.1476   0.1131   0.5279   0.4805   0.0604   0.0000  -0.0005   0.1159    0.251
    23   0.0037  -0.0116   0.0000   0.3048   0.0028   0.1475   0.1130   0.5304   0.4828   0.0441   0.0000   0.0013   0.1141    0.247
    24   0.0071  -0.0225   0.0000   0.3048   0.0038   0.1473   0.1138   0.5305   0.4829   0.0400   0.0000   0.0040   0.1113    0.242
    25   0.0116  -0.0365   0.0000   0.3048   0.0047   0.1470   0.1154   0.5296   0.4821   0.0371   0.0000   0.0072   0.1080    0.235
    26   0.0170  -0.0534   0.0000   0.3048   0.0055   0.1462   0.1175   0.5273   0.4800   0.0344   0.0000   0.0105   0.1043    0.228
    27   0.0231  -0.0728   0.0000   0.3048   0.0062   0.1449   0.1199   0.5228   0.4759   0.0320   0.0000   0.0136   0.1003    0.221
    28   0.0299  -0.0941   0.0000   0.3048   0.0067   0.1427   0.1226   0.5153   0.4690   0.0298   0.0000   0.0165   0.0958    0.215
    29   0.0371  -0.1168   0.0000   0.3048   0.0071   0.1395   0.1255   0.5038   0.4586   0.0277   0.0000   0.0193   0.0906    0.208
    30   0.0446  -0.1404   0.0000   0.3048   0.0073   0.1350   0.1284   0.4877   0.4440   0.0256   0.0000   0.0220   0.0845    0.200
    31   0.0523  -0.1644   0.0000   0.3048   0.0073   0.1290   0.1312   0.4663   0.4245   0.0235   0.0000   0.0246   0.0774    0.192
    32   0.0598  -0.1880   0.0000   0.3048   0.0071   0.1214   0.1337   0.4390   0.3996   0.0213   0.0000   0.0269   0.0692    0.183
    33   0.0670  -0.2107   0.0000   0.3048   0.0067   0.1121   0.1356   0.4054   0.3690   0.0189   0.0000   0.0289   0.0601    0.172
    34   0.0738  -0.2320   0.0000   0.3048   0.0062   0.1010   0.1368   0.3656   0.3328   0.0164   0.0000   0.0301   0.0503    0.160
    35   0.0799  -0.2514   0.0000   0.3048   0.0055   0.0883   0.1369   0.3198   0.2911   0.0137   0.0000   0.0303   0.0402    0.146
    36   0.0853  -0.2683   0.0000   0.3048   0.0047   0.0742   0.1357   0.2686   0.2445   0.0109   0.0000   0.0290   0.0304    0.131
    37   0.0898  -0.2823   0.0000   0.3048   0.0038   0.0588   0.1333   0.2130   0.1939   0.0080   0.0000   0.0258   0.0214    0.117
    38   0.0932  -0.2932   0.0000   0.3048   0.0028   0.0425   0.1299   0.1542   0.1404   0.0050   0.0000   0.0205   0.0137    0.104
    39   0.0956  -0.3006   0.0000   0.3048   0.0017   0.0257   0.1263   0.0934   0.0850   0.0019   0.0000   0.0133   0.0075    0.094
    40   0.0968  -0.3043   0.0000   0.3048   0.0006   0.0086   0.1244   0.0315   0.0287  -0.0008   0.0000   0.0046   0.0024    0.090
 ---------------------------------------------------------------
