 ---------------------------------------------------------------
 Surface and Strip Forces by surface

  Sref = 0.10840       Cref = 0.17500       Bref = 0.71120    
  Xref = 0.10920       Yref =  0.0000       Zref =  0.0000    

  Surface # 1     Wing                                    
     # Chordwise = 10   # Spanwise = 20     First strip =  1
     Surface area Ssurf =    0.090322     Ave. chord Cave =    0.254000

 Forces referred to Sref, Cref, Bref about Xref, Yref, Zref
 Standard axis orientation,  X fwd, Z down         
     CLsurf  =   0.33510     Clsurf  =  -0.07273
     CYsurf  =   0.00817     Cmsurf  =   0.01123
     CDsurf  =   0.01642     Cnsurf  =  -0.00941
     CDisurf =   0.01642     CDvsurf =   0.00000

 Forces referred to Ssurf, Cave 
     CLsurf  =   0.40216     CDsurf  =   0.01971

 Strip Forces referred to Strip Area, Chord
    j     Xle      Yle      Zle      Chord    Area     c_cl     ai     cl_norm    cl       cd       cdv    cm_c/4     cm_LE   C.P.x/c
     1   0.0002   0.0005   0.0000   0.2540   0.0006   0.1230   0.0735   0.5058   0.4598   0.2245   0.0000  -0.0089  -0.1238    0.269
     2   0.0016   0.0049   0.0000   0.2540   0.0017   0.1230   0.0727   0.5307   0.4824   0.0444   0.0000  -0.0080  -0.1229    0.267
     3   0.0043   0.0135   0.0000   0.2540   0.0027   0.1230   0.0735   0.5322   0.4838   0.0341   0.0000  -0.0054  -0.1205    0.261
     4   0.0084   0.0262   0.0000   0.2540   0.0037   0.1230   0.0753   0.5328   0.4843   0.0307   0.0000  -0.0018  -0.1171    0.254
     5   0.0136   0.0426   0.0000   0.2540   0.0046   0.1230   0.0778   0.5329   0.4844   0.0280   0.0000   0.0019  -0.1135    0.246
     6   0.0199   0.0623   0.0000   0.2540   0.0054   0.1227   0.0806   0.5322   0.4837   0.0256   0.0000   0.0053  -0.1101    0.239
     7   0.0271   0.0849   0.0000   0.2540   0.0060   0.1221   0.0838   0.5296   0.4814   0.0236   0.0000   0.0083  -0.1066    0.233
     8   0.0350   0.1098   0.0000   0.2540   0.0065   0.1208   0.0871   0.5244   0.4766   0.0219   0.0000   0.0109  -0.1029    0.227
     9   0.0435   0.1363   0.0000   0.2540   0.0069   0.1187   0.0907   0.5155   0.4686   0.0204   0.0000   0.0134  -0.0986    0.221
    10   0.0523   0.1638   0.0000   0.2540   0.0071   0.1156   0.0944   0.5021   0.4564   0.0191   0.0000   0.0159  -0.0933    0.215
    11   0.0612   0.1918   0.0000   0.2540   0.0071   0.1113   0.0983   0.4833   0.4393   0.0177   0.0000   0.0184  -0.0868    0.208
    12   0.0700   0.2193   0.0000   0.2540   0.0069   0.1055   0.1022   0.4582   0.4165   0.0163   0.0000   0.0210  -0.0789    0.200
    13   0.0785   0.2458   0.0000   0.2540   0.0065   0.0981   0.1057   0.4262   0.3874   0.0147   0.0000   0.0236  -0.0695    0.189
    14   0.0864   0.2707   0.0000   0.2540   0.0060   0.0890   0.1085   0.3869   0.3517   0.0129   0.0000   0.0258  -0.0589    0.177
    15   0.0936   0.2933   0.0000   0.2540   0.0054   0.0783   0.1100   0.3403   0.3094   0.0109   0.0000   0.0274  -0.0474    0.162
    16   0.0999   0.3130   0.0000   0.2540   0.0046   0.0660   0.1100   0.2871   0.2610   0.0087   0.0000   0.0275  -0.0357    0.145
    17   0.1051   0.3294   0.0000   0.2540   0.0037   0.0525   0.1082   0.2283   0.2075   0.0064   0.0000   0.0256  -0.0248    0.127
    18   0.1092   0.3421   0.0000   0.2540   0.0027   0.0380   0.1047   0.1654   0.1503   0.0040   0.0000   0.0212  -0.0155    0.109
    19   0.1119   0.3507   0.0000   0.2540   0.0017   0.0230   0.1003   0.1000   0.0909   0.0015   0.0000   0.0141  -0.0081    0.095
    20   0.1133   0.3551   0.0000   0.2540   0.0006   0.0077   0.0975   0.0336   0.0305  -0.0007   0.0000   0.0049  -0.0025    0.088

  Surface # 2     Wing (YDUP)                             
     # Chordwise = 10   # Spanwise = 20     First strip = 21
     Surface area Ssurf =    0.090322     Ave. chord Cave =    0.254000

 Forces referred to Sref, Cref, Bref about Xref, Yref, Zref
 Standard axis orientation,  X fwd, Z down         
     CLsurf  =   0.33510     Clsurf  =   0.07273
     CYsurf  =  -0.00817     Cmsurf  =   0.01123
     CDsurf  =   0.01642     Cnsurf  =   0.00941
     CDisurf =   0.01642     CDvsurf =   0.00000

 Forces referred to Ssurf, Cave 
     CLsurf  =   0.40216     CDsurf  =   0.01971

 Strip Forces referred to Strip Area, Chord
    j     Xle      Yle      Zle      Chord    Area     c_cl     ai     cl_norm    cl       cd       cdv    cm_c/4     cm_LE   C.P.x/c
    21   0.0002  -0.0005   0.0000   0.2540   0.0006   0.1230   0.0735   0.5058   0.4598   0.2245   0.0000  -0.0089   0.1238    0.269
    22   0.0016  -0.0049   0.0000   0.2540   0.0017   0.1230   0.0727   0.5307   0.4824   0.0444   0.0000  -0.0080   0.1229    0.267
    23   0.0043  -0.0135   0.0000   0.2540   0.0027   0.1230   0.0735   0.5322   0.4838   0.0341   0.0000  -0.0054   0.1205    0.261
    24   0.0084  -0.0262   0.0000   0.2540   0.0037   0.1230   0.0753   0.5328   0.4843   0.0307   0.0000  -0.0018   0.1171    0.254
    25   0.0136  -0.0426   0.0000   0.2540   0.0046   0.1230   0.0778   0.5329   0.4844   0.0280   0.0000   0.0019   0.1135    0.246
    26   0.0199  -0.0623   0.0000   0.2540   0.0054   0.1227   0.0806   0.5322   0.4837   0.0256   0.0000   0.0053   0.1101    0.239
    27   0.0271  -0.0849   0.0000   0.2540   0.0060   0.1221   0.0838   0.5296   0.4814   0.0236   0.0000   0.0083   0.1066    0.233
    28   0.0350  -0.1098   0.0000   0.2540   0.0065   0.1208   0.0871   0.5244   0.4766   0.0219   0.0000   0.0109   0.1029    0.227
    29   0.0435  -0.1363   0.0000   0.2540   0.0069   0.1187   0.0907   0.5155   0.4686   0.0204   0.0000   0.0134   0.0986    0.221
    30   0.0523  -0.1638   0.0000   0.2540   0.0071   0.1156   0.0944   0.5021   0.4564   0.0191   0.0000   0.0159   0.0933    0.215
    31   0.0612  -0.1918   0.0000   0.2540   0.0071   0.1113   0.0983   0.4833   0.4393   0.0177   0.0000   0.0184   0.0868    0.208
    32   0.0700  -0.2193   0.0000   0.2540   0.0069   0.1055   0.1022   0.4582   0.4165   0.0163   0.0000   0.0210   0.0789    0.200
    33   0.0785  -0.2458   0.0000   0.2540   0.0065   0.0981   0.1057   0.4262   0.3874   0.0147   0.0000   0.0236   0.0695    0.189
    34   0.0864  -0.2707   0.0000   0.2540   0.0060   0.0890   0.1085   0.3869   0.3517   0.0129   0.0000   0.0258   0.0589    0.177
    35   0.0936  -0.2933   0.0000   0.2540   0.0054   0.0783   0.1100   0.3403   0.3094   0.0109   0.0000   0.0274   0.0474    0.162
    36   0.0999  -0.3130   0.0000   0.2540   0.0046   0.0660   0.1100   0.2871   0.2610   0.0087   0.0000   0.0275   0.0357    0.145
    37   0.1051  -0.3294   0.0000   0.2540   0.0037   0.0525   0.1082   0.2283   0.2075   0.0064   0.0000   0.0256   0.0248    0.127
    38   0.1092  -0.3421   0.0000   0.2540   0.0027   0.0380   0.1047   0.1654   0.1503   0.0040   0.0000   0.0212   0.0155    0.109
    39   0.1119  -0.3507   0.0000   0.2540   0.0017   0.0230   0.1003   0.1000   0.0909   0.0015   0.0000   0.0141   0.0081    0.095
    40   0.1133  -0.3551   0.0000   0.2540   0.0006   0.0077   0.0975   0.0336   0.0305  -0.0007   0.0000   0.0049   0.0025    0.088
 ---------------------------------------------------------------
