 ---------------------------------------------------------------
 Surface and Strip Forces by surface

  Sref = 0.16520       Cref = 0.20320       Bref = 0.81280    
  Xref = 0.10920       Yref =  0.0000       Zref =  0.0000    

  Surface # 1     Wing                                    
     # Chordwise = 10   # Spanwise = 20     First strip =  1
     Surface area Ssurf =    0.082580     Ave. chord Cave =    0.203200

 Forces referred to Sref, Cref, Bref about Xref, Yref, Zref
 Standard axis orientation,  X fwd, Z down         
     CLsurf  =   0.21988     Clsurf  =  -0.04765
     CYsurf  =   0.00000     Cmsurf  =   0.06930
     CDsurf  =   0.00775     Cnsurf  =  -0.00351
     CDisurf =   0.00775     CDvsurf =   0.00000

 Forces referred to Ssurf, Cave 
     CLsurf  =   0.43987     CDsurf  =   0.01549

 Strip Forces referred to Strip Area, Chord
    j     Xle      Yle      Zle      Chord    Area     c_cl     ai     cl_norm    cl       cd       cdv    cm_c/4     cm_LE   C.P.x/c
     1   0.0000   0.0006   0.0000   0.2032   0.0005   0.1089   0.0617   0.5376   0.5376   0.0163   0.0000   0.0092  -0.1248    0.233
     2   0.0000   0.0056   0.0000   0.2032   0.0015   0.1089   0.0617   0.5375   0.5375   0.0163   0.0000   0.0092  -0.1248    0.233
     3   0.0000   0.0155   0.0000   0.2032   0.0025   0.1089   0.0617   0.5373   0.5373   0.0163   0.0000   0.0092  -0.1248    0.233
     4   0.0000   0.0299   0.0000   0.2032   0.0034   0.1087   0.0619   0.5366   0.5366   0.0163   0.0000   0.0092  -0.1246    0.233
     5   0.0000   0.0487   0.0000   0.2032   0.0042   0.1084   0.0621   0.5350   0.5350   0.0163   0.0000   0.0093  -0.1241    0.233
     6   0.0000   0.0712   0.0000   0.2032   0.0049   0.1078   0.0627   0.5320   0.5320   0.0164   0.0000   0.0094  -0.1232    0.232
     7   0.0000   0.0970   0.0000   0.2032   0.0055   0.1068   0.0636   0.5271   0.5271   0.0164   0.0000   0.0097  -0.1217    0.232
     8   0.0000   0.1254   0.0000   0.2032   0.0060   0.1053   0.0649   0.5196   0.5196   0.0165   0.0000   0.0100  -0.1195    0.231
     9   0.0000   0.1558   0.0000   0.2032   0.0063   0.1032   0.0667   0.5090   0.5090   0.0166   0.0000   0.0106  -0.1163    0.229
    10   0.0000   0.1873   0.0000   0.2032   0.0065   0.1002   0.0690   0.4945   0.4945   0.0167   0.0000   0.0113  -0.1120    0.227
    11   0.0000   0.2191   0.0000   0.2032   0.0065   0.0964   0.0719   0.4755   0.4755   0.0167   0.0000   0.0122  -0.1064    0.224
    12   0.0000   0.2506   0.0000   0.2032   0.0063   0.0915   0.0752   0.4511   0.4511   0.0167   0.0000   0.0134  -0.0991    0.220
    13   0.0000   0.2810   0.0000   0.2032   0.0060   0.0853   0.0789   0.4206   0.4206   0.0164   0.0000   0.0148  -0.0902    0.215
    14   0.0000   0.3094   0.0000   0.2032   0.0055   0.0778   0.0827   0.3834   0.3834   0.0159   0.0000   0.0163  -0.0794    0.208
    15   0.0000   0.3352   0.0000   0.2032   0.0049   0.0688   0.0859   0.3391   0.3391   0.0150   0.0000   0.0176  -0.0671    0.198
    16   0.0000   0.3577   0.0000   0.2032   0.0042   0.0584   0.0882   0.2877   0.2877   0.0135   0.0000   0.0182  -0.0536    0.187
    17   0.0000   0.3765   0.0000   0.2032   0.0034   0.0467   0.0888   0.2300   0.2300   0.0115   0.0000   0.0177  -0.0397    0.173
    18   0.0000   0.3909   0.0000   0.2032   0.0025   0.0340   0.0872   0.1672   0.1672   0.0088   0.0000   0.0154  -0.0264    0.158
    19   0.0000   0.4008   0.0000   0.2032   0.0015   0.0205   0.0835   0.1011   0.1011   0.0055   0.0000   0.0107  -0.0146    0.144
    20   0.0000   0.4058   0.0000   0.2032   0.0005   0.0069   0.0800   0.0338   0.0338   0.0019   0.0000   0.0039  -0.0046    0.135

  Surface # 2     Wing (YDUP)                             
     # Chordwise = 10   # Spanwise = 20     First strip = 21
     Surface area Ssurf =    0.082580     Ave. chord Cave =    0.203200

 Forces referred to Sref, Cref, Bref about Xref, Yref, Zref
 Standard axis orientation,  X fwd, Z down         
     CLsurf  =   0.21988     Clsurf  =   0.04765
     CYsurf  =   0.00000     Cmsurf  =   0.06930
     CDsurf  =   0.00775     Cnsurf  =   0.00351
     CDisurf =   0.00775     CDvsurf =   0.00000

 Forces referred to Ssurf, Cave 
     CLsurf  =   0.43987     CDsurf  =   0.01549

 Strip Forces referred to Strip Area, Chord
    j     Xle      Yle      Zle      Chord    Area     c_cl     ai     cl_norm    cl       cd       cdv    cm_c/4     cm_LE   C.P.x/c
    21   0.0000  -0.0006   0.0000   0.2032   0.0005   0.1089   0.0617   0.5376   0.5376   0.0163   0.0000   0.0092   0.1248    0.233
    22   0.0000  -0.0056   0.0000   0.2032   0.0015   0.1089   0.0617   0.5375   0.5375   0.0163   0.0000   0.0092   0.1248    0.233
    23   0.0000  -0.0155   0.0000   0.2032   0.0025   0.1089   0.0617   0.5373   0.5373   0.0163   0.0000   0.0092   0.1248    0.233
    24   0.0000  -0.0299   0.0000   0.2032   0.0034   0.1087   0.0619   0.5366   0.5366   0.0163   0.0000   0.0092   0.1246    0.233
    25   0.0000  -0.0487   0.0000   0.2032   0.0042   0.1084   0.0621   0.5350   0.5350   0.0163   0.0000   0.0093   0.1241    0.233
    26   0.0000  -0.0712   0.0000   0.2032   0.0049   0.1078   0.0627   0.5320   0.5320   0.0164   0.0000   0.0094   0.1232    0.232
    27   0.0000  -0.0970   0.0000   0.2032   0.0055   0.1068   0.0636   0.5271   0.5271   0.0164   0.0000   0.0097   0.1217    0.232
    28   0.0000  -0.1254   0.0000   0.2032   0.0060   0.1053   0.0649   0.5196   0.5196   0.0165   0.0000   0.0100   0.1195    0.231
    29   0.0000  -0.1558   0.0000   0.2032   0.0063   0.1032   0.0667   0.5090   0.5090   0.0166   0.0000   0.0106   0.1163    0.229
    30   0.0000  -0.1873   0.0000   0.2032   0.0065   0.1002   0.0690   0.4945   0.4945   0.0167   0.0000   0.0113   0.1120    0.227
    31   0.0000  -0.2191   0.0000   0.2032   0.0065   0.0964   0.0719   0.4755   0.4755   0.0167   0.0000   0.0122   0.1064    0.224
    32   0.0000  -0.2506   0.0000   0.2032   0.0063   0.0915   0.0752   0.4511   0.4511   0.0167   0.0000   0.0134   0.0991    0.220
    33   0.0000  -0.2810   0.0000   0.2032   0.0060   0.0853   0.0789   0.4206   0.4206   0.0164   0.0000   0.0148   0.0902    0.215
    34   0.0000  -0.3094   0.0000   0.2032   0.0055   0.0778   0.0827   0.3834   0.3834   0.0159   0.0000   0.0163   0.0794    0.208
    35   0.0000  -0.3352   0.0000   0.2032   0.0049   0.0688   0.0859   0.3391   0.3391   0.0150   0.0000   0.0176   0.0671    0.198
    36   0.0000  -0.3577   0.0000   0.2032   0.0042   0.0584   0.0882   0.2877   0.2877   0.0135   0.0000   0.0182   0.0536    0.187
    37   0.0000  -0.3765   0.0000   0.2032   0.0034   0.0467   0.0888   0.2300   0.2300   0.0115   0.0000   0.0177   0.0397    0.173
    38   0.0000  -0.3909   0.0000   0.2032   0.0025   0.0340   0.0872   0.1672   0.1672   0.0088   0.0000   0.0154   0.0264    0.158
    39   0.0000  -0.4008   0.0000   0.2032   0.0015   0.0205   0.0835   0.1011   0.1011   0.0055   0.0000   0.0107   0.0146    0.144
    40   0.0000  -0.4058   0.0000   0.2032   0.0005   0.0069   0.0800   0.0338   0.0338   0.0019   0.0000   0.0039   0.0046    0.135
 ---------------------------------------------------------------
