 ---------------------------------------------------------------
 Surface and Strip Forces by surface

  Sref = 0.13010       Cref = 0.22640       Bref = 0.60960    
  Xref = 0.10920       Yref =  0.0000       Zref =  0.0000    

  Surface # 1     Wing                                    
     # Chordwise = 10   # Spanwise = 20     First strip =  1
     Surface area Ssurf =    0.092903     Ave. chord Cave =    0.304800

 Forces referred to Sref, Cref, Bref about Xref, Yref, Zref
 Standard axis orientation,  X fwd, Z down         
     CLsurf  =   0.27920     Clsurf  =  -0.05961
     CYsurf  =   0.00360     Cmsurf  =   0.03640
     CDsurf  =   0.01813     Cnsurf  =  -0.00748
     CDisurf =   0.01813     CDvsurf =   0.00000

 Forces referred to Ssurf, Cave 
     CLsurf  =   0.39099     CDsurf  =   0.02540

 Strip Forces referred to Strip Area, Chord
    j     Xle      Yle      Zle      Chord    Area     c_cl     ai     cl_norm    cl       cd       cdv    cm_c/4     cm_LE   C.P.x/c
     1   0.0001   0.0005   0.0000   0.3048   0.0006   0.1489   0.1190   0.4775   0.4672   0.1781   0.0000   0.0100  -0.1110    0.229
     2   0.0006   0.0042   0.0000   0.3048   0.0017   0.1489   0.1183   0.4981   0.4873   0.0452   0.0000   0.0102  -0.1107    0.229
     3   0.0017   0.0116   0.0000   0.3048   0.0028   0.1488   0.1180   0.4991   0.4884   0.0368   0.0000   0.0111  -0.1098    0.227
     4   0.0034   0.0225   0.0000   0.3048   0.0038   0.1486   0.1183   0.4987   0.4880   0.0344   0.0000   0.0125  -0.1082    0.224
     5   0.0055   0.0365   0.0000   0.3048   0.0047   0.1481   0.1189   0.4972   0.4865   0.0328   0.0000   0.0140  -0.1062    0.221
     6   0.0080   0.0534   0.0000   0.3048   0.0055   0.1471   0.1200   0.4942   0.4835   0.0314   0.0000   0.0157  -0.1038    0.218
     7   0.0109   0.0728   0.0000   0.3048   0.0062   0.1455   0.1214   0.4889   0.4784   0.0301   0.0000   0.0174  -0.1009    0.214
     8   0.0141   0.0941   0.0000   0.3048   0.0067   0.1430   0.1230   0.4807   0.4703   0.0289   0.0000   0.0190  -0.0973    0.210
     9   0.0175   0.1168   0.0000   0.3048   0.0071   0.1395   0.1249   0.4688   0.4587   0.0276   0.0000   0.0206  -0.0928    0.205
    10   0.0211   0.1404   0.0000   0.3048   0.0073   0.1347   0.1270   0.4527   0.4430   0.0264   0.0000   0.0222  -0.0873    0.200
    11   0.0246   0.1644   0.0000   0.3048   0.0073   0.1285   0.1290   0.4318   0.4225   0.0249   0.0000   0.0238  -0.0807    0.194
    12   0.0282   0.1880   0.0000   0.3048   0.0071   0.1207   0.1310   0.4056   0.3969   0.0234   0.0000   0.0252  -0.0730    0.187
    13   0.0316   0.2107   0.0000   0.3048   0.0067   0.1113   0.1326   0.3740   0.3659   0.0215   0.0000   0.0263  -0.0642    0.178
    14   0.0348   0.2320   0.0000   0.3048   0.0062   0.1002   0.1337   0.3368   0.3296   0.0194   0.0000   0.0269  -0.0547    0.168
    15   0.0377   0.2514   0.0000   0.3048   0.0055   0.0876   0.1339   0.2943   0.2880   0.0171   0.0000   0.0267  -0.0447    0.157
    16   0.0402   0.2683   0.0000   0.3048   0.0047   0.0735   0.1331   0.2471   0.2418   0.0144   0.0000   0.0252  -0.0347    0.146
    17   0.0423   0.2823   0.0000   0.3048   0.0038   0.0583   0.1311   0.1959   0.1917   0.0114   0.0000   0.0223  -0.0252    0.134
    18   0.0440   0.2932   0.0000   0.3048   0.0028   0.0422   0.1282   0.1418   0.1388   0.0080   0.0000   0.0177  -0.0167    0.123
    19   0.0451   0.3006   0.0000   0.3048   0.0017   0.0255   0.1249   0.0858   0.0839   0.0044   0.0000   0.0114  -0.0094    0.114
    20   0.0456   0.3043   0.0000   0.3048   0.0006   0.0085   0.1230   0.0288   0.0282   0.0008   0.0000   0.0040  -0.0030    0.110

  Surface # 2     Wing (YDUP)                             
     # Chordwise = 10   # Spanwise = 20     First strip = 21
     Surface area Ssurf =    0.092903     Ave. chord Cave =    0.304800

 Forces referred to Sref, Cref, Bref about Xref, Yref, Zref
 Standard axis orientation,  X fwd, Z down         
     CLsurf  =   0.27920     Clsurf  =   0.05961
     CYsurf  =  -0.00360     Cmsurf  =   0.03640
     CDsurf  =   0.01813     Cnsurf  =   0.00748
     CDisurf =   0.01813     CDvsurf =   0.00000

 Forces referred to Ssurf, Cave 
     CLsurf  =   0.39099     CDsurf  =   0.02540

 Strip Forces referred to Strip Area, Chord
    j     Xle      Yle      Zle      Chord    Area     c_cl     ai     cl_norm    cl       cd       cdv    cm_c/4     cm_LE   C.P.x/c
    21   0.0001  -0.0005   0.0000   0.3048   0.0006   0.1489   0.1190   0.4775   0.4672   0.1781   0.0000   0.0100   0.1110    0.229
    22   0.0006  -0.0042   0.0000   0.3048   0.0017   0.1489   0.1183   0.4981   0.4873   0.0452   0.0000   0.0102   0.1107    0.229
    23   0.0017  -0.0116   0.0000   0.3048   0.0028   0.1488   0.1180   0.4991   0.4884   0.0368   0.0000   0.0111   0.1098    0.227
    24   0.0034  -0.0225   0.0000   0.3048   0.0038   0.1486   0.1183   0.4987   0.4880   0.0344   0.0000   0.0125   0.1082    0.224
    25   0.0055  -0.0365   0.0000   0.3048   0.0047   0.1481   0.1189   0.4972   0.4865   0.0328   0.0000   0.0140   0.1062    0.221
    26   0.0080  -0.0534   0.0000   0.3048   0.0055   0.1471   0.1200   0.4942   0.4835   0.0314   0.0000   0.0157   0.1038    0.218
    27   0.0109  -0.0728   0.0000   0.3048   0.0062   0.1455   0.1214   0.4889   0.4784   0.0301   0.0000   0.0174   0.1009    0.214
    28   0.0141  -0.0941   0.0000   0.3048   0.0067   0.1430   0.1230   0.4807   0.4703   0.0289   0.0000   0.0190   0.0973    0.210
    29   0.0175  -0.1168   0.0000   0.3048   0.0071   0.1395   0.1249   0.4688   0.4587   0.0276   0.0000   0.0206   0.0928    0.205
    30   0.0211  -0.1404   0.0000   0.3048   0.0073   0.1347   0.1270   0.4527   0.4430   0.0264   0.0000   0.0222   0.0873    0.200
    31   0.0246  -0.1644   0.0000   0.3048   0.0073   0.1285   0.1290   0.4318   0.4225   0.0249   0.0000   0.0238   0.0807    0.194
    32   0.0282  -0.1880   0.0000   0.3048   0.0071   0.1207   0.1310   0.4056   0.3969   0.0234   0.0000   0.0252   0.0730    0.187
    33   0.0316  -0.2107   0.0000   0.3048   0.0067   0.1113   0.1326   0.3740   0.3659   0.0215   0.0000   0.0263   0.0642    0.178
    34   0.0348  -0.2320   0.0000   0.3048   0.0062   0.1002   0.1337   0.3368   0.3296   0.0194   0.0000   0.0269   0.0547    0.168
    35   0.0377  -0.2514   0.0000   0.3048   0.0055   0.0876   0.1339   0.2943   0.2880   0.0171   0.0000   0.0267   0.0447    0.157
    36   0.0402  -0.2683   0.0000   0.3048   0.0047   0.0735   0.1331   0.2471   0.2418   0.0144   0.0000   0.0252   0.0347    0.146
    37   0.0423  -0.2823   0.0000   0.3048   0.0038   0.0583   0.1311   0.1959   0.1917   0.0114   0.0000   0.0223   0.0252    0.134
    38   0.0440  -0.2932   0.0000   0.3048   0.0028   0.0422   0.1282   0.1418   0.1388   0.0080   0.0000   0.0177   0.0167    0.123
    39   0.0451  -0.3006   0.0000   0.3048   0.0017   0.0255   0.1249   0.0858   0.0839   0.0044   0.0000   0.0114   0.0094    0.114
    40   0.0456  -0.3043   0.0000   0.3048   0.0006   0.0085   0.1230   0.0288   0.0282   0.0008   0.0000   0.0040   0.0030    0.110
 ---------------------------------------------------------------
