 ---------------------------------------------------------------
 Surface and Strip Forces by surface

  Sref = 0.10220       Cref = 0.19250       Bref = 0.60960    
  Xref = 0.10920       Yref =  0.0000       Zref =  0.0000    

  Surface # 1     Wing                                    
     # Chordwise = 10   # Spanwise = 20     First strip =  1
     Surface area Ssurf =    0.085161     Ave. chord Cave =    0.279400

 Forces referred to Sref, Cref, Bref about Xref, Yref, Zref
 Standard axis orientation,  X fwd, Z down         
     CLsurf  =   0.35542     Clsurf  =  -0.07672
     CYsurf  =   0.01451     Cmsurf  =  -0.01493
     CDsurf  =   0.02426     Cnsurf  =  -0.01678
     CDisurf =   0.02426     CDvsurf =   0.00000

 Forces referred to Ssurf, Cave 
     CLsurf  =   0.42654     CDsurf  =   0.02911

 Strip Forces referred to Strip Area, Chord
    j     Xle      Yle      Zle      Chord    Area     c_cl     ai     cl_norm    cl       cd       cdv    cm_c/4     cm_LE   C.P.x/c
     1   0.0002   0.0005   0.0000   0.2794   0.0005   0.1449   0.1034   0.5461   0.4559   0.4325   0.0000  -0.0132  -0.1302    0.279
     2   0.0019   0.0042   0.0000   0.2794   0.0016   0.1449   0.1028   0.6145   0.5131   0.0748   0.0000  -0.0123  -0.1294    0.274
     3   0.0052   0.0116   0.0000   0.2794   0.0026   0.1449   0.1039   0.6186   0.5165   0.0536   0.0000  -0.0094  -0.1267    0.268
     4   0.0101   0.0225   0.0000   0.2794   0.0035   0.1449   0.1063   0.6197   0.5174   0.0481   0.0000  -0.0050  -0.1227    0.260
     5   0.0165   0.0365   0.0000   0.2794   0.0043   0.1448   0.1095   0.6200   0.5177   0.0439   0.0000  -0.0001  -0.1181    0.250
     6   0.0241   0.0534   0.0000   0.2794   0.0051   0.1444   0.1132   0.6191   0.5169   0.0401   0.0000   0.0047  -0.1135    0.241
     7   0.0329   0.0728   0.0000   0.2794   0.0057   0.1435   0.1172   0.6158   0.5142   0.0365   0.0000   0.0091  -0.1087    0.232
     8   0.0425   0.0941   0.0000   0.2794   0.0062   0.1418   0.1214   0.6092   0.5086   0.0333   0.0000   0.0131  -0.1037    0.224
     9   0.0527   0.1168   0.0000   0.2794   0.0065   0.1391   0.1257   0.5981   0.4993   0.0304   0.0000   0.0170  -0.0980    0.216
    10   0.0634   0.1404   0.0000   0.2794   0.0067   0.1351   0.1300   0.5814   0.4854   0.0276   0.0000   0.0206  -0.0914    0.207
    11   0.0742   0.1644   0.0000   0.2794   0.0067   0.1296   0.1342   0.5581   0.4660   0.0247   0.0000   0.0242  -0.0837    0.198
    12   0.0849   0.1880   0.0000   0.2794   0.0065   0.1225   0.1379   0.5274   0.4404   0.0218   0.0000   0.0276  -0.0747    0.187
    13   0.0951   0.2107   0.0000   0.2794   0.0062   0.1134   0.1410   0.4889   0.4082   0.0188   0.0000   0.0307  -0.0646    0.175
    14   0.1047   0.2320   0.0000   0.2794   0.0057   0.1026   0.1429   0.4423   0.3692   0.0156   0.0000   0.0330  -0.0536    0.161
    15   0.1135   0.2514   0.0000   0.2794   0.0051   0.0899   0.1435   0.3879   0.3238   0.0124   0.0000   0.0340  -0.0423    0.145
    16   0.1211   0.2683   0.0000   0.2794   0.0043   0.0756   0.1426   0.3265   0.2726   0.0091   0.0000   0.0332  -0.0314    0.128
    17   0.1275   0.2823   0.0000   0.2794   0.0035   0.0600   0.1401   0.2594   0.2166   0.0060   0.0000   0.0300  -0.0216    0.111
    18   0.1324   0.2932   0.0000   0.2794   0.0026   0.0434   0.1364   0.1880   0.1570   0.0030   0.0000   0.0242  -0.0134    0.096
    19   0.1357   0.3006   0.0000   0.2794   0.0016   0.0263   0.1323   0.1140   0.0952   0.0001   0.0000   0.0157  -0.0071    0.085
    20   0.1374   0.3043   0.0000   0.2794   0.0005   0.0088   0.1303   0.0385   0.0322  -0.0022   0.0000   0.0055  -0.0022    0.080

  Surface # 2     Wing (YDUP)                             
     # Chordwise = 10   # Spanwise = 20     First strip = 21
     Surface area Ssurf =    0.085161     Ave. chord Cave =    0.279400

 Forces referred to Sref, Cref, Bref about Xref, Yref, Zref
 Standard axis orientation,  X fwd, Z down         
     CLsurf  =   0.35542     Clsurf  =   0.07672
     CYsurf  =  -0.01451     Cmsurf  =  -0.01493
     CDsurf  =   0.02426     Cnsurf  =   0.01678
     CDisurf =   0.02426     CDvsurf =   0.00000

 Forces referred to Ssurf, Cave 
     CLsurf  =   0.42654     CDsurf  =   0.02911

 Strip Forces referred to Strip Area, Chord
    j     Xle      Yle      Zle      Chord    Area     c_cl     ai     cl_norm    cl       cd       cdv    cm_c/4     cm_LE   C.P.x/c
    21   0.0002  -0.0005   0.0000   0.2794   0.0005   0.1449   0.1034   0.5461   0.4559   0.4325   0.0000  -0.0132   0.1302    0.279
    22   0.0019  -0.0042   0.0000   0.2794   0.0016   0.1449   0.1028   0.6145   0.5131   0.0748   0.0000  -0.0123   0.1294    0.274
    23   0.0052  -0.0116   0.0000   0.2794   0.0026   0.1449   0.1039   0.6186   0.5165   0.0536   0.0000  -0.0094   0.1267    0.268
    24   0.0101  -0.0225   0.0000   0.2794   0.0035   0.1449   0.1063   0.6197   0.5174   0.0481   0.0000  -0.0050   0.1227    0.260
    25   0.0165  -0.0365   0.0000   0.2794   0.0043   0.1448   0.1095   0.6200   0.5177   0.0439   0.0000  -0.0001   0.1181    0.250
    26   0.0241  -0.0534   0.0000   0.2794   0.0051   0.1444   0.1132   0.6191   0.5169   0.0401   0.0000   0.0047   0.1135    0.241
    27   0.0329  -0.0728   0.0000   0.2794   0.0057   0.1435   0.1172   0.6158   0.5142   0.0365   0.0000   0.0091   0.1087    0.232
    28   0.0425  -0.0941   0.0000   0.2794   0.0062   0.1418   0.1214   0.6092   0.5086   0.0333   0.0000   0.0131   0.1037    0.224
    29   0.0527  -0.1168   0.0000   0.2794   0.0065   0.1391   0.1257   0.5981   0.4993   0.0304   0.0000   0.0170   0.0980    0.216
    30   0.0634  -0.1404   0.0000   0.2794   0.0067   0.1351   0.1300   0.5814   0.4854   0.0276   0.0000   0.0206   0.0914    0.207
    31   0.0742  -0.1644   0.0000   0.2794   0.0067   0.1296   0.1342   0.5581   0.4660   0.0247   0.0000   0.0242   0.0837    0.198
    32   0.0849  -0.1880   0.0000   0.2794   0.0065   0.1225   0.1379   0.5274   0.4404   0.0218   0.0000   0.0276   0.0747    0.187
    33   0.0951  -0.2107   0.0000   0.2794   0.0062   0.1134   0.1410   0.4889   0.4082   0.0188   0.0000   0.0307   0.0646    0.175
    34   0.1047  -0.2320   0.0000   0.2794   0.0057   0.1026   0.1429   0.4423   0.3692   0.0156   0.0000   0.0330   0.0536    0.161
    35   0.1135  -0.2514   0.0000   0.2794   0.0051   0.0899   0.1435   0.3879   0.3238   0.0124   0.0000   0.0340   0.0423    0.145
    36   0.1211  -0.2683   0.0000   0.2794   0.0043   0.0756   0.1426   0.3265   0.2726   0.0091   0.0000   0.0332   0.0314    0.128
    37   0.1275  -0.2823   0.0000   0.2794   0.0035   0.0600   0.1401   0.2594   0.2166   0.0060   0.0000   0.0300   0.0216    0.111
    38   0.1324  -0.2932   0.0000   0.2794   0.0026   0.0434   0.1364   0.1880   0.1570   0.0030   0.0000   0.0242   0.0134    0.096
    39   0.1357  -0.3006   0.0000   0.2794   0.0016   0.0263   0.1323   0.1140   0.0952   0.0001   0.0000   0.0157   0.0071    0.085
    40   0.1374  -0.3043   0.0000   0.2794   0.0005   0.0088   0.1303   0.0385   0.0322  -0.0022   0.0000   0.0055   0.0022    0.080
 ---------------------------------------------------------------
