 ---------------------------------------------------------------
 Surface and Strip Forces by surface

  Sref = 0.11560       Cref = 0.15090       Bref = 0.81280    
  Xref = 0.10920       Yref =  0.0000       Zref =  0.0000    

  Surface # 1     Wing                                    
     # Chordwise = 10   # Spanwise = 20     First strip =  1
     Surface area Ssurf =    0.082580     Ave. chord Cave =    0.203200

 Forces referred to Sref, Cref, Bref about Xref, Yref, Zref
 Standard axis orientation,  X fwd, Z down         
     CLsurf  =   0.31422     Clsurf  =  -0.06874
     CYsurf  =   0.00388     Cmsurf  =   0.07329
     CDsurf  =   0.01147     Cnsurf  =  -0.00612
     CDisurf =   0.01147     CDvsurf =   0.00000

 Forces referred to Ssurf, Cave 
     CLsurf  =   0.43987     CDsurf  =   0.01606

 Strip Forces referred to Strip Area, Chord
    j     Xle      Yle      Zle      Chord    Area     c_cl     ai     cl_norm    cl       cd       cdv    cm_c/4     cm_LE   C.P.x/c
     1   0.0001   0.0006   0.0000   0.2032   0.0005   0.1063   0.0540   0.5281   0.5147   0.1029   0.0000  -0.0031  -0.1321    0.256
     2   0.0009   0.0056   0.0000   0.2032   0.0015   0.1063   0.0537   0.5367   0.5231   0.0282   0.0000  -0.0023  -0.1313    0.254
     3   0.0025   0.0155   0.0000   0.2032   0.0025   0.1063   0.0544   0.5373   0.5237   0.0236   0.0000  -0.0002  -0.1293    0.250
     4   0.0049   0.0299   0.0000   0.2032   0.0034   0.1063   0.0558   0.5377   0.5241   0.0215   0.0000   0.0022  -0.1269    0.246
     5   0.0079   0.0487   0.0000   0.2032   0.0042   0.1063   0.0576   0.5378   0.5242   0.0198   0.0000   0.0045  -0.1247    0.241
     6   0.0116   0.0712   0.0000   0.2032   0.0049   0.1061   0.0596   0.5370   0.5233   0.0185   0.0000   0.0064  -0.1226    0.238
     7   0.0158   0.0970   0.0000   0.2032   0.0055   0.1056   0.0619   0.5345   0.5209   0.0176   0.0000   0.0079  -0.1204    0.235
     8   0.0204   0.1254   0.0000   0.2032   0.0060   0.1046   0.0643   0.5296   0.5161   0.0169   0.0000   0.0092  -0.1179    0.232
     9   0.0253   0.1558   0.0000   0.2032   0.0063   0.1030   0.0672   0.5214   0.5082   0.0164   0.0000   0.0105  -0.1147    0.229
    10   0.0304   0.1873   0.0000   0.2032   0.0065   0.1006   0.0704   0.5092   0.4962   0.0160   0.0000   0.0119  -0.1104    0.226
    11   0.0356   0.2191   0.0000   0.2032   0.0065   0.0972   0.0742   0.4919   0.4794   0.0157   0.0000   0.0134  -0.1048    0.222
    12   0.0407   0.2506   0.0000   0.2032   0.0063   0.0926   0.0784   0.4688   0.4569   0.0152   0.0000   0.0152  -0.0974    0.217
    13   0.0456   0.2810   0.0000   0.2032   0.0060   0.0867   0.0828   0.4388   0.4277   0.0146   0.0000   0.0173  -0.0882    0.209
    14   0.0502   0.3094   0.0000   0.2032   0.0055   0.0793   0.0870   0.4013   0.3911   0.0137   0.0000   0.0196  -0.0770    0.200
    15   0.0544   0.3352   0.0000   0.2032   0.0049   0.0703   0.0905   0.3558   0.3467   0.0125   0.0000   0.0216  -0.0641    0.188
    16   0.0581   0.3577   0.0000   0.2032   0.0042   0.0597   0.0927   0.3023   0.2946   0.0109   0.0000   0.0228  -0.0501    0.173
    17   0.0611   0.3765   0.0000   0.2032   0.0034   0.0478   0.0928   0.2417   0.2356   0.0089   0.0000   0.0223  -0.0360    0.155
    18   0.0635   0.3909   0.0000   0.2032   0.0025   0.0347   0.0904   0.1757   0.1712   0.0065   0.0000   0.0194  -0.0230    0.137
    19   0.0651   0.4008   0.0000   0.2032   0.0015   0.0210   0.0861   0.1063   0.1036   0.0036   0.0000   0.0134  -0.0122    0.120
    20   0.0659   0.4058   0.0000   0.2032   0.0005   0.0070   0.0824   0.0356   0.0347   0.0006   0.0000   0.0048  -0.0037    0.111

  Surface # 2     Wing (YDUP)                             
     # Chordwise = 10   # Spanwise = 20     First strip = 21
     Surface area Ssurf =    0.082580     Ave. chord Cave =    0.203200

 Forces referred to Sref, Cref, Bref about Xref, Yref, Zref
 Standard axis orientation,  X fwd, Z down         
     CLsurf  =   0.31422     Clsurf  =   0.06874
     CYsurf  =  -0.00388     Cmsurf  =   0.07329
     CDsurf  =   0.01147     Cnsurf  =   0.00612
     CDisurf =   0.01147     CDvsurf =   0.00000

 Forces referred to Ssurf, Cave 
     CLsurf  =   0.43987     CDsurf  =   0.01606

 Strip Forces referred to Strip Area, Chord
    j     Xle      Yle      Zle      Chord    Area     c_cl     ai     cl_norm    cl       cd       cdv    cm_c/4     cm_LE   C.P.x/c
    21   0.0001  -0.0006   0.0000   0.2032   0.0005   0.1063   0.0540   0.5281   0.5147   0.1029   0.0000  -0.0031   0.1321    0.256
    22   0.0009  -0.0056   0.0000   0.2032   0.0015   0.1063   0.0537   0.5367   0.5231   0.0282   0.0000  -0.0023   0.1313    0.254
    23   0.0025  -0.0155   0.0000   0.2032   0.0025   0.1063   0.0544   0.5373   0.5237   0.0236   0.0000  -0.0002   0.1293    0.250
    24   0.0049  -0.0299   0.0000   0.2032   0.0034   0.1063   0.0558   0.5377   0.5241   0.0215   0.0000   0.0022   0.1269    0.246
    25   0.0079  -0.0487   0.0000   0.2032   0.0042   0.1063   0.0576   0.5378   0.5242   0.0198   0.0000   0.0045   0.1247    0.241
    26   0.0116  -0.0712   0.0000   0.2032   0.0049   0.1061   0.0596   0.5370   0.5233   0.0185   0.0000   0.0064   0.1226    0.238
    27   0.0158  -0.0970   0.0000   0.2032   0.0055   0.1056   0.0619   0.5345   0.5209   0.0176   0.0000   0.0079   0.1204    0.235
    28   0.0204  -0.1254   0.0000   0.2032   0.0060   0.1046   0.0643   0.5296   0.5161   0.0169   0.0000   0.0092   0.1179    0.232
    29   0.0253  -0.1558   0.0000   0.2032   0.0063   0.1030   0.0672   0.5214   0.5082   0.0164   0.0000   0.0105   0.1147    0.229
    30   0.0304  -0.1873   0.0000   0.2032   0.0065   0.1006   0.0704   0.5092   0.4962   0.0160   0.0000   0.0119   0.1104    0.226
    31   0.0356  -0.2191   0.0000   0.2032   0.0065   0.0972   0.0742   0.4919   0.4794   0.0157   0.0000   0.0134   0.1048    0.222
    32   0.0407  -0.2506   0.0000   0.2032   0.0063   0.0926   0.0784   0.4688   0.4569   0.0152   0.0000   0.0152   0.0974    0.217
    33   0.0456  -0.2810   0.0000   0.2032   0.0060   0.0867   0.0828   0.4388   0.4277   0.0146   0.0000   0.0173   0.0882    0.209
    34   0.0502  -0.3094   0.0000   0.2032   0.0055   0.0793   0.0870   0.4013   0.3911   0.0137   0.0000   0.0196   0.0770    0.200
    35   0.0544  -0.3352   0.0000   0.2032   0.0049   0.0703   0.0905   0.3558   0.3467   0.0125   0.0000   0.0216   0.0641    0.188
    36   0.0581  -0.3577   0.0000   0.2032   0.0042   0.0597   0.0927   0.3023   0.2946   0.0109   0.0000   0.0228   0.0501    0.173
    37   0.0611  -0.3765   0.0000   0.2032   0.0034   0.0478   0.0928   0.2417   0.2356   0.0089   0.0000   0.0223   0.0360    0.155
    38   0.0635  -0.3909   0.0000   0.2032   0.0025   0.0347   0.0904   0.1757   0.1712   0.0065   0.0000   0.0194   0.0230    0.137
    39   0.0651  -0.4008   0.0000   0.2032   0.0015   0.0210   0.0861   0.1063   0.1036   0.0036   0.0000   0.0134   0.0122    0.120
    40   0.0659  -0.4058   0.0000   0.2032   0.0005   0.0070   0.0824   0.0356   0.0347   0.0006   0.0000   0.0048   0.0037    0.111
 ---------------------------------------------------------------
