 ---------------------------------------------------------------
 Surface and Strip Forces by surface

  Sref = 0.14450       Cref = 0.20740       Bref = 0.71120    
  Xref = 0.10920       Yref =  0.0000       Zref =  0.0000    

  Surface # 1     Wing                                    
     # Chordwise = 10   # Spanwise = 20     First strip =  1
     Surface area Ssurf =    0.090322     Ave. chord Cave =    0.254000

 Forces referred to Sref, Cref, Bref about Xref, Yref, Zref
 Standard axis orientation,  X fwd, Z down         
     CLsurf  =   0.25138     Clsurf  =  -0.05421
     CYsurf  =   0.00305     Cmsurf  =   0.03781
     CDsurf  =   0.01197     Cnsurf  =  -0.00539
     CDisurf =   0.01197     CDvsurf =   0.00000

 Forces referred to Ssurf, Cave 
     CLsurf  =   0.40216     CDsurf  =   0.01914

 Strip Forces referred to Strip Area, Chord
    j     Xle      Yle      Zle      Chord    Area     c_cl     ai     cl_norm    cl       cd       cdv    cm_c/4     cm_LE   C.P.x/c
     1   0.0001   0.0005   0.0000   0.2540   0.0006   0.1251   0.0805   0.4918   0.4799   0.1316   0.0000   0.0021  -0.1195    0.246
     2   0.0008   0.0049   0.0000   0.2540   0.0017   0.1251   0.0798   0.5042   0.4920   0.0339   0.0000   0.0026  -0.1190    0.245
     3   0.0022   0.0135   0.0000   0.2540   0.0027   0.1250   0.0800   0.5048   0.4926   0.0280   0.0000   0.0039  -0.1177    0.242
     4   0.0042   0.0262   0.0000   0.2540   0.0037   0.1249   0.0807   0.5047   0.4924   0.0260   0.0000   0.0058  -0.1157    0.238
     5   0.0068   0.0426   0.0000   0.2540   0.0046   0.1247   0.0820   0.5038   0.4915   0.0245   0.0000   0.0077  -0.1135    0.234
     6   0.0099   0.0623   0.0000   0.2540   0.0054   0.1241   0.0835   0.5016   0.4895   0.0232   0.0000   0.0096  -0.1111    0.230
     7   0.0135   0.0849   0.0000   0.2540   0.0060   0.1231   0.0855   0.4976   0.4855   0.0221   0.0000   0.0113  -0.1084    0.227
     8   0.0174   0.1098   0.0000   0.2540   0.0065   0.1214   0.0877   0.4909   0.4790   0.0212   0.0000   0.0129  -0.1052    0.223
     9   0.0217   0.1363   0.0000   0.2540   0.0069   0.1189   0.0902   0.4808   0.4691   0.0204   0.0000   0.0145  -0.1012    0.219
    10   0.0260   0.1638   0.0000   0.2540   0.0071   0.1153   0.0930   0.4665   0.4552   0.0196   0.0000   0.0161  -0.0962    0.215
    11   0.0305   0.1918   0.0000   0.2540   0.0071   0.1106   0.0960   0.4474   0.4365   0.0187   0.0000   0.0179  -0.0899    0.209
    12   0.0348   0.2193   0.0000   0.2540   0.0069   0.1045   0.0991   0.4227   0.4125   0.0178   0.0000   0.0197  -0.0822    0.202
    13   0.0391   0.2458   0.0000   0.2540   0.0065   0.0970   0.1021   0.3921   0.3826   0.0166   0.0000   0.0214  -0.0731    0.194
    14   0.0430   0.2707   0.0000   0.2540   0.0060   0.0878   0.1045   0.3552   0.3466   0.0152   0.0000   0.0230  -0.0627    0.184
    15   0.0466   0.2933   0.0000   0.2540   0.0054   0.0772   0.1060   0.3120   0.3044   0.0135   0.0000   0.0239  -0.0514    0.172
    16   0.0497   0.3130   0.0000   0.2540   0.0046   0.0650   0.1063   0.2630   0.2566   0.0115   0.0000   0.0237  -0.0398    0.158
    17   0.0523   0.3294   0.0000   0.2540   0.0037   0.0517   0.1050   0.2090   0.2040   0.0092   0.0000   0.0219  -0.0286    0.143
    18   0.0543   0.3421   0.0000   0.2540   0.0027   0.0374   0.1020   0.1514   0.1477   0.0065   0.0000   0.0180  -0.0186    0.128
    19   0.0557   0.3507   0.0000   0.2540   0.0017   0.0226   0.0981   0.0915   0.0893   0.0035   0.0000   0.0120  -0.0101    0.116
    20   0.0564   0.3551   0.0000   0.2540   0.0006   0.0076   0.0954   0.0307   0.0299   0.0006   0.0000   0.0042  -0.0032    0.109

  Surface # 2     Wing (YDUP)                             
     # Chordwise = 10   # Spanwise = 20     First strip = 21
     Surface area Ssurf =    0.090322     Ave. chord Cave =    0.254000

 Forces referred to Sref, Cref, Bref about Xref, Yref, Zref
 Standard axis orientation,  X fwd, Z down         
     CLsurf  =   0.25138     Clsurf  =   0.05421
     CYsurf  =  -0.00305     Cmsurf  =   0.03781
     CDsurf  =   0.01197     Cnsurf  =   0.00539
     CDisurf =   0.01197     CDvsurf =   0.00000

 Forces referred to Ssurf, Cave 
     CLsurf  =   0.40216     CDsurf  =   0.01914

 Strip Forces referred to Strip Area, Chord
    j     Xle      Yle      Zle      Chord    Area     c_cl     ai     cl_norm    cl       cd       cdv    cm_c/4     cm_LE   C.P.x/c
    21   0.0001  -0.0005   0.0000   0.2540   0.0006   0.1251   0.0805   0.4918   0.4799   0.1316   0.0000   0.0021   0.1195    0.246
    22   0.0008  -0.0049   0.0000   0.2540   0.0017   0.1251   0.0798   0.5042   0.4920   0.0339   0.0000   0.0026   0.1190    0.245
    23   0.0022  -0.0135   0.0000   0.2540   0.0027   0.1250   0.0800   0.5048   0.4926   0.0280   0.0000   0.0039   0.1177    0.242
    24   0.0042  -0.0262   0.0000   0.2540   0.0037   0.1249   0.0807   0.5047   0.4924   0.0260   0.0000   0.0058   0.1157    0.238
    25   0.0068  -0.0426   0.0000   0.2540   0.0046   0.1247   0.0820   0.5038   0.4915   0.0245   0.0000   0.0077   0.1135    0.234
    26   0.0099  -0.0623   0.0000   0.2540   0.0054   0.1241   0.0835   0.5016   0.4895   0.0232   0.0000   0.0096   0.1111    0.230
    27   0.0135  -0.0849   0.0000   0.2540   0.0060   0.1231   0.0855   0.4976   0.4855   0.0221   0.0000   0.0113   0.1084    0.227
    28   0.0174  -0.1098   0.0000   0.2540   0.0065   0.1214   0.0877   0.4909   0.4790   0.0212   0.0000   0.0129   0.1052    0.223
    29   0.0217  -0.1363   0.0000   0.2540   0.0069   0.1189   0.0902   0.4808   0.4691   0.0204   0.0000   0.0145   0.1012    0.219
    30   0.0260  -0.1638   0.0000   0.2540   0.0071   0.1153   0.0930   0.4665   0.4552   0.0196   0.0000   0.0161   0.0962    0.215
    31   0.0305  -0.1918   0.0000   0.2540   0.0071   0.1106   0.0960   0.4474   0.4365   0.0187   0.0000   0.0179   0.0899    0.209
    32   0.0348  -0.2193   0.0000   0.2540   0.0069   0.1045   0.0991   0.4227   0.4125   0.0178   0.0000   0.0197   0.0822    0.202
    33   0.0391  -0.2458   0.0000   0.2540   0.0065   0.0970   0.1021   0.3921   0.3826   0.0166   0.0000   0.0214   0.0731    0.194
    34   0.0430  -0.2707   0.0000   0.2540   0.0060   0.0878   0.1045   0.3552   0.3466   0.0152   0.0000   0.0230   0.0627    0.184
    35   0.0466  -0.2933   0.0000   0.2540   0.0054   0.0772   0.1060   0.3120   0.3044   0.0135   0.0000   0.0239   0.0514    0.172
    36   0.0497  -0.3130   0.0000   0.2540   0.0046   0.0650   0.1063   0.2630   0.2566   0.0115   0.0000   0.0237   0.0398    0.158
    37   0.0523  -0.3294   0.0000   0.2540   0.0037   0.0517   0.1050   0.2090   0.2040   0.0092   0.0000   0.0219   0.0286    0.143
    38   0.0543  -0.3421   0.0000   0.2540   0.0027   0.0374   0.1020   0.1514   0.1477   0.0065   0.0000   0.0180   0.0186    0.128
    39   0.0557  -0.3507   0.0000   0.2540   0.0017   0.0226   0.0981   0.0915   0.0893   0.0035   0.0000   0.0120   0.0101    0.116
    40   0.0564  -0.3551   0.0000   0.2540   0.0006   0.0076   0.0954   0.0307   0.0299   0.0006   0.0000   0.0042   0.0032    0.109
 ---------------------------------------------------------------
