 ---------------------------------------------------------------
 Surface and Strip Forces by surface

  Sref = 0.19510       Cref = 0.22640       Bref = 0.91440    
  Xref = 0.10920       Yref =  0.0000       Zref =  0.0000    

  Surface # 1     Wing                                    
     # Chordwise = 10   # Spanwise = 20     First strip =  1
     Surface area Ssurf =    0.139355     Ave. chord Cave =    0.304800

 Forces referred to Sref, Cref, Bref about Xref, Yref, Zref
 Standard axis orientation,  X fwd, Z down         
     CLsurf  =   0.18618     Clsurf  =  -0.04025
     CYsurf  =   0.00154     Cmsurf  =   0.00745
     CDsurf  =   0.00540     Cnsurf  =  -0.00246
     CDisurf =   0.00540     CDvsurf =   0.00000

 Forces referred to Ssurf, Cave 
     CLsurf  =   0.26066     CDsurf  =   0.00756

 Strip Forces referred to Strip Area, Chord
    j     Xle      Yle      Zle      Chord    Area     c_cl     ai     cl_norm    cl       cd       cdv    cm_c/4     cm_LE   C.P.x/c
     1   0.0001   0.0007   0.0000   0.3048   0.0009   0.0971   0.0490   0.3255   0.3145   0.0653   0.0000   0.0002  -0.0781    0.249
     2   0.0012   0.0063   0.0000   0.3048   0.0026   0.0970   0.0477   0.3293   0.3182   0.0146   0.0000   0.0006  -0.0777    0.248
     3   0.0033   0.0174   0.0000   0.3048   0.0042   0.0970   0.0473   0.3293   0.3182   0.0117   0.0000   0.0018  -0.0764    0.244
     4   0.0063   0.0337   0.0000   0.3048   0.0057   0.0969   0.0476   0.3291   0.3180   0.0108   0.0000   0.0034  -0.0748    0.239
     5   0.0103   0.0548   0.0000   0.3048   0.0071   0.0967   0.0485   0.3285   0.3174   0.0100   0.0000   0.0050  -0.0730    0.234
     6   0.0150   0.0801   0.0000   0.3048   0.0083   0.0963   0.0496   0.3273   0.3162   0.0093   0.0000   0.0065  -0.0712    0.229
     7   0.0205   0.1092   0.0000   0.3048   0.0093   0.0956   0.0510   0.3249   0.3139   0.0088   0.0000   0.0079  -0.0693    0.225
     8   0.0265   0.1411   0.0000   0.3048   0.0101   0.0944   0.0526   0.3208   0.3100   0.0084   0.0000   0.0091  -0.0672    0.221
     9   0.0328   0.1752   0.0000   0.3048   0.0106   0.0926   0.0544   0.3146   0.3040   0.0080   0.0000   0.0102  -0.0646    0.216
    10   0.0395   0.2107   0.0000   0.3048   0.0109   0.0900   0.0564   0.3057   0.2954   0.0076   0.0000   0.0114  -0.0613    0.211
    11   0.0462   0.2465   0.0000   0.3048   0.0109   0.0864   0.0585   0.2935   0.2836   0.0072   0.0000   0.0127  -0.0572    0.205
    12   0.0529   0.2820   0.0000   0.3048   0.0106   0.0817   0.0607   0.2777   0.2683   0.0068   0.0000   0.0140  -0.0521    0.198
    13   0.0592   0.3161   0.0000   0.3048   0.0101   0.0759   0.0626   0.2578   0.2491   0.0063   0.0000   0.0154  -0.0460    0.188
    14   0.0652   0.3480   0.0000   0.3048   0.0093   0.0687   0.0641   0.2335   0.2256   0.0057   0.0000   0.0167  -0.0390    0.176
    15   0.0707   0.3771   0.0000   0.3048   0.0083   0.0603   0.0647   0.2049   0.1980   0.0050   0.0000   0.0176  -0.0313    0.161
    16   0.0754   0.4024   0.0000   0.3048   0.0071   0.0507   0.0641   0.1723   0.1664   0.0041   0.0000   0.0177  -0.0235    0.144
    17   0.0794   0.4235   0.0000   0.3048   0.0057   0.0401   0.0619   0.1364   0.1318   0.0031   0.0000   0.0166  -0.0160    0.124
    18   0.0824   0.4398   0.0000   0.3048   0.0042   0.0289   0.0582   0.0983   0.0949   0.0020   0.0000   0.0139  -0.0097    0.104
    19   0.0845   0.4509   0.0000   0.3048   0.0026   0.0174   0.0535   0.0591   0.0571   0.0008   0.0000   0.0093  -0.0048    0.087
    20   0.0856   0.4565   0.0000   0.3048   0.0009   0.0058   0.0503   0.0197   0.0190  -0.0002   0.0000   0.0033  -0.0014    0.077

  Surface # 2     Wing (YDUP)                             
     # Chordwise = 10   # Spanwise = 20     First strip = 21
     Surface area Ssurf =    0.139355     Ave. chord Cave =    0.304800

 Forces referred to Sref, Cref, Bref about Xref, Yref, Zref
 Standard axis orientation,  X fwd, Z down         
     CLsurf  =   0.18618     Clsurf  =   0.04025
     CYsurf  =  -0.00154     Cmsurf  =   0.00745
     CDsurf  =   0.00540     Cnsurf  =   0.00246
     CDisurf =   0.00540     CDvsurf =   0.00000

 Forces referred to Ssurf, Cave 
     CLsurf  =   0.26066     CDsurf  =   0.00756

 Strip Forces referred to Strip Area, Chord
    j     Xle      Yle      Zle      Chord    Area     c_cl     ai     cl_norm    cl       cd       cdv    cm_c/4     cm_LE   C.P.x/c
    21   0.0001  -0.0007   0.0000   0.3048   0.0009   0.0971   0.0490   0.3255   0.3145   0.0653   0.0000   0.0002   0.0781    0.249
    22   0.0012  -0.0063   0.0000   0.3048   0.0026   0.0970   0.0477   0.3293   0.3182   0.0146   0.0000   0.0006   0.0777    0.248
    23   0.0033  -0.0174   0.0000   0.3048   0.0042   0.0970   0.0473   0.3293   0.3182   0.0117   0.0000   0.0018   0.0764    0.244
    24   0.0063  -0.0337   0.0000   0.3048   0.0057   0.0969   0.0476   0.3291   0.3180   0.0108   0.0000   0.0034   0.0748    0.239
    25   0.0103  -0.0548   0.0000   0.3048   0.0071   0.0967   0.0485   0.3285   0.3174   0.0100   0.0000   0.0050   0.0730    0.234
    26   0.0150  -0.0801   0.0000   0.3048   0.0083   0.0963   0.0496   0.3273   0.3162   0.0093   0.0000   0.0065   0.0712    0.229
    27   0.0205  -0.1092   0.0000   0.3048   0.0093   0.0956   0.0510   0.3249   0.3139   0.0088   0.0000   0.0079   0.0693    0.225
    28   0.0265  -0.1411   0.0000   0.3048   0.0101   0.0944   0.0526   0.3208   0.3100   0.0084   0.0000   0.0091   0.0672    0.221
    29   0.0328  -0.1752   0.0000   0.3048   0.0106   0.0926   0.0544   0.3146   0.3040   0.0080   0.0000   0.0102   0.0646    0.216
    30   0.0395  -0.2107   0.0000   0.3048   0.0109   0.0900   0.0564   0.3057   0.2954   0.0076   0.0000   0.0114   0.0613    0.211
    31   0.0462  -0.2465   0.0000   0.3048   0.0109   0.0864   0.0585   0.2935   0.2836   0.0072   0.0000   0.0127   0.0572    0.205
    32   0.0529  -0.2820   0.0000   0.3048   0.0106   0.0817   0.0607   0.2777   0.2683   0.0068   0.0000   0.0140   0.0521    0.198
    33   0.0592  -0.3161   0.0000   0.3048   0.0101   0.0759   0.0626   0.2578   0.2491   0.0063   0.0000   0.0154   0.0460    0.188
    34   0.0652  -0.3480   0.0000   0.3048   0.0093   0.0687   0.0641   0.2335   0.2256   0.0057   0.0000   0.0167   0.0390    0.176
    35   0.0707  -0.3771   0.0000   0.3048   0.0083   0.0603   0.0647   0.2049   0.1980   0.0050   0.0000   0.0176   0.0313    0.161
    36   0.0754  -0.4024   0.0000   0.3048   0.0071   0.0507   0.0641   0.1723   0.1664   0.0041   0.0000   0.0177   0.0235    0.144
    37   0.0794  -0.4235   0.0000   0.3048   0.0057   0.0401   0.0619   0.1364   0.1318   0.0031   0.0000   0.0166   0.0160    0.124
    38   0.0824  -0.4398   0.0000   0.3048   0.0042   0.0289   0.0582   0.0983   0.0949   0.0020   0.0000   0.0139   0.0097    0.104
    39   0.0845  -0.4509   0.0000   0.3048   0.0026   0.0174   0.0535   0.0591   0.0571   0.0008   0.0000   0.0093   0.0048    0.087
    40   0.0856  -0.4565   0.0000   0.3048   0.0009   0.0058   0.0503   0.0197   0.0190  -0.0002   0.0000   0.0033   0.0014    0.077
 ---------------------------------------------------------------
