 ---------------------------------------------------------------
 Surface and Strip Forces by surface

  Sref = 0.12540       Cref = 0.20660       Bref = 0.60960    
  Xref = 0.10920       Yref =  0.0000       Zref =  0.0000    

  Surface # 1     Wing                                    
     # Chordwise = 10   # Spanwise = 20     First strip =  1
     Surface area Ssurf =    0.069677     Ave. chord Cave =    0.228600

 Forces referred to Sref, Cref, Bref about Xref, Yref, Zref
 Standard axis orientation,  X fwd, Z down         
     CLsurf  =   0.28967     Clsurf  =  -0.06293
     CYsurf  =   0.01230     Cmsurf  =   0.00941
     CDsurf  =   0.01957     Cnsurf  =  -0.01270
     CDisurf =   0.01957     CDvsurf =   0.00000

 Forces referred to Ssurf, Cave 
     CLsurf  =   0.52132     CDsurf  =   0.03522

 Strip Forces referred to Strip Area, Chord
    j     Xle      Yle      Zle      Chord    Area     c_cl     ai     cl_norm    cl       cd       cdv    cm_c/4     cm_LE   C.P.x/c
     1   0.0002   0.0005   0.0000   0.2286   0.0004   0.1422   0.0935   0.6391   0.5530   0.4494   0.0000  -0.0174  -0.1605    0.282
     2   0.0017   0.0042   0.0000   0.2286   0.0013   0.1422   0.0942   0.7128   0.6167   0.0852   0.0000  -0.0162  -0.1593    0.276
     3   0.0047   0.0116   0.0000   0.2286   0.0021   0.1423   0.0967   0.7174   0.6207   0.0642   0.0000  -0.0123  -0.1559    0.270
     4   0.0090   0.0225   0.0000   0.2286   0.0029   0.1424   0.1004   0.7194   0.6225   0.0575   0.0000  -0.0070  -0.1511    0.261
     5   0.0147   0.0365   0.0000   0.2286   0.0036   0.1425   0.1047   0.7210   0.6238   0.0520   0.0000  -0.0015  -0.1460    0.252
     6   0.0215   0.0534   0.0000   0.2286   0.0042   0.1424   0.1093   0.7212   0.6241   0.0472   0.0000   0.0036  -0.1411    0.244
     7   0.0292   0.0728   0.0000   0.2286   0.0047   0.1418   0.1142   0.7191   0.6222   0.0431   0.0000   0.0082  -0.1363    0.237
     8   0.0378   0.0941   0.0000   0.2286   0.0051   0.1405   0.1192   0.7132   0.6171   0.0396   0.0000   0.0122  -0.1313    0.230
     9   0.0469   0.1168   0.0000   0.2286   0.0053   0.1383   0.1245   0.7023   0.6076   0.0365   0.0000   0.0160  -0.1255    0.224
    10   0.0564   0.1404   0.0000   0.2286   0.0054   0.1348   0.1300   0.6850   0.5927   0.0336   0.0000   0.0197  -0.1185    0.217
    11   0.0660   0.1644   0.0000   0.2286   0.0054   0.1298   0.1356   0.6602   0.5712   0.0307   0.0000   0.0234  -0.1100    0.209
    12   0.0755   0.1880   0.0000   0.2286   0.0053   0.1232   0.1410   0.6266   0.5422   0.0277   0.0000   0.0272  -0.0997    0.200
    13   0.0846   0.2107   0.0000   0.2286   0.0051   0.1146   0.1459   0.5835   0.5048   0.0245   0.0000   0.0309  -0.0877    0.189
    14   0.0932   0.2320   0.0000   0.2286   0.0047   0.1041   0.1498   0.5302   0.4588   0.0210   0.0000   0.0341  -0.0740    0.176
    15   0.1009   0.2514   0.0000   0.2286   0.0042   0.0917   0.1522   0.4671   0.4041   0.0173   0.0000   0.0361  -0.0595    0.161
    16   0.1077   0.2683   0.0000   0.2286   0.0036   0.0774   0.1527   0.3947   0.3415   0.0134   0.0000   0.0362  -0.0450    0.144
    17   0.1134   0.2823   0.0000   0.2286   0.0029   0.0616   0.1513   0.3145   0.2721   0.0094   0.0000   0.0336  -0.0314    0.127
    18   0.1177   0.2932   0.0000   0.2286   0.0021   0.0447   0.1481   0.2284   0.1976   0.0055   0.0000   0.0276  -0.0198    0.110
    19   0.1207   0.3006   0.0000   0.2286   0.0013   0.0271   0.1439   0.1386   0.1199   0.0016   0.0000   0.0182  -0.0105    0.098
    20   0.1222   0.3043   0.0000   0.2286   0.0004   0.0091   0.1415   0.0469   0.0406  -0.0019   0.0000   0.0064  -0.0033    0.093

  Surface # 2     Wing (YDUP)                             
     # Chordwise = 10   # Spanwise = 20     First strip = 21
     Surface area Ssurf =    0.069677     Ave. chord Cave =    0.228600

 Forces referred to Sref, Cref, Bref about Xref, Yref, Zref
 Standard axis orientation,  X fwd, Z down         
     CLsurf  =   0.28967     Clsurf  =   0.06293
     CYsurf  =  -0.01230     Cmsurf  =   0.00941
     CDsurf  =   0.01957     Cnsurf  =   0.01270
     CDisurf =   0.01957     CDvsurf =   0.00000

 Forces referred to Ssurf, Cave 
     CLsurf  =   0.52132     CDsurf  =   0.03522

 Strip Forces referred to Strip Area, Chord
    j     Xle      Yle      Zle      Chord    Area     c_cl     ai     cl_norm    cl       cd       cdv    cm_c/4     cm_LE   C.P.x/c
    21   0.0002  -0.0005   0.0000   0.2286   0.0004   0.1422   0.0935   0.6391   0.5530   0.4494   0.0000  -0.0174   0.1605    0.282
    22   0.0017  -0.0042   0.0000   0.2286   0.0013   0.1422   0.0942   0.7128   0.6167   0.0852   0.0000  -0.0162   0.1593    0.276
    23   0.0047  -0.0116   0.0000   0.2286   0.0021   0.1423   0.0967   0.7174   0.6207   0.0642   0.0000  -0.0123   0.1559    0.270
    24   0.0090  -0.0225   0.0000   0.2286   0.0029   0.1424   0.1004   0.7194   0.6225   0.0575   0.0000  -0.0070   0.1511    0.261
    25   0.0147  -0.0365   0.0000   0.2286   0.0036   0.1425   0.1047   0.7210   0.6238   0.0520   0.0000  -0.0015   0.1460    0.252
    26   0.0215  -0.0534   0.0000   0.2286   0.0042   0.1424   0.1093   0.7212   0.6241   0.0472   0.0000   0.0036   0.1411    0.244
    27   0.0292  -0.0728   0.0000   0.2286   0.0047   0.1418   0.1142   0.7191   0.6222   0.0431   0.0000   0.0082   0.1363    0.237
    28   0.0378  -0.0941   0.0000   0.2286   0.0051   0.1405   0.1192   0.7132   0.6171   0.0396   0.0000   0.0122   0.1313    0.230
    29   0.0469  -0.1168   0.0000   0.2286   0.0053   0.1383   0.1245   0.7023   0.6076   0.0365   0.0000   0.0160   0.1255    0.224
    30   0.0564  -0.1404   0.0000   0.2286   0.0054   0.1348   0.1300   0.6850   0.5927   0.0336   0.0000   0.0197   0.1185    0.217
    31   0.0660  -0.1644   0.0000   0.2286   0.0054   0.1298   0.1356   0.6602   0.5712   0.0307   0.0000   0.0234   0.1100    0.209
    32   0.0755  -0.1880   0.0000   0.2286   0.0053   0.1232   0.1410   0.6266   0.5422   0.0277   0.0000   0.0272   0.0997    0.200
    33   0.0846  -0.2107   0.0000   0.2286   0.0051   0.1146   0.1459   0.5835   0.5048   0.0245   0.0000   0.0309   0.0877    0.189
    34   0.0932  -0.2320   0.0000   0.2286   0.0047   0.1041   0.1498   0.5302   0.4588   0.0210   0.0000   0.0341   0.0740    0.176
    35   0.1009  -0.2514   0.0000   0.2286   0.0042   0.0917   0.1522   0.4671   0.4041   0.0173   0.0000   0.0361   0.0595    0.161
    36   0.1077  -0.2683   0.0000   0.2286   0.0036   0.0774   0.1527   0.3947   0.3415   0.0134   0.0000   0.0362   0.0450    0.144
    37   0.1134  -0.2823   0.0000   0.2286   0.0029   0.0616   0.1513   0.3145   0.2721   0.0094   0.0000   0.0336   0.0314    0.127
    38   0.1177  -0.2932   0.0000   0.2286   0.0021   0.0447   0.1481   0.2284   0.1976   0.0055   0.0000   0.0276   0.0198    0.110
    39   0.1207  -0.3006   0.0000   0.2286   0.0013   0.0271   0.1439   0.1386   0.1199   0.0016   0.0000   0.0182   0.0105    0.098
    40   0.1222  -0.3043   0.0000   0.2286   0.0004   0.0091   0.1415   0.0469   0.0406  -0.0019   0.0000   0.0064   0.0033    0.093
 ---------------------------------------------------------------
