 ---------------------------------------------------------------
 Surface and Strip Forces by surface

  Sref = 0.14450       Cref = 0.20320       Bref = 0.71120    
  Xref = 0.10920       Yref =  0.0000       Zref =  0.0000    

  Surface # 1     Wing                                    
     # Chordwise = 10   # Spanwise = 20     First strip =  1
     Surface area Ssurf =    0.072258     Ave. chord Cave =    0.203200

 Forces referred to Sref, Cref, Bref about Xref, Yref, Zref
 Standard axis orientation,  X fwd, Z down         
     CLsurf  =   0.25138     Clsurf  =  -0.05469
     CYsurf  =   0.00407     Cmsurf  =   0.04588
     CDsurf  =   0.01201     Cnsurf  =  -0.00616
     CDisurf =   0.01201     CDvsurf =   0.00000

 Forces referred to Ssurf, Cave 
     CLsurf  =   0.50270     CDsurf  =   0.02401

 Strip Forces referred to Strip Area, Chord
    j     Xle      Yle      Zle      Chord    Area     c_cl     ai     cl_norm    cl       cd       cdv    cm_c/4     cm_LE   C.P.x/c
     1   0.0001   0.0005   0.0000   0.2032   0.0004   0.1224   0.0728   0.6028   0.5850   0.1647   0.0000  -0.0034  -0.1516    0.256
     2   0.0009   0.0049   0.0000   0.2032   0.0013   0.1224   0.0727   0.6204   0.6021   0.0433   0.0000  -0.0025  -0.1508    0.254
     3   0.0024   0.0135   0.0000   0.2032   0.0022   0.1224   0.0736   0.6215   0.6032   0.0359   0.0000  -0.0003  -0.1486    0.251
     4   0.0046   0.0262   0.0000   0.2032   0.0030   0.1224   0.0753   0.6220   0.6036   0.0328   0.0000   0.0024  -0.1459    0.246
     5   0.0075   0.0426   0.0000   0.2032   0.0037   0.1223   0.0774   0.6220   0.6036   0.0303   0.0000   0.0051  -0.1431    0.241
     6   0.0110   0.0623   0.0000   0.2032   0.0043   0.1220   0.0798   0.6207   0.6023   0.0284   0.0000   0.0075  -0.1404    0.238
     7   0.0150   0.0849   0.0000   0.2032   0.0048   0.1213   0.0825   0.6173   0.5990   0.0269   0.0000   0.0096  -0.1376    0.234
     8   0.0194   0.1098   0.0000   0.2032   0.0052   0.1200   0.0855   0.6109   0.5929   0.0258   0.0000   0.0114  -0.1342    0.231
     9   0.0240   0.1363   0.0000   0.2032   0.0055   0.1180   0.0889   0.6006   0.5829   0.0249   0.0000   0.0131  -0.1301    0.228
    10   0.0289   0.1638   0.0000   0.2032   0.0057   0.1150   0.0927   0.5854   0.5681   0.0241   0.0000   0.0149  -0.1246    0.224
    11   0.0338   0.1918   0.0000   0.2032   0.0057   0.1108   0.0970   0.5642   0.5476   0.0233   0.0000   0.0169  -0.1176    0.219
    12   0.0387   0.2193   0.0000   0.2032   0.0055   0.1053   0.1016   0.5362   0.5204   0.0224   0.0000   0.0192  -0.1088    0.213
    13   0.0433   0.2458   0.0000   0.2032   0.0052   0.0983   0.1064   0.5004   0.4856   0.0212   0.0000   0.0216  -0.0979    0.206
    14   0.0477   0.2707   0.0000   0.2032   0.0048   0.0896   0.1108   0.4561   0.4426   0.0197   0.0000   0.0240  -0.0850    0.196
    15   0.0517   0.2933   0.0000   0.2032   0.0043   0.0792   0.1143   0.4031   0.3912   0.0177   0.0000   0.0259  -0.0705    0.184
    16   0.0552   0.3130   0.0000   0.2032   0.0037   0.0672   0.1163   0.3417   0.3316   0.0153   0.0000   0.0267  -0.0551    0.169
    17   0.0581   0.3294   0.0000   0.2032   0.0030   0.0536   0.1163   0.2729   0.2648   0.0124   0.0000   0.0256  -0.0398    0.153
    18   0.0603   0.3421   0.0000   0.2032   0.0022   0.0390   0.1141   0.1983   0.1924   0.0090   0.0000   0.0217  -0.0258    0.137
    19   0.0618   0.3507   0.0000   0.2032   0.0013   0.0236   0.1101   0.1201   0.1166   0.0051   0.0000   0.0148  -0.0140    0.123
    20   0.0626   0.3551   0.0000   0.2032   0.0004   0.0079   0.1070   0.0403   0.0391   0.0009   0.0000   0.0053  -0.0044    0.116

  Surface # 2     Wing (YDUP)                             
     # Chordwise = 10   # Spanwise = 20     First strip = 21
     Surface area Ssurf =    0.072258     Ave. chord Cave =    0.203200

 Forces referred to Sref, Cref, Bref about Xref, Yref, Zref
 Standard axis orientation,  X fwd, Z down         
     CLsurf  =   0.25138     Clsurf  =   0.05469
     CYsurf  =  -0.00407     Cmsurf  =   0.04588
     CDsurf  =   0.01201     Cnsurf  =   0.00616
     CDisurf =   0.01201     CDvsurf =   0.00000

 Forces referred to Ssurf, Cave 
     CLsurf  =   0.50270     CDsurf  =   0.02401

 Strip Forces referred to Strip Area, Chord
    j     Xle      Yle      Zle      Chord    Area     c_cl     ai     cl_norm    cl       cd       cdv    cm_c/4     cm_LE   C.P.x/c
    21   0.0001  -0.0005   0.0000   0.2032   0.0004   0.1224   0.0728   0.6028   0.5850   0.1647   0.0000  -0.0034   0.1516    0.256
    22   0.0009  -0.0049   0.0000   0.2032   0.0013   0.1224   0.0727   0.6204   0.6021   0.0433   0.0000  -0.0025   0.1508    0.254
    23   0.0024  -0.0135   0.0000   0.2032   0.0022   0.1224   0.0736   0.6215   0.6032   0.0359   0.0000  -0.0003   0.1486    0.251
    24   0.0046  -0.0262   0.0000   0.2032   0.0030   0.1224   0.0753   0.6220   0.6036   0.0328   0.0000   0.0024   0.1459    0.246
    25   0.0075  -0.0426   0.0000   0.2032   0.0037   0.1223   0.0774   0.6220   0.6036   0.0303   0.0000   0.0051   0.1431    0.241
    26   0.0110  -0.0623   0.0000   0.2032   0.0043   0.1220   0.0798   0.6207   0.6023   0.0284   0.0000   0.0075   0.1404    0.238
    27   0.0150  -0.0849   0.0000   0.2032   0.0048   0.1213   0.0825   0.6173   0.5990   0.0269   0.0000   0.0096   0.1376    0.234
    28   0.0194  -0.1098   0.0000   0.2032   0.0052   0.1200   0.0855   0.6109   0.5929   0.0258   0.0000   0.0114   0.1342    0.231
    29   0.0240  -0.1363   0.0000   0.2032   0.0055   0.1180   0.0889   0.6006   0.5829   0.0249   0.0000   0.0131   0.1301    0.228
    30   0.0289  -0.1638   0.0000   0.2032   0.0057   0.1150   0.0927   0.5854   0.5681   0.0241   0.0000   0.0149   0.1246    0.224
    31   0.0338  -0.1918   0.0000   0.2032   0.0057   0.1108   0.0970   0.5642   0.5476   0.0233   0.0000   0.0169   0.1176    0.219
    32   0.0387  -0.2193   0.0000   0.2032   0.0055   0.1053   0.1016   0.5362   0.5204   0.0224   0.0000   0.0192   0.1088    0.213
    33   0.0433  -0.2458   0.0000   0.2032   0.0052   0.0983   0.1064   0.5004   0.4856   0.0212   0.0000   0.0216   0.0979    0.206
    34   0.0477  -0.2707   0.0000   0.2032   0.0048   0.0896   0.1108   0.4561   0.4426   0.0197   0.0000   0.0240   0.0850    0.196
    35   0.0517  -0.2933   0.0000   0.2032   0.0043   0.0792   0.1143   0.4031   0.3912   0.0177   0.0000   0.0259   0.0705    0.184
    36   0.0552  -0.3130   0.0000   0.2032   0.0037   0.0672   0.1163   0.3417   0.3316   0.0153   0.0000   0.0267   0.0551    0.169
    37   0.0581  -0.3294   0.0000   0.2032   0.0030   0.0536   0.1163   0.2729   0.2648   0.0124   0.0000   0.0256   0.0398    0.153
    38   0.0603  -0.3421   0.0000   0.2032   0.0022   0.0390   0.1141   0.1983   0.1924   0.0090   0.0000   0.0217   0.0258    0.137
    39   0.0618  -0.3507   0.0000   0.2032   0.0013   0.0236   0.1101   0.1201   0.1166   0.0051   0.0000   0.0148   0.0140    0.123
    40   0.0626  -0.3551   0.0000   0.2032   0.0004   0.0079   0.1070   0.0403   0.0391   0.0009   0.0000   0.0053   0.0044    0.116
 ---------------------------------------------------------------
