 ---------------------------------------------------------------
 Surface and Strip Forces by surface

  Sref = 0.11560       Cref = 0.16590       Bref = 0.71120    
  Xref = 0.10920       Yref =  0.0000       Zref =  0.0000    

  Surface # 1     Wing                                    
     # Chordwise = 10   # Spanwise = 20     First strip =  1
     Surface area Ssurf =    0.072258     Ave. chord Cave =    0.203200

 Forces referred to Sref, Cref, Bref about Xref, Yref, Zref
 Standard axis orientation,  X fwd, Z down         
     CLsurf  =   0.31422     Clsurf  =  -0.06795
     CYsurf  =   0.00166     Cmsurf  =   0.10535
     CDsurf  =   0.01465     Cnsurf  =  -0.00653
     CDisurf =   0.01465     CDvsurf =   0.00000

 Forces referred to Ssurf, Cave 
     CLsurf  =   0.50270     CDsurf  =   0.02343

 Strip Forces referred to Strip Area, Chord
    j     Xle      Yle      Zle      Chord    Area     c_cl     ai     cl_norm    cl       cd       cdv    cm_c/4     cm_LE   C.P.x/c
     1   0.0000   0.0005   0.0000   0.2032   0.0004   0.1243   0.0796   0.6096   0.6076   0.0731   0.0000   0.0067  -0.1461    0.239
     2   0.0003   0.0049   0.0000   0.2032   0.0013   0.1243   0.0795   0.6154   0.6134   0.0314   0.0000   0.0069  -0.1458    0.239
     3   0.0008   0.0135   0.0000   0.2032   0.0022   0.1243   0.0798   0.6156   0.6136   0.0287   0.0000   0.0077  -0.1450    0.237
     4   0.0015   0.0262   0.0000   0.2032   0.0030   0.1242   0.0804   0.6152   0.6132   0.0276   0.0000   0.0086  -0.1439    0.236
     5   0.0024   0.0426   0.0000   0.2032   0.0037   0.1239   0.0812   0.6138   0.6118   0.0267   0.0000   0.0096  -0.1426    0.234
     6   0.0036   0.0623   0.0000   0.2032   0.0043   0.1233   0.0824   0.6109   0.6089   0.0261   0.0000   0.0105  -0.1409    0.233
     7   0.0048   0.0849   0.0000   0.2032   0.0048   0.1222   0.0840   0.6057   0.6037   0.0256   0.0000   0.0114  -0.1387    0.231
     8   0.0063   0.1098   0.0000   0.2032   0.0052   0.1206   0.0860   0.5974   0.5955   0.0253   0.0000   0.0123  -0.1358    0.229
     9   0.0078   0.1363   0.0000   0.2032   0.0055   0.1181   0.0884   0.5853   0.5834   0.0250   0.0000   0.0134  -0.1318    0.227
    10   0.0094   0.1638   0.0000   0.2032   0.0057   0.1147   0.0914   0.5685   0.5667   0.0247   0.0000   0.0145  -0.1264    0.224
    11   0.0109   0.1918   0.0000   0.2032   0.0057   0.1103   0.0950   0.5462   0.5444   0.0244   0.0000   0.0159  -0.1195    0.221
    12   0.0125   0.2193   0.0000   0.2032   0.0055   0.1045   0.0989   0.5175   0.5158   0.0239   0.0000   0.0176  -0.1108    0.216
    13   0.0140   0.2458   0.0000   0.2032   0.0052   0.0973   0.1031   0.4816   0.4801   0.0231   0.0000   0.0194  -0.1001    0.210
    14   0.0155   0.2707   0.0000   0.2032   0.0048   0.0885   0.1071   0.4381   0.4367   0.0220   0.0000   0.0211  -0.0876    0.202
    15   0.0167   0.2933   0.0000   0.2032   0.0043   0.0781   0.1104   0.3866   0.3854   0.0203   0.0000   0.0225  -0.0735    0.192
    16   0.0179   0.3130   0.0000   0.2032   0.0037   0.0662   0.1126   0.3274   0.3263   0.0180   0.0000   0.0230  -0.0584    0.180
    17   0.0188   0.3294   0.0000   0.2032   0.0030   0.0528   0.1130   0.2613   0.2605   0.0151   0.0000   0.0219  -0.0431    0.166
    18   0.0195   0.3421   0.0000   0.2032   0.0022   0.0384   0.1113   0.1899   0.1893   0.0114   0.0000   0.0185  -0.0287    0.152
    19   0.0200   0.3507   0.0000   0.2032   0.0013   0.0233   0.1078   0.1150   0.1146   0.0070   0.0000   0.0126  -0.0160    0.140
    20   0.0203   0.3551   0.0000   0.2032   0.0004   0.0078   0.1048   0.0385   0.0384   0.0021   0.0000   0.0045  -0.0051    0.132

  Surface # 2     Wing (YDUP)                             
     # Chordwise = 10   # Spanwise = 20     First strip = 21
     Surface area Ssurf =    0.072258     Ave. chord Cave =    0.203200

 Forces referred to Sref, Cref, Bref about Xref, Yref, Zref
 Standard axis orientation,  X fwd, Z down         
     CLsurf  =   0.31422     Clsurf  =   0.06795
     CYsurf  =  -0.00166     Cmsurf  =   0.10535
     CDsurf  =   0.01465     Cnsurf  =   0.00653
     CDisurf =   0.01465     CDvsurf =   0.00000

 Forces referred to Ssurf, Cave 
     CLsurf  =   0.50270     CDsurf  =   0.02343

 Strip Forces referred to Strip Area, Chord
    j     Xle      Yle      Zle      Chord    Area     c_cl     ai     cl_norm    cl       cd       cdv    cm_c/4     cm_LE   C.P.x/c
    21   0.0000  -0.0005   0.0000   0.2032   0.0004   0.1243   0.0796   0.6096   0.6076   0.0731   0.0000   0.0067   0.1461    0.239
    22   0.0003  -0.0049   0.0000   0.2032   0.0013   0.1243   0.0795   0.6154   0.6134   0.0314   0.0000   0.0069   0.1458    0.239
    23   0.0008  -0.0135   0.0000   0.2032   0.0022   0.1243   0.0798   0.6156   0.6136   0.0287   0.0000   0.0077   0.1450    0.237
    24   0.0015  -0.0262   0.0000   0.2032   0.0030   0.1242   0.0804   0.6152   0.6132   0.0276   0.0000   0.0086   0.1439    0.236
    25   0.0024  -0.0426   0.0000   0.2032   0.0037   0.1239   0.0812   0.6138   0.6118   0.0267   0.0000   0.0096   0.1426    0.234
    26   0.0036  -0.0623   0.0000   0.2032   0.0043   0.1233   0.0824   0.6109   0.6089   0.0261   0.0000   0.0105   0.1409    0.233
    27   0.0048  -0.0849   0.0000   0.2032   0.0048   0.1222   0.0840   0.6057   0.6037   0.0256   0.0000   0.0114   0.1387    0.231
    28   0.0063  -0.1098   0.0000   0.2032   0.0052   0.1206   0.0860   0.5974   0.5955   0.0253   0.0000   0.0123   0.1358    0.229
    29   0.0078  -0.1363   0.0000   0.2032   0.0055   0.1181   0.0884   0.5853   0.5834   0.0250   0.0000   0.0134   0.1318    0.227
    30   0.0094  -0.1638   0.0000   0.2032   0.0057   0.1147   0.0914   0.5685   0.5667   0.0247   0.0000   0.0145   0.1264    0.224
    31   0.0109  -0.1918   0.0000   0.2032   0.0057   0.1103   0.0950   0.5462   0.5444   0.0244   0.0000   0.0159   0.1195    0.221
    32   0.0125  -0.2193   0.0000   0.2032   0.0055   0.1045   0.0989   0.5175   0.5158   0.0239   0.0000   0.0176   0.1108    0.216
    33   0.0140  -0.2458   0.0000   0.2032   0.0052   0.0973   0.1031   0.4816   0.4801   0.0231   0.0000   0.0194   0.1001    0.210
    34   0.0155  -0.2707   0.0000   0.2032   0.0048   0.0885   0.1071   0.4381   0.4367   0.0220   0.0000   0.0211   0.0876    0.202
    35   0.0167  -0.2933   0.0000   0.2032   0.0043   0.0781   0.1104   0.3866   0.3854   0.0203   0.0000   0.0225   0.0735    0.192
    36   0.0179  -0.3130   0.0000   0.2032   0.0037   0.0662   0.1126   0.3274   0.3263   0.0180   0.0000   0.0230   0.0584    0.180
    37   0.0188  -0.3294   0.0000   0.2032   0.0030   0.0528   0.1130   0.2613   0.2605   0.0151   0.0000   0.0219   0.0431    0.166
    38   0.0195  -0.3421   0.0000   0.2032   0.0022   0.0384   0.1113   0.1899   0.1893   0.0114   0.0000   0.0185   0.0287    0.152
    39   0.0200  -0.3507   0.0000   0.2032   0.0013   0.0233   0.1078   0.1150   0.1146   0.0070   0.0000   0.0126   0.0160    0.140
    40   0.0203  -0.3551   0.0000   0.2032   0.0004   0.0078   0.1048   0.0385   0.0384   0.0021   0.0000   0.0045   0.0051    0.132
 ---------------------------------------------------------------
