 ---------------------------------------------------------------
 Surface and Strip Forces by surface

  Sref = 0.13010       Cref = 0.18670       Bref = 0.71120    
  Xref = 0.10920       Yref =  0.0000       Zref =  0.0000    

  Surface # 1     Wing                                    
     # Chordwise = 10   # Spanwise = 20     First strip =  1
     Surface area Ssurf =    0.081290     Ave. chord Cave =    0.228600

 Forces referred to Sref, Cref, Bref about Xref, Yref, Zref
 Standard axis orientation,  X fwd, Z down         
     CLsurf  =   0.27920     Clsurf  =  -0.06041
     CYsurf  =   0.00353     Cmsurf  =   0.05460
     CDsurf  =   0.01327     Cnsurf  =  -0.00621
     CDisurf =   0.01327     CDvsurf =   0.00000

 Forces referred to Ssurf, Cave 
     CLsurf  =   0.44685     CDsurf  =   0.02124

 Strip Forces referred to Strip Area, Chord
    j     Xle      Yle      Zle      Chord    Area     c_cl     ai     cl_norm    cl       cd       cdv    cm_c/4     cm_LE   C.P.x/c
     1   0.0001   0.0005   0.0000   0.2286   0.0005   0.1241   0.0778   0.5416   0.5296   0.1360   0.0000   0.0008  -0.1334    0.248
     2   0.0007   0.0049   0.0000   0.2286   0.0015   0.1241   0.0774   0.5549   0.5426   0.0367   0.0000   0.0013  -0.1328    0.248
     3   0.0021   0.0135   0.0000   0.2286   0.0024   0.1241   0.0778   0.5556   0.5433   0.0308   0.0000   0.0029  -0.1313    0.245
     4   0.0040   0.0262   0.0000   0.2286   0.0033   0.1240   0.0788   0.5556   0.5433   0.0285   0.0000   0.0050  -0.1292    0.241
     5   0.0065   0.0426   0.0000   0.2286   0.0041   0.1238   0.0803   0.5549   0.5426   0.0267   0.0000   0.0071  -0.1269    0.237
     6   0.0095   0.0623   0.0000   0.2286   0.0048   0.1233   0.0821   0.5529   0.5407   0.0252   0.0000   0.0090  -0.1244    0.233
     7   0.0129   0.0849   0.0000   0.2286   0.0054   0.1224   0.0843   0.5489   0.5367   0.0241   0.0000   0.0107  -0.1217    0.230
     8   0.0167   0.1098   0.0000   0.2286   0.0059   0.1208   0.0867   0.5421   0.5301   0.0232   0.0000   0.0123  -0.1185    0.227
     9   0.0207   0.1363   0.0000   0.2286   0.0062   0.1185   0.0896   0.5317   0.5199   0.0224   0.0000   0.0139  -0.1144    0.223
    10   0.0249   0.1638   0.0000   0.2286   0.0064   0.1152   0.0927   0.5167   0.5053   0.0217   0.0000   0.0156  -0.1091    0.219
    11   0.0291   0.1918   0.0000   0.2286   0.0064   0.1107   0.0963   0.4965   0.4855   0.0209   0.0000   0.0174  -0.1025    0.214
    12   0.0333   0.2193   0.0000   0.2286   0.0062   0.1048   0.1000   0.4702   0.4598   0.0200   0.0000   0.0193  -0.0942    0.208
    13   0.0373   0.2458   0.0000   0.2286   0.0059   0.0975   0.1037   0.4372   0.4275   0.0188   0.0000   0.0213  -0.0843    0.200
    14   0.0411   0.2707   0.0000   0.2286   0.0054   0.0885   0.1069   0.3971   0.3883   0.0174   0.0000   0.0231  -0.0728    0.190
    15   0.0445   0.2933   0.0000   0.2286   0.0048   0.0780   0.1093   0.3497   0.3419   0.0156   0.0000   0.0244  -0.0601    0.179
    16   0.0475   0.3130   0.0000   0.2286   0.0041   0.0659   0.1103   0.2954   0.2889   0.0135   0.0000   0.0246  -0.0469    0.165
    17   0.0500   0.3294   0.0000   0.2286   0.0033   0.0525   0.1096   0.2353   0.2301   0.0109   0.0000   0.0231  -0.0339    0.149
    18   0.0519   0.3421   0.0000   0.2286   0.0024   0.0381   0.1070   0.1707   0.1669   0.0079   0.0000   0.0193  -0.0221    0.134
    19   0.0533   0.3507   0.0000   0.2286   0.0015   0.0230   0.1031   0.1033   0.1010   0.0044   0.0000   0.0130  -0.0121    0.121
    20   0.0539   0.3551   0.0000   0.2286   0.0005   0.0077   0.1002   0.0346   0.0338   0.0009   0.0000   0.0046  -0.0038    0.114

  Surface # 2     Wing (YDUP)                             
     # Chordwise = 10   # Spanwise = 20     First strip = 21
     Surface area Ssurf =    0.081290     Ave. chord Cave =    0.228600

 Forces referred to Sref, Cref, Bref about Xref, Yref, Zref
 Standard axis orientation,  X fwd, Z down         
     CLsurf  =   0.27920     Clsurf  =   0.06041
     CYsurf  =  -0.00353     Cmsurf  =   0.05460
     CDsurf  =   0.01327     Cnsurf  =   0.00621
     CDisurf =   0.01327     CDvsurf =   0.00000

 Forces referred to Ssurf, Cave 
     CLsurf  =   0.44685     CDsurf  =   0.02124

 Strip Forces referred to Strip Area, Chord
    j     Xle      Yle      Zle      Chord    Area     c_cl     ai     cl_norm    cl       cd       cdv    cm_c/4     cm_LE   C.P.x/c
    21   0.0001  -0.0005   0.0000   0.2286   0.0005   0.1241   0.0778   0.5416   0.5296   0.1360   0.0000   0.0008   0.1334    0.248
    22   0.0007  -0.0049   0.0000   0.2286   0.0015   0.1241   0.0774   0.5549   0.5426   0.0367   0.0000   0.0013   0.1328    0.248
    23   0.0021  -0.0135   0.0000   0.2286   0.0024   0.1241   0.0778   0.5556   0.5433   0.0308   0.0000   0.0029   0.1313    0.245
    24   0.0040  -0.0262   0.0000   0.2286   0.0033   0.1240   0.0788   0.5556   0.5433   0.0285   0.0000   0.0050   0.1292    0.241
    25   0.0065  -0.0426   0.0000   0.2286   0.0041   0.1238   0.0803   0.5549   0.5426   0.0267   0.0000   0.0071   0.1269    0.237
    26   0.0095  -0.0623   0.0000   0.2286   0.0048   0.1233   0.0821   0.5529   0.5407   0.0252   0.0000   0.0090   0.1244    0.233
    27   0.0129  -0.0849   0.0000   0.2286   0.0054   0.1224   0.0843   0.5489   0.5367   0.0241   0.0000   0.0107   0.1217    0.230
    28   0.0167  -0.1098   0.0000   0.2286   0.0059   0.1208   0.0867   0.5421   0.5301   0.0232   0.0000   0.0123   0.1185    0.227
    29   0.0207  -0.1363   0.0000   0.2286   0.0062   0.1185   0.0896   0.5317   0.5199   0.0224   0.0000   0.0139   0.1144    0.223
    30   0.0249  -0.1638   0.0000   0.2286   0.0064   0.1152   0.0927   0.5167   0.5053   0.0217   0.0000   0.0156   0.1091    0.219
    31   0.0291  -0.1918   0.0000   0.2286   0.0064   0.1107   0.0963   0.4965   0.4855   0.0209   0.0000   0.0174   0.1025    0.214
    32   0.0333  -0.2193   0.0000   0.2286   0.0062   0.1048   0.1000   0.4702   0.4598   0.0200   0.0000   0.0193   0.0942    0.208
    33   0.0373  -0.2458   0.0000   0.2286   0.0059   0.0975   0.1037   0.4372   0.4275   0.0188   0.0000   0.0213   0.0843    0.200
    34   0.0411  -0.2707   0.0000   0.2286   0.0054   0.0885   0.1069   0.3971   0.3883   0.0174   0.0000   0.0231   0.0728    0.190
    35   0.0445  -0.2933   0.0000   0.2286   0.0048   0.0780   0.1093   0.3497   0.3419   0.0156   0.0000   0.0244   0.0601    0.179
    36   0.0475  -0.3130   0.0000   0.2286   0.0041   0.0659   0.1103   0.2954   0.2889   0.0135   0.0000   0.0246   0.0469    0.165
    37   0.0500  -0.3294   0.0000   0.2286   0.0033   0.0525   0.1096   0.2353   0.2301   0.0109   0.0000   0.0231   0.0339    0.149
    38   0.0519  -0.3421   0.0000   0.2286   0.0024   0.0381   0.1070   0.1707   0.1669   0.0079   0.0000   0.0193   0.0221    0.134
    39   0.0533  -0.3507   0.0000   0.2286   0.0015   0.0230   0.1031   0.1033   0.1010   0.0044   0.0000   0.0130   0.0121    0.121
    40   0.0539  -0.3551   0.0000   0.2286   0.0005   0.0077   0.1002   0.0346   0.0338   0.0009   0.0000   0.0046   0.0038    0.114
 ---------------------------------------------------------------
