 ---------------------------------------------------------------
 Surface and Strip Forces by surface

  Sref = 0.13630       Cref = 0.22820       Bref = 0.60960    
  Xref = 0.10920       Yref =  0.0000       Zref =  0.0000    

  Surface # 1     Wing                                    
     # Chordwise = 10   # Spanwise = 20     First strip =  1
     Surface area Ssurf =    0.085161     Ave. chord Cave =    0.279400

 Forces referred to Sref, Cref, Bref about Xref, Yref, Zref
 Standard axis orientation,  X fwd, Z down         
     CLsurf  =   0.26650     Clsurf  =  -0.05754
     CYsurf  =   0.01099     Cmsurf  =  -0.01014
     CDsurf  =   0.01820     Cnsurf  =  -0.01267
     CDisurf =   0.01820     CDvsurf =   0.00000

 Forces referred to Ssurf, Cave 
     CLsurf  =   0.42654     CDsurf  =   0.02913

 Strip Forces referred to Strip Area, Chord
    j     Xle      Yle      Zle      Chord    Area     c_cl     ai     cl_norm    cl       cd       cdv    cm_c/4     cm_LE   C.P.x/c
     1   0.0002   0.0005   0.0000   0.2794   0.0005   0.1448   0.1031   0.5470   0.4553   0.4351   0.0000  -0.0135  -0.1302    0.280
     2   0.0019   0.0042   0.0000   0.2794   0.0016   0.1448   0.1026   0.6161   0.5128   0.0751   0.0000  -0.0126  -0.1294    0.275
     3   0.0053   0.0116   0.0000   0.2794   0.0026   0.1448   0.1037   0.6203   0.5163   0.0537   0.0000  -0.0096  -0.1267    0.269
     4   0.0102   0.0225   0.0000   0.2794   0.0035   0.1448   0.1062   0.6214   0.5172   0.0482   0.0000  -0.0052  -0.1226    0.260
     5   0.0166   0.0365   0.0000   0.2794   0.0043   0.1447   0.1094   0.6218   0.5175   0.0440   0.0000  -0.0003  -0.1181    0.251
     6   0.0243   0.0534   0.0000   0.2794   0.0051   0.1443   0.1131   0.6208   0.5167   0.0401   0.0000   0.0045  -0.1134    0.241
     7   0.0332   0.0728   0.0000   0.2794   0.0057   0.1434   0.1172   0.6176   0.5141   0.0366   0.0000   0.0090  -0.1086    0.233
     8   0.0429   0.0941   0.0000   0.2794   0.0062   0.1418   0.1214   0.6110   0.5086   0.0334   0.0000   0.0131  -0.1036    0.224
     9   0.0532   0.1168   0.0000   0.2794   0.0065   0.1391   0.1257   0.5999   0.4993   0.0304   0.0000   0.0169  -0.0979    0.216
    10   0.0640   0.1404   0.0000   0.2794   0.0067   0.1351   0.1301   0.5832   0.4854   0.0276   0.0000   0.0206  -0.0913    0.208
    11   0.0749   0.1644   0.0000   0.2794   0.0067   0.1297   0.1343   0.5599   0.4660   0.0247   0.0000   0.0242  -0.0836    0.198
    12   0.0857   0.1880   0.0000   0.2794   0.0065   0.1225   0.1380   0.5292   0.4405   0.0218   0.0000   0.0276  -0.0746    0.187
    13   0.0960   0.2107   0.0000   0.2794   0.0062   0.1135   0.1411   0.4905   0.4083   0.0187   0.0000   0.0307  -0.0645    0.175
    14   0.1057   0.2320   0.0000   0.2794   0.0057   0.1026   0.1431   0.4438   0.3694   0.0156   0.0000   0.0330  -0.0535    0.161
    15   0.1146   0.2514   0.0000   0.2794   0.0051   0.0899   0.1437   0.3892   0.3240   0.0123   0.0000   0.0341  -0.0422    0.145
    16   0.1223   0.2683   0.0000   0.2794   0.0043   0.0756   0.1427   0.3276   0.2727   0.0091   0.0000   0.0333  -0.0313    0.128
    17   0.1287   0.2823   0.0000   0.2794   0.0035   0.0600   0.1402   0.2603   0.2166   0.0059   0.0000   0.0301  -0.0215    0.111
    18   0.1336   0.2932   0.0000   0.2794   0.0026   0.0435   0.1365   0.1887   0.1570   0.0029   0.0000   0.0242  -0.0133    0.096
    19   0.1370   0.3006   0.0000   0.2794   0.0016   0.0263   0.1324   0.1144   0.0952  -0.0000   0.0000   0.0158  -0.0070    0.084
    20   0.1387   0.3043   0.0000   0.2794   0.0005   0.0088   0.1304   0.0387   0.0322  -0.0023   0.0000   0.0055  -0.0022    0.080

  Surface # 2     Wing (YDUP)                             
     # Chordwise = 10   # Spanwise = 20     First strip = 21
     Surface area Ssurf =    0.085161     Ave. chord Cave =    0.279400

 Forces referred to Sref, Cref, Bref about Xref, Yref, Zref
 Standard axis orientation,  X fwd, Z down         
     CLsurf  =   0.26650     Clsurf  =   0.05754
     CYsurf  =  -0.01099     Cmsurf  =  -0.01014
     CDsurf  =   0.01820     Cnsurf  =   0.01267
     CDisurf =   0.01820     CDvsurf =   0.00000

 Forces referred to Ssurf, Cave 
     CLsurf  =   0.42654     CDsurf  =   0.02913

 Strip Forces referred to Strip Area, Chord
    j     Xle      Yle      Zle      Chord    Area     c_cl     ai     cl_norm    cl       cd       cdv    cm_c/4     cm_LE   C.P.x/c
    21   0.0002  -0.0005   0.0000   0.2794   0.0005   0.1448   0.1031   0.5470   0.4553   0.4351   0.0000  -0.0135   0.1302    0.280
    22   0.0019  -0.0042   0.0000   0.2794   0.0016   0.1448   0.1026   0.6161   0.5128   0.0751   0.0000  -0.0126   0.1294    0.275
    23   0.0053  -0.0116   0.0000   0.2794   0.0026   0.1448   0.1037   0.6203   0.5163   0.0537   0.0000  -0.0096   0.1267    0.269
    24   0.0102  -0.0225   0.0000   0.2794   0.0035   0.1448   0.1062   0.6214   0.5172   0.0482   0.0000  -0.0052   0.1226    0.260
    25   0.0166  -0.0365   0.0000   0.2794   0.0043   0.1447   0.1094   0.6218   0.5175   0.0440   0.0000  -0.0003   0.1181    0.251
    26   0.0243  -0.0534   0.0000   0.2794   0.0051   0.1443   0.1131   0.6208   0.5167   0.0401   0.0000   0.0045   0.1134    0.241
    27   0.0332  -0.0728   0.0000   0.2794   0.0057   0.1434   0.1172   0.6176   0.5141   0.0366   0.0000   0.0090   0.1086    0.233
    28   0.0429  -0.0941   0.0000   0.2794   0.0062   0.1418   0.1214   0.6110   0.5086   0.0334   0.0000   0.0131   0.1036    0.224
    29   0.0532  -0.1168   0.0000   0.2794   0.0065   0.1391   0.1257   0.5999   0.4993   0.0304   0.0000   0.0169   0.0979    0.216
    30   0.0640  -0.1404   0.0000   0.2794   0.0067   0.1351   0.1301   0.5832   0.4854   0.0276   0.0000   0.0206   0.0913    0.208
    31   0.0749  -0.1644   0.0000   0.2794   0.0067   0.1297   0.1343   0.5599   0.4660   0.0247   0.0000   0.0242   0.0836    0.198
    32   0.0857  -0.1880   0.0000   0.2794   0.0065   0.1225   0.1380   0.5292   0.4405   0.0218   0.0000   0.0276   0.0746    0.187
    33   0.0960  -0.2107   0.0000   0.2794   0.0062   0.1135   0.1411   0.4905   0.4083   0.0187   0.0000   0.0307   0.0645    0.175
    34   0.1057  -0.2320   0.0000   0.2794   0.0057   0.1026   0.1431   0.4438   0.3694   0.0156   0.0000   0.0330   0.0535    0.161
    35   0.1146  -0.2514   0.0000   0.2794   0.0051   0.0899   0.1437   0.3892   0.3240   0.0123   0.0000   0.0341   0.0422    0.145
    36   0.1223  -0.2683   0.0000   0.2794   0.0043   0.0756   0.1427   0.3276   0.2727   0.0091   0.0000   0.0333   0.0313    0.128
    37   0.1287  -0.2823   0.0000   0.2794   0.0035   0.0600   0.1402   0.2603   0.2166   0.0059   0.0000   0.0301   0.0215    0.111
    38   0.1336  -0.2932   0.0000   0.2794   0.0026   0.0435   0.1365   0.1887   0.1570   0.0029   0.0000   0.0242   0.0133    0.096
    39   0.1370  -0.3006   0.0000   0.2794   0.0016   0.0263   0.1324   0.1144   0.0952  -0.0000   0.0000   0.0158   0.0070    0.084
    40   0.1387  -0.3043   0.0000   0.2794   0.0005   0.0088   0.1304   0.0387   0.0322  -0.0023   0.0000   0.0055   0.0022    0.080
 ---------------------------------------------------------------
