 ---------------------------------------------------------------
 Surface and Strip Forces by surface

  Sref = 0.16720       Cref = 0.27540       Bref = 0.60960    
  Xref = 0.10920       Yref =  0.0000       Zref =  0.0000    

  Surface # 1     Wing                                    
     # Chordwise = 10   # Spanwise = 20     First strip =  1
     Surface area Ssurf =    0.092903     Ave. chord Cave =    0.304800

 Forces referred to Sref, Cref, Bref about Xref, Yref, Zref
 Standard axis orientation,  X fwd, Z down         
     CLsurf  =   0.21725     Clsurf  =  -0.04646
     CYsurf  =   0.00419     Cmsurf  =   0.01522
     CDsurf  =   0.01433     Cnsurf  =  -0.00686
     CDisurf =   0.01433     CDvsurf =   0.00000

 Forces referred to Ssurf, Cave 
     CLsurf  =   0.39099     CDsurf  =   0.02580

 Strip Forces referred to Strip Area, Chord
    j     Xle      Yle      Zle      Chord    Area     c_cl     ai     cl_norm    cl       cd       cdv    cm_c/4     cm_LE   C.P.x/c
     1   0.0001   0.0005   0.0000   0.3048   0.0006   0.1484   0.1172   0.4775   0.4548   0.2470   0.0000   0.0050  -0.1138    0.239
     2   0.0010   0.0042   0.0000   0.3048   0.0017   0.1483   0.1161   0.5085   0.4843   0.0526   0.0000   0.0054  -0.1134    0.239
     3   0.0026   0.0116   0.0000   0.3048   0.0028   0.1483   0.1159   0.5102   0.4859   0.0403   0.0000   0.0067  -0.1121    0.236
     4   0.0051   0.0225   0.0000   0.3048   0.0038   0.1481   0.1163   0.5101   0.4858   0.0370   0.0000   0.0087  -0.1100    0.232
     5   0.0083   0.0365   0.0000   0.3048   0.0047   0.1476   0.1174   0.5088   0.4846   0.0348   0.0000   0.0110  -0.1074    0.227
     6   0.0121   0.0534   0.0000   0.3048   0.0055   0.1467   0.1189   0.5061   0.4820   0.0328   0.0000   0.0134  -0.1043    0.222
     7   0.0165   0.0728   0.0000   0.3048   0.0062   0.1452   0.1207   0.5012   0.4773   0.0310   0.0000   0.0157  -0.1009    0.217
     8   0.0213   0.0941   0.0000   0.3048   0.0067   0.1429   0.1228   0.4933   0.4698   0.0293   0.0000   0.0180  -0.0968    0.212
     9   0.0264   0.1168   0.0000   0.3048   0.0071   0.1395   0.1251   0.4817   0.4587   0.0276   0.0000   0.0201  -0.0919    0.206
    10   0.0318   0.1404   0.0000   0.3048   0.0073   0.1348   0.1276   0.4656   0.4434   0.0260   0.0000   0.0222  -0.0862    0.200
    11   0.0372   0.1644   0.0000   0.3048   0.0073   0.1287   0.1300   0.4446   0.4234   0.0243   0.0000   0.0243  -0.0793    0.193
    12   0.0426   0.1880   0.0000   0.3048   0.0071   0.1210   0.1322   0.4180   0.3981   0.0224   0.0000   0.0261  -0.0713    0.184
    13   0.0477   0.2107   0.0000   0.3048   0.0067   0.1116   0.1339   0.3857   0.3673   0.0203   0.0000   0.0276  -0.0624    0.175
    14   0.0525   0.2320   0.0000   0.3048   0.0062   0.1006   0.1350   0.3475   0.3310   0.0180   0.0000   0.0285  -0.0527    0.164
    15   0.0569   0.2514   0.0000   0.3048   0.0055   0.0879   0.1352   0.3038   0.2894   0.0155   0.0000   0.0284  -0.0426    0.152
    16   0.0607   0.2683   0.0000   0.3048   0.0047   0.0738   0.1342   0.2552   0.2430   0.0128   0.0000   0.0270  -0.0327    0.139
    17   0.0639   0.2823   0.0000   0.3048   0.0038   0.0585   0.1321   0.2023   0.1927   0.0099   0.0000   0.0240  -0.0234    0.126
    18   0.0664   0.2932   0.0000   0.3048   0.0028   0.0423   0.1289   0.1465   0.1395   0.0067   0.0000   0.0190  -0.0153    0.114
    19   0.0680   0.3006   0.0000   0.3048   0.0017   0.0256   0.1255   0.0886   0.0844   0.0032   0.0000   0.0123  -0.0085    0.104
    20   0.0689   0.3043   0.0000   0.3048   0.0006   0.0086   0.1236   0.0298   0.0284   0.0001   0.0000   0.0043  -0.0027    0.100

  Surface # 2     Wing (YDUP)                             
     # Chordwise = 10   # Spanwise = 20     First strip = 21
     Surface area Ssurf =    0.092903     Ave. chord Cave =    0.304800

 Forces referred to Sref, Cref, Bref about Xref, Yref, Zref
 Standard axis orientation,  X fwd, Z down         
     CLsurf  =   0.21725     Clsurf  =   0.04646
     CYsurf  =  -0.00419     Cmsurf  =   0.01522
     CDsurf  =   0.01433     Cnsurf  =   0.00686
     CDisurf =   0.01433     CDvsurf =   0.00000

 Forces referred to Ssurf, Cave 
     CLsurf  =   0.39099     CDsurf  =   0.02580

 Strip Forces referred to Strip Area, Chord
    j     Xle      Yle      Zle      Chord    Area     c_cl     ai     cl_norm    cl       cd       cdv    cm_c/4     cm_LE   C.P.x/c
    21   0.0001  -0.0005   0.0000   0.3048   0.0006   0.1484   0.1172   0.4775   0.4548   0.2470   0.0000   0.0050   0.1138    0.239
    22   0.0010  -0.0042   0.0000   0.3048   0.0017   0.1483   0.1161   0.5085   0.4843   0.0526   0.0000   0.0054   0.1134    0.239
    23   0.0026  -0.0116   0.0000   0.3048   0.0028   0.1483   0.1159   0.5102   0.4859   0.0403   0.0000   0.0067   0.1121    0.236
    24   0.0051  -0.0225   0.0000   0.3048   0.0038   0.1481   0.1163   0.5101   0.4858   0.0370   0.0000   0.0087   0.1100    0.232
    25   0.0083  -0.0365   0.0000   0.3048   0.0047   0.1476   0.1174   0.5088   0.4846   0.0348   0.0000   0.0110   0.1074    0.227
    26   0.0121  -0.0534   0.0000   0.3048   0.0055   0.1467   0.1189   0.5061   0.4820   0.0328   0.0000   0.0134   0.1043    0.222
    27   0.0165  -0.0728   0.0000   0.3048   0.0062   0.1452   0.1207   0.5012   0.4773   0.0310   0.0000   0.0157   0.1009    0.217
    28   0.0213  -0.0941   0.0000   0.3048   0.0067   0.1429   0.1228   0.4933   0.4698   0.0293   0.0000   0.0180   0.0968    0.212
    29   0.0264  -0.1168   0.0000   0.3048   0.0071   0.1395   0.1251   0.4817   0.4587   0.0276   0.0000   0.0201   0.0919    0.206
    30   0.0318  -0.1404   0.0000   0.3048   0.0073   0.1348   0.1276   0.4656   0.4434   0.0260   0.0000   0.0222   0.0862    0.200
    31   0.0372  -0.1644   0.0000   0.3048   0.0073   0.1287   0.1300   0.4446   0.4234   0.0243   0.0000   0.0243   0.0793    0.193
    32   0.0426  -0.1880   0.0000   0.3048   0.0071   0.1210   0.1322   0.4180   0.3981   0.0224   0.0000   0.0261   0.0713    0.184
    33   0.0477  -0.2107   0.0000   0.3048   0.0067   0.1116   0.1339   0.3857   0.3673   0.0203   0.0000   0.0276   0.0624    0.175
    34   0.0525  -0.2320   0.0000   0.3048   0.0062   0.1006   0.1350   0.3475   0.3310   0.0180   0.0000   0.0285   0.0527    0.164
    35   0.0569  -0.2514   0.0000   0.3048   0.0055   0.0879   0.1352   0.3038   0.2894   0.0155   0.0000   0.0284   0.0426    0.152
    36   0.0607  -0.2683   0.0000   0.3048   0.0047   0.0738   0.1342   0.2552   0.2430   0.0128   0.0000   0.0270   0.0327    0.139
    37   0.0639  -0.2823   0.0000   0.3048   0.0038   0.0585   0.1321   0.2023   0.1927   0.0099   0.0000   0.0240   0.0234    0.126
    38   0.0664  -0.2932   0.0000   0.3048   0.0028   0.0423   0.1289   0.1465   0.1395   0.0067   0.0000   0.0190   0.0153    0.114
    39   0.0680  -0.3006   0.0000   0.3048   0.0017   0.0256   0.1255   0.0886   0.0844   0.0032   0.0000   0.0123   0.0085    0.104
    40   0.0689  -0.3043   0.0000   0.3048   0.0006   0.0086   0.1236   0.0298   0.0284   0.0001   0.0000   0.0043   0.0027    0.100
 ---------------------------------------------------------------
