 ---------------------------------------------------------------
 Surface and Strip Forces by surface

  Sref = 0.11150       Cref = 0.14000       Bref = 0.91440    
  Xref = 0.10920       Yref =  0.0000       Zref =  0.0000    

  Surface # 1     Wing                                    
     # Chordwise = 10   # Spanwise = 20     First strip =  1
     Surface area Ssurf =    0.092903     Ave. chord Cave =    0.203200

 Forces referred to Sref, Cref, Bref about Xref, Yref, Zref
 Standard axis orientation,  X fwd, Z down         
     CLsurf  =   0.32578     Clsurf  =  -0.07173
     CYsurf  =   0.00370     Cmsurf  =   0.06604
     CDsurf  =   0.00944     Cnsurf  =  -0.00539
     CDisurf =   0.00944     CDvsurf =   0.00000

 Forces referred to Ssurf, Cave 
     CLsurf  =   0.39099     CDsurf  =   0.01133

 Strip Forces referred to Strip Area, Chord
    j     Xle      Yle      Zle      Chord    Area     c_cl     ai     cl_norm    cl       cd       cdv    cm_c/4     cm_LE   C.P.x/c
     1   0.0001   0.0007   0.0000   0.2032   0.0006   0.0934   0.0404   0.4683   0.4543   0.0769   0.0000  -0.0043  -0.1173    0.259
     2   0.0011   0.0063   0.0000   0.2032   0.0017   0.0934   0.0399   0.4737   0.4596   0.0206   0.0000  -0.0034  -0.1164    0.257
     3   0.0031   0.0174   0.0000   0.2032   0.0028   0.0934   0.0406   0.4742   0.4600   0.0172   0.0000  -0.0012  -0.1143    0.253
     4   0.0059   0.0337   0.0000   0.2032   0.0038   0.0935   0.0420   0.4748   0.4606   0.0154   0.0000   0.0014  -0.1119    0.247
     5   0.0097   0.0548   0.0000   0.2032   0.0047   0.0935   0.0438   0.4752   0.4610   0.0140   0.0000   0.0036  -0.1098    0.242
     6   0.0141   0.0801   0.0000   0.2032   0.0055   0.0935   0.0457   0.4751   0.4609   0.0129   0.0000   0.0053  -0.1080    0.238
     7   0.0192   0.1092   0.0000   0.2032   0.0062   0.0932   0.0478   0.4736   0.4594   0.0122   0.0000   0.0066  -0.1064    0.236
     8   0.0249   0.1411   0.0000   0.2032   0.0067   0.0925   0.0500   0.4701   0.4560   0.0117   0.0000   0.0077  -0.1044    0.233
     9   0.0309   0.1752   0.0000   0.2032   0.0071   0.0913   0.0525   0.4638   0.4500   0.0114   0.0000   0.0088  -0.1019    0.231
    10   0.0371   0.2107   0.0000   0.2032   0.0073   0.0893   0.0554   0.4541   0.4405   0.0112   0.0000   0.0099  -0.0985    0.228
    11   0.0435   0.2465   0.0000   0.2032   0.0073   0.0866   0.0588   0.4401   0.4269   0.0109   0.0000   0.0111  -0.0939    0.224
    12   0.0497   0.2820   0.0000   0.2032   0.0071   0.0828   0.0627   0.4208   0.4082   0.0107   0.0000   0.0127  -0.0878    0.219
    13   0.0557   0.3161   0.0000   0.2032   0.0067   0.0778   0.0668   0.3954   0.3836   0.0103   0.0000   0.0146  -0.0799    0.212
    14   0.0614   0.3480   0.0000   0.2032   0.0062   0.0714   0.0710   0.3630   0.3521   0.0098   0.0000   0.0167  -0.0701    0.202
    15   0.0665   0.3771   0.0000   0.2032   0.0055   0.0635   0.0746   0.3229   0.3132   0.0089   0.0000   0.0188  -0.0584    0.190
    16   0.0709   0.4024   0.0000   0.2032   0.0047   0.0541   0.0769   0.2751   0.2669   0.0078   0.0000   0.0204  -0.0455    0.174
    17   0.0747   0.4235   0.0000   0.2032   0.0038   0.0434   0.0770   0.2203   0.2137   0.0063   0.0000   0.0205  -0.0324    0.154
    18   0.0775   0.4398   0.0000   0.2032   0.0028   0.0315   0.0745   0.1601   0.1553   0.0045   0.0000   0.0182  -0.0203    0.133
    19   0.0795   0.4509   0.0000   0.2032   0.0017   0.0190   0.0697   0.0967   0.0938   0.0024   0.0000   0.0128  -0.0104    0.113
    20   0.0805   0.4565   0.0000   0.2032   0.0006   0.0063   0.0654   0.0323   0.0313   0.0003   0.0000   0.0047  -0.0031    0.101

  Surface # 2     Wing (YDUP)                             
     # Chordwise = 10   # Spanwise = 20     First strip = 21
     Surface area Ssurf =    0.092903     Ave. chord Cave =    0.203200

 Forces referred to Sref, Cref, Bref about Xref, Yref, Zref
 Standard axis orientation,  X fwd, Z down         
     CLsurf  =   0.32578     Clsurf  =   0.07173
     CYsurf  =  -0.00370     Cmsurf  =   0.06604
     CDsurf  =   0.00944     Cnsurf  =   0.00539
     CDisurf =   0.00944     CDvsurf =   0.00000

 Forces referred to Ssurf, Cave 
     CLsurf  =   0.39099     CDsurf  =   0.01133

 Strip Forces referred to Strip Area, Chord
    j     Xle      Yle      Zle      Chord    Area     c_cl     ai     cl_norm    cl       cd       cdv    cm_c/4     cm_LE   C.P.x/c
    21   0.0001  -0.0007   0.0000   0.2032   0.0006   0.0934   0.0404   0.4683   0.4543   0.0769   0.0000  -0.0043   0.1173    0.259
    22   0.0011  -0.0063   0.0000   0.2032   0.0017   0.0934   0.0399   0.4737   0.4596   0.0206   0.0000  -0.0034   0.1164    0.257
    23   0.0031  -0.0174   0.0000   0.2032   0.0028   0.0934   0.0406   0.4742   0.4600   0.0172   0.0000  -0.0012   0.1143    0.253
    24   0.0059  -0.0337   0.0000   0.2032   0.0038   0.0935   0.0420   0.4748   0.4606   0.0154   0.0000   0.0014   0.1119    0.247
    25   0.0097  -0.0548   0.0000   0.2032   0.0047   0.0935   0.0438   0.4752   0.4610   0.0140   0.0000   0.0036   0.1098    0.242
    26   0.0141  -0.0801   0.0000   0.2032   0.0055   0.0935   0.0457   0.4751   0.4609   0.0129   0.0000   0.0053   0.1080    0.238
    27   0.0192  -0.1092   0.0000   0.2032   0.0062   0.0932   0.0478   0.4736   0.4594   0.0122   0.0000   0.0066   0.1064    0.236
    28   0.0249  -0.1411   0.0000   0.2032   0.0067   0.0925   0.0500   0.4701   0.4560   0.0117   0.0000   0.0077   0.1044    0.233
    29   0.0309  -0.1752   0.0000   0.2032   0.0071   0.0913   0.0525   0.4638   0.4500   0.0114   0.0000   0.0088   0.1019    0.231
    30   0.0371  -0.2107   0.0000   0.2032   0.0073   0.0893   0.0554   0.4541   0.4405   0.0112   0.0000   0.0099   0.0985    0.228
    31   0.0435  -0.2465   0.0000   0.2032   0.0073   0.0866   0.0588   0.4401   0.4269   0.0109   0.0000   0.0111   0.0939    0.224
    32   0.0497  -0.2820   0.0000   0.2032   0.0071   0.0828   0.0627   0.4208   0.4082   0.0107   0.0000   0.0127   0.0878    0.219
    33   0.0557  -0.3161   0.0000   0.2032   0.0067   0.0778   0.0668   0.3954   0.3836   0.0103   0.0000   0.0146   0.0799    0.212
    34   0.0614  -0.3480   0.0000   0.2032   0.0062   0.0714   0.0710   0.3630   0.3521   0.0098   0.0000   0.0167   0.0701    0.202
    35   0.0665  -0.3771   0.0000   0.2032   0.0055   0.0635   0.0746   0.3229   0.3132   0.0089   0.0000   0.0188   0.0584    0.190
    36   0.0709  -0.4024   0.0000   0.2032   0.0047   0.0541   0.0769   0.2751   0.2669   0.0078   0.0000   0.0204   0.0455    0.174
    37   0.0747  -0.4235   0.0000   0.2032   0.0038   0.0434   0.0770   0.2203   0.2137   0.0063   0.0000   0.0205   0.0324    0.154
    38   0.0775  -0.4398   0.0000   0.2032   0.0028   0.0315   0.0745   0.1601   0.1553   0.0045   0.0000   0.0182   0.0203    0.133
    39   0.0795  -0.4509   0.0000   0.2032   0.0017   0.0190   0.0697   0.0967   0.0938   0.0024   0.0000   0.0128   0.0104    0.113
    40   0.0805  -0.4565   0.0000   0.2032   0.0006   0.0063   0.0654   0.0323   0.0313   0.0003   0.0000   0.0047   0.0031    0.101
 ---------------------------------------------------------------
