 ---------------------------------------------------------------
 Surface and Strip Forces by surface

  Sref = 0.11920       Cref = 0.19250       Bref = 0.71120    
  Xref = 0.10920       Yref =  0.0000       Zref =  0.0000    

  Surface # 1     Wing                                    
     # Chordwise = 10   # Spanwise = 20     First strip =  1
     Surface area Ssurf =    0.099355     Ave. chord Cave =    0.279400

 Forces referred to Sref, Cref, Bref about Xref, Yref, Zref
 Standard axis orientation,  X fwd, Z down         
     CLsurf  =   0.30473     Clsurf  =  -0.06641
     CYsurf  =   0.01140     Cmsurf  =  -0.04907
     CDsurf  =   0.01537     Cnsurf  =  -0.01165
     CDisurf =   0.01537     CDvsurf =   0.00000

 Forces referred to Ssurf, Cave 
     CLsurf  =   0.36560     CDsurf  =   0.01844

 Strip Forces referred to Strip Area, Chord
    j     Xle      Yle      Zle      Chord    Area     c_cl     ai     cl_norm    cl       cd       cdv    cm_c/4     cm_LE   C.P.x/c
     1   0.0003   0.0005   0.0000   0.2794   0.0006   0.1215   0.0673   0.5091   0.4020   0.2949   0.0000  -0.0185  -0.1129    0.296
     2   0.0026   0.0049   0.0000   0.2794   0.0018   0.1215   0.0666   0.5472   0.4321   0.0495   0.0000  -0.0174  -0.1119    0.290
     3   0.0071   0.0135   0.0000   0.2794   0.0030   0.1216   0.0681   0.5496   0.4340   0.0360   0.0000  -0.0140  -0.1089    0.282
     4   0.0137   0.0262   0.0000   0.2794   0.0041   0.1217   0.0711   0.5509   0.4350   0.0323   0.0000  -0.0091  -0.1047    0.271
     5   0.0222   0.0426   0.0000   0.2794   0.0051   0.1219   0.0748   0.5521   0.4359   0.0291   0.0000  -0.0041  -0.1003    0.259
     6   0.0325   0.0623   0.0000   0.2794   0.0059   0.1219   0.0788   0.5526   0.4364   0.0261   0.0000   0.0006  -0.0962    0.249
     7   0.0442   0.0849   0.0000   0.2794   0.0066   0.1216   0.0830   0.5515   0.4355   0.0235   0.0000   0.0047  -0.0923    0.239
     8   0.0572   0.1098   0.0000   0.2794   0.0072   0.1207   0.0873   0.5477   0.4325   0.0212   0.0000   0.0084  -0.0883    0.231
     9   0.0710   0.1363   0.0000   0.2794   0.0076   0.1189   0.0917   0.5400   0.4264   0.0191   0.0000   0.0117  -0.0840    0.223
    10   0.0854   0.1638   0.0000   0.2794   0.0078   0.1161   0.0962   0.5274   0.4165   0.0172   0.0000   0.0150  -0.0788    0.214
    11   0.0999   0.1918   0.0000   0.2794   0.0078   0.1119   0.1006   0.5088   0.4017   0.0153   0.0000   0.0182  -0.0727    0.205
    12   0.1143   0.2193   0.0000   0.2794   0.0076   0.1062   0.1048   0.4831   0.3815   0.0133   0.0000   0.0215  -0.0652    0.194
    13   0.1281   0.2458   0.0000   0.2794   0.0072   0.0989   0.1083   0.4498   0.3551   0.0113   0.0000   0.0248  -0.0565    0.180
    14   0.1411   0.2707   0.0000   0.2794   0.0066   0.0897   0.1107   0.4083   0.3224   0.0091   0.0000   0.0276  -0.0467    0.164
    15   0.1528   0.2933   0.0000   0.2794   0.0059   0.0788   0.1115   0.3590   0.2835   0.0068   0.0000   0.0295  -0.0364    0.146
    16   0.1631   0.3130   0.0000   0.2794   0.0051   0.0664   0.1106   0.3025   0.2389   0.0046   0.0000   0.0297  -0.0263    0.126
    17   0.1716   0.3294   0.0000   0.2794   0.0041   0.0527   0.1077   0.2402   0.1897   0.0025   0.0000   0.0276  -0.0173    0.104
    18   0.1782   0.3421   0.0000   0.2794   0.0030   0.0381   0.1034   0.1739   0.1373   0.0006   0.0000   0.0227  -0.0101    0.084
    19   0.1827   0.3507   0.0000   0.2794   0.0018   0.0230   0.0986   0.1051   0.0830  -0.0011   0.0000   0.0150  -0.0049    0.069
    20   0.1850   0.3551   0.0000   0.2794   0.0006   0.0077   0.0960   0.0354   0.0280  -0.0022   0.0000   0.0052  -0.0014    0.062

  Surface # 2     Wing (YDUP)                             
     # Chordwise = 10   # Spanwise = 20     First strip = 21
     Surface area Ssurf =    0.099355     Ave. chord Cave =    0.279400

 Forces referred to Sref, Cref, Bref about Xref, Yref, Zref
 Standard axis orientation,  X fwd, Z down         
     CLsurf  =   0.30473     Clsurf  =   0.06641
     CYsurf  =  -0.01140     Cmsurf  =  -0.04907
     CDsurf  =   0.01537     Cnsurf  =   0.01165
     CDisurf =   0.01537     CDvsurf =   0.00000

 Forces referred to Ssurf, Cave 
     CLsurf  =   0.36560     CDsurf  =   0.01844

 Strip Forces referred to Strip Area, Chord
    j     Xle      Yle      Zle      Chord    Area     c_cl     ai     cl_norm    cl       cd       cdv    cm_c/4     cm_LE   C.P.x/c
    21   0.0003  -0.0005   0.0000   0.2794   0.0006   0.1215   0.0673   0.5091   0.4020   0.2949   0.0000  -0.0185   0.1129    0.296
    22   0.0026  -0.0049   0.0000   0.2794   0.0018   0.1215   0.0666   0.5472   0.4321   0.0495   0.0000  -0.0174   0.1119    0.290
    23   0.0071  -0.0135   0.0000   0.2794   0.0030   0.1216   0.0681   0.5496   0.4340   0.0360   0.0000  -0.0140   0.1089    0.282
    24   0.0137  -0.0262   0.0000   0.2794   0.0041   0.1217   0.0711   0.5509   0.4350   0.0323   0.0000  -0.0091   0.1047    0.271
    25   0.0222  -0.0426   0.0000   0.2794   0.0051   0.1219   0.0748   0.5521   0.4359   0.0291   0.0000  -0.0041   0.1003    0.259
    26   0.0325  -0.0623   0.0000   0.2794   0.0059   0.1219   0.0788   0.5526   0.4364   0.0261   0.0000   0.0006   0.0962    0.249
    27   0.0442  -0.0849   0.0000   0.2794   0.0066   0.1216   0.0830   0.5515   0.4355   0.0235   0.0000   0.0047   0.0923    0.239
    28   0.0572  -0.1098   0.0000   0.2794   0.0072   0.1207   0.0873   0.5477   0.4325   0.0212   0.0000   0.0084   0.0883    0.231
    29   0.0710  -0.1363   0.0000   0.2794   0.0076   0.1189   0.0917   0.5400   0.4264   0.0191   0.0000   0.0117   0.0840    0.223
    30   0.0854  -0.1638   0.0000   0.2794   0.0078   0.1161   0.0962   0.5274   0.4165   0.0172   0.0000   0.0150   0.0788    0.214
    31   0.0999  -0.1918   0.0000   0.2794   0.0078   0.1119   0.1006   0.5088   0.4017   0.0153   0.0000   0.0182   0.0727    0.205
    32   0.1143  -0.2193   0.0000   0.2794   0.0076   0.1062   0.1048   0.4831   0.3815   0.0133   0.0000   0.0215   0.0652    0.194
    33   0.1281  -0.2458   0.0000   0.2794   0.0072   0.0989   0.1083   0.4498   0.3551   0.0113   0.0000   0.0248   0.0565    0.180
    34   0.1411  -0.2707   0.0000   0.2794   0.0066   0.0897   0.1107   0.4083   0.3224   0.0091   0.0000   0.0276   0.0467    0.164
    35   0.1528  -0.2933   0.0000   0.2794   0.0059   0.0788   0.1115   0.3590   0.2835   0.0068   0.0000   0.0295   0.0364    0.146
    36   0.1631  -0.3130   0.0000   0.2794   0.0051   0.0664   0.1106   0.3025   0.2389   0.0046   0.0000   0.0297   0.0263    0.126
    37   0.1716  -0.3294   0.0000   0.2794   0.0041   0.0527   0.1077   0.2402   0.1897   0.0025   0.0000   0.0276   0.0173    0.104
    38   0.1782  -0.3421   0.0000   0.2794   0.0030   0.0381   0.1034   0.1739   0.1373   0.0006   0.0000   0.0227   0.0101    0.084
    39   0.1827  -0.3507   0.0000   0.2794   0.0018   0.0230   0.0986   0.1051   0.0830  -0.0011   0.0000   0.0150   0.0049    0.069
    40   0.1850  -0.3551   0.0000   0.2794   0.0006   0.0077   0.0960   0.0354   0.0280  -0.0022   0.0000   0.0052   0.0014    0.062
 ---------------------------------------------------------------
