 ---------------------------------------------------------------
 Surface and Strip Forces by surface

  Sref = 0.15900       Cref = 0.20760       Bref = 0.81280    
  Xref = 0.10920       Yref =  0.0000       Zref =  0.0000    

  Surface # 1     Wing                                    
     # Chordwise = 10   # Spanwise = 20     First strip =  1
     Surface area Ssurf =    0.113548     Ave. chord Cave =    0.279400

 Forces referred to Sref, Cref, Bref about Xref, Yref, Zref
 Standard axis orientation,  X fwd, Z down         
     CLsurf  =   0.22846     Clsurf  =  -0.04921
     CYsurf  =   0.00136     Cmsurf  =   0.03606
     CDsurf  =   0.00822     Cnsurf  =  -0.00335
     CDisurf =   0.00822     CDvsurf =   0.00000

 Forces referred to Ssurf, Cave 
     CLsurf  =   0.31990     CDsurf  =   0.01152

 Strip Forces referred to Strip Area, Chord
    j     Xle      Yle      Zle      Chord    Area     c_cl     ai     cl_norm    cl       cd       cdv    cm_c/4     cm_LE   C.P.x/c
     1   0.0001   0.0006   0.0000   0.2794   0.0007   0.1101   0.0632   0.3941   0.3900   0.0599   0.0000   0.0050  -0.0930    0.237
     2   0.0006   0.0056   0.0000   0.2794   0.0021   0.1100   0.0626   0.3980   0.3939   0.0182   0.0000   0.0052  -0.0927    0.237
     3   0.0016   0.0155   0.0000   0.2794   0.0034   0.1100   0.0624   0.3981   0.3939   0.0157   0.0000   0.0060  -0.0919    0.235
     4   0.0031   0.0299   0.0000   0.2794   0.0047   0.1099   0.0627   0.3977   0.3935   0.0148   0.0000   0.0070  -0.0908    0.232
     5   0.0050   0.0487   0.0000   0.2794   0.0058   0.1096   0.0634   0.3967   0.3926   0.0142   0.0000   0.0081  -0.0894    0.229
     6   0.0073   0.0712   0.0000   0.2794   0.0068   0.1090   0.0644   0.3947   0.3905   0.0136   0.0000   0.0092  -0.0879    0.226
     7   0.0100   0.0970   0.0000   0.2794   0.0076   0.1080   0.0656   0.3911   0.3870   0.0131   0.0000   0.0102  -0.0860    0.224
     8   0.0129   0.1254   0.0000   0.2794   0.0082   0.1064   0.0670   0.3855   0.3814   0.0128   0.0000   0.0112  -0.0836    0.221
     9   0.0161   0.1558   0.0000   0.2794   0.0087   0.1041   0.0688   0.3772   0.3732   0.0124   0.0000   0.0122  -0.0806    0.217
    10   0.0193   0.1873   0.0000   0.2794   0.0089   0.1010   0.0708   0.3656   0.3618   0.0121   0.0000   0.0132  -0.0767    0.213
    11   0.0226   0.2191   0.0000   0.2794   0.0089   0.0968   0.0730   0.3504   0.3467   0.0117   0.0000   0.0144  -0.0718    0.208
    12   0.0258   0.2506   0.0000   0.2794   0.0087   0.0914   0.0753   0.3308   0.3274   0.0112   0.0000   0.0156  -0.0658    0.202
    13   0.0290   0.2810   0.0000   0.2794   0.0082   0.0847   0.0775   0.3066   0.3034   0.0106   0.0000   0.0169  -0.0585    0.194
    14   0.0319   0.3094   0.0000   0.2794   0.0076   0.0767   0.0793   0.2776   0.2747   0.0098   0.0000   0.0181  -0.0503    0.184
    15   0.0346   0.3352   0.0000   0.2794   0.0068   0.0673   0.0803   0.2436   0.2410   0.0088   0.0000   0.0188  -0.0412    0.172
    16   0.0369   0.3577   0.0000   0.2794   0.0058   0.0566   0.0802   0.2051   0.2029   0.0075   0.0000   0.0187  -0.0318    0.158
    17   0.0388   0.3765   0.0000   0.2794   0.0047   0.0449   0.0786   0.1627   0.1610   0.0060   0.0000   0.0173  -0.0227    0.142
    18   0.0403   0.3909   0.0000   0.2794   0.0034   0.0325   0.0754   0.1176   0.1164   0.0043   0.0000   0.0144  -0.0146    0.126
    19   0.0413   0.4008   0.0000   0.2794   0.0021   0.0196   0.0713   0.0709   0.0702   0.0023   0.0000   0.0096  -0.0079    0.113
    20   0.0418   0.4058   0.0000   0.2794   0.0007   0.0065   0.0683   0.0237   0.0234   0.0005   0.0000   0.0034  -0.0024    0.105

  Surface # 2     Wing (YDUP)                             
     # Chordwise = 10   # Spanwise = 20     First strip = 21
     Surface area Ssurf =    0.113548     Ave. chord Cave =    0.279400

 Forces referred to Sref, Cref, Bref about Xref, Yref, Zref
 Standard axis orientation,  X fwd, Z down         
     CLsurf  =   0.22846     Clsurf  =   0.04921
     CYsurf  =  -0.00136     Cmsurf  =   0.03606
     CDsurf  =   0.00822     Cnsurf  =   0.00335
     CDisurf =   0.00822     CDvsurf =   0.00000

 Forces referred to Ssurf, Cave 
     CLsurf  =   0.31990     CDsurf  =   0.01152

 Strip Forces referred to Strip Area, Chord
    j     Xle      Yle      Zle      Chord    Area     c_cl     ai     cl_norm    cl       cd       cdv    cm_c/4     cm_LE   C.P.x/c
    21   0.0001  -0.0006   0.0000   0.2794   0.0007   0.1101   0.0632   0.3941   0.3900   0.0599   0.0000   0.0050   0.0930    0.237
    22   0.0006  -0.0056   0.0000   0.2794   0.0021   0.1100   0.0626   0.3980   0.3939   0.0182   0.0000   0.0052   0.0927    0.237
    23   0.0016  -0.0155   0.0000   0.2794   0.0034   0.1100   0.0624   0.3981   0.3939   0.0157   0.0000   0.0060   0.0919    0.235
    24   0.0031  -0.0299   0.0000   0.2794   0.0047   0.1099   0.0627   0.3977   0.3935   0.0148   0.0000   0.0070   0.0908    0.232
    25   0.0050  -0.0487   0.0000   0.2794   0.0058   0.1096   0.0634   0.3967   0.3926   0.0142   0.0000   0.0081   0.0894    0.229
    26   0.0073  -0.0712   0.0000   0.2794   0.0068   0.1090   0.0644   0.3947   0.3905   0.0136   0.0000   0.0092   0.0879    0.226
    27   0.0100  -0.0970   0.0000   0.2794   0.0076   0.1080   0.0656   0.3911   0.3870   0.0131   0.0000   0.0102   0.0860    0.224
    28   0.0129  -0.1254   0.0000   0.2794   0.0082   0.1064   0.0670   0.3855   0.3814   0.0128   0.0000   0.0112   0.0836    0.221
    29   0.0161  -0.1558   0.0000   0.2794   0.0087   0.1041   0.0688   0.3772   0.3732   0.0124   0.0000   0.0122   0.0806    0.217
    30   0.0193  -0.1873   0.0000   0.2794   0.0089   0.1010   0.0708   0.3656   0.3618   0.0121   0.0000   0.0132   0.0767    0.213
    31   0.0226  -0.2191   0.0000   0.2794   0.0089   0.0968   0.0730   0.3504   0.3467   0.0117   0.0000   0.0144   0.0718    0.208
    32   0.0258  -0.2506   0.0000   0.2794   0.0087   0.0914   0.0753   0.3308   0.3274   0.0112   0.0000   0.0156   0.0658    0.202
    33   0.0290  -0.2810   0.0000   0.2794   0.0082   0.0847   0.0775   0.3066   0.3034   0.0106   0.0000   0.0169   0.0585    0.194
    34   0.0319  -0.3094   0.0000   0.2794   0.0076   0.0767   0.0793   0.2776   0.2747   0.0098   0.0000   0.0181   0.0503    0.184
    35   0.0346  -0.3352   0.0000   0.2794   0.0068   0.0673   0.0803   0.2436   0.2410   0.0088   0.0000   0.0188   0.0412    0.172
    36   0.0369  -0.3577   0.0000   0.2794   0.0058   0.0566   0.0802   0.2051   0.2029   0.0075   0.0000   0.0187   0.0318    0.158
    37   0.0388  -0.3765   0.0000   0.2794   0.0047   0.0449   0.0786   0.1627   0.1610   0.0060   0.0000   0.0173   0.0227    0.142
    38   0.0403  -0.3909   0.0000   0.2794   0.0034   0.0325   0.0754   0.1176   0.1164   0.0043   0.0000   0.0144   0.0146    0.126
    39   0.0413  -0.4008   0.0000   0.2794   0.0021   0.0196   0.0713   0.0709   0.0702   0.0023   0.0000   0.0096   0.0079    0.113
    40   0.0418  -0.4058   0.0000   0.2794   0.0007   0.0065   0.0683   0.0237   0.0234   0.0005   0.0000   0.0034   0.0024    0.105
 ---------------------------------------------------------------
