 ---------------------------------------------------------------
 Surface and Strip Forces by surface

  Sref = 0.16720       Cref = 0.20660       Bref = 0.81280    
  Xref = 0.10920       Yref =  0.0000       Zref =  0.0000    

  Surface # 1     Wing                                    
     # Chordwise = 10   # Spanwise = 20     First strip =  1
     Surface area Ssurf =    0.092903     Ave. chord Cave =    0.228600

 Forces referred to Sref, Cref, Bref about Xref, Yref, Zref
 Standard axis orientation,  X fwd, Z down         
     CLsurf  =   0.21725     Clsurf  =  -0.04789
     CYsurf  =   0.00592     Cmsurf  =  -0.01197
     CDsurf  =   0.00824     Cnsurf  =  -0.00555
     CDisurf =   0.00824     CDvsurf =   0.00000

 Forces referred to Ssurf, Cave 
     CLsurf  =   0.39099     CDsurf  =   0.01483

 Strip Forces referred to Strip Area, Chord
    j     Xle      Yle      Zle      Chord    Area     c_cl     ai     cl_norm    cl       cd       cdv    cm_c/4     cm_LE   C.P.x/c
     1   0.0002   0.0006   0.0000   0.2286   0.0006   0.1038   0.0455   0.5035   0.4372   0.1829   0.0000  -0.0162  -0.1208    0.287
     2   0.0022   0.0056   0.0000   0.2286   0.0017   0.1039   0.0451   0.5218   0.4531   0.0359   0.0000  -0.0148  -0.1195    0.283
     3   0.0061   0.0155   0.0000   0.2286   0.0028   0.1040   0.0470   0.5232   0.4543   0.0281   0.0000  -0.0110  -0.1160    0.274
     4   0.0117   0.0299   0.0000   0.2286   0.0038   0.1042   0.0500   0.5248   0.4557   0.0248   0.0000  -0.0062  -0.1119    0.264
     5   0.0191   0.0487   0.0000   0.2286   0.0047   0.1045   0.0535   0.5267   0.4574   0.0219   0.0000  -0.0018  -0.1081    0.254
     6   0.0279   0.0712   0.0000   0.2286   0.0055   0.1047   0.0571   0.5282   0.4586   0.0196   0.0000   0.0019  -0.1048    0.246
     7   0.0380   0.0970   0.0000   0.2286   0.0062   0.1047   0.0607   0.5283   0.4587   0.0177   0.0000   0.0049  -0.1020    0.239
     8   0.0492   0.1254   0.0000   0.2286   0.0067   0.1042   0.0644   0.5261   0.4568   0.0162   0.0000   0.0074  -0.0993    0.234
     9   0.0611   0.1558   0.0000   0.2286   0.0071   0.1031   0.0683   0.5206   0.4521   0.0150   0.0000   0.0095  -0.0961    0.229
    10   0.0734   0.1873   0.0000   0.2286   0.0073   0.1011   0.0725   0.5108   0.4435   0.0139   0.0000   0.0117  -0.0921    0.224
    11   0.0859   0.2191   0.0000   0.2286   0.0073   0.0981   0.0770   0.4955   0.4303   0.0130   0.0000   0.0140  -0.0868    0.217
    12   0.0982   0.2506   0.0000   0.2286   0.0071   0.0938   0.0818   0.4738   0.4114   0.0119   0.0000   0.0166  -0.0800    0.210
    13   0.1101   0.2810   0.0000   0.2286   0.0067   0.0880   0.0865   0.4445   0.3860   0.0107   0.0000   0.0196  -0.0714    0.199
    14   0.1213   0.3094   0.0000   0.2286   0.0062   0.0805   0.0906   0.4068   0.3533   0.0093   0.0000   0.0226  -0.0610    0.186
    15   0.1314   0.3352   0.0000   0.2286   0.0055   0.0713   0.0935   0.3604   0.3130   0.0077   0.0000   0.0252  -0.0492    0.169
    16   0.1402   0.3577   0.0000   0.2286   0.0047   0.0605   0.0944   0.3057   0.2655   0.0059   0.0000   0.0267  -0.0368    0.150
    17   0.1476   0.3765   0.0000   0.2286   0.0038   0.0482   0.0930   0.2439   0.2118   0.0041   0.0000   0.0260  -0.0249    0.127
    18   0.1532   0.3909   0.0000   0.2286   0.0028   0.0350   0.0892   0.1768   0.1535   0.0022   0.0000   0.0224  -0.0148    0.104
    19   0.1571   0.4008   0.0000   0.2286   0.0017   0.0211   0.0840   0.1068   0.0928   0.0003   0.0000   0.0153  -0.0072    0.085
    20   0.1591   0.4058   0.0000   0.2286   0.0006   0.0070   0.0803   0.0358   0.0311  -0.0012   0.0000   0.0054  -0.0021    0.075

  Surface # 2     Wing (YDUP)                             
     # Chordwise = 10   # Spanwise = 20     First strip = 21
     Surface area Ssurf =    0.092903     Ave. chord Cave =    0.228600

 Forces referred to Sref, Cref, Bref about Xref, Yref, Zref
 Standard axis orientation,  X fwd, Z down         
     CLsurf  =   0.21725     Clsurf  =   0.04789
     CYsurf  =  -0.00592     Cmsurf  =  -0.01197
     CDsurf  =   0.00824     Cnsurf  =   0.00555
     CDisurf =   0.00824     CDvsurf =   0.00000

 Forces referred to Ssurf, Cave 
     CLsurf  =   0.39099     CDsurf  =   0.01483

 Strip Forces referred to Strip Area, Chord
    j     Xle      Yle      Zle      Chord    Area     c_cl     ai     cl_norm    cl       cd       cdv    cm_c/4     cm_LE   C.P.x/c
    21   0.0002  -0.0006   0.0000   0.2286   0.0006   0.1038   0.0455   0.5035   0.4372   0.1829   0.0000  -0.0162   0.1208    0.287
    22   0.0022  -0.0056   0.0000   0.2286   0.0017   0.1039   0.0451   0.5218   0.4531   0.0359   0.0000  -0.0148   0.1195    0.283
    23   0.0061  -0.0155   0.0000   0.2286   0.0028   0.1040   0.0470   0.5232   0.4543   0.0281   0.0000  -0.0110   0.1160    0.274
    24   0.0117  -0.0299   0.0000   0.2286   0.0038   0.1042   0.0500   0.5248   0.4557   0.0248   0.0000  -0.0062   0.1119    0.264
    25   0.0191  -0.0487   0.0000   0.2286   0.0047   0.1045   0.0535   0.5267   0.4574   0.0219   0.0000  -0.0018   0.1081    0.254
    26   0.0279  -0.0712   0.0000   0.2286   0.0055   0.1047   0.0571   0.5282   0.4586   0.0196   0.0000   0.0019   0.1048    0.246
    27   0.0380  -0.0970   0.0000   0.2286   0.0062   0.1047   0.0607   0.5283   0.4587   0.0177   0.0000   0.0049   0.1020    0.239
    28   0.0492  -0.1254   0.0000   0.2286   0.0067   0.1042   0.0644   0.5261   0.4568   0.0162   0.0000   0.0074   0.0993    0.234
    29   0.0611  -0.1558   0.0000   0.2286   0.0071   0.1031   0.0683   0.5206   0.4521   0.0150   0.0000   0.0095   0.0961    0.229
    30   0.0734  -0.1873   0.0000   0.2286   0.0073   0.1011   0.0725   0.5108   0.4435   0.0139   0.0000   0.0117   0.0921    0.224
    31   0.0859  -0.2191   0.0000   0.2286   0.0073   0.0981   0.0770   0.4955   0.4303   0.0130   0.0000   0.0140   0.0868    0.217
    32   0.0982  -0.2506   0.0000   0.2286   0.0071   0.0938   0.0818   0.4738   0.4114   0.0119   0.0000   0.0166   0.0800    0.210
    33   0.1101  -0.2810   0.0000   0.2286   0.0067   0.0880   0.0865   0.4445   0.3860   0.0107   0.0000   0.0196   0.0714    0.199
    34   0.1213  -0.3094   0.0000   0.2286   0.0062   0.0805   0.0906   0.4068   0.3533   0.0093   0.0000   0.0226   0.0610    0.186
    35   0.1314  -0.3352   0.0000   0.2286   0.0055   0.0713   0.0935   0.3604   0.3130   0.0077   0.0000   0.0252   0.0492    0.169
    36   0.1402  -0.3577   0.0000   0.2286   0.0047   0.0605   0.0944   0.3057   0.2655   0.0059   0.0000   0.0267   0.0368    0.150
    37   0.1476  -0.3765   0.0000   0.2286   0.0038   0.0482   0.0930   0.2439   0.2118   0.0041   0.0000   0.0260   0.0249    0.127
    38   0.1532  -0.3909   0.0000   0.2286   0.0028   0.0350   0.0892   0.1768   0.1535   0.0022   0.0000   0.0224   0.0148    0.104
    39   0.1571  -0.4008   0.0000   0.2286   0.0017   0.0211   0.0840   0.1068   0.0928   0.0003   0.0000   0.0153   0.0072    0.085
    40   0.1591  -0.4058   0.0000   0.2286   0.0006   0.0070   0.0803   0.0358   0.0311  -0.0012   0.0000   0.0054   0.0021    0.075
 ---------------------------------------------------------------
