 ---------------------------------------------------------------
 Surface and Strip Forces by surface

  Sref = 0.19510       Cref = 0.27540       Bref = 0.71120    
  Xref = 0.10920       Yref =  0.0000       Zref =  0.0000    

  Surface # 1     Wing                                    
     # Chordwise = 10   # Spanwise = 20     First strip =  1
     Surface area Ssurf =    0.108387     Ave. chord Cave =    0.304800

 Forces referred to Sref, Cref, Bref about Xref, Yref, Zref
 Standard axis orientation,  X fwd, Z down         
     CLsurf  =   0.18618     Clsurf  =  -0.03978
     CYsurf  =   0.00054     Cmsurf  =   0.02788
     CDsurf  =   0.00864     Cnsurf  =  -0.00290
     CDisurf =   0.00864     CDvsurf =   0.00000

 Forces referred to Ssurf, Cave 
     CLsurf  =   0.33514     CDsurf  =   0.01555

 Strip Forces referred to Strip Area, Chord
    j     Xle      Yle      Zle      Chord    Area     c_cl     ai     cl_norm    cl       cd       cdv    cm_c/4     cm_LE   C.P.x/c
     1   0.0000   0.0005   0.0000   0.3048   0.0007   0.1277   0.0871   0.4173   0.4166   0.0458   0.0000   0.0120  -0.0927    0.221
     2   0.0002   0.0049   0.0000   0.3048   0.0020   0.1277   0.0869   0.4202   0.4194   0.0210   0.0000   0.0121  -0.0926    0.221
     3   0.0006   0.0135   0.0000   0.3048   0.0033   0.1277   0.0868   0.4201   0.4194   0.0195   0.0000   0.0124  -0.0923    0.221
     4   0.0011   0.0262   0.0000   0.3048   0.0044   0.1275   0.0869   0.4195   0.4187   0.0190   0.0000   0.0128  -0.0917    0.219
     5   0.0018   0.0426   0.0000   0.3048   0.0055   0.1270   0.0872   0.4180   0.4172   0.0186   0.0000   0.0133  -0.0908    0.218
     6   0.0027   0.0623   0.0000   0.3048   0.0065   0.1261   0.0877   0.4152   0.4144   0.0183   0.0000   0.0138  -0.0896    0.217
     7   0.0036   0.0849   0.0000   0.3048   0.0073   0.1247   0.0885   0.4105   0.4097   0.0180   0.0000   0.0144  -0.0878    0.215
     8   0.0047   0.1098   0.0000   0.3048   0.0079   0.1225   0.0895   0.4034   0.4027   0.0177   0.0000   0.0151  -0.0854    0.213
     9   0.0058   0.1363   0.0000   0.3048   0.0083   0.1195   0.0908   0.3933   0.3926   0.0173   0.0000   0.0158  -0.0821    0.210
    10   0.0070   0.1638   0.0000   0.3048   0.0085   0.1154   0.0924   0.3798   0.3791   0.0169   0.0000   0.0167  -0.0779    0.206
    11   0.0082   0.1918   0.0000   0.3048   0.0085   0.1101   0.0940   0.3623   0.3617   0.0164   0.0000   0.0176  -0.0727    0.201
    12   0.0094   0.2193   0.0000   0.3048   0.0083   0.1035   0.0957   0.3405   0.3399   0.0157   0.0000   0.0185  -0.0663    0.196
    13   0.0105   0.2458   0.0000   0.3048   0.0079   0.0955   0.0973   0.3141   0.3136   0.0148   0.0000   0.0193  -0.0589    0.188
    14   0.0116   0.2707   0.0000   0.3048   0.0073   0.0861   0.0984   0.2831   0.2826   0.0137   0.0000   0.0199  -0.0507    0.180
    15   0.0125   0.2933   0.0000   0.3048   0.0065   0.0753   0.0988   0.2476   0.2471   0.0123   0.0000   0.0199  -0.0418    0.169
    16   0.0134   0.3130   0.0000   0.3048   0.0055   0.0632   0.0983   0.2079   0.2075   0.0106   0.0000   0.0191  -0.0327    0.158
    17   0.0141   0.3294   0.0000   0.3048   0.0044   0.0501   0.0966   0.1648   0.1645   0.0086   0.0000   0.0172  -0.0239    0.146
    18   0.0146   0.3421   0.0000   0.3048   0.0033   0.0362   0.0937   0.1191   0.1189   0.0063   0.0000   0.0138  -0.0158    0.134
    19   0.0150   0.3507   0.0000   0.3048   0.0020   0.0219   0.0902   0.0719   0.0718   0.0037   0.0000   0.0091  -0.0088    0.124
    20   0.0152   0.3551   0.0000   0.3048   0.0007   0.0073   0.0879   0.0240   0.0240   0.0011   0.0000   0.0032  -0.0028    0.118

  Surface # 2     Wing (YDUP)                             
     # Chordwise = 10   # Spanwise = 20     First strip = 21
     Surface area Ssurf =    0.108387     Ave. chord Cave =    0.304800

 Forces referred to Sref, Cref, Bref about Xref, Yref, Zref
 Standard axis orientation,  X fwd, Z down         
     CLsurf  =   0.18618     Clsurf  =   0.03978
     CYsurf  =  -0.00054     Cmsurf  =   0.02788
     CDsurf  =   0.00864     Cnsurf  =   0.00290
     CDisurf =   0.00864     CDvsurf =   0.00000

 Forces referred to Ssurf, Cave 
     CLsurf  =   0.33514     CDsurf  =   0.01555

 Strip Forces referred to Strip Area, Chord
    j     Xle      Yle      Zle      Chord    Area     c_cl     ai     cl_norm    cl       cd       cdv    cm_c/4     cm_LE   C.P.x/c
    21   0.0000  -0.0005   0.0000   0.3048   0.0007   0.1277   0.0871   0.4173   0.4166   0.0458   0.0000   0.0120   0.0927    0.221
    22   0.0002  -0.0049   0.0000   0.3048   0.0020   0.1277   0.0869   0.4202   0.4194   0.0210   0.0000   0.0121   0.0926    0.221
    23   0.0006  -0.0135   0.0000   0.3048   0.0033   0.1277   0.0868   0.4201   0.4194   0.0195   0.0000   0.0124   0.0923    0.221
    24   0.0011  -0.0262   0.0000   0.3048   0.0044   0.1275   0.0869   0.4195   0.4187   0.0190   0.0000   0.0128   0.0917    0.219
    25   0.0018  -0.0426   0.0000   0.3048   0.0055   0.1270   0.0872   0.4180   0.4172   0.0186   0.0000   0.0133   0.0908    0.218
    26   0.0027  -0.0623   0.0000   0.3048   0.0065   0.1261   0.0877   0.4152   0.4144   0.0183   0.0000   0.0138   0.0896    0.217
    27   0.0036  -0.0849   0.0000   0.3048   0.0073   0.1247   0.0885   0.4105   0.4097   0.0180   0.0000   0.0144   0.0878    0.215
    28   0.0047  -0.1098   0.0000   0.3048   0.0079   0.1225   0.0895   0.4034   0.4027   0.0177   0.0000   0.0151   0.0854    0.213
    29   0.0058  -0.1363   0.0000   0.3048   0.0083   0.1195   0.0908   0.3933   0.3926   0.0173   0.0000   0.0158   0.0821    0.210
    30   0.0070  -0.1638   0.0000   0.3048   0.0085   0.1154   0.0924   0.3798   0.3791   0.0169   0.0000   0.0167   0.0779    0.206
    31   0.0082  -0.1918   0.0000   0.3048   0.0085   0.1101   0.0940   0.3623   0.3617   0.0164   0.0000   0.0176   0.0727    0.201
    32   0.0094  -0.2193   0.0000   0.3048   0.0083   0.1035   0.0957   0.3405   0.3399   0.0157   0.0000   0.0185   0.0663    0.196
    33   0.0105  -0.2458   0.0000   0.3048   0.0079   0.0955   0.0973   0.3141   0.3136   0.0148   0.0000   0.0193   0.0589    0.188
    34   0.0116  -0.2707   0.0000   0.3048   0.0073   0.0861   0.0984   0.2831   0.2826   0.0137   0.0000   0.0199   0.0507    0.180
    35   0.0125  -0.2933   0.0000   0.3048   0.0065   0.0753   0.0988   0.2476   0.2471   0.0123   0.0000   0.0199   0.0418    0.169
    36   0.0134  -0.3130   0.0000   0.3048   0.0055   0.0632   0.0983   0.2079   0.2075   0.0106   0.0000   0.0191   0.0327    0.158
    37   0.0141  -0.3294   0.0000   0.3048   0.0044   0.0501   0.0966   0.1648   0.1645   0.0086   0.0000   0.0172   0.0239    0.146
    38   0.0146  -0.3421   0.0000   0.3048   0.0033   0.0362   0.0937   0.1191   0.1189   0.0063   0.0000   0.0138   0.0158    0.134
    39   0.0150  -0.3507   0.0000   0.3048   0.0020   0.0219   0.0902   0.0719   0.0718   0.0037   0.0000   0.0091   0.0088    0.124
    40   0.0152  -0.3551   0.0000   0.3048   0.0007   0.0073   0.0879   0.0240   0.0240   0.0011   0.0000   0.0032   0.0028    0.118
 ---------------------------------------------------------------
