 ---------------------------------------------------------------
 Surface and Strip Forces by surface

  Sref = 0.92900E-01   Cref = 0.17500       Bref = 0.60960    
  Xref = 0.10920       Yref =  0.0000       Zref =  0.0000    

  Surface # 1     Wing                                    
     # Chordwise = 10   # Spanwise = 20     First strip =  1
     Surface area Ssurf =    0.077419     Ave. chord Cave =    0.254000

 Forces referred to Sref, Cref, Bref about Xref, Yref, Zref
 Standard axis orientation,  X fwd, Z down         
     CLsurf  =   0.39101     Clsurf  =  -0.08440
     CYsurf  =   0.01298     Cmsurf  =   0.02417
     CDsurf  =   0.02624     Cnsurf  =  -0.01543
     CDisurf =   0.02624     CDvsurf =   0.00000

 Forces referred to Ssurf, Cave 
     CLsurf  =   0.46919     CDsurf  =   0.03149

 Strip Forces referred to Strip Area, Chord
    j     Xle      Yle      Zle      Chord    Area     c_cl     ai     cl_norm    cl       cd       cdv    cm_c/4     cm_LE   C.P.x/c
     1   0.0002   0.0005   0.0000   0.2540   0.0005   0.1448   0.1041   0.5741   0.5153   0.3786   0.0000  -0.0088  -0.1432    0.267
     2   0.0014   0.0042   0.0000   0.2540   0.0014   0.1448   0.1038   0.6304   0.5658   0.0728   0.0000  -0.0080  -0.1424    0.264
     3   0.0040   0.0116   0.0000   0.2540   0.0023   0.1448   0.1049   0.6338   0.5689   0.0546   0.0000  -0.0052  -0.1398    0.259
     4   0.0077   0.0225   0.0000   0.2540   0.0032   0.1448   0.1070   0.6347   0.5697   0.0492   0.0000  -0.0013  -0.1360    0.252
     5   0.0125   0.0365   0.0000   0.2540   0.0039   0.1446   0.1098   0.6347   0.5698   0.0451   0.0000   0.0030  -0.1319    0.245
     6   0.0183   0.0534   0.0000   0.2540   0.0046   0.1442   0.1132   0.6334   0.5686   0.0414   0.0000   0.0071  -0.1276    0.238
     7   0.0249   0.0728   0.0000   0.2540   0.0052   0.1432   0.1168   0.6297   0.5653   0.0383   0.0000   0.0109  -0.1231    0.231
     8   0.0323   0.0941   0.0000   0.2540   0.0056   0.1415   0.1207   0.6226   0.5589   0.0355   0.0000   0.0144  -0.1182    0.224
     9   0.0401   0.1168   0.0000   0.2540   0.0059   0.1388   0.1248   0.6110   0.5484   0.0329   0.0000   0.0176  -0.1125    0.218
    10   0.0482   0.1404   0.0000   0.2540   0.0061   0.1348   0.1291   0.5938   0.5330   0.0305   0.0000   0.0208  -0.1058    0.211
    11   0.0563   0.1644   0.0000   0.2540   0.0061   0.1294   0.1333   0.5701   0.5117   0.0280   0.0000   0.0240  -0.0978    0.203
    12   0.0644   0.1880   0.0000   0.2540   0.0059   0.1223   0.1374   0.5390   0.4838   0.0255   0.0000   0.0271  -0.0882    0.194
    13   0.0722   0.2107   0.0000   0.2540   0.0056   0.1134   0.1410   0.5000   0.4488   0.0227   0.0000   0.0300  -0.0772    0.183
    14   0.0796   0.2320   0.0000   0.2540   0.0052   0.1027   0.1436   0.4527   0.4064   0.0197   0.0000   0.0322  -0.0651    0.171
    15   0.0862   0.2514   0.0000   0.2540   0.0046   0.0901   0.1450   0.3975   0.3568   0.0165   0.0000   0.0333  -0.0524    0.157
    16   0.0920   0.2683   0.0000   0.2540   0.0039   0.0759   0.1448   0.3350   0.3007   0.0131   0.0000   0.0327  -0.0397    0.141
    17   0.0968   0.2823   0.0000   0.2540   0.0032   0.0603   0.1430   0.2664   0.2391   0.0096   0.0000   0.0298  -0.0280    0.125
    18   0.1005   0.2932   0.0000   0.2540   0.0023   0.0437   0.1398   0.1932   0.1734   0.0061   0.0000   0.0241  -0.0179    0.111
    19   0.1031   0.3006   0.0000   0.2540   0.0014   0.0264   0.1359   0.1171   0.1051   0.0023   0.0000   0.0158  -0.0096    0.099
    20   0.1043   0.3043   0.0000   0.2540   0.0005   0.0088   0.1337   0.0395   0.0355  -0.0011   0.0000   0.0055  -0.0030    0.095

  Surface # 2     Wing (YDUP)                             
     # Chordwise = 10   # Spanwise = 20     First strip = 21
     Surface area Ssurf =    0.077419     Ave. chord Cave =    0.254000

 Forces referred to Sref, Cref, Bref about Xref, Yref, Zref
 Standard axis orientation,  X fwd, Z down         
     CLsurf  =   0.39101     Clsurf  =   0.08440
     CYsurf  =  -0.01298     Cmsurf  =   0.02417
     CDsurf  =   0.02624     Cnsurf  =   0.01543
     CDisurf =   0.02624     CDvsurf =   0.00000

 Forces referred to Ssurf, Cave 
     CLsurf  =   0.46919     CDsurf  =   0.03149

 Strip Forces referred to Strip Area, Chord
    j     Xle      Yle      Zle      Chord    Area     c_cl     ai     cl_norm    cl       cd       cdv    cm_c/4     cm_LE   C.P.x/c
    21   0.0002  -0.0005   0.0000   0.2540   0.0005   0.1448   0.1041   0.5741   0.5153   0.3786   0.0000  -0.0088   0.1432    0.267
    22   0.0014  -0.0042   0.0000   0.2540   0.0014   0.1448   0.1038   0.6304   0.5658   0.0728   0.0000  -0.0080   0.1424    0.264
    23   0.0040  -0.0116   0.0000   0.2540   0.0023   0.1448   0.1049   0.6338   0.5689   0.0546   0.0000  -0.0052   0.1398    0.259
    24   0.0077  -0.0225   0.0000   0.2540   0.0032   0.1448   0.1070   0.6347   0.5697   0.0492   0.0000  -0.0013   0.1360    0.252
    25   0.0125  -0.0365   0.0000   0.2540   0.0039   0.1446   0.1098   0.6347   0.5698   0.0451   0.0000   0.0030   0.1319    0.245
    26   0.0183  -0.0534   0.0000   0.2540   0.0046   0.1442   0.1132   0.6334   0.5686   0.0414   0.0000   0.0071   0.1276    0.238
    27   0.0249  -0.0728   0.0000   0.2540   0.0052   0.1432   0.1168   0.6297   0.5653   0.0383   0.0000   0.0109   0.1231    0.231
    28   0.0323  -0.0941   0.0000   0.2540   0.0056   0.1415   0.1207   0.6226   0.5589   0.0355   0.0000   0.0144   0.1182    0.224
    29   0.0401  -0.1168   0.0000   0.2540   0.0059   0.1388   0.1248   0.6110   0.5484   0.0329   0.0000   0.0176   0.1125    0.218
    30   0.0482  -0.1404   0.0000   0.2540   0.0061   0.1348   0.1291   0.5938   0.5330   0.0305   0.0000   0.0208   0.1058    0.211
    31   0.0563  -0.1644   0.0000   0.2540   0.0061   0.1294   0.1333   0.5701   0.5117   0.0280   0.0000   0.0240   0.0978    0.203
    32   0.0644  -0.1880   0.0000   0.2540   0.0059   0.1223   0.1374   0.5390   0.4838   0.0255   0.0000   0.0271   0.0882    0.194
    33   0.0722  -0.2107   0.0000   0.2540   0.0056   0.1134   0.1410   0.5000   0.4488   0.0227   0.0000   0.0300   0.0772    0.183
    34   0.0796  -0.2320   0.0000   0.2540   0.0052   0.1027   0.1436   0.4527   0.4064   0.0197   0.0000   0.0322   0.0651    0.171
    35   0.0862  -0.2514   0.0000   0.2540   0.0046   0.0901   0.1450   0.3975   0.3568   0.0165   0.0000   0.0333   0.0524    0.157
    36   0.0920  -0.2683   0.0000   0.2540   0.0039   0.0759   0.1448   0.3350   0.3007   0.0131   0.0000   0.0327   0.0397    0.141
    37   0.0968  -0.2823   0.0000   0.2540   0.0032   0.0603   0.1430   0.2664   0.2391   0.0096   0.0000   0.0298   0.0280    0.125
    38   0.1005  -0.2932   0.0000   0.2540   0.0023   0.0437   0.1398   0.1932   0.1734   0.0061   0.0000   0.0241   0.0179    0.111
    39   0.1031  -0.3006   0.0000   0.2540   0.0014   0.0264   0.1359   0.1171   0.1051   0.0023   0.0000   0.0158   0.0096    0.099
    40   0.1043  -0.3043   0.0000   0.2540   0.0005   0.0088   0.1337   0.0395   0.0355  -0.0011   0.0000   0.0055   0.0030    0.095
 ---------------------------------------------------------------
