 ---------------------------------------------------------------
 Surface and Strip Forces by surface

  Sref = 0.20900       Cref = 0.22950       Bref = 0.91440    
  Xref = 0.10920       Yref =  0.0000       Zref =  0.0000    

  Surface # 1     Wing                                    
     # Chordwise = 10   # Spanwise = 20     First strip =  1
     Surface area Ssurf =    0.116129     Ave. chord Cave =    0.254000

 Forces referred to Sref, Cref, Bref about Xref, Yref, Zref
 Standard axis orientation,  X fwd, Z down         
     CLsurf  =   0.17380     Clsurf  =  -0.03792
     CYsurf  =   0.00185     Cmsurf  =   0.01047
     CDsurf  =   0.00506     Cnsurf  =  -0.00259
     CDisurf =   0.00506     CDvsurf =   0.00000

 Forces referred to Ssurf, Cave 
     CLsurf  =   0.31279     CDsurf  =   0.00910

 Strip Forces referred to Strip Area, Chord
    j     Xle      Yle      Zle      Chord    Area     c_cl     ai     cl_norm    cl       cd       cdv    cm_c/4     cm_LE   C.P.x/c
     1   0.0001   0.0007   0.0000   0.2540   0.0007   0.0952   0.0446   0.3849   0.3697   0.0762   0.0000  -0.0030  -0.0947    0.258
     2   0.0013   0.0063   0.0000   0.2540   0.0021   0.0951   0.0435   0.3898   0.3744   0.0176   0.0000  -0.0024  -0.0941    0.256
     3   0.0036   0.0174   0.0000   0.2540   0.0035   0.0951   0.0436   0.3901   0.3746   0.0144   0.0000  -0.0006  -0.0923    0.252
     4   0.0069   0.0337   0.0000   0.2540   0.0048   0.0951   0.0445   0.3902   0.3747   0.0130   0.0000   0.0016  -0.0902    0.246
     5   0.0112   0.0548   0.0000   0.2540   0.0059   0.0951   0.0459   0.3901   0.3746   0.0119   0.0000   0.0037  -0.0881    0.240
     6   0.0164   0.0801   0.0000   0.2540   0.0069   0.0949   0.0476   0.3894   0.3739   0.0110   0.0000   0.0055  -0.0861    0.235
     7   0.0223   0.1092   0.0000   0.2540   0.0078   0.0944   0.0494   0.3875   0.3721   0.0103   0.0000   0.0070  -0.0842    0.231
     8   0.0288   0.1411   0.0000   0.2540   0.0084   0.0935   0.0514   0.3838   0.3686   0.0098   0.0000   0.0083  -0.0821    0.228
     9   0.0358   0.1752   0.0000   0.2540   0.0089   0.0920   0.0537   0.3777   0.3627   0.0094   0.0000   0.0095  -0.0794    0.224
    10   0.0430   0.2107   0.0000   0.2540   0.0091   0.0898   0.0562   0.3685   0.3538   0.0090   0.0000   0.0107  -0.0761    0.220
    11   0.0503   0.2465   0.0000   0.2540   0.0091   0.0866   0.0590   0.3555   0.3414   0.0087   0.0000   0.0121  -0.0717    0.215
    12   0.0575   0.2820   0.0000   0.2540   0.0089   0.0824   0.0620   0.3381   0.3247   0.0083   0.0000   0.0136  -0.0661    0.208
    13   0.0645   0.3161   0.0000   0.2540   0.0084   0.0769   0.0650   0.3156   0.3031   0.0078   0.0000   0.0153  -0.0591    0.199
    14   0.0710   0.3480   0.0000   0.2540   0.0078   0.0701   0.0676   0.2876   0.2762   0.0071   0.0000   0.0171  -0.0508    0.188
    15   0.0769   0.3771   0.0000   0.2540   0.0069   0.0619   0.0694   0.2539   0.2438   0.0063   0.0000   0.0186  -0.0414    0.174
    16   0.0821   0.4024   0.0000   0.2540   0.0059   0.0523   0.0699   0.2147   0.2062   0.0053   0.0000   0.0193  -0.0315    0.156
    17   0.0864   0.4235   0.0000   0.2540   0.0048   0.0416   0.0685   0.1707   0.1640   0.0041   0.0000   0.0187  -0.0218    0.136
    18   0.0897   0.4398   0.0000   0.2540   0.0035   0.0301   0.0650   0.1234   0.1185   0.0027   0.0000   0.0160  -0.0133    0.115
    19   0.0920   0.4509   0.0000   0.2540   0.0021   0.0181   0.0601   0.0743   0.0714   0.0012   0.0000   0.0110  -0.0067    0.096
    20   0.0932   0.4565   0.0000   0.2540   0.0007   0.0060   0.0564   0.0248   0.0238  -0.0002   0.0000   0.0039  -0.0020    0.085

  Surface # 2     Wing (YDUP)                             
     # Chordwise = 10   # Spanwise = 20     First strip = 21
     Surface area Ssurf =    0.116129     Ave. chord Cave =    0.254000

 Forces referred to Sref, Cref, Bref about Xref, Yref, Zref
 Standard axis orientation,  X fwd, Z down         
     CLsurf  =   0.17380     Clsurf  =   0.03792
     CYsurf  =  -0.00185     Cmsurf  =   0.01047
     CDsurf  =   0.00506     Cnsurf  =   0.00259
     CDisurf =   0.00506     CDvsurf =   0.00000

 Forces referred to Ssurf, Cave 
     CLsurf  =   0.31279     CDsurf  =   0.00910

 Strip Forces referred to Strip Area, Chord
    j     Xle      Yle      Zle      Chord    Area     c_cl     ai     cl_norm    cl       cd       cdv    cm_c/4     cm_LE   C.P.x/c
    21   0.0001  -0.0007   0.0000   0.2540   0.0007   0.0952   0.0446   0.3849   0.3697   0.0762   0.0000  -0.0030   0.0947    0.258
    22   0.0013  -0.0063   0.0000   0.2540   0.0021   0.0951   0.0435   0.3898   0.3744   0.0176   0.0000  -0.0024   0.0941    0.256
    23   0.0036  -0.0174   0.0000   0.2540   0.0035   0.0951   0.0436   0.3901   0.3746   0.0144   0.0000  -0.0006   0.0923    0.252
    24   0.0069  -0.0337   0.0000   0.2540   0.0048   0.0951   0.0445   0.3902   0.3747   0.0130   0.0000   0.0016   0.0902    0.246
    25   0.0112  -0.0548   0.0000   0.2540   0.0059   0.0951   0.0459   0.3901   0.3746   0.0119   0.0000   0.0037   0.0881    0.240
    26   0.0164  -0.0801   0.0000   0.2540   0.0069   0.0949   0.0476   0.3894   0.3739   0.0110   0.0000   0.0055   0.0861    0.235
    27   0.0223  -0.1092   0.0000   0.2540   0.0078   0.0944   0.0494   0.3875   0.3721   0.0103   0.0000   0.0070   0.0842    0.231
    28   0.0288  -0.1411   0.0000   0.2540   0.0084   0.0935   0.0514   0.3838   0.3686   0.0098   0.0000   0.0083   0.0821    0.228
    29   0.0358  -0.1752   0.0000   0.2540   0.0089   0.0920   0.0537   0.3777   0.3627   0.0094   0.0000   0.0095   0.0794    0.224
    30   0.0430  -0.2107   0.0000   0.2540   0.0091   0.0898   0.0562   0.3685   0.3538   0.0090   0.0000   0.0107   0.0761    0.220
    31   0.0503  -0.2465   0.0000   0.2540   0.0091   0.0866   0.0590   0.3555   0.3414   0.0087   0.0000   0.0121   0.0717    0.215
    32   0.0575  -0.2820   0.0000   0.2540   0.0089   0.0824   0.0620   0.3381   0.3247   0.0083   0.0000   0.0136   0.0661    0.208
    33   0.0645  -0.3161   0.0000   0.2540   0.0084   0.0769   0.0650   0.3156   0.3031   0.0078   0.0000   0.0153   0.0591    0.199
    34   0.0710  -0.3480   0.0000   0.2540   0.0078   0.0701   0.0676   0.2876   0.2762   0.0071   0.0000   0.0171   0.0508    0.188
    35   0.0769  -0.3771   0.0000   0.2540   0.0069   0.0619   0.0694   0.2539   0.2438   0.0063   0.0000   0.0186   0.0414    0.174
    36   0.0821  -0.4024   0.0000   0.2540   0.0059   0.0523   0.0699   0.2147   0.2062   0.0053   0.0000   0.0193   0.0315    0.156
    37   0.0864  -0.4235   0.0000   0.2540   0.0048   0.0416   0.0685   0.1707   0.1640   0.0041   0.0000   0.0187   0.0218    0.136
    38   0.0897  -0.4398   0.0000   0.2540   0.0035   0.0301   0.0650   0.1234   0.1185   0.0027   0.0000   0.0160   0.0133    0.115
    39   0.0920  -0.4509   0.0000   0.2540   0.0021   0.0181   0.0601   0.0743   0.0714   0.0012   0.0000   0.0110   0.0067    0.096
    40   0.0932  -0.4565   0.0000   0.2540   0.0007   0.0060   0.0564   0.0248   0.0238  -0.0002   0.0000   0.0039   0.0020    0.085
 ---------------------------------------------------------------
