 ---------------------------------------------------------------
 Surface and Strip Forces by surface

  Sref = 0.18580       Cref = 0.22860       Bref = 0.81280    
  Xref = 0.10920       Yref =  0.0000       Zref =  0.0000    

  Surface # 1     Wing                                    
     # Chordwise = 10   # Spanwise = 20     First strip =  1
     Surface area Ssurf =    0.092903     Ave. chord Cave =    0.228600

 Forces referred to Sref, Cref, Bref about Xref, Yref, Zref
 Standard axis orientation,  X fwd, Z down         
     CLsurf  =   0.19550     Clsurf  =  -0.04259
     CYsurf  =   0.00236     Cmsurf  =   0.02409
     CDsurf  =   0.00715     Cnsurf  =  -0.00361
     CDisurf =   0.00715     CDvsurf =   0.00000

 Forces referred to Ssurf, Cave 
     CLsurf  =   0.39099     CDsurf  =   0.01430

 Strip Forces referred to Strip Area, Chord
    j     Xle      Yle      Zle      Chord    Area     c_cl     ai     cl_norm    cl       cd       cdv    cm_c/4     cm_LE   C.P.x/c
     1   0.0001   0.0006   0.0000   0.2286   0.0006   0.1073   0.0565   0.4753   0.4611   0.1020   0.0000  -0.0023  -0.1178    0.255
     2   0.0010   0.0056   0.0000   0.2286   0.0017   0.1073   0.0558   0.4835   0.4691   0.0260   0.0000  -0.0016  -0.1171    0.253
     3   0.0027   0.0155   0.0000   0.2286   0.0028   0.1073   0.0562   0.4840   0.4696   0.0215   0.0000   0.0002  -0.1153    0.250
     4   0.0053   0.0299   0.0000   0.2286   0.0038   0.1073   0.0574   0.4842   0.4697   0.0196   0.0000   0.0025  -0.1131    0.245
     5   0.0086   0.0487   0.0000   0.2286   0.0047   0.1072   0.0590   0.4840   0.4695   0.0181   0.0000   0.0047  -0.1108    0.240
     6   0.0126   0.0712   0.0000   0.2286   0.0055   0.1069   0.0608   0.4829   0.4684   0.0170   0.0000   0.0066  -0.1086    0.236
     7   0.0171   0.0970   0.0000   0.2286   0.0062   0.1063   0.0629   0.4802   0.4659   0.0161   0.0000   0.0082  -0.1064    0.232
     8   0.0221   0.1254   0.0000   0.2286   0.0067   0.1052   0.0653   0.4753   0.4611   0.0154   0.0000   0.0097  -0.1038    0.229
     9   0.0275   0.1558   0.0000   0.2286   0.0071   0.1034   0.0679   0.4673   0.4533   0.0148   0.0000   0.0110  -0.1005    0.226
    10   0.0330   0.1873   0.0000   0.2286   0.0073   0.1008   0.0709   0.4555   0.4419   0.0143   0.0000   0.0124  -0.0963    0.222
    11   0.0387   0.2191   0.0000   0.2286   0.0073   0.0972   0.0742   0.4391   0.4260   0.0139   0.0000   0.0140  -0.0909    0.217
    12   0.0442   0.2506   0.0000   0.2286   0.0071   0.0924   0.0778   0.4173   0.4049   0.0133   0.0000   0.0158  -0.0839    0.211
    13   0.0496   0.2810   0.0000   0.2286   0.0067   0.0862   0.0815   0.3894   0.3778   0.0126   0.0000   0.0177  -0.0754    0.203
    14   0.0546   0.3094   0.0000   0.2286   0.0062   0.0786   0.0848   0.3549   0.3443   0.0116   0.0000   0.0197  -0.0652    0.193
    15   0.0591   0.3352   0.0000   0.2286   0.0055   0.0694   0.0873   0.3134   0.3041   0.0105   0.0000   0.0213  -0.0537    0.180
    16   0.0631   0.3577   0.0000   0.2286   0.0047   0.0587   0.0884   0.2654   0.2574   0.0090   0.0000   0.0221  -0.0415    0.164
    17   0.0664   0.3765   0.0000   0.2286   0.0038   0.0468   0.0876   0.2115   0.2052   0.0072   0.0000   0.0212  -0.0295    0.147
    18   0.0690   0.3909   0.0000   0.2286   0.0028   0.0339   0.0848   0.1534   0.1488   0.0051   0.0000   0.0181  -0.0187    0.128
    19   0.0707   0.4008   0.0000   0.2286   0.0017   0.0205   0.0803   0.0926   0.0899   0.0027   0.0000   0.0124  -0.0099    0.113
    20   0.0716   0.4058   0.0000   0.2286   0.0006   0.0068   0.0768   0.0310   0.0301   0.0003   0.0000   0.0044  -0.0030    0.104

  Surface # 2     Wing (YDUP)                             
     # Chordwise = 10   # Spanwise = 20     First strip = 21
     Surface area Ssurf =    0.092903     Ave. chord Cave =    0.228600

 Forces referred to Sref, Cref, Bref about Xref, Yref, Zref
 Standard axis orientation,  X fwd, Z down         
     CLsurf  =   0.19550     Clsurf  =   0.04259
     CYsurf  =  -0.00236     Cmsurf  =   0.02409
     CDsurf  =   0.00715     Cnsurf  =   0.00361
     CDisurf =   0.00715     CDvsurf =   0.00000

 Forces referred to Ssurf, Cave 
     CLsurf  =   0.39099     CDsurf  =   0.01430

 Strip Forces referred to Strip Area, Chord
    j     Xle      Yle      Zle      Chord    Area     c_cl     ai     cl_norm    cl       cd       cdv    cm_c/4     cm_LE   C.P.x/c
    21   0.0001  -0.0006   0.0000   0.2286   0.0006   0.1073   0.0565   0.4753   0.4611   0.1020   0.0000  -0.0023   0.1178    0.255
    22   0.0010  -0.0056   0.0000   0.2286   0.0017   0.1073   0.0558   0.4835   0.4691   0.0260   0.0000  -0.0016   0.1171    0.253
    23   0.0027  -0.0155   0.0000   0.2286   0.0028   0.1073   0.0562   0.4840   0.4696   0.0215   0.0000   0.0002   0.1153    0.250
    24   0.0053  -0.0299   0.0000   0.2286   0.0038   0.1073   0.0574   0.4842   0.4697   0.0196   0.0000   0.0025   0.1131    0.245
    25   0.0086  -0.0487   0.0000   0.2286   0.0047   0.1072   0.0590   0.4840   0.4695   0.0181   0.0000   0.0047   0.1108    0.240
    26   0.0126  -0.0712   0.0000   0.2286   0.0055   0.1069   0.0608   0.4829   0.4684   0.0170   0.0000   0.0066   0.1086    0.236
    27   0.0171  -0.0970   0.0000   0.2286   0.0062   0.1063   0.0629   0.4802   0.4659   0.0161   0.0000   0.0082   0.1064    0.232
    28   0.0221  -0.1254   0.0000   0.2286   0.0067   0.1052   0.0653   0.4753   0.4611   0.0154   0.0000   0.0097   0.1038    0.229
    29   0.0275  -0.1558   0.0000   0.2286   0.0071   0.1034   0.0679   0.4673   0.4533   0.0148   0.0000   0.0110   0.1005    0.226
    30   0.0330  -0.1873   0.0000   0.2286   0.0073   0.1008   0.0709   0.4555   0.4419   0.0143   0.0000   0.0124   0.0963    0.222
    31   0.0387  -0.2191   0.0000   0.2286   0.0073   0.0972   0.0742   0.4391   0.4260   0.0139   0.0000   0.0140   0.0909    0.217
    32   0.0442  -0.2506   0.0000   0.2286   0.0071   0.0924   0.0778   0.4173   0.4049   0.0133   0.0000   0.0158   0.0839    0.211
    33   0.0496  -0.2810   0.0000   0.2286   0.0067   0.0862   0.0815   0.3894   0.3778   0.0126   0.0000   0.0177   0.0754    0.203
    34   0.0546  -0.3094   0.0000   0.2286   0.0062   0.0786   0.0848   0.3549   0.3443   0.0116   0.0000   0.0197   0.0652    0.193
    35   0.0591  -0.3352   0.0000   0.2286   0.0055   0.0694   0.0873   0.3134   0.3041   0.0105   0.0000   0.0213   0.0537    0.180
    36   0.0631  -0.3577   0.0000   0.2286   0.0047   0.0587   0.0884   0.2654   0.2574   0.0090   0.0000   0.0221   0.0415    0.164
    37   0.0664  -0.3765   0.0000   0.2286   0.0038   0.0468   0.0876   0.2115   0.2052   0.0072   0.0000   0.0212   0.0295    0.147
    38   0.0690  -0.3909   0.0000   0.2286   0.0028   0.0339   0.0848   0.1534   0.1488   0.0051   0.0000   0.0181   0.0187    0.128
    39   0.0707  -0.4008   0.0000   0.2286   0.0017   0.0205   0.0803   0.0926   0.0899   0.0027   0.0000   0.0124   0.0099    0.113
    40   0.0716  -0.4058   0.0000   0.2286   0.0006   0.0068   0.0768   0.0310   0.0301   0.0003   0.0000   0.0044   0.0030    0.104
 ---------------------------------------------------------------
