 ---------------------------------------------------------------
 Surface and Strip Forces by surface

  Sref = 0.16720       Cref = 0.27540       Bref = 0.60960    
  Xref = 0.10920       Yref =  0.0000       Zref =  0.0000    

  Surface # 1     Wing                                    
     # Chordwise = 10   # Spanwise = 20     First strip =  1
     Surface area Ssurf =    0.092903     Ave. chord Cave =    0.304800

 Forces referred to Sref, Cref, Bref about Xref, Yref, Zref
 Standard axis orientation,  X fwd, Z down         
     CLsurf  =   0.21725     Clsurf  =  -0.04637
     CYsurf  =   0.00257     Cmsurf  =   0.02459
     CDsurf  =   0.01407     Cnsurf  =  -0.00566
     CDisurf =   0.01407     CDvsurf =   0.00000

 Forces referred to Ssurf, Cave 
     CLsurf  =   0.39099     CDsurf  =   0.02533

 Strip Forces referred to Strip Area, Chord
    j     Xle      Yle      Zle      Chord    Area     c_cl     ai     cl_norm    cl       cd       cdv    cm_c/4     cm_LE   C.P.x/c
     1   0.0001   0.0005   0.0000   0.3048   0.0006   0.1490   0.1192   0.4780   0.4693   0.1663   0.0000   0.0108  -0.1104    0.227
     2   0.0006   0.0042   0.0000   0.3048   0.0017   0.1490   0.1186   0.4968   0.4878   0.0439   0.0000   0.0110  -0.1102    0.227
     3   0.0016   0.0116   0.0000   0.3048   0.0028   0.1489   0.1183   0.4978   0.4888   0.0362   0.0000   0.0118  -0.1093    0.226
     4   0.0031   0.0225   0.0000   0.3048   0.0038   0.1487   0.1185   0.4973   0.4883   0.0340   0.0000   0.0131  -0.1079    0.223
     5   0.0050   0.0365   0.0000   0.3048   0.0047   0.1482   0.1192   0.4958   0.4868   0.0325   0.0000   0.0145  -0.1060    0.220
     6   0.0073   0.0534   0.0000   0.3048   0.0055   0.1472   0.1202   0.4927   0.4838   0.0312   0.0000   0.0161  -0.1037    0.217
     7   0.0100   0.0728   0.0000   0.3048   0.0062   0.1456   0.1215   0.4874   0.4785   0.0300   0.0000   0.0176  -0.1008    0.213
     8   0.0129   0.0941   0.0000   0.3048   0.0067   0.1431   0.1231   0.4791   0.4704   0.0288   0.0000   0.0191  -0.0973    0.209
     9   0.0161   0.1168   0.0000   0.3048   0.0071   0.1395   0.1249   0.4672   0.4587   0.0276   0.0000   0.0207  -0.0929    0.205
    10   0.0193   0.1404   0.0000   0.3048   0.0073   0.1347   0.1269   0.4511   0.4429   0.0264   0.0000   0.0222  -0.0875    0.200
    11   0.0226   0.1644   0.0000   0.3048   0.0073   0.1284   0.1289   0.4302   0.4224   0.0251   0.0000   0.0237  -0.0809    0.194
    12   0.0258   0.1880   0.0000   0.3048   0.0071   0.1206   0.1308   0.4041   0.3967   0.0235   0.0000   0.0250  -0.0732    0.187
    13   0.0290   0.2107   0.0000   0.3048   0.0067   0.1112   0.1324   0.3725   0.3657   0.0217   0.0000   0.0261  -0.0645    0.179
    14   0.0319   0.2320   0.0000   0.3048   0.0062   0.1001   0.1335   0.3354   0.3293   0.0197   0.0000   0.0266  -0.0550    0.169
    15   0.0346   0.2514   0.0000   0.3048   0.0055   0.0875   0.1337   0.2931   0.2878   0.0173   0.0000   0.0264  -0.0450    0.158
    16   0.0369   0.2683   0.0000   0.3048   0.0047   0.0735   0.1329   0.2461   0.2416   0.0146   0.0000   0.0249  -0.0350    0.147
    17   0.0388   0.2823   0.0000   0.3048   0.0038   0.0583   0.1310   0.1951   0.1916   0.0116   0.0000   0.0220  -0.0255    0.135
    18   0.0403   0.2932   0.0000   0.3048   0.0028   0.0422   0.1281   0.1412   0.1386   0.0082   0.0000   0.0175  -0.0170    0.124
    19   0.0413   0.3006   0.0000   0.3048   0.0017   0.0255   0.1248   0.0854   0.0839   0.0046   0.0000   0.0113  -0.0095    0.115
    20   0.0418   0.3043   0.0000   0.3048   0.0006   0.0085   0.1230   0.0287   0.0281   0.0009   0.0000   0.0039  -0.0031    0.111

  Surface # 2     Wing (YDUP)                             
     # Chordwise = 10   # Spanwise = 20     First strip = 21
     Surface area Ssurf =    0.092903     Ave. chord Cave =    0.304800

 Forces referred to Sref, Cref, Bref about Xref, Yref, Zref
 Standard axis orientation,  X fwd, Z down         
     CLsurf  =   0.21725     Clsurf  =   0.04637
     CYsurf  =  -0.00257     Cmsurf  =   0.02459
     CDsurf  =   0.01407     Cnsurf  =   0.00566
     CDisurf =   0.01407     CDvsurf =   0.00000

 Forces referred to Ssurf, Cave 
     CLsurf  =   0.39099     CDsurf  =   0.02533

 Strip Forces referred to Strip Area, Chord
    j     Xle      Yle      Zle      Chord    Area     c_cl     ai     cl_norm    cl       cd       cdv    cm_c/4     cm_LE   C.P.x/c
    21   0.0001  -0.0005   0.0000   0.3048   0.0006   0.1490   0.1192   0.4780   0.4693   0.1663   0.0000   0.0108   0.1104    0.227
    22   0.0006  -0.0042   0.0000   0.3048   0.0017   0.1490   0.1186   0.4968   0.4878   0.0439   0.0000   0.0110   0.1102    0.227
    23   0.0016  -0.0116   0.0000   0.3048   0.0028   0.1489   0.1183   0.4978   0.4888   0.0362   0.0000   0.0118   0.1093    0.226
    24   0.0031  -0.0225   0.0000   0.3048   0.0038   0.1487   0.1185   0.4973   0.4883   0.0340   0.0000   0.0131   0.1079    0.223
    25   0.0050  -0.0365   0.0000   0.3048   0.0047   0.1482   0.1192   0.4958   0.4868   0.0325   0.0000   0.0145   0.1060    0.220
    26   0.0073  -0.0534   0.0000   0.3048   0.0055   0.1472   0.1202   0.4927   0.4838   0.0312   0.0000   0.0161   0.1037    0.217
    27   0.0100  -0.0728   0.0000   0.3048   0.0062   0.1456   0.1215   0.4874   0.4785   0.0300   0.0000   0.0176   0.1008    0.213
    28   0.0129  -0.0941   0.0000   0.3048   0.0067   0.1431   0.1231   0.4791   0.4704   0.0288   0.0000   0.0191   0.0973    0.209
    29   0.0161  -0.1168   0.0000   0.3048   0.0071   0.1395   0.1249   0.4672   0.4587   0.0276   0.0000   0.0207   0.0929    0.205
    30   0.0193  -0.1404   0.0000   0.3048   0.0073   0.1347   0.1269   0.4511   0.4429   0.0264   0.0000   0.0222   0.0875    0.200
    31   0.0226  -0.1644   0.0000   0.3048   0.0073   0.1284   0.1289   0.4302   0.4224   0.0251   0.0000   0.0237   0.0809    0.194
    32   0.0258  -0.1880   0.0000   0.3048   0.0071   0.1206   0.1308   0.4041   0.3967   0.0235   0.0000   0.0250   0.0732    0.187
    33   0.0290  -0.2107   0.0000   0.3048   0.0067   0.1112   0.1324   0.3725   0.3657   0.0217   0.0000   0.0261   0.0645    0.179
    34   0.0319  -0.2320   0.0000   0.3048   0.0062   0.1001   0.1335   0.3354   0.3293   0.0197   0.0000   0.0266   0.0550    0.169
    35   0.0346  -0.2514   0.0000   0.3048   0.0055   0.0875   0.1337   0.2931   0.2878   0.0173   0.0000   0.0264   0.0450    0.158
    36   0.0369  -0.2683   0.0000   0.3048   0.0047   0.0735   0.1329   0.2461   0.2416   0.0146   0.0000   0.0249   0.0350    0.147
    37   0.0388  -0.2823   0.0000   0.3048   0.0038   0.0583   0.1310   0.1951   0.1916   0.0116   0.0000   0.0220   0.0255    0.135
    38   0.0403  -0.2932   0.0000   0.3048   0.0028   0.0422   0.1281   0.1412   0.1386   0.0082   0.0000   0.0175   0.0170    0.124
    39   0.0413  -0.3006   0.0000   0.3048   0.0017   0.0255   0.1248   0.0854   0.0839   0.0046   0.0000   0.0113   0.0095    0.115
    40   0.0418  -0.3043   0.0000   0.3048   0.0006   0.0085   0.1230   0.0287   0.0281   0.0009   0.0000   0.0039   0.0031    0.111
 ---------------------------------------------------------------
