 ---------------------------------------------------------------
 Surface and Strip Forces by surface

  Sref = 0.18810       Cref = 0.20660       Bref = 0.91440    
  Xref = 0.10920       Yref =  0.0000       Zref =  0.0000    

  Surface # 1     Wing                                    
     # Chordwise = 10   # Spanwise = 20     First strip =  1
     Surface area Ssurf =    0.104516     Ave. chord Cave =    0.228600

 Forces referred to Sref, Cref, Bref about Xref, Yref, Zref
 Standard axis orientation,  X fwd, Z down         
     CLsurf  =   0.19311     Clsurf  =  -0.04258
     CYsurf  =   0.00328     Cmsurf  =  -0.00013
     CDsurf  =   0.00571     Cnsurf  =  -0.00348
     CDisurf =   0.00571     CDvsurf =   0.00000

 Forces referred to Ssurf, Cave 
     CLsurf  =   0.34755     CDsurf  =   0.01028

 Strip Forces referred to Strip Area, Chord
    j     Xle      Yle      Zle      Chord    Area     c_cl     ai     cl_norm    cl       cd       cdv    cm_c/4     cm_LE   C.P.x/c
     1   0.0002   0.0007   0.0000   0.2286   0.0006   0.0927   0.0384   0.4318   0.3980   0.1054   0.0000  -0.0097  -0.1066    0.274
     2   0.0018   0.0063   0.0000   0.2286   0.0019   0.0927   0.0374   0.4397   0.4052   0.0226   0.0000  -0.0085  -0.1055    0.271
     3   0.0051   0.0174   0.0000   0.2286   0.0031   0.0928   0.0383   0.4404   0.4058   0.0181   0.0000  -0.0056  -0.1028    0.264
     4   0.0099   0.0337   0.0000   0.2286   0.0043   0.0929   0.0403   0.4413   0.4067   0.0160   0.0000  -0.0021  -0.0996    0.255
     5   0.0160   0.0548   0.0000   0.2286   0.0053   0.0931   0.0427   0.4423   0.4076   0.0142   0.0000   0.0010  -0.0967    0.247
     6   0.0235   0.0801   0.0000   0.2286   0.0062   0.0932   0.0452   0.4430   0.4082   0.0128   0.0000   0.0036  -0.0944    0.241
     7   0.0320   0.1092   0.0000   0.2286   0.0070   0.0931   0.0477   0.4425   0.4078   0.0117   0.0000   0.0056  -0.0923    0.236
     8   0.0413   0.1411   0.0000   0.2286   0.0076   0.0926   0.0504   0.4401   0.4056   0.0109   0.0000   0.0072  -0.0903    0.232
     9   0.0513   0.1752   0.0000   0.2286   0.0080   0.0915   0.0533   0.4351   0.4010   0.0103   0.0000   0.0086  -0.0878    0.228
    10   0.0617   0.2107   0.0000   0.2286   0.0082   0.0897   0.0564   0.4266   0.3931   0.0098   0.0000   0.0101  -0.0845    0.224
    11   0.0722   0.2465   0.0000   0.2286   0.0082   0.0870   0.0600   0.4138   0.3813   0.0094   0.0000   0.0117  -0.0801    0.219
    12   0.0826   0.2820   0.0000   0.2286   0.0080   0.0832   0.0639   0.3957   0.3647   0.0088   0.0000   0.0136  -0.0743    0.213
    13   0.0926   0.3161   0.0000   0.2286   0.0076   0.0782   0.0679   0.3716   0.3425   0.0082   0.0000   0.0158  -0.0669    0.204
    14   0.1019   0.3480   0.0000   0.2286   0.0070   0.0716   0.0716   0.3406   0.3139   0.0074   0.0000   0.0182  -0.0577    0.192
    15   0.1104   0.3771   0.0000   0.2286   0.0062   0.0636   0.0744   0.3022   0.2785   0.0065   0.0000   0.0204  -0.0471    0.177
    16   0.1179   0.4024   0.0000   0.2286   0.0053   0.0540   0.0756   0.2567   0.2365   0.0053   0.0000   0.0219  -0.0357    0.158
    17   0.1240   0.4235   0.0000   0.2286   0.0043   0.0431   0.0746   0.2048   0.1888   0.0039   0.0000   0.0217  -0.0244    0.135
    18   0.1288   0.4398   0.0000   0.2286   0.0031   0.0312   0.0711   0.1484   0.1368   0.0025   0.0000   0.0190  -0.0145    0.111
    19   0.1321   0.4509   0.0000   0.2286   0.0019   0.0188   0.0658   0.0895   0.0825   0.0008   0.0000   0.0132  -0.0071    0.090
    20   0.1337   0.4565   0.0000   0.2286   0.0006   0.0063   0.0617   0.0299   0.0275  -0.0005   0.0000   0.0047  -0.0020    0.078

  Surface # 2     Wing (YDUP)                             
     # Chordwise = 10   # Spanwise = 20     First strip = 21
     Surface area Ssurf =    0.104516     Ave. chord Cave =    0.228600

 Forces referred to Sref, Cref, Bref about Xref, Yref, Zref
 Standard axis orientation,  X fwd, Z down         
     CLsurf  =   0.19311     Clsurf  =   0.04258
     CYsurf  =  -0.00328     Cmsurf  =  -0.00013
     CDsurf  =   0.00571     Cnsurf  =   0.00348
     CDisurf =   0.00571     CDvsurf =   0.00000

 Forces referred to Ssurf, Cave 
     CLsurf  =   0.34755     CDsurf  =   0.01028

 Strip Forces referred to Strip Area, Chord
    j     Xle      Yle      Zle      Chord    Area     c_cl     ai     cl_norm    cl       cd       cdv    cm_c/4     cm_LE   C.P.x/c
    21   0.0002  -0.0007   0.0000   0.2286   0.0006   0.0927   0.0384   0.4318   0.3980   0.1054   0.0000  -0.0097   0.1066    0.274
    22   0.0018  -0.0063   0.0000   0.2286   0.0019   0.0927   0.0374   0.4397   0.4052   0.0226   0.0000  -0.0085   0.1055    0.271
    23   0.0051  -0.0174   0.0000   0.2286   0.0031   0.0928   0.0383   0.4404   0.4058   0.0181   0.0000  -0.0056   0.1028    0.264
    24   0.0099  -0.0337   0.0000   0.2286   0.0043   0.0929   0.0403   0.4413   0.4067   0.0160   0.0000  -0.0021   0.0996    0.255
    25   0.0160  -0.0548   0.0000   0.2286   0.0053   0.0931   0.0427   0.4423   0.4076   0.0142   0.0000   0.0010   0.0967    0.247
    26   0.0235  -0.0801   0.0000   0.2286   0.0062   0.0932   0.0452   0.4430   0.4082   0.0128   0.0000   0.0036   0.0944    0.241
    27   0.0320  -0.1092   0.0000   0.2286   0.0070   0.0931   0.0477   0.4425   0.4078   0.0117   0.0000   0.0056   0.0923    0.236
    28   0.0413  -0.1411   0.0000   0.2286   0.0076   0.0926   0.0504   0.4401   0.4056   0.0109   0.0000   0.0072   0.0903    0.232
    29   0.0513  -0.1752   0.0000   0.2286   0.0080   0.0915   0.0533   0.4351   0.4010   0.0103   0.0000   0.0086   0.0878    0.228
    30   0.0617  -0.2107   0.0000   0.2286   0.0082   0.0897   0.0564   0.4266   0.3931   0.0098   0.0000   0.0101   0.0845    0.224
    31   0.0722  -0.2465   0.0000   0.2286   0.0082   0.0870   0.0600   0.4138   0.3813   0.0094   0.0000   0.0117   0.0801    0.219
    32   0.0826  -0.2820   0.0000   0.2286   0.0080   0.0832   0.0639   0.3957   0.3647   0.0088   0.0000   0.0136   0.0743    0.213
    33   0.0926  -0.3161   0.0000   0.2286   0.0076   0.0782   0.0679   0.3716   0.3425   0.0082   0.0000   0.0158   0.0669    0.204
    34   0.1019  -0.3480   0.0000   0.2286   0.0070   0.0716   0.0716   0.3406   0.3139   0.0074   0.0000   0.0182   0.0577    0.192
    35   0.1104  -0.3771   0.0000   0.2286   0.0062   0.0636   0.0744   0.3022   0.2785   0.0065   0.0000   0.0204   0.0471    0.177
    36   0.1179  -0.4024   0.0000   0.2286   0.0053   0.0540   0.0756   0.2567   0.2365   0.0053   0.0000   0.0219   0.0357    0.158
    37   0.1240  -0.4235   0.0000   0.2286   0.0043   0.0431   0.0746   0.2048   0.1888   0.0039   0.0000   0.0217   0.0244    0.135
    38   0.1288  -0.4398   0.0000   0.2286   0.0031   0.0312   0.0711   0.1484   0.1368   0.0025   0.0000   0.0190   0.0145    0.111
    39   0.1321  -0.4509   0.0000   0.2286   0.0019   0.0188   0.0658   0.0895   0.0825   0.0008   0.0000   0.0132   0.0071    0.090
    40   0.1337  -0.4565   0.0000   0.2286   0.0006   0.0063   0.0617   0.0299   0.0275  -0.0005   0.0000   0.0047   0.0020    0.078
 ---------------------------------------------------------------
