 ---------------------------------------------------------------
 Surface and Strip Forces by surface

  Sref = 0.11150       Cref = 0.14000       Bref = 0.91440    
  Xref = 0.10920       Yref =  0.0000       Zref =  0.0000    

  Surface # 1     Wing                                    
     # Chordwise = 10   # Spanwise = 20     First strip =  1
     Surface area Ssurf =    0.092903     Ave. chord Cave =    0.203200

 Forces referred to Sref, Cref, Bref about Xref, Yref, Zref
 Standard axis orientation,  X fwd, Z down         
     CLsurf  =   0.32578     Clsurf  =  -0.07260
     CYsurf  =   0.00763     Cmsurf  =  -0.02129
     CDsurf  =   0.00976     Cnsurf  =  -0.00689
     CDisurf =   0.00976     CDvsurf =   0.00000

 Forces referred to Ssurf, Cave 
     CLsurf  =   0.39099     CDsurf  =   0.01171

 Strip Forces referred to Strip Area, Chord
    j     Xle      Yle      Zle      Chord    Area     c_cl     ai     cl_norm    cl       cd       cdv    cm_c/4     cm_LE   C.P.x/c
     1   0.0003   0.0007   0.0000   0.2032   0.0006   0.0902   0.0311   0.4885   0.4339   0.1283   0.0000  -0.0157  -0.1193    0.286
     2   0.0023   0.0063   0.0000   0.2032   0.0017   0.0903   0.0309   0.4994   0.4436   0.0277   0.0000  -0.0139  -0.1177    0.281
     3   0.0062   0.0174   0.0000   0.2032   0.0028   0.0904   0.0330   0.5008   0.4448   0.0223   0.0000  -0.0097  -0.1138    0.272
     4   0.0120   0.0337   0.0000   0.2032   0.0038   0.0907   0.0362   0.5029   0.4466   0.0192   0.0000  -0.0049  -0.1097    0.261
     5   0.0195   0.0548   0.0000   0.2032   0.0047   0.0911   0.0397   0.5055   0.4490   0.0167   0.0000  -0.0008  -0.1064    0.252
     6   0.0286   0.0801   0.0000   0.2032   0.0055   0.0915   0.0430   0.5080   0.4511   0.0147   0.0000   0.0023  -0.1039    0.245
     7   0.0389   0.1092   0.0000   0.2032   0.0062   0.0917   0.0462   0.5093   0.4523   0.0133   0.0000   0.0046  -0.1020    0.240
     8   0.0503   0.1411   0.0000   0.2032   0.0067   0.0916   0.0493   0.5086   0.4517   0.0123   0.0000   0.0063  -0.1002    0.236
     9   0.0625   0.1752   0.0000   0.2032   0.0071   0.0909   0.0526   0.5049   0.4484   0.0115   0.0000   0.0078  -0.0980    0.233
    10   0.0752   0.2107   0.0000   0.2032   0.0073   0.0896   0.0564   0.4974   0.4417   0.0109   0.0000   0.0093  -0.0950    0.229
    11   0.0879   0.2465   0.0000   0.2032   0.0073   0.0873   0.0607   0.4850   0.4307   0.0104   0.0000   0.0110  -0.0908    0.224
    12   0.1006   0.2820   0.0000   0.2032   0.0071   0.0840   0.0655   0.4666   0.4144   0.0098   0.0000   0.0131  -0.0850    0.218
    13   0.1128   0.3161   0.0000   0.2032   0.0067   0.0794   0.0707   0.4409   0.3916   0.0091   0.0000   0.0157  -0.0772    0.210
    14   0.1242   0.3480   0.0000   0.2032   0.0062   0.0732   0.0757   0.4067   0.3612   0.0082   0.0000   0.0187  -0.0673    0.198
    15   0.1345   0.3771   0.0000   0.2032   0.0055   0.0654   0.0799   0.3632   0.3226   0.0070   0.0000   0.0217  -0.0553    0.183
    16   0.1436   0.4024   0.0000   0.2032   0.0047   0.0558   0.0823   0.3102   0.2755   0.0056   0.0000   0.0240  -0.0421    0.163
    17   0.1511   0.4235   0.0000   0.2032   0.0038   0.0447   0.0820   0.2486   0.2208   0.0040   0.0000   0.0246  -0.0287    0.139
    18   0.1569   0.4398   0.0000   0.2032   0.0028   0.0325   0.0787   0.1807   0.1605   0.0024   0.0000   0.0220  -0.0169    0.113
    19   0.1608   0.4509   0.0000   0.2032   0.0017   0.0196   0.0732   0.1091   0.0969   0.0006   0.0000   0.0156  -0.0081    0.090
    20   0.1628   0.4565   0.0000   0.2032   0.0006   0.0065   0.0685   0.0365   0.0324  -0.0009   0.0000   0.0056  -0.0023    0.076

  Surface # 2     Wing (YDUP)                             
     # Chordwise = 10   # Spanwise = 20     First strip = 21
     Surface area Ssurf =    0.092903     Ave. chord Cave =    0.203200

 Forces referred to Sref, Cref, Bref about Xref, Yref, Zref
 Standard axis orientation,  X fwd, Z down         
     CLsurf  =   0.32578     Clsurf  =   0.07260
     CYsurf  =  -0.00763     Cmsurf  =  -0.02129
     CDsurf  =   0.00976     Cnsurf  =   0.00689
     CDisurf =   0.00976     CDvsurf =   0.00000

 Forces referred to Ssurf, Cave 
     CLsurf  =   0.39099     CDsurf  =   0.01171

 Strip Forces referred to Strip Area, Chord
    j     Xle      Yle      Zle      Chord    Area     c_cl     ai     cl_norm    cl       cd       cdv    cm_c/4     cm_LE   C.P.x/c
    21   0.0003  -0.0007   0.0000   0.2032   0.0006   0.0902   0.0311   0.4885   0.4339   0.1283   0.0000  -0.0157   0.1193    0.286
    22   0.0023  -0.0063   0.0000   0.2032   0.0017   0.0903   0.0309   0.4994   0.4436   0.0277   0.0000  -0.0139   0.1177    0.281
    23   0.0062  -0.0174   0.0000   0.2032   0.0028   0.0904   0.0330   0.5008   0.4448   0.0223   0.0000  -0.0097   0.1138    0.272
    24   0.0120  -0.0337   0.0000   0.2032   0.0038   0.0907   0.0362   0.5029   0.4466   0.0192   0.0000  -0.0049   0.1097    0.261
    25   0.0195  -0.0548   0.0000   0.2032   0.0047   0.0911   0.0397   0.5055   0.4490   0.0167   0.0000  -0.0008   0.1064    0.252
    26   0.0286  -0.0801   0.0000   0.2032   0.0055   0.0915   0.0430   0.5080   0.4511   0.0147   0.0000   0.0023   0.1039    0.245
    27   0.0389  -0.1092   0.0000   0.2032   0.0062   0.0917   0.0462   0.5093   0.4523   0.0133   0.0000   0.0046   0.1020    0.240
    28   0.0503  -0.1411   0.0000   0.2032   0.0067   0.0916   0.0493   0.5086   0.4517   0.0123   0.0000   0.0063   0.1002    0.236
    29   0.0625  -0.1752   0.0000   0.2032   0.0071   0.0909   0.0526   0.5049   0.4484   0.0115   0.0000   0.0078   0.0980    0.233
    30   0.0752  -0.2107   0.0000   0.2032   0.0073   0.0896   0.0564   0.4974   0.4417   0.0109   0.0000   0.0093   0.0950    0.229
    31   0.0879  -0.2465   0.0000   0.2032   0.0073   0.0873   0.0607   0.4850   0.4307   0.0104   0.0000   0.0110   0.0908    0.224
    32   0.1006  -0.2820   0.0000   0.2032   0.0071   0.0840   0.0655   0.4666   0.4144   0.0098   0.0000   0.0131   0.0850    0.218
    33   0.1128  -0.3161   0.0000   0.2032   0.0067   0.0794   0.0707   0.4409   0.3916   0.0091   0.0000   0.0157   0.0772    0.210
    34   0.1242  -0.3480   0.0000   0.2032   0.0062   0.0732   0.0757   0.4067   0.3612   0.0082   0.0000   0.0187   0.0673    0.198
    35   0.1345  -0.3771   0.0000   0.2032   0.0055   0.0654   0.0799   0.3632   0.3226   0.0070   0.0000   0.0217   0.0553    0.183
    36   0.1436  -0.4024   0.0000   0.2032   0.0047   0.0558   0.0823   0.3102   0.2755   0.0056   0.0000   0.0240   0.0421    0.163
    37   0.1511  -0.4235   0.0000   0.2032   0.0038   0.0447   0.0820   0.2486   0.2208   0.0040   0.0000   0.0246   0.0287    0.139
    38   0.1569  -0.4398   0.0000   0.2032   0.0028   0.0325   0.0787   0.1807   0.1605   0.0024   0.0000   0.0220   0.0169    0.113
    39   0.1608  -0.4509   0.0000   0.2032   0.0017   0.0196   0.0732   0.1091   0.0969   0.0006   0.0000   0.0156   0.0081    0.090
    40   0.1628  -0.4565   0.0000   0.2032   0.0006   0.0065   0.0685   0.0365   0.0324  -0.0009   0.0000   0.0056   0.0023    0.076
 ---------------------------------------------------------------
