 ---------------------------------------------------------------
 Surface and Strip Forces by surface

  Sref = 0.25550       Cref = 0.27940       Bref = 0.91440    
  Xref = 0.10920       Yref =  0.0000       Zref =  0.0000    

  Surface # 1     Wing                                    
     # Chordwise = 10   # Spanwise = 20     First strip =  1
     Surface area Ssurf =    0.127742     Ave. chord Cave =    0.279400

 Forces referred to Sref, Cref, Bref about Xref, Yref, Zref
 Standard axis orientation,  X fwd, Z down         
     CLsurf  =   0.14217     Clsurf  =  -0.03113
     CYsurf  =   0.00248     Cmsurf  =  -0.01184
     CDsurf  =   0.00426     Cnsurf  =  -0.00261
     CDisurf =   0.00426     CDvsurf =   0.00000

 Forces referred to Ssurf, Cave 
     CLsurf  =   0.28436     CDsurf  =   0.00852

 Strip Forces referred to Strip Area, Chord
    j     Xle      Yle      Zle      Chord    Area     c_cl     ai     cl_norm    cl       cd       cdv    cm_c/4     cm_LE   C.P.x/c
     1   0.0003   0.0007   0.0000   0.2794   0.0008   0.0941   0.0421   0.3723   0.3290   0.1123   0.0000  -0.0099  -0.0884    0.280
     2   0.0023   0.0063   0.0000   0.2794   0.0023   0.0941   0.0403   0.3803   0.3361   0.0206   0.0000  -0.0090  -0.0875    0.277
     3   0.0063   0.0174   0.0000   0.2794   0.0038   0.0941   0.0405   0.3808   0.3365   0.0158   0.0000  -0.0064  -0.0851    0.269
     4   0.0123   0.0337   0.0000   0.2794   0.0052   0.0942   0.0420   0.3812   0.3369   0.0141   0.0000  -0.0031  -0.0820    0.259
     5   0.0199   0.0548   0.0000   0.2794   0.0065   0.0943   0.0441   0.3818   0.3374   0.0126   0.0000   0.0002  -0.0791    0.249
     6   0.0292   0.0801   0.0000   0.2794   0.0076   0.0943   0.0464   0.3820   0.3376   0.0113   0.0000   0.0029  -0.0765    0.241
     7   0.0397   0.1092   0.0000   0.2794   0.0085   0.0940   0.0489   0.3811   0.3368   0.0102   0.0000   0.0052  -0.0741    0.234
     8   0.0514   0.1411   0.0000   0.2794   0.0093   0.0934   0.0515   0.3786   0.3345   0.0094   0.0000   0.0072  -0.0718    0.229
     9   0.0638   0.1752   0.0000   0.2794   0.0097   0.0921   0.0543   0.3735   0.3301   0.0087   0.0000   0.0089  -0.0691    0.223
    10   0.0767   0.2107   0.0000   0.2794   0.0100   0.0901   0.0573   0.3653   0.3229   0.0081   0.0000   0.0106  -0.0658    0.217
    11   0.0897   0.2465   0.0000   0.2794   0.0100   0.0871   0.0604   0.3532   0.3121   0.0075   0.0000   0.0124  -0.0616    0.210
    12   0.1026   0.2820   0.0000   0.2794   0.0097   0.0830   0.0636   0.3364   0.2973   0.0068   0.0000   0.0144  -0.0562    0.202
    13   0.1150   0.3161   0.0000   0.2794   0.0093   0.0775   0.0666   0.3142   0.2777   0.0061   0.0000   0.0166  -0.0496    0.190
    14   0.1267   0.3480   0.0000   0.2794   0.0085   0.0706   0.0690   0.2862   0.2530   0.0052   0.0000   0.0187  -0.0418    0.176
    15   0.1372   0.3771   0.0000   0.2794   0.0076   0.0622   0.0702   0.2523   0.2230   0.0043   0.0000   0.0204  -0.0331    0.158
    16   0.1465   0.4024   0.0000   0.2794   0.0065   0.0525   0.0699   0.2129   0.1881   0.0032   0.0000   0.0213  -0.0241    0.137
    17   0.1541   0.4235   0.0000   0.2794   0.0052   0.0416   0.0675   0.1689   0.1493   0.0021   0.0000   0.0205  -0.0158    0.113
    18   0.1601   0.4398   0.0000   0.2794   0.0038   0.0300   0.0632   0.1218   0.1076   0.0010   0.0000   0.0174  -0.0089    0.088
    19   0.1641   0.4509   0.0000   0.2794   0.0023   0.0180   0.0578   0.0733   0.0647  -0.0002   0.0000   0.0118  -0.0041    0.068
    20   0.1661   0.4565   0.0000   0.2794   0.0008   0.0060   0.0543   0.0245   0.0216  -0.0009   0.0000   0.0042  -0.0011    0.057

  Surface # 2     Wing (YDUP)                             
     # Chordwise = 10   # Spanwise = 20     First strip = 21
     Surface area Ssurf =    0.127742     Ave. chord Cave =    0.279400

 Forces referred to Sref, Cref, Bref about Xref, Yref, Zref
 Standard axis orientation,  X fwd, Z down         
     CLsurf  =   0.14217     Clsurf  =   0.03113
     CYsurf  =  -0.00248     Cmsurf  =  -0.01184
     CDsurf  =   0.00426     Cnsurf  =   0.00261
     CDisurf =   0.00426     CDvsurf =   0.00000

 Forces referred to Ssurf, Cave 
     CLsurf  =   0.28436     CDsurf  =   0.00852

 Strip Forces referred to Strip Area, Chord
    j     Xle      Yle      Zle      Chord    Area     c_cl     ai     cl_norm    cl       cd       cdv    cm_c/4     cm_LE   C.P.x/c
    21   0.0003  -0.0007   0.0000   0.2794   0.0008   0.0941   0.0421   0.3723   0.3290   0.1123   0.0000  -0.0099   0.0884    0.280
    22   0.0023  -0.0063   0.0000   0.2794   0.0023   0.0941   0.0403   0.3803   0.3361   0.0206   0.0000  -0.0090   0.0875    0.277
    23   0.0063  -0.0174   0.0000   0.2794   0.0038   0.0941   0.0405   0.3808   0.3365   0.0158   0.0000  -0.0064   0.0851    0.269
    24   0.0123  -0.0337   0.0000   0.2794   0.0052   0.0942   0.0420   0.3812   0.3369   0.0141   0.0000  -0.0031   0.0820    0.259
    25   0.0199  -0.0548   0.0000   0.2794   0.0065   0.0943   0.0441   0.3818   0.3374   0.0126   0.0000   0.0002   0.0791    0.249
    26   0.0292  -0.0801   0.0000   0.2794   0.0076   0.0943   0.0464   0.3820   0.3376   0.0113   0.0000   0.0029   0.0765    0.241
    27   0.0397  -0.1092   0.0000   0.2794   0.0085   0.0940   0.0489   0.3811   0.3368   0.0102   0.0000   0.0052   0.0741    0.234
    28   0.0514  -0.1411   0.0000   0.2794   0.0093   0.0934   0.0515   0.3786   0.3345   0.0094   0.0000   0.0072   0.0718    0.229
    29   0.0638  -0.1752   0.0000   0.2794   0.0097   0.0921   0.0543   0.3735   0.3301   0.0087   0.0000   0.0089   0.0691    0.223
    30   0.0767  -0.2107   0.0000   0.2794   0.0100   0.0901   0.0573   0.3653   0.3229   0.0081   0.0000   0.0106   0.0658    0.217
    31   0.0897  -0.2465   0.0000   0.2794   0.0100   0.0871   0.0604   0.3532   0.3121   0.0075   0.0000   0.0124   0.0616    0.210
    32   0.1026  -0.2820   0.0000   0.2794   0.0097   0.0830   0.0636   0.3364   0.2973   0.0068   0.0000   0.0144   0.0562    0.202
    33   0.1150  -0.3161   0.0000   0.2794   0.0093   0.0775   0.0666   0.3142   0.2777   0.0061   0.0000   0.0166   0.0496    0.190
    34   0.1267  -0.3480   0.0000   0.2794   0.0085   0.0706   0.0690   0.2862   0.2530   0.0052   0.0000   0.0187   0.0418    0.176
    35   0.1372  -0.3771   0.0000   0.2794   0.0076   0.0622   0.0702   0.2523   0.2230   0.0043   0.0000   0.0204   0.0331    0.158
    36   0.1465  -0.4024   0.0000   0.2794   0.0065   0.0525   0.0699   0.2129   0.1881   0.0032   0.0000   0.0213   0.0241    0.137
    37   0.1541  -0.4235   0.0000   0.2794   0.0052   0.0416   0.0675   0.1689   0.1493   0.0021   0.0000   0.0205   0.0158    0.113
    38   0.1601  -0.4398   0.0000   0.2794   0.0038   0.0300   0.0632   0.1218   0.1076   0.0010   0.0000   0.0174   0.0089    0.088
    39   0.1641  -0.4509   0.0000   0.2794   0.0023   0.0180   0.0578   0.0733   0.0647  -0.0002   0.0000   0.0118   0.0041    0.068
    40   0.1661  -0.4565   0.0000   0.2794   0.0008   0.0060   0.0543   0.0245   0.0216  -0.0009   0.0000   0.0042   0.0011    0.057
 ---------------------------------------------------------------
