 ---------------------------------------------------------------
 Surface and Strip Forces by surface

  Sref = 0.18580       Cref = 0.20740       Bref = 0.91440    
  Xref = 0.10920       Yref =  0.0000       Zref =  0.0000    

  Surface # 1     Wing                                    
     # Chordwise = 10   # Spanwise = 20     First strip =  1
     Surface area Ssurf =    0.116129     Ave. chord Cave =    0.254000

 Forces referred to Sref, Cref, Bref about Xref, Yref, Zref
 Standard axis orientation,  X fwd, Z down         
     CLsurf  =   0.19550     Clsurf  =  -0.04252
     CYsurf  =   0.00146     Cmsurf  =   0.02469
     CDsurf  =   0.00561     Cnsurf  =  -0.00265
     CDisurf =   0.00561     CDvsurf =   0.00000

 Forces referred to Ssurf, Cave 
     CLsurf  =   0.31279     CDsurf  =   0.00898

 Strip Forces referred to Strip Area, Chord
    j     Xle      Yle      Zle      Chord    Area     c_cl     ai     cl_norm    cl       cd       cdv    cm_c/4     cm_LE   C.P.x/c
     1   0.0001   0.0007   0.0000   0.2540   0.0007   0.0959   0.0464   0.3819   0.3743   0.0577   0.0000   0.0004  -0.0931    0.249
     2   0.0009   0.0063   0.0000   0.2540   0.0021   0.0959   0.0455   0.3853   0.3777   0.0154   0.0000   0.0009  -0.0926    0.248
     3   0.0025   0.0174   0.0000   0.2540   0.0035   0.0959   0.0455   0.3854   0.3778   0.0130   0.0000   0.0022  -0.0913    0.244
     4   0.0048   0.0337   0.0000   0.2540   0.0048   0.0959   0.0461   0.3853   0.3777   0.0120   0.0000   0.0037  -0.0897    0.240
     5   0.0078   0.0548   0.0000   0.2540   0.0059   0.0957   0.0471   0.3849   0.3772   0.0112   0.0000   0.0053  -0.0881    0.236
     6   0.0115   0.0801   0.0000   0.2540   0.0069   0.0954   0.0484   0.3837   0.3760   0.0105   0.0000   0.0066  -0.0865    0.233
     7   0.0156   0.1092   0.0000   0.2540   0.0078   0.0948   0.0499   0.3812   0.3736   0.0100   0.0000   0.0077  -0.0847    0.229
     8   0.0202   0.1411   0.0000   0.2540   0.0084   0.0937   0.0516   0.3770   0.3695   0.0097   0.0000   0.0087  -0.0827    0.226
     9   0.0251   0.1752   0.0000   0.2540   0.0089   0.0921   0.0536   0.3703   0.3629   0.0094   0.0000   0.0097  -0.0801    0.223
    10   0.0301   0.2107   0.0000   0.2540   0.0091   0.0897   0.0558   0.3606   0.3534   0.0091   0.0000   0.0107  -0.0767    0.220
    11   0.0353   0.2465   0.0000   0.2540   0.0091   0.0864   0.0584   0.3473   0.3404   0.0089   0.0000   0.0119  -0.0724    0.215
    12   0.0403   0.2820   0.0000   0.2540   0.0089   0.0820   0.0611   0.3298   0.3232   0.0086   0.0000   0.0132  -0.0668    0.209
    13   0.0452   0.3161   0.0000   0.2540   0.0084   0.0765   0.0639   0.3075   0.3014   0.0081   0.0000   0.0147  -0.0599    0.201
    14   0.0498   0.3480   0.0000   0.2540   0.0078   0.0696   0.0664   0.2799   0.2743   0.0076   0.0000   0.0162  -0.0517    0.191
    15   0.0539   0.3771   0.0000   0.2540   0.0069   0.0614   0.0682   0.2469   0.2420   0.0068   0.0000   0.0175  -0.0425    0.178
    16   0.0576   0.4024   0.0000   0.2540   0.0059   0.0519   0.0687   0.2087   0.2045   0.0059   0.0000   0.0181  -0.0326    0.161
    17   0.0606   0.4235   0.0000   0.2540   0.0048   0.0413   0.0675   0.1660   0.1627   0.0047   0.0000   0.0175  -0.0229    0.143
    18   0.0629   0.4398   0.0000   0.2540   0.0035   0.0298   0.0643   0.1200   0.1176   0.0033   0.0000   0.0149  -0.0143    0.123
    19   0.0645   0.4509   0.0000   0.2540   0.0021   0.0180   0.0595   0.0723   0.0708   0.0016   0.0000   0.0102  -0.0074    0.105
    20   0.0653   0.4565   0.0000   0.2540   0.0007   0.0060   0.0559   0.0241   0.0236   0.0001   0.0000   0.0037  -0.0022    0.095

  Surface # 2     Wing (YDUP)                             
     # Chordwise = 10   # Spanwise = 20     First strip = 21
     Surface area Ssurf =    0.116129     Ave. chord Cave =    0.254000

 Forces referred to Sref, Cref, Bref about Xref, Yref, Zref
 Standard axis orientation,  X fwd, Z down         
     CLsurf  =   0.19550     Clsurf  =   0.04252
     CYsurf  =  -0.00146     Cmsurf  =   0.02469
     CDsurf  =   0.00561     Cnsurf  =   0.00265
     CDisurf =   0.00561     CDvsurf =   0.00000

 Forces referred to Ssurf, Cave 
     CLsurf  =   0.31279     CDsurf  =   0.00898

 Strip Forces referred to Strip Area, Chord
    j     Xle      Yle      Zle      Chord    Area     c_cl     ai     cl_norm    cl       cd       cdv    cm_c/4     cm_LE   C.P.x/c
    21   0.0001  -0.0007   0.0000   0.2540   0.0007   0.0959   0.0464   0.3819   0.3743   0.0577   0.0000   0.0004   0.0931    0.249
    22   0.0009  -0.0063   0.0000   0.2540   0.0021   0.0959   0.0455   0.3853   0.3777   0.0154   0.0000   0.0009   0.0926    0.248
    23   0.0025  -0.0174   0.0000   0.2540   0.0035   0.0959   0.0455   0.3854   0.3778   0.0130   0.0000   0.0022   0.0913    0.244
    24   0.0048  -0.0337   0.0000   0.2540   0.0048   0.0959   0.0461   0.3853   0.3777   0.0120   0.0000   0.0037   0.0897    0.240
    25   0.0078  -0.0548   0.0000   0.2540   0.0059   0.0957   0.0471   0.3849   0.3772   0.0112   0.0000   0.0053   0.0881    0.236
    26   0.0115  -0.0801   0.0000   0.2540   0.0069   0.0954   0.0484   0.3837   0.3760   0.0105   0.0000   0.0066   0.0865    0.233
    27   0.0156  -0.1092   0.0000   0.2540   0.0078   0.0948   0.0499   0.3812   0.3736   0.0100   0.0000   0.0077   0.0847    0.229
    28   0.0202  -0.1411   0.0000   0.2540   0.0084   0.0937   0.0516   0.3770   0.3695   0.0097   0.0000   0.0087   0.0827    0.226
    29   0.0251  -0.1752   0.0000   0.2540   0.0089   0.0921   0.0536   0.3703   0.3629   0.0094   0.0000   0.0097   0.0801    0.223
    30   0.0301  -0.2107   0.0000   0.2540   0.0091   0.0897   0.0558   0.3606   0.3534   0.0091   0.0000   0.0107   0.0767    0.220
    31   0.0353  -0.2465   0.0000   0.2540   0.0091   0.0864   0.0584   0.3473   0.3404   0.0089   0.0000   0.0119   0.0724    0.215
    32   0.0403  -0.2820   0.0000   0.2540   0.0089   0.0820   0.0611   0.3298   0.3232   0.0086   0.0000   0.0132   0.0668    0.209
    33   0.0452  -0.3161   0.0000   0.2540   0.0084   0.0765   0.0639   0.3075   0.3014   0.0081   0.0000   0.0147   0.0599    0.201
    34   0.0498  -0.3480   0.0000   0.2540   0.0078   0.0696   0.0664   0.2799   0.2743   0.0076   0.0000   0.0162   0.0517    0.191
    35   0.0539  -0.3771   0.0000   0.2540   0.0069   0.0614   0.0682   0.2469   0.2420   0.0068   0.0000   0.0175   0.0425    0.178
    36   0.0576  -0.4024   0.0000   0.2540   0.0059   0.0519   0.0687   0.2087   0.2045   0.0059   0.0000   0.0181   0.0326    0.161
    37   0.0606  -0.4235   0.0000   0.2540   0.0048   0.0413   0.0675   0.1660   0.1627   0.0047   0.0000   0.0175   0.0229    0.143
    38   0.0629  -0.4398   0.0000   0.2540   0.0035   0.0298   0.0643   0.1200   0.1176   0.0033   0.0000   0.0149   0.0143    0.123
    39   0.0645  -0.4509   0.0000   0.2540   0.0021   0.0180   0.0595   0.0723   0.0708   0.0016   0.0000   0.0102   0.0074    0.105
    40   0.0653  -0.4565   0.0000   0.2540   0.0007   0.0060   0.0559   0.0241   0.0236   0.0001   0.0000   0.0037   0.0022    0.095
 ---------------------------------------------------------------
