 ---------------------------------------------------------------
 Surface and Strip Forces by surface

  Sref = 0.12390       Cref = 0.17500       Bref = 0.81280    
  Xref = 0.10920       Yref =  0.0000       Zref =  0.0000    

  Surface # 1     Wing                                    
     # Chordwise = 10   # Spanwise = 20     First strip =  1
     Surface area Ssurf =    0.103226     Ave. chord Cave =    0.254000

 Forces referred to Sref, Cref, Bref about Xref, Yref, Zref
 Standard axis orientation,  X fwd, Z down         
     CLsurf  =   0.29318     Clsurf  =  -0.06396
     CYsurf  =   0.00551     Cmsurf  =   0.00198
     CDsurf  =   0.01097     Cnsurf  =  -0.00626
     CDisurf =   0.01097     CDvsurf =   0.00000

 Forces referred to Ssurf, Cave 
     CLsurf  =   0.35189     CDsurf  =   0.01317

 Strip Forces referred to Strip Area, Chord
    j     Xle      Yle      Zle      Chord    Area     c_cl     ai     cl_norm    cl       cd       cdv    cm_c/4     cm_LE   C.P.x/c
     1   0.0002   0.0006   0.0000   0.2540   0.0006   0.1067   0.0544   0.4442   0.4076   0.1445   0.0000  -0.0083  -0.1085    0.270
     2   0.0017   0.0056   0.0000   0.2540   0.0019   0.1066   0.0533   0.4567   0.4191   0.0292   0.0000  -0.0074  -0.1076    0.268
     3   0.0047   0.0155   0.0000   0.2540   0.0031   0.1067   0.0538   0.4575   0.4198   0.0228   0.0000  -0.0049  -0.1052    0.262
     4   0.0090   0.0299   0.0000   0.2540   0.0042   0.1067   0.0554   0.4580   0.4202   0.0205   0.0000  -0.0017  -0.1022    0.254
     5   0.0147   0.0487   0.0000   0.2540   0.0053   0.1067   0.0576   0.4583   0.4205   0.0185   0.0000   0.0016  -0.0991    0.246
     6   0.0215   0.0712   0.0000   0.2540   0.0062   0.1066   0.0601   0.4580   0.4202   0.0169   0.0000   0.0044  -0.0963    0.240
     7   0.0292   0.0970   0.0000   0.2540   0.0069   0.1062   0.0628   0.4563   0.4186   0.0155   0.0000   0.0068  -0.0936    0.234
     8   0.0378   0.1254   0.0000   0.2540   0.0075   0.1053   0.0657   0.4524   0.4151   0.0144   0.0000   0.0089  -0.0907    0.229
     9   0.0470   0.1558   0.0000   0.2540   0.0079   0.1037   0.0687   0.4455   0.4088   0.0135   0.0000   0.0108  -0.0874    0.224
    10   0.0564   0.1873   0.0000   0.2540   0.0081   0.1012   0.0720   0.4349   0.3990   0.0127   0.0000   0.0127  -0.0832    0.218
    11   0.0661   0.2191   0.0000   0.2540   0.0081   0.0976   0.0756   0.4196   0.3850   0.0119   0.0000   0.0147  -0.0779    0.212
    12   0.0755   0.2506   0.0000   0.2540   0.0079   0.0928   0.0792   0.3989   0.3660   0.0111   0.0000   0.0169  -0.0713    0.204
    13   0.0847   0.2810   0.0000   0.2540   0.0075   0.0865   0.0826   0.3721   0.3414   0.0101   0.0000   0.0192  -0.0632    0.194
    14   0.0933   0.3094   0.0000   0.2540   0.0069   0.0788   0.0854   0.3387   0.3108   0.0089   0.0000   0.0214  -0.0538    0.181
    15   0.1010   0.3352   0.0000   0.2540   0.0062   0.0694   0.0872   0.2986   0.2740   0.0076   0.0000   0.0231  -0.0433    0.166
    16   0.1078   0.3577   0.0000   0.2540   0.0053   0.0586   0.0874   0.2522   0.2314   0.0061   0.0000   0.0237  -0.0325    0.147
    17   0.1135   0.3765   0.0000   0.2540   0.0042   0.0466   0.0856   0.2006   0.1840   0.0045   0.0000   0.0226  -0.0223    0.127
    18   0.1178   0.3909   0.0000   0.2540   0.0031   0.0337   0.0819   0.1451   0.1332   0.0028   0.0000   0.0190  -0.0135    0.107
    19   0.1208   0.4008   0.0000   0.2540   0.0019   0.0203   0.0770   0.0876   0.0804   0.0009   0.0000   0.0129  -0.0069    0.090
    20   0.1223   0.4058   0.0000   0.2540   0.0006   0.0068   0.0738   0.0293   0.0269  -0.0006   0.0000   0.0045  -0.0020    0.081

  Surface # 2     Wing (YDUP)                             
     # Chordwise = 10   # Spanwise = 20     First strip = 21
     Surface area Ssurf =    0.103226     Ave. chord Cave =    0.254000

 Forces referred to Sref, Cref, Bref about Xref, Yref, Zref
 Standard axis orientation,  X fwd, Z down         
     CLsurf  =   0.29318     Clsurf  =   0.06396
     CYsurf  =  -0.00551     Cmsurf  =   0.00198
     CDsurf  =   0.01097     Cnsurf  =   0.00626
     CDisurf =   0.01097     CDvsurf =   0.00000

 Forces referred to Ssurf, Cave 
     CLsurf  =   0.35189     CDsurf  =   0.01317

 Strip Forces referred to Strip Area, Chord
    j     Xle      Yle      Zle      Chord    Area     c_cl     ai     cl_norm    cl       cd       cdv    cm_c/4     cm_LE   C.P.x/c
    21   0.0002  -0.0006   0.0000   0.2540   0.0006   0.1067   0.0544   0.4442   0.4076   0.1445   0.0000  -0.0083   0.1085    0.270
    22   0.0017  -0.0056   0.0000   0.2540   0.0019   0.1066   0.0533   0.4567   0.4191   0.0292   0.0000  -0.0074   0.1076    0.268
    23   0.0047  -0.0155   0.0000   0.2540   0.0031   0.1067   0.0538   0.4575   0.4198   0.0228   0.0000  -0.0049   0.1052    0.262
    24   0.0090  -0.0299   0.0000   0.2540   0.0042   0.1067   0.0554   0.4580   0.4202   0.0205   0.0000  -0.0017   0.1022    0.254
    25   0.0147  -0.0487   0.0000   0.2540   0.0053   0.1067   0.0576   0.4583   0.4205   0.0185   0.0000   0.0016   0.0991    0.246
    26   0.0215  -0.0712   0.0000   0.2540   0.0062   0.1066   0.0601   0.4580   0.4202   0.0169   0.0000   0.0044   0.0963    0.240
    27   0.0292  -0.0970   0.0000   0.2540   0.0069   0.1062   0.0628   0.4563   0.4186   0.0155   0.0000   0.0068   0.0936    0.234
    28   0.0378  -0.1254   0.0000   0.2540   0.0075   0.1053   0.0657   0.4524   0.4151   0.0144   0.0000   0.0089   0.0907    0.229
    29   0.0470  -0.1558   0.0000   0.2540   0.0079   0.1037   0.0687   0.4455   0.4088   0.0135   0.0000   0.0108   0.0874    0.224
    30   0.0564  -0.1873   0.0000   0.2540   0.0081   0.1012   0.0720   0.4349   0.3990   0.0127   0.0000   0.0127   0.0832    0.218
    31   0.0661  -0.2191   0.0000   0.2540   0.0081   0.0976   0.0756   0.4196   0.3850   0.0119   0.0000   0.0147   0.0779    0.212
    32   0.0755  -0.2506   0.0000   0.2540   0.0079   0.0928   0.0792   0.3989   0.3660   0.0111   0.0000   0.0169   0.0713    0.204
    33   0.0847  -0.2810   0.0000   0.2540   0.0075   0.0865   0.0826   0.3721   0.3414   0.0101   0.0000   0.0192   0.0632    0.194
    34   0.0933  -0.3094   0.0000   0.2540   0.0069   0.0788   0.0854   0.3387   0.3108   0.0089   0.0000   0.0214   0.0538    0.181
    35   0.1010  -0.3352   0.0000   0.2540   0.0062   0.0694   0.0872   0.2986   0.2740   0.0076   0.0000   0.0231   0.0433    0.166
    36   0.1078  -0.3577   0.0000   0.2540   0.0053   0.0586   0.0874   0.2522   0.2314   0.0061   0.0000   0.0237   0.0325    0.147
    37   0.1135  -0.3765   0.0000   0.2540   0.0042   0.0466   0.0856   0.2006   0.1840   0.0045   0.0000   0.0226   0.0223    0.127
    38   0.1178  -0.3909   0.0000   0.2540   0.0031   0.0337   0.0819   0.1451   0.1332   0.0028   0.0000   0.0190   0.0135    0.107
    39   0.1208  -0.4008   0.0000   0.2540   0.0019   0.0203   0.0770   0.0876   0.0804   0.0009   0.0000   0.0129   0.0069    0.090
    40   0.1223  -0.4058   0.0000   0.2540   0.0006   0.0068   0.0738   0.0293   0.0269  -0.0006   0.0000   0.0045   0.0020    0.081
 ---------------------------------------------------------------
