 ---------------------------------------------------------------
 Surface and Strip Forces by surface

  Sref = 0.22300       Cref = 0.24890       Bref = 0.91440    
  Xref = 0.10920       Yref =  0.0000       Zref =  0.0000    

  Surface # 1     Wing                                    
     # Chordwise = 10   # Spanwise = 20     First strip =  1
     Surface area Ssurf =    0.139355     Ave. chord Cave =    0.304800

 Forces referred to Sref, Cref, Bref about Xref, Yref, Zref
 Standard axis orientation,  X fwd, Z down         
     CLsurf  =   0.16289     Clsurf  =  -0.03561
     CYsurf  =   0.00312     Cmsurf  =  -0.02694
     CDsurf  =   0.00494     Cnsurf  =  -0.00324
     CDisurf =   0.00494     CDvsurf =   0.00000

 Forces referred to Ssurf, Cave 
     CLsurf  =   0.26066     CDsurf  =   0.00791

 Strip Forces referred to Strip Area, Chord
    j     Xle      Yle      Zle      Chord    Area     c_cl     ai     cl_norm    cl       cd       cdv    cm_c/4     cm_LE   C.P.x/c
     1   0.0003   0.0007   0.0000   0.3048   0.0009   0.0943   0.0429   0.3567   0.3012   0.1216   0.0000  -0.0113  -0.0815    0.288
     2   0.0027   0.0063   0.0000   0.3048   0.0026   0.0943   0.0406   0.3656   0.3087   0.0206   0.0000  -0.0104  -0.0806    0.284
     3   0.0075   0.0174   0.0000   0.3048   0.0042   0.0943   0.0406   0.3660   0.3091   0.0153   0.0000  -0.0078  -0.0782    0.275
     4   0.0145   0.0337   0.0000   0.3048   0.0057   0.0944   0.0421   0.3665   0.3095   0.0137   0.0000  -0.0044  -0.0751    0.264
     5   0.0236   0.0548   0.0000   0.3048   0.0071   0.0945   0.0442   0.3670   0.3099   0.0122   0.0000  -0.0009  -0.0720    0.253
     6   0.0345   0.0801   0.0000   0.3048   0.0083   0.0945   0.0466   0.3672   0.3101   0.0109   0.0000   0.0021  -0.0693    0.243
     7   0.0470   0.1092   0.0000   0.3048   0.0093   0.0943   0.0492   0.3664   0.3094   0.0098   0.0000   0.0046  -0.0668    0.235
     8   0.0608   0.1411   0.0000   0.3048   0.0101   0.0936   0.0519   0.3640   0.3074   0.0089   0.0000   0.0068  -0.0643    0.228
     9   0.0755   0.1752   0.0000   0.3048   0.0106   0.0924   0.0548   0.3591   0.3033   0.0081   0.0000   0.0087  -0.0616    0.221
    10   0.0907   0.2107   0.0000   0.3048   0.0109   0.0903   0.0577   0.3512   0.2965   0.0074   0.0000   0.0106  -0.0583    0.214
    11   0.1062   0.2465   0.0000   0.3048   0.0109   0.0872   0.0608   0.3393   0.2865   0.0067   0.0000   0.0126  -0.0542    0.206
    12   0.1214   0.2820   0.0000   0.3048   0.0106   0.0830   0.0638   0.3228   0.2725   0.0060   0.0000   0.0147  -0.0490    0.196
    13   0.1361   0.3161   0.0000   0.3048   0.0101   0.0774   0.0665   0.3010   0.2542   0.0052   0.0000   0.0169  -0.0428    0.184
    14   0.1499   0.3480   0.0000   0.3048   0.0093   0.0703   0.0684   0.2736   0.2311   0.0043   0.0000   0.0190  -0.0355    0.168
    15   0.1624   0.3771   0.0000   0.3048   0.0083   0.0618   0.0690   0.2407   0.2032   0.0033   0.0000   0.0207  -0.0276    0.148
    16   0.1733   0.4024   0.0000   0.3048   0.0071   0.0520   0.0680   0.2025   0.1710   0.0023   0.0000   0.0214  -0.0196    0.125
    17   0.1824   0.4235   0.0000   0.3048   0.0057   0.0412   0.0651   0.1603   0.1354   0.0013   0.0000   0.0204  -0.0123    0.100
    18   0.1894   0.4398   0.0000   0.3048   0.0042   0.0296   0.0605   0.1154   0.0975   0.0003   0.0000   0.0171  -0.0066    0.074
    19   0.1942   0.4509   0.0000   0.3048   0.0026   0.0178   0.0551   0.0693   0.0586  -0.0007   0.0000   0.0115  -0.0028    0.053
    20   0.1966   0.4565   0.0000   0.3048   0.0009   0.0059   0.0518   0.0232   0.0196  -0.0012   0.0000   0.0041  -0.0007    0.043

  Surface # 2     Wing (YDUP)                             
     # Chordwise = 10   # Spanwise = 20     First strip = 21
     Surface area Ssurf =    0.139355     Ave. chord Cave =    0.304800

 Forces referred to Sref, Cref, Bref about Xref, Yref, Zref
 Standard axis orientation,  X fwd, Z down         
     CLsurf  =   0.16289     Clsurf  =   0.03561
     CYsurf  =  -0.00312     Cmsurf  =  -0.02694
     CDsurf  =   0.00494     Cnsurf  =   0.00324
     CDisurf =   0.00494     CDvsurf =   0.00000

 Forces referred to Ssurf, Cave 
     CLsurf  =   0.26066     CDsurf  =   0.00791

 Strip Forces referred to Strip Area, Chord
    j     Xle      Yle      Zle      Chord    Area     c_cl     ai     cl_norm    cl       cd       cdv    cm_c/4     cm_LE   C.P.x/c
    21   0.0003  -0.0007   0.0000   0.3048   0.0009   0.0943   0.0429   0.3567   0.3012   0.1216   0.0000  -0.0113   0.0815    0.288
    22   0.0027  -0.0063   0.0000   0.3048   0.0026   0.0943   0.0406   0.3656   0.3087   0.0206   0.0000  -0.0104   0.0806    0.284
    23   0.0075  -0.0174   0.0000   0.3048   0.0042   0.0943   0.0406   0.3660   0.3091   0.0153   0.0000  -0.0078   0.0782    0.275
    24   0.0145  -0.0337   0.0000   0.3048   0.0057   0.0944   0.0421   0.3665   0.3095   0.0137   0.0000  -0.0044   0.0751    0.264
    25   0.0236  -0.0548   0.0000   0.3048   0.0071   0.0945   0.0442   0.3670   0.3099   0.0122   0.0000  -0.0009   0.0720    0.253
    26   0.0345  -0.0801   0.0000   0.3048   0.0083   0.0945   0.0466   0.3672   0.3101   0.0109   0.0000   0.0021   0.0693    0.243
    27   0.0470  -0.1092   0.0000   0.3048   0.0093   0.0943   0.0492   0.3664   0.3094   0.0098   0.0000   0.0046   0.0668    0.235
    28   0.0608  -0.1411   0.0000   0.3048   0.0101   0.0936   0.0519   0.3640   0.3074   0.0089   0.0000   0.0068   0.0643    0.228
    29   0.0755  -0.1752   0.0000   0.3048   0.0106   0.0924   0.0548   0.3591   0.3033   0.0081   0.0000   0.0087   0.0616    0.221
    30   0.0907  -0.2107   0.0000   0.3048   0.0109   0.0903   0.0577   0.3512   0.2965   0.0074   0.0000   0.0106   0.0583    0.214
    31   0.1062  -0.2465   0.0000   0.3048   0.0109   0.0872   0.0608   0.3393   0.2865   0.0067   0.0000   0.0126   0.0542    0.206
    32   0.1214  -0.2820   0.0000   0.3048   0.0106   0.0830   0.0638   0.3228   0.2725   0.0060   0.0000   0.0147   0.0490    0.196
    33   0.1361  -0.3161   0.0000   0.3048   0.0101   0.0774   0.0665   0.3010   0.2542   0.0052   0.0000   0.0169   0.0428    0.184
    34   0.1499  -0.3480   0.0000   0.3048   0.0093   0.0703   0.0684   0.2736   0.2311   0.0043   0.0000   0.0190   0.0355    0.168
    35   0.1624  -0.3771   0.0000   0.3048   0.0083   0.0618   0.0690   0.2407   0.2032   0.0033   0.0000   0.0207   0.0276    0.148
    36   0.1733  -0.4024   0.0000   0.3048   0.0071   0.0520   0.0680   0.2025   0.1710   0.0023   0.0000   0.0214   0.0196    0.125
    37   0.1824  -0.4235   0.0000   0.3048   0.0057   0.0412   0.0651   0.1603   0.1354   0.0013   0.0000   0.0204   0.0123    0.100
    38   0.1894  -0.4398   0.0000   0.3048   0.0042   0.0296   0.0605   0.1154   0.0975   0.0003   0.0000   0.0171   0.0066    0.074
    39   0.1942  -0.4509   0.0000   0.3048   0.0026   0.0178   0.0551   0.0693   0.0586  -0.0007   0.0000   0.0115   0.0028    0.053
    40   0.1966  -0.4565   0.0000   0.3048   0.0009   0.0059   0.0518   0.0232   0.0196  -0.0012   0.0000   0.0041   0.0007    0.043
 ---------------------------------------------------------------
