 ---------------------------------------------------------------
 Surface and Strip Forces by surface

  Sref = 0.20650       Cref = 0.25400       Bref = 0.81280    
  Xref = 0.10920       Yref =  0.0000       Zref =  0.0000    

  Surface # 1     Wing                                    
     # Chordwise = 10   # Spanwise = 20     First strip =  1
     Surface area Ssurf =    0.103226     Ave. chord Cave =    0.254000

 Forces referred to Sref, Cref, Bref about Xref, Yref, Zref
 Standard axis orientation,  X fwd, Z down         
     CLsurf  =   0.17591     Clsurf  =  -0.03815
     CYsurf  =   0.00193     Cmsurf  =   0.01652
     CDsurf  =   0.00643     Cnsurf  =  -0.00307
     CDisurf =   0.00643     CDvsurf =   0.00000

 Forces referred to Ssurf, Cave 
     CLsurf  =   0.35189     CDsurf  =   0.01287

 Strip Forces referred to Strip Area, Chord
    j     Xle      Yle      Zle      Chord    Area     c_cl     ai     cl_norm    cl       cd       cdv    cm_c/4     cm_LE   C.P.x/c
     1   0.0001   0.0006   0.0000   0.2540   0.0006   0.1083   0.0592   0.4321   0.4191   0.0959   0.0000  -0.0007  -0.1057    0.252
     2   0.0010   0.0056   0.0000   0.2540   0.0019   0.1083   0.0583   0.4394   0.4263   0.0236   0.0000  -0.0001  -0.1051    0.250
     3   0.0027   0.0155   0.0000   0.2540   0.0031   0.1083   0.0584   0.4397   0.4266   0.0194   0.0000   0.0014  -0.1036    0.247
     4   0.0053   0.0299   0.0000   0.2540   0.0042   0.1083   0.0592   0.4397   0.4265   0.0178   0.0000   0.0034  -0.1016    0.242
     5   0.0086   0.0487   0.0000   0.2540   0.0053   0.1081   0.0605   0.4392   0.4260   0.0166   0.0000   0.0053  -0.0995    0.237
     6   0.0126   0.0712   0.0000   0.2540   0.0062   0.1077   0.0621   0.4378   0.4247   0.0155   0.0000   0.0071  -0.0974    0.233
     7   0.0171   0.0970   0.0000   0.2540   0.0069   0.1070   0.0640   0.4349   0.4219   0.0147   0.0000   0.0087  -0.0951    0.229
     8   0.0221   0.1254   0.0000   0.2540   0.0075   0.1057   0.0661   0.4298   0.4170   0.0140   0.0000   0.0101  -0.0925    0.226
     9   0.0275   0.1558   0.0000   0.2540   0.0079   0.1038   0.0685   0.4219   0.4093   0.0135   0.0000   0.0115  -0.0893    0.222
    10   0.0330   0.1873   0.0000   0.2540   0.0081   0.1010   0.0711   0.4104   0.3982   0.0130   0.0000   0.0129  -0.0851    0.218
    11   0.0387   0.2191   0.0000   0.2540   0.0081   0.0971   0.0740   0.3947   0.3829   0.0125   0.0000   0.0144  -0.0799    0.212
    12   0.0442   0.2506   0.0000   0.2540   0.0079   0.0920   0.0771   0.3741   0.3630   0.0119   0.0000   0.0161  -0.0733    0.206
    13   0.0496   0.2810   0.0000   0.2540   0.0075   0.0856   0.0800   0.3481   0.3377   0.0111   0.0000   0.0179  -0.0654    0.197
    14   0.0546   0.3094   0.0000   0.2540   0.0069   0.0778   0.0826   0.3162   0.3068   0.0102   0.0000   0.0195  -0.0562    0.186
    15   0.0591   0.3352   0.0000   0.2540   0.0062   0.0685   0.0843   0.2784   0.2701   0.0091   0.0000   0.0208  -0.0459    0.173
    16   0.0631   0.3577   0.0000   0.2540   0.0053   0.0578   0.0846   0.2350   0.2280   0.0077   0.0000   0.0211  -0.0353    0.157
    17   0.0664   0.3765   0.0000   0.2540   0.0042   0.0460   0.0832   0.1868   0.1812   0.0061   0.0000   0.0199  -0.0249    0.140
    18   0.0690   0.3909   0.0000   0.2540   0.0031   0.0333   0.0800   0.1352   0.1312   0.0042   0.0000   0.0168  -0.0157    0.122
    19   0.0707   0.4008   0.0000   0.2540   0.0019   0.0201   0.0756   0.0816   0.0792   0.0021   0.0000   0.0113  -0.0083    0.107
    20   0.0716   0.4058   0.0000   0.2540   0.0006   0.0067   0.0724   0.0273   0.0265   0.0002   0.0000   0.0040  -0.0025    0.099

  Surface # 2     Wing (YDUP)                             
     # Chordwise = 10   # Spanwise = 20     First strip = 21
     Surface area Ssurf =    0.103226     Ave. chord Cave =    0.254000

 Forces referred to Sref, Cref, Bref about Xref, Yref, Zref
 Standard axis orientation,  X fwd, Z down         
     CLsurf  =   0.17591     Clsurf  =   0.03815
     CYsurf  =  -0.00193     Cmsurf  =   0.01652
     CDsurf  =   0.00643     Cnsurf  =   0.00307
     CDisurf =   0.00643     CDvsurf =   0.00000

 Forces referred to Ssurf, Cave 
     CLsurf  =   0.35189     CDsurf  =   0.01287

 Strip Forces referred to Strip Area, Chord
    j     Xle      Yle      Zle      Chord    Area     c_cl     ai     cl_norm    cl       cd       cdv    cm_c/4     cm_LE   C.P.x/c
    21   0.0001  -0.0006   0.0000   0.2540   0.0006   0.1083   0.0592   0.4321   0.4191   0.0959   0.0000  -0.0007   0.1057    0.252
    22   0.0010  -0.0056   0.0000   0.2540   0.0019   0.1083   0.0583   0.4394   0.4263   0.0236   0.0000  -0.0001   0.1051    0.250
    23   0.0027  -0.0155   0.0000   0.2540   0.0031   0.1083   0.0584   0.4397   0.4266   0.0194   0.0000   0.0014   0.1036    0.247
    24   0.0053  -0.0299   0.0000   0.2540   0.0042   0.1083   0.0592   0.4397   0.4265   0.0178   0.0000   0.0034   0.1016    0.242
    25   0.0086  -0.0487   0.0000   0.2540   0.0053   0.1081   0.0605   0.4392   0.4260   0.0166   0.0000   0.0053   0.0995    0.237
    26   0.0126  -0.0712   0.0000   0.2540   0.0062   0.1077   0.0621   0.4378   0.4247   0.0155   0.0000   0.0071   0.0974    0.233
    27   0.0171  -0.0970   0.0000   0.2540   0.0069   0.1070   0.0640   0.4349   0.4219   0.0147   0.0000   0.0087   0.0951    0.229
    28   0.0221  -0.1254   0.0000   0.2540   0.0075   0.1057   0.0661   0.4298   0.4170   0.0140   0.0000   0.0101   0.0925    0.226
    29   0.0275  -0.1558   0.0000   0.2540   0.0079   0.1038   0.0685   0.4219   0.4093   0.0135   0.0000   0.0115   0.0893    0.222
    30   0.0330  -0.1873   0.0000   0.2540   0.0081   0.1010   0.0711   0.4104   0.3982   0.0130   0.0000   0.0129   0.0851    0.218
    31   0.0387  -0.2191   0.0000   0.2540   0.0081   0.0971   0.0740   0.3947   0.3829   0.0125   0.0000   0.0144   0.0799    0.212
    32   0.0442  -0.2506   0.0000   0.2540   0.0079   0.0920   0.0771   0.3741   0.3630   0.0119   0.0000   0.0161   0.0733    0.206
    33   0.0496  -0.2810   0.0000   0.2540   0.0075   0.0856   0.0800   0.3481   0.3377   0.0111   0.0000   0.0179   0.0654    0.197
    34   0.0546  -0.3094   0.0000   0.2540   0.0069   0.0778   0.0826   0.3162   0.3068   0.0102   0.0000   0.0195   0.0562    0.186
    35   0.0591  -0.3352   0.0000   0.2540   0.0062   0.0685   0.0843   0.2784   0.2701   0.0091   0.0000   0.0208   0.0459    0.173
    36   0.0631  -0.3577   0.0000   0.2540   0.0053   0.0578   0.0846   0.2350   0.2280   0.0077   0.0000   0.0211   0.0353    0.157
    37   0.0664  -0.3765   0.0000   0.2540   0.0042   0.0460   0.0832   0.1868   0.1812   0.0061   0.0000   0.0199   0.0249    0.140
    38   0.0690  -0.3909   0.0000   0.2540   0.0031   0.0333   0.0800   0.1352   0.1312   0.0042   0.0000   0.0168   0.0157    0.122
    39   0.0707  -0.4008   0.0000   0.2540   0.0019   0.0201   0.0756   0.0816   0.0792   0.0021   0.0000   0.0113   0.0083    0.107
    40   0.0716  -0.4058   0.0000   0.2540   0.0006   0.0067   0.0724   0.0273   0.0265   0.0002   0.0000   0.0040   0.0025    0.099
 ---------------------------------------------------------------
