 ---------------------------------------------------------------
 Surface and Strip Forces by surface

  Sref = 0.11150       Cref = 0.18360       Bref = 0.60960    
  Xref = 0.10920       Yref =  0.0000       Zref =  0.0000    

  Surface # 1     Wing                                    
     # Chordwise = 10   # Spanwise = 20     First strip =  1
     Surface area Ssurf =    0.061935     Ave. chord Cave =    0.203200

 Forces referred to Sref, Cref, Bref about Xref, Yref, Zref
 Standard axis orientation,  X fwd, Z down         
     CLsurf  =   0.32578     Clsurf  =  -0.07049
     CYsurf  =   0.00787     Cmsurf  =   0.06597
     CDsurf  =   0.02135     Cnsurf  =  -0.01087
     CDisurf =   0.02135     CDvsurf =   0.00000

 Forces referred to Ssurf, Cave 
     CLsurf  =   0.58649     CDsurf  =   0.03843

 Strip Forces referred to Strip Area, Chord
    j     Xle      Yle      Zle      Chord    Area     c_cl     ai     cl_norm    cl       cd       cdv    cm_c/4     cm_LE   C.P.x/c
     1   0.0001   0.0005   0.0000   0.2032   0.0004   0.1436   0.1018   0.6914   0.6632   0.3029   0.0000  -0.0045  -0.1774    0.257
     2   0.0009   0.0042   0.0000   0.2032   0.0011   0.1436   0.1021   0.7350   0.7051   0.0736   0.0000  -0.0036  -0.1765    0.255
     3   0.0024   0.0116   0.0000   0.2032   0.0019   0.1436   0.1035   0.7378   0.7077   0.0596   0.0000  -0.0011  -0.1740    0.251
     4   0.0047   0.0225   0.0000   0.2032   0.0025   0.1436   0.1056   0.7387   0.7086   0.0543   0.0000   0.0024  -0.1706    0.247
     5   0.0077   0.0365   0.0000   0.2032   0.0032   0.1435   0.1083   0.7387   0.7086   0.0502   0.0000   0.0059  -0.1670    0.242
     6   0.0112   0.0534   0.0000   0.2032   0.0037   0.1430   0.1114   0.7371   0.7071   0.0469   0.0000   0.0091  -0.1633    0.237
     7   0.0153   0.0728   0.0000   0.2032   0.0041   0.1421   0.1148   0.7327   0.7029   0.0442   0.0000   0.0120  -0.1594    0.233
     8   0.0197   0.0941   0.0000   0.2032   0.0045   0.1405   0.1186   0.7246   0.6951   0.0420   0.0000   0.0147  -0.1548    0.229
     9   0.0245   0.1168   0.0000   0.2032   0.0047   0.1379   0.1229   0.7115   0.6825   0.0402   0.0000   0.0172  -0.1492    0.225
    10   0.0294   0.1404   0.0000   0.2032   0.0048   0.1342   0.1275   0.6923   0.6641   0.0384   0.0000   0.0198  -0.1422    0.220
    11   0.0345   0.1644   0.0000   0.2032   0.0048   0.1290   0.1326   0.6659   0.6387   0.0366   0.0000   0.0225  -0.1334    0.215
    12   0.0394   0.1880   0.0000   0.2032   0.0047   0.1223   0.1378   0.6311   0.6054   0.0346   0.0000   0.0253  -0.1224    0.208
    13   0.0442   0.2107   0.0000   0.2032   0.0045   0.1138   0.1429   0.5873   0.5634   0.0323   0.0000   0.0282  -0.1094    0.200
    14   0.0486   0.2320   0.0000   0.2032   0.0041   0.1034   0.1475   0.5338   0.5120   0.0295   0.0000   0.0308  -0.0944    0.190
    15   0.0527   0.2514   0.0000   0.2032   0.0037   0.0912   0.1510   0.4705   0.4513   0.0262   0.0000   0.0326  -0.0779    0.178
    16   0.0562   0.2683   0.0000   0.2032   0.0032   0.0771   0.1529   0.3980   0.3818   0.0223   0.0000   0.0328  -0.0608    0.164
    17   0.0592   0.2823   0.0000   0.2032   0.0025   0.0615   0.1528   0.3174   0.3045   0.0179   0.0000   0.0306  -0.0442    0.150
    18   0.0615   0.2932   0.0000   0.2032   0.0019   0.0447   0.1507   0.2307   0.2213   0.0128   0.0000   0.0254  -0.0290    0.135
    19   0.0630   0.3006   0.0000   0.2032   0.0011   0.0271   0.1472   0.1399   0.1342   0.0071   0.0000   0.0170  -0.0160    0.124
    20   0.0638   0.3043   0.0000   0.2032   0.0004   0.0091   0.1447   0.0471   0.0452   0.0011   0.0000   0.0060  -0.0051    0.118

  Surface # 2     Wing (YDUP)                             
     # Chordwise = 10   # Spanwise = 20     First strip = 21
     Surface area Ssurf =    0.061935     Ave. chord Cave =    0.203200

 Forces referred to Sref, Cref, Bref about Xref, Yref, Zref
 Standard axis orientation,  X fwd, Z down         
     CLsurf  =   0.32578     Clsurf  =   0.07049
     CYsurf  =  -0.00787     Cmsurf  =   0.06597
     CDsurf  =   0.02135     Cnsurf  =   0.01087
     CDisurf =   0.02135     CDvsurf =   0.00000

 Forces referred to Ssurf, Cave 
     CLsurf  =   0.58649     CDsurf  =   0.03843

 Strip Forces referred to Strip Area, Chord
    j     Xle      Yle      Zle      Chord    Area     c_cl     ai     cl_norm    cl       cd       cdv    cm_c/4     cm_LE   C.P.x/c
    21   0.0001  -0.0005   0.0000   0.2032   0.0004   0.1436   0.1018   0.6914   0.6632   0.3029   0.0000  -0.0045   0.1774    0.257
    22   0.0009  -0.0042   0.0000   0.2032   0.0011   0.1436   0.1021   0.7350   0.7051   0.0736   0.0000  -0.0036   0.1765    0.255
    23   0.0024  -0.0116   0.0000   0.2032   0.0019   0.1436   0.1035   0.7378   0.7077   0.0596   0.0000  -0.0011   0.1740    0.251
    24   0.0047  -0.0225   0.0000   0.2032   0.0025   0.1436   0.1056   0.7387   0.7086   0.0543   0.0000   0.0024   0.1706    0.247
    25   0.0077  -0.0365   0.0000   0.2032   0.0032   0.1435   0.1083   0.7387   0.7086   0.0502   0.0000   0.0059   0.1670    0.242
    26   0.0112  -0.0534   0.0000   0.2032   0.0037   0.1430   0.1114   0.7371   0.7071   0.0469   0.0000   0.0091   0.1633    0.237
    27   0.0153  -0.0728   0.0000   0.2032   0.0041   0.1421   0.1148   0.7327   0.7029   0.0442   0.0000   0.0120   0.1594    0.233
    28   0.0197  -0.0941   0.0000   0.2032   0.0045   0.1405   0.1186   0.7246   0.6951   0.0420   0.0000   0.0147   0.1548    0.229
    29   0.0245  -0.1168   0.0000   0.2032   0.0047   0.1379   0.1229   0.7115   0.6825   0.0402   0.0000   0.0172   0.1492    0.225
    30   0.0294  -0.1404   0.0000   0.2032   0.0048   0.1342   0.1275   0.6923   0.6641   0.0384   0.0000   0.0198   0.1422    0.220
    31   0.0345  -0.1644   0.0000   0.2032   0.0048   0.1290   0.1326   0.6659   0.6387   0.0366   0.0000   0.0225   0.1334    0.215
    32   0.0394  -0.1880   0.0000   0.2032   0.0047   0.1223   0.1378   0.6311   0.6054   0.0346   0.0000   0.0253   0.1224    0.208
    33   0.0442  -0.2107   0.0000   0.2032   0.0045   0.1138   0.1429   0.5873   0.5634   0.0323   0.0000   0.0282   0.1094    0.200
    34   0.0486  -0.2320   0.0000   0.2032   0.0041   0.1034   0.1475   0.5338   0.5120   0.0295   0.0000   0.0308   0.0944    0.190
    35   0.0527  -0.2514   0.0000   0.2032   0.0037   0.0912   0.1510   0.4705   0.4513   0.0262   0.0000   0.0326   0.0779    0.178
    36   0.0562  -0.2683   0.0000   0.2032   0.0032   0.0771   0.1529   0.3980   0.3818   0.0223   0.0000   0.0328   0.0608    0.164
    37   0.0592  -0.2823   0.0000   0.2032   0.0025   0.0615   0.1528   0.3174   0.3045   0.0179   0.0000   0.0306   0.0442    0.150
    38   0.0615  -0.2932   0.0000   0.2032   0.0019   0.0447   0.1507   0.2307   0.2213   0.0128   0.0000   0.0254   0.0290    0.135
    39   0.0630  -0.3006   0.0000   0.2032   0.0011   0.0271   0.1472   0.1399   0.1342   0.0071   0.0000   0.0170   0.0160    0.124
    40   0.0638  -0.3043   0.0000   0.2032   0.0004   0.0091   0.1447   0.0471   0.0452   0.0011   0.0000   0.0060   0.0051    0.118
 ---------------------------------------------------------------
