 ---------------------------------------------------------------
 Surface and Strip Forces by surface

  Sref = 0.12650       Cref = 0.18870       Bref = 0.71120    
  Xref = 0.10920       Yref =  0.0000       Zref =  0.0000    

  Surface # 1     Wing                                    
     # Chordwise = 10   # Spanwise = 20     First strip =  1
     Surface area Ssurf =    0.090322     Ave. chord Cave =    0.254000

 Forces referred to Sref, Cref, Bref about Xref, Yref, Zref
 Standard axis orientation,  X fwd, Z down         
     CLsurf  =   0.28715     Clsurf  =  -0.06180
     CYsurf  =   0.00236     Cmsurf  =   0.05967
     CDsurf  =   0.01352     Cnsurf  =  -0.00562
     CDisurf =   0.01352     CDvsurf =   0.00000

 Forces referred to Ssurf, Cave 
     CLsurf  =   0.40216     CDsurf  =   0.01894

 Strip Forces referred to Strip Area, Chord
    j     Xle      Yle      Zle      Chord    Area     c_cl     ai     cl_norm    cl       cd       cdv    cm_c/4     cm_LE   C.P.x/c
     1   0.0001   0.0005   0.0000   0.2540   0.0006   0.1257   0.0823   0.4921   0.4866   0.0973   0.0000   0.0057  -0.1173    0.238
     2   0.0005   0.0049   0.0000   0.2540   0.0017   0.1257   0.0818   0.5005   0.4949   0.0299   0.0000   0.0060  -0.1170    0.238
     3   0.0015   0.0135   0.0000   0.2540   0.0027   0.1256   0.0819   0.5009   0.4953   0.0258   0.0000   0.0070  -0.1161    0.236
     4   0.0028   0.0262   0.0000   0.2540   0.0037   0.1255   0.0824   0.5005   0.4949   0.0244   0.0000   0.0082  -0.1146    0.233
     5   0.0046   0.0426   0.0000   0.2540   0.0046   0.1252   0.0833   0.4993   0.4937   0.0233   0.0000   0.0096  -0.1130    0.231
     6   0.0067   0.0623   0.0000   0.2540   0.0054   0.1245   0.0845   0.4968   0.4912   0.0224   0.0000   0.0109  -0.1110    0.228
     7   0.0091   0.0849   0.0000   0.2540   0.0060   0.1234   0.0860   0.4922   0.4867   0.0216   0.0000   0.0122  -0.1086    0.225
     8   0.0118   0.1098   0.0000   0.2540   0.0065   0.1216   0.0879   0.4851   0.4797   0.0210   0.0000   0.0134  -0.1056    0.222
     9   0.0146   0.1363   0.0000   0.2540   0.0069   0.1189   0.0900   0.4745   0.4692   0.0204   0.0000   0.0147  -0.1018    0.219
    10   0.0176   0.1638   0.0000   0.2540   0.0071   0.1153   0.0925   0.4599   0.4548   0.0198   0.0000   0.0160  -0.0969    0.215
    11   0.0205   0.1918   0.0000   0.2540   0.0071   0.1104   0.0953   0.4406   0.4357   0.0191   0.0000   0.0175  -0.0907    0.210
    12   0.0235   0.2193   0.0000   0.2540   0.0069   0.1042   0.0982   0.4159   0.4113   0.0183   0.0000   0.0190  -0.0831    0.204
    13   0.0263   0.2458   0.0000   0.2540   0.0065   0.0966   0.1009   0.3854   0.3811   0.0173   0.0000   0.0205  -0.0741    0.196
    14   0.0290   0.2707   0.0000   0.2540   0.0060   0.0875   0.1033   0.3489   0.3450   0.0160   0.0000   0.0218  -0.0639    0.187
    15   0.0314   0.2933   0.0000   0.2540   0.0054   0.0768   0.1048   0.3064   0.3029   0.0144   0.0000   0.0226  -0.0527    0.175
    16   0.0335   0.3130   0.0000   0.2540   0.0046   0.0647   0.1052   0.2582   0.2553   0.0124   0.0000   0.0223  -0.0412    0.163
    17   0.0353   0.3294   0.0000   0.2540   0.0037   0.0515   0.1040   0.2052   0.2029   0.0101   0.0000   0.0206  -0.0299    0.149
    18   0.0366   0.3421   0.0000   0.2540   0.0027   0.0373   0.1013   0.1486   0.1470   0.0073   0.0000   0.0170  -0.0196    0.135
    19   0.0376   0.3507   0.0000   0.2540   0.0017   0.0225   0.0975   0.0898   0.0888   0.0042   0.0000   0.0113  -0.0108    0.123
    20   0.0380   0.3551   0.0000   0.2540   0.0006   0.0075   0.0949   0.0301   0.0297   0.0010   0.0000   0.0040  -0.0034    0.117

  Surface # 2     Wing (YDUP)                             
     # Chordwise = 10   # Spanwise = 20     First strip = 21
     Surface area Ssurf =    0.090322     Ave. chord Cave =    0.254000

 Forces referred to Sref, Cref, Bref about Xref, Yref, Zref
 Standard axis orientation,  X fwd, Z down         
     CLsurf  =   0.28715     Clsurf  =   0.06180
     CYsurf  =  -0.00236     Cmsurf  =   0.05967
     CDsurf  =   0.01352     Cnsurf  =   0.00562
     CDisurf =   0.01352     CDvsurf =   0.00000

 Forces referred to Ssurf, Cave 
     CLsurf  =   0.40216     CDsurf  =   0.01894

 Strip Forces referred to Strip Area, Chord
    j     Xle      Yle      Zle      Chord    Area     c_cl     ai     cl_norm    cl       cd       cdv    cm_c/4     cm_LE   C.P.x/c
    21   0.0001  -0.0005   0.0000   0.2540   0.0006   0.1257   0.0823   0.4921   0.4866   0.0973   0.0000   0.0057   0.1173    0.238
    22   0.0005  -0.0049   0.0000   0.2540   0.0017   0.1257   0.0818   0.5005   0.4949   0.0299   0.0000   0.0060   0.1170    0.238
    23   0.0015  -0.0135   0.0000   0.2540   0.0027   0.1256   0.0819   0.5009   0.4953   0.0258   0.0000   0.0070   0.1161    0.236
    24   0.0028  -0.0262   0.0000   0.2540   0.0037   0.1255   0.0824   0.5005   0.4949   0.0244   0.0000   0.0082   0.1146    0.233
    25   0.0046  -0.0426   0.0000   0.2540   0.0046   0.1252   0.0833   0.4993   0.4937   0.0233   0.0000   0.0096   0.1130    0.231
    26   0.0067  -0.0623   0.0000   0.2540   0.0054   0.1245   0.0845   0.4968   0.4912   0.0224   0.0000   0.0109   0.1110    0.228
    27   0.0091  -0.0849   0.0000   0.2540   0.0060   0.1234   0.0860   0.4922   0.4867   0.0216   0.0000   0.0122   0.1086    0.225
    28   0.0118  -0.1098   0.0000   0.2540   0.0065   0.1216   0.0879   0.4851   0.4797   0.0210   0.0000   0.0134   0.1056    0.222
    29   0.0146  -0.1363   0.0000   0.2540   0.0069   0.1189   0.0900   0.4745   0.4692   0.0204   0.0000   0.0147   0.1018    0.219
    30   0.0176  -0.1638   0.0000   0.2540   0.0071   0.1153   0.0925   0.4599   0.4548   0.0198   0.0000   0.0160   0.0969    0.215
    31   0.0205  -0.1918   0.0000   0.2540   0.0071   0.1104   0.0953   0.4406   0.4357   0.0191   0.0000   0.0175   0.0907    0.210
    32   0.0235  -0.2193   0.0000   0.2540   0.0069   0.1042   0.0982   0.4159   0.4113   0.0183   0.0000   0.0190   0.0831    0.204
    33   0.0263  -0.2458   0.0000   0.2540   0.0065   0.0966   0.1009   0.3854   0.3811   0.0173   0.0000   0.0205   0.0741    0.196
    34   0.0290  -0.2707   0.0000   0.2540   0.0060   0.0875   0.1033   0.3489   0.3450   0.0160   0.0000   0.0218   0.0639    0.187
    35   0.0314  -0.2933   0.0000   0.2540   0.0054   0.0768   0.1048   0.3064   0.3029   0.0144   0.0000   0.0226   0.0527    0.175
    36   0.0335  -0.3130   0.0000   0.2540   0.0046   0.0647   0.1052   0.2582   0.2553   0.0124   0.0000   0.0223   0.0412    0.163
    37   0.0353  -0.3294   0.0000   0.2540   0.0037   0.0515   0.1040   0.2052   0.2029   0.0101   0.0000   0.0206   0.0299    0.149
    38   0.0366  -0.3421   0.0000   0.2540   0.0027   0.0373   0.1013   0.1486   0.1470   0.0073   0.0000   0.0170   0.0196    0.135
    39   0.0376  -0.3507   0.0000   0.2540   0.0017   0.0225   0.0975   0.0898   0.0888   0.0042   0.0000   0.0113   0.0108    0.123
    40   0.0380  -0.3551   0.0000   0.2540   0.0006   0.0075   0.0949   0.0301   0.0297   0.0010   0.0000   0.0040   0.0034    0.117
 ---------------------------------------------------------------
