 ---------------------------------------------------------------
 Surface and Strip Forces by surface

  Sref = 0.19870       Cref = 0.27940       Bref = 0.71120    
  Xref = 0.10920       Yref =  0.0000       Zref =  0.0000    

  Surface # 1     Wing                                    
     # Chordwise = 10   # Spanwise = 20     First strip =  1
     Surface area Ssurf =    0.099355     Ave. chord Cave =    0.279400

 Forces referred to Sref, Cref, Bref about Xref, Yref, Zref
 Standard axis orientation,  X fwd, Z down         
     CLsurf  =   0.18281     Clsurf  =  -0.03932
     CYsurf  =   0.00228     Cmsurf  =   0.01602
     CDsurf  =   0.00874     Cnsurf  =  -0.00391
     CDisurf =   0.00874     CDvsurf =   0.00000

 Forces referred to Ssurf, Cave 
     CLsurf  =   0.36560     CDsurf  =   0.01747

 Strip Forces referred to Strip Area, Chord
    j     Xle      Yle      Zle      Chord    Area     c_cl     ai     cl_norm    cl       cd       cdv    cm_c/4     cm_LE   C.P.x/c
     1   0.0001   0.0005   0.0000   0.2794   0.0006   0.1258   0.0825   0.4510   0.4376   0.1347   0.0000   0.0027  -0.1083    0.244
     2   0.0009   0.0049   0.0000   0.2794   0.0018   0.1258   0.0817   0.4635   0.4497   0.0323   0.0000   0.0031  -0.1079    0.243
     3   0.0024   0.0135   0.0000   0.2794   0.0030   0.1258   0.0816   0.4640   0.4502   0.0262   0.0000   0.0043  -0.1066    0.240
     4   0.0046   0.0262   0.0000   0.2794   0.0041   0.1256   0.0821   0.4638   0.4500   0.0242   0.0000   0.0061  -0.1047    0.236
     5   0.0075   0.0426   0.0000   0.2794   0.0051   0.1253   0.0832   0.4628   0.4490   0.0228   0.0000   0.0080  -0.1025    0.232
     6   0.0110   0.0623   0.0000   0.2794   0.0059   0.1247   0.0846   0.4606   0.4469   0.0215   0.0000   0.0099  -0.1001    0.228
     7   0.0150   0.0849   0.0000   0.2794   0.0066   0.1236   0.0864   0.4566   0.4431   0.0205   0.0000   0.0117  -0.0974    0.224
     8   0.0194   0.1098   0.0000   0.2794   0.0072   0.1218   0.0884   0.4501   0.4368   0.0195   0.0000   0.0134  -0.0942    0.219
     9   0.0240   0.1363   0.0000   0.2794   0.0076   0.1192   0.0907   0.4404   0.4273   0.0187   0.0000   0.0150  -0.0903    0.215
    10   0.0289   0.1638   0.0000   0.2794   0.0078   0.1155   0.0932   0.4268   0.4142   0.0178   0.0000   0.0166  -0.0854    0.210
    11   0.0338   0.1918   0.0000   0.2794   0.0078   0.1106   0.0959   0.4087   0.3966   0.0169   0.0000   0.0183  -0.0794    0.204
    12   0.0387   0.2193   0.0000   0.2794   0.0076   0.1043   0.0985   0.3856   0.3741   0.0159   0.0000   0.0200  -0.0722    0.196
    13   0.0433   0.2458   0.0000   0.2794   0.0072   0.0966   0.1008   0.3569   0.3463   0.0147   0.0000   0.0216  -0.0638    0.187
    14   0.0477   0.2707   0.0000   0.2794   0.0066   0.0873   0.1026   0.3226   0.3131   0.0133   0.0000   0.0229  -0.0543    0.177
    15   0.0517   0.2933   0.0000   0.2794   0.0059   0.0765   0.1035   0.2828   0.2744   0.0117   0.0000   0.0236  -0.0442    0.164
    16   0.0552   0.3130   0.0000   0.2794   0.0051   0.0644   0.1031   0.2379   0.2309   0.0098   0.0000   0.0231  -0.0340    0.150
    17   0.0581   0.3294   0.0000   0.2794   0.0041   0.0511   0.1013   0.1888   0.1832   0.0077   0.0000   0.0211  -0.0243    0.135
    18   0.0603   0.3421   0.0000   0.2794   0.0030   0.0370   0.0981   0.1366   0.1325   0.0054   0.0000   0.0172  -0.0157    0.120
    19   0.0618   0.3507   0.0000   0.2794   0.0018   0.0223   0.0942   0.0825   0.0801   0.0027   0.0000   0.0113  -0.0085    0.109
    20   0.0626   0.3551   0.0000   0.2794   0.0006   0.0075   0.0917   0.0277   0.0268   0.0003   0.0000   0.0040  -0.0027    0.102

  Surface # 2     Wing (YDUP)                             
     # Chordwise = 10   # Spanwise = 20     First strip = 21
     Surface area Ssurf =    0.099355     Ave. chord Cave =    0.279400

 Forces referred to Sref, Cref, Bref about Xref, Yref, Zref
 Standard axis orientation,  X fwd, Z down         
     CLsurf  =   0.18281     Clsurf  =   0.03932
     CYsurf  =  -0.00228     Cmsurf  =   0.01602
     CDsurf  =   0.00874     Cnsurf  =   0.00391
     CDisurf =   0.00874     CDvsurf =   0.00000

 Forces referred to Ssurf, Cave 
     CLsurf  =   0.36560     CDsurf  =   0.01747

 Strip Forces referred to Strip Area, Chord
    j     Xle      Yle      Zle      Chord    Area     c_cl     ai     cl_norm    cl       cd       cdv    cm_c/4     cm_LE   C.P.x/c
    21   0.0001  -0.0005   0.0000   0.2794   0.0006   0.1258   0.0825   0.4510   0.4376   0.1347   0.0000   0.0027   0.1083    0.244
    22   0.0009  -0.0049   0.0000   0.2794   0.0018   0.1258   0.0817   0.4635   0.4497   0.0323   0.0000   0.0031   0.1079    0.243
    23   0.0024  -0.0135   0.0000   0.2794   0.0030   0.1258   0.0816   0.4640   0.4502   0.0262   0.0000   0.0043   0.1066    0.240
    24   0.0046  -0.0262   0.0000   0.2794   0.0041   0.1256   0.0821   0.4638   0.4500   0.0242   0.0000   0.0061   0.1047    0.236
    25   0.0075  -0.0426   0.0000   0.2794   0.0051   0.1253   0.0832   0.4628   0.4490   0.0228   0.0000   0.0080   0.1025    0.232
    26   0.0110  -0.0623   0.0000   0.2794   0.0059   0.1247   0.0846   0.4606   0.4469   0.0215   0.0000   0.0099   0.1001    0.228
    27   0.0150  -0.0849   0.0000   0.2794   0.0066   0.1236   0.0864   0.4566   0.4431   0.0205   0.0000   0.0117   0.0974    0.224
    28   0.0194  -0.1098   0.0000   0.2794   0.0072   0.1218   0.0884   0.4501   0.4368   0.0195   0.0000   0.0134   0.0942    0.219
    29   0.0240  -0.1363   0.0000   0.2794   0.0076   0.1192   0.0907   0.4404   0.4273   0.0187   0.0000   0.0150   0.0903    0.215
    30   0.0289  -0.1638   0.0000   0.2794   0.0078   0.1155   0.0932   0.4268   0.4142   0.0178   0.0000   0.0166   0.0854    0.210
    31   0.0338  -0.1918   0.0000   0.2794   0.0078   0.1106   0.0959   0.4087   0.3966   0.0169   0.0000   0.0183   0.0794    0.204
    32   0.0387  -0.2193   0.0000   0.2794   0.0076   0.1043   0.0985   0.3856   0.3741   0.0159   0.0000   0.0200   0.0722    0.196
    33   0.0433  -0.2458   0.0000   0.2794   0.0072   0.0966   0.1008   0.3569   0.3463   0.0147   0.0000   0.0216   0.0638    0.187
    34   0.0477  -0.2707   0.0000   0.2794   0.0066   0.0873   0.1026   0.3226   0.3131   0.0133   0.0000   0.0229   0.0543    0.177
    35   0.0517  -0.2933   0.0000   0.2794   0.0059   0.0765   0.1035   0.2828   0.2744   0.0117   0.0000   0.0236   0.0442    0.164
    36   0.0552  -0.3130   0.0000   0.2794   0.0051   0.0644   0.1031   0.2379   0.2309   0.0098   0.0000   0.0231   0.0340    0.150
    37   0.0581  -0.3294   0.0000   0.2794   0.0041   0.0511   0.1013   0.1888   0.1832   0.0077   0.0000   0.0211   0.0243    0.135
    38   0.0603  -0.3421   0.0000   0.2794   0.0030   0.0370   0.0981   0.1366   0.1325   0.0054   0.0000   0.0172   0.0157    0.120
    39   0.0618  -0.3507   0.0000   0.2794   0.0018   0.0223   0.0942   0.0825   0.0801   0.0027   0.0000   0.0113   0.0085    0.109
    40   0.0626  -0.3551   0.0000   0.2794   0.0006   0.0075   0.0917   0.0277   0.0268   0.0003   0.0000   0.0040   0.0027    0.102
 ---------------------------------------------------------------
