 ---------------------------------------------------------------
 Surface and Strip Forces by surface

  Sref = 0.17030       Cref = 0.27940       Bref = 0.60960    
  Xref = 0.10920       Yref =  0.0000       Zref =  0.0000    

  Surface # 1     Wing                                    
     # Chordwise = 10   # Spanwise = 20     First strip =  1
     Surface area Ssurf =    0.085161     Ave. chord Cave =    0.279400

 Forces referred to Sref, Cref, Bref about Xref, Yref, Zref
 Standard axis orientation,  X fwd, Z down         
     CLsurf  =   0.21330     Clsurf  =  -0.04578
     CYsurf  =   0.00516     Cmsurf  =   0.01316
     CDsurf  =   0.01416     Cnsurf  =  -0.00733
     CDisurf =   0.01416     CDvsurf =   0.00000

 Forces referred to Ssurf, Cave 
     CLsurf  =   0.42654     CDsurf  =   0.02832

 Strip Forces referred to Strip Area, Chord
    j     Xle      Yle      Zle      Chord    Area     c_cl     ai     cl_norm    cl       cd       cdv    cm_c/4     cm_LE   C.P.x/c
     1   0.0001   0.0005   0.0000   0.2794   0.0005   0.1470   0.1125   0.5197   0.4857   0.2974   0.0000  -0.0002  -0.1273    0.250
     2   0.0011   0.0042   0.0000   0.2794   0.0016   0.1470   0.1116   0.5596   0.5230   0.0606   0.0000   0.0003  -0.1267    0.249
     3   0.0031   0.0116   0.0000   0.2794   0.0026   0.1469   0.1118   0.5619   0.5252   0.0460   0.0000   0.0021  -0.1249    0.246
     4   0.0060   0.0225   0.0000   0.2794   0.0035   0.1468   0.1128   0.5621   0.5253   0.0419   0.0000   0.0048  -0.1222    0.241
     5   0.0098   0.0365   0.0000   0.2794   0.0043   0.1465   0.1145   0.5612   0.5245   0.0390   0.0000   0.0079  -0.1190    0.235
     6   0.0143   0.0534   0.0000   0.2794   0.0051   0.1457   0.1166   0.5589   0.5223   0.0364   0.0000   0.0109  -0.1154    0.229
     7   0.0195   0.0728   0.0000   0.2794   0.0057   0.1444   0.1191   0.5542   0.5180   0.0341   0.0000   0.0138  -0.1115    0.223
     8   0.0252   0.0941   0.0000   0.2794   0.0062   0.1423   0.1219   0.5464   0.5107   0.0320   0.0000   0.0166  -0.1070    0.218
     9   0.0313   0.1168   0.0000   0.2794   0.0065   0.1392   0.1249   0.5346   0.4996   0.0300   0.0000   0.0192  -0.1018    0.212
    10   0.0376   0.1404   0.0000   0.2794   0.0067   0.1348   0.1281   0.5179   0.4840   0.0281   0.0000   0.0217  -0.0955    0.205
    11   0.0441   0.1644   0.0000   0.2794   0.0067   0.1289   0.1312   0.4955   0.4631   0.0261   0.0000   0.0242  -0.0881    0.198
    12   0.0504   0.1880   0.0000   0.2794   0.0065   0.1215   0.1342   0.4670   0.4364   0.0240   0.0000   0.0265  -0.0794    0.189
    13   0.0565   0.2107   0.0000   0.2794   0.0062   0.1123   0.1367   0.4318   0.4035   0.0216   0.0000   0.0286  -0.0695    0.179
    14   0.0622   0.2320   0.0000   0.2794   0.0057   0.1014   0.1384   0.3898   0.3643   0.0191   0.0000   0.0300  -0.0587    0.168
    15   0.0674   0.2514   0.0000   0.2794   0.0051   0.0888   0.1391   0.3414   0.3191   0.0163   0.0000   0.0304  -0.0474    0.155
    16   0.0719   0.2683   0.0000   0.2794   0.0043   0.0746   0.1385   0.2871   0.2684   0.0133   0.0000   0.0293  -0.0362    0.141
    17   0.0757   0.2823   0.0000   0.2794   0.0035   0.0592   0.1365   0.2280   0.2130   0.0101   0.0000   0.0263  -0.0258    0.127
    18   0.0786   0.2932   0.0000   0.2794   0.0026   0.0429   0.1333   0.1651   0.1543   0.0067   0.0000   0.0210  -0.0167    0.114
    19   0.0806   0.3006   0.0000   0.2794   0.0016   0.0259   0.1297   0.1000   0.0935   0.0031   0.0000   0.0137  -0.0092    0.104
    20   0.0816   0.3043   0.0000   0.2794   0.0005   0.0087   0.1277   0.0337   0.0315  -0.0003   0.0000   0.0047  -0.0029    0.099

  Surface # 2     Wing (YDUP)                             
     # Chordwise = 10   # Spanwise = 20     First strip = 21
     Surface area Ssurf =    0.085161     Ave. chord Cave =    0.279400

 Forces referred to Sref, Cref, Bref about Xref, Yref, Zref
 Standard axis orientation,  X fwd, Z down         
     CLsurf  =   0.21330     Clsurf  =   0.04578
     CYsurf  =  -0.00516     Cmsurf  =   0.01316
     CDsurf  =   0.01416     Cnsurf  =   0.00733
     CDisurf =   0.01416     CDvsurf =   0.00000

 Forces referred to Ssurf, Cave 
     CLsurf  =   0.42654     CDsurf  =   0.02832

 Strip Forces referred to Strip Area, Chord
    j     Xle      Yle      Zle      Chord    Area     c_cl     ai     cl_norm    cl       cd       cdv    cm_c/4     cm_LE   C.P.x/c
    21   0.0001  -0.0005   0.0000   0.2794   0.0005   0.1470   0.1125   0.5197   0.4857   0.2974   0.0000  -0.0002   0.1273    0.250
    22   0.0011  -0.0042   0.0000   0.2794   0.0016   0.1470   0.1116   0.5596   0.5230   0.0606   0.0000   0.0003   0.1267    0.249
    23   0.0031  -0.0116   0.0000   0.2794   0.0026   0.1469   0.1118   0.5619   0.5252   0.0460   0.0000   0.0021   0.1249    0.246
    24   0.0060  -0.0225   0.0000   0.2794   0.0035   0.1468   0.1128   0.5621   0.5253   0.0419   0.0000   0.0048   0.1222    0.241
    25   0.0098  -0.0365   0.0000   0.2794   0.0043   0.1465   0.1145   0.5612   0.5245   0.0390   0.0000   0.0079   0.1190    0.235
    26   0.0143  -0.0534   0.0000   0.2794   0.0051   0.1457   0.1166   0.5589   0.5223   0.0364   0.0000   0.0109   0.1154    0.229
    27   0.0195  -0.0728   0.0000   0.2794   0.0057   0.1444   0.1191   0.5542   0.5180   0.0341   0.0000   0.0138   0.1115    0.223
    28   0.0252  -0.0941   0.0000   0.2794   0.0062   0.1423   0.1219   0.5464   0.5107   0.0320   0.0000   0.0166   0.1070    0.218
    29   0.0313  -0.1168   0.0000   0.2794   0.0065   0.1392   0.1249   0.5346   0.4996   0.0300   0.0000   0.0192   0.1018    0.212
    30   0.0376  -0.1404   0.0000   0.2794   0.0067   0.1348   0.1281   0.5179   0.4840   0.0281   0.0000   0.0217   0.0955    0.205
    31   0.0441  -0.1644   0.0000   0.2794   0.0067   0.1289   0.1312   0.4955   0.4631   0.0261   0.0000   0.0242   0.0881    0.198
    32   0.0504  -0.1880   0.0000   0.2794   0.0065   0.1215   0.1342   0.4670   0.4364   0.0240   0.0000   0.0265   0.0794    0.189
    33   0.0565  -0.2107   0.0000   0.2794   0.0062   0.1123   0.1367   0.4318   0.4035   0.0216   0.0000   0.0286   0.0695    0.179
    34   0.0622  -0.2320   0.0000   0.2794   0.0057   0.1014   0.1384   0.3898   0.3643   0.0191   0.0000   0.0300   0.0587    0.168
    35   0.0674  -0.2514   0.0000   0.2794   0.0051   0.0888   0.1391   0.3414   0.3191   0.0163   0.0000   0.0304   0.0474    0.155
    36   0.0719  -0.2683   0.0000   0.2794   0.0043   0.0746   0.1385   0.2871   0.2684   0.0133   0.0000   0.0293   0.0362    0.141
    37   0.0757  -0.2823   0.0000   0.2794   0.0035   0.0592   0.1365   0.2280   0.2130   0.0101   0.0000   0.0263   0.0258    0.127
    38   0.0786  -0.2932   0.0000   0.2794   0.0026   0.0429   0.1333   0.1651   0.1543   0.0067   0.0000   0.0210   0.0167    0.114
    39   0.0806  -0.3006   0.0000   0.2794   0.0016   0.0259   0.1297   0.1000   0.0935   0.0031   0.0000   0.0137   0.0092    0.104
    40   0.0816  -0.3043   0.0000   0.2794   0.0005   0.0087   0.1277   0.0337   0.0315  -0.0003   0.0000   0.0047   0.0029    0.099
 ---------------------------------------------------------------
