 ---------------------------------------------------------------
 Surface and Strip Forces by surface

  Sref = 0.25080       Cref = 0.27540       Bref = 0.91440    
  Xref = 0.10920       Yref =  0.0000       Zref =  0.0000    

  Surface # 1     Wing                                    
     # Chordwise = 10   # Spanwise = 20     First strip =  1
     Surface area Ssurf =    0.139355     Ave. chord Cave =    0.304800

 Forces referred to Sref, Cref, Bref about Xref, Yref, Zref
 Standard axis orientation,  X fwd, Z down         
     CLsurf  =   0.14483     Clsurf  =  -0.03134
     CYsurf  =   0.00134     Cmsurf  =   0.00239
     CDsurf  =   0.00422     Cnsurf  =  -0.00199
     CDisurf =   0.00422     CDvsurf =   0.00000

 Forces referred to Ssurf, Cave 
     CLsurf  =   0.26066     CDsurf  =   0.00760

 Strip Forces referred to Strip Area, Chord
    j     Xle      Yle      Zle      Chord    Area     c_cl     ai     cl_norm    cl       cd       cdv    cm_c/4     cm_LE   C.P.x/c
     1   0.0001   0.0007   0.0000   0.3048   0.0009   0.0968   0.0486   0.3270   0.3133   0.0714   0.0000  -0.0009  -0.0786    0.253
     2   0.0013   0.0063   0.0000   0.3048   0.0026   0.0968   0.0471   0.3312   0.3174   0.0152   0.0000  -0.0005  -0.0782    0.251
     3   0.0036   0.0174   0.0000   0.3048   0.0042   0.0968   0.0467   0.3313   0.3174   0.0121   0.0000   0.0009  -0.0768    0.247
     4   0.0071   0.0337   0.0000   0.3048   0.0057   0.0967   0.0471   0.3311   0.3173   0.0110   0.0000   0.0027  -0.0750    0.242
     5   0.0115   0.0548   0.0000   0.3048   0.0071   0.0965   0.0481   0.3306   0.3168   0.0102   0.0000   0.0045  -0.0731    0.236
     6   0.0168   0.0801   0.0000   0.3048   0.0083   0.0962   0.0494   0.3295   0.3157   0.0095   0.0000   0.0061  -0.0712    0.231
     7   0.0229   0.1092   0.0000   0.3048   0.0093   0.0955   0.0509   0.3272   0.3135   0.0089   0.0000   0.0076  -0.0692    0.226
     8   0.0296   0.1411   0.0000   0.3048   0.0101   0.0944   0.0526   0.3233   0.3098   0.0084   0.0000   0.0089  -0.0670    0.221
     9   0.0368   0.1752   0.0000   0.3048   0.0106   0.0926   0.0545   0.3172   0.3039   0.0080   0.0000   0.0101  -0.0644    0.217
    10   0.0442   0.2107   0.0000   0.3048   0.0109   0.0900   0.0565   0.3084   0.2955   0.0076   0.0000   0.0114  -0.0611    0.211
    11   0.0517   0.2465   0.0000   0.3048   0.0109   0.0865   0.0587   0.2963   0.2839   0.0072   0.0000   0.0127  -0.0570    0.205
    12   0.0591   0.2820   0.0000   0.3048   0.0106   0.0818   0.0610   0.2804   0.2687   0.0067   0.0000   0.0141  -0.0519    0.197
    13   0.0663   0.3161   0.0000   0.3048   0.0101   0.0760   0.0630   0.2604   0.2495   0.0062   0.0000   0.0156  -0.0457    0.188
    14   0.0730   0.3480   0.0000   0.3048   0.0093   0.0688   0.0645   0.2360   0.2261   0.0056   0.0000   0.0169  -0.0387    0.175
    15   0.0791   0.3771   0.0000   0.3048   0.0083   0.0604   0.0651   0.2071   0.1984   0.0048   0.0000   0.0179  -0.0310    0.160
    16   0.0844   0.4024   0.0000   0.3048   0.0071   0.0508   0.0644   0.1741   0.1668   0.0039   0.0000   0.0181  -0.0231    0.142
    17   0.0888   0.4235   0.0000   0.3048   0.0057   0.0402   0.0622   0.1378   0.1321   0.0030   0.0000   0.0170  -0.0156    0.121
    18   0.0923   0.4398   0.0000   0.3048   0.0042   0.0290   0.0584   0.0993   0.0951   0.0018   0.0000   0.0142  -0.0094    0.101
    19   0.0946   0.4509   0.0000   0.3048   0.0026   0.0174   0.0536   0.0597   0.0572   0.0006   0.0000   0.0095  -0.0046    0.083
    20   0.0958   0.4565   0.0000   0.3048   0.0009   0.0058   0.0504   0.0199   0.0191  -0.0003   0.0000   0.0034  -0.0014    0.074

  Surface # 2     Wing (YDUP)                             
     # Chordwise = 10   # Spanwise = 20     First strip = 21
     Surface area Ssurf =    0.139355     Ave. chord Cave =    0.304800

 Forces referred to Sref, Cref, Bref about Xref, Yref, Zref
 Standard axis orientation,  X fwd, Z down         
     CLsurf  =   0.14483     Clsurf  =   0.03134
     CYsurf  =  -0.00134     Cmsurf  =   0.00239
     CDsurf  =   0.00422     Cnsurf  =   0.00199
     CDisurf =   0.00422     CDvsurf =   0.00000

 Forces referred to Ssurf, Cave 
     CLsurf  =   0.26066     CDsurf  =   0.00760

 Strip Forces referred to Strip Area, Chord
    j     Xle      Yle      Zle      Chord    Area     c_cl     ai     cl_norm    cl       cd       cdv    cm_c/4     cm_LE   C.P.x/c
    21   0.0001  -0.0007   0.0000   0.3048   0.0009   0.0968   0.0486   0.3270   0.3133   0.0714   0.0000  -0.0009   0.0786    0.253
    22   0.0013  -0.0063   0.0000   0.3048   0.0026   0.0968   0.0471   0.3312   0.3174   0.0152   0.0000  -0.0005   0.0782    0.251
    23   0.0036  -0.0174   0.0000   0.3048   0.0042   0.0968   0.0467   0.3313   0.3174   0.0121   0.0000   0.0009   0.0768    0.247
    24   0.0071  -0.0337   0.0000   0.3048   0.0057   0.0967   0.0471   0.3311   0.3173   0.0110   0.0000   0.0027   0.0750    0.242
    25   0.0115  -0.0548   0.0000   0.3048   0.0071   0.0965   0.0481   0.3306   0.3168   0.0102   0.0000   0.0045   0.0731    0.236
    26   0.0168  -0.0801   0.0000   0.3048   0.0083   0.0962   0.0494   0.3295   0.3157   0.0095   0.0000   0.0061   0.0712    0.231
    27   0.0229  -0.1092   0.0000   0.3048   0.0093   0.0955   0.0509   0.3272   0.3135   0.0089   0.0000   0.0076   0.0692    0.226
    28   0.0296  -0.1411   0.0000   0.3048   0.0101   0.0944   0.0526   0.3233   0.3098   0.0084   0.0000   0.0089   0.0670    0.221
    29   0.0368  -0.1752   0.0000   0.3048   0.0106   0.0926   0.0545   0.3172   0.3039   0.0080   0.0000   0.0101   0.0644    0.217
    30   0.0442  -0.2107   0.0000   0.3048   0.0109   0.0900   0.0565   0.3084   0.2955   0.0076   0.0000   0.0114   0.0611    0.211
    31   0.0517  -0.2465   0.0000   0.3048   0.0109   0.0865   0.0587   0.2963   0.2839   0.0072   0.0000   0.0127   0.0570    0.205
    32   0.0591  -0.2820   0.0000   0.3048   0.0106   0.0818   0.0610   0.2804   0.2687   0.0067   0.0000   0.0141   0.0519    0.197
    33   0.0663  -0.3161   0.0000   0.3048   0.0101   0.0760   0.0630   0.2604   0.2495   0.0062   0.0000   0.0156   0.0457    0.188
    34   0.0730  -0.3480   0.0000   0.3048   0.0093   0.0688   0.0645   0.2360   0.2261   0.0056   0.0000   0.0169   0.0387    0.175
    35   0.0791  -0.3771   0.0000   0.3048   0.0083   0.0604   0.0651   0.2071   0.1984   0.0048   0.0000   0.0179   0.0310    0.160
    36   0.0844  -0.4024   0.0000   0.3048   0.0071   0.0508   0.0644   0.1741   0.1668   0.0039   0.0000   0.0181   0.0231    0.142
    37   0.0888  -0.4235   0.0000   0.3048   0.0057   0.0402   0.0622   0.1378   0.1321   0.0030   0.0000   0.0170   0.0156    0.121
    38   0.0923  -0.4398   0.0000   0.3048   0.0042   0.0290   0.0584   0.0993   0.0951   0.0018   0.0000   0.0142   0.0094    0.101
    39   0.0946  -0.4509   0.0000   0.3048   0.0026   0.0174   0.0536   0.0597   0.0572   0.0006   0.0000   0.0095   0.0046    0.083
    40   0.0958  -0.4565   0.0000   0.3048   0.0009   0.0058   0.0504   0.0199   0.0191  -0.0003   0.0000   0.0034   0.0014    0.074
 ---------------------------------------------------------------
