 ---------------------------------------------------------------
 Surface and Strip Forces by surface

  Sref = 0.14450       Cref = 0.18870       Bref = 0.81280    
  Xref = 0.10920       Yref =  0.0000       Zref =  0.0000    

  Surface # 1     Wing                                    
     # Chordwise = 10   # Spanwise = 20     First strip =  1
     Surface area Ssurf =    0.103226     Ave. chord Cave =    0.254000

 Forces referred to Sref, Cref, Bref about Xref, Yref, Zref
 Standard axis orientation,  X fwd, Z down         
     CLsurf  =   0.25138     Clsurf  =  -0.05431
     CYsurf  =   0.00147     Cmsurf  =   0.05138
     CDsurf  =   0.00903     Cnsurf  =  -0.00384
     CDisurf =   0.00903     CDvsurf =   0.00000

 Forces referred to Ssurf, Cave 
     CLsurf  =   0.35189     CDsurf  =   0.01264

 Strip Forces referred to Strip Area, Chord
    j     Xle      Yle      Zle      Chord    Area     c_cl     ai     cl_norm    cl       cd       cdv    cm_c/4     cm_LE   C.P.x/c
     1   0.0001   0.0006   0.0000   0.2540   0.0006   0.1094   0.0617   0.4306   0.4269   0.0591   0.0000   0.0045  -0.1027    0.239
     2   0.0005   0.0056   0.0000   0.2540   0.0019   0.1094   0.0612   0.4345   0.4308   0.0192   0.0000   0.0048  -0.1024    0.239
     3   0.0015   0.0155   0.0000   0.2540   0.0031   0.1093   0.0612   0.4346   0.4308   0.0168   0.0000   0.0056  -0.1016    0.237
     4   0.0028   0.0299   0.0000   0.2540   0.0042   0.1092   0.0616   0.4342   0.4305   0.0159   0.0000   0.0067  -0.1004    0.234
     5   0.0046   0.0487   0.0000   0.2540   0.0053   0.1090   0.0624   0.4333   0.4295   0.0152   0.0000   0.0078  -0.0990    0.232
     6   0.0067   0.0712   0.0000   0.2540   0.0062   0.1084   0.0634   0.4312   0.4275   0.0146   0.0000   0.0089  -0.0974    0.229
     7   0.0091   0.0970   0.0000   0.2540   0.0069   0.1075   0.0648   0.4276   0.4239   0.0142   0.0000   0.0098  -0.0956    0.227
     8   0.0118   0.1254   0.0000   0.2540   0.0075   0.1060   0.0664   0.4218   0.4181   0.0138   0.0000   0.0108  -0.0932    0.224
     9   0.0146   0.1558   0.0000   0.2540   0.0079   0.1039   0.0683   0.4131   0.4096   0.0135   0.0000   0.0117  -0.0901    0.221
    10   0.0176   0.1873   0.0000   0.2540   0.0081   0.1008   0.0705   0.4010   0.3976   0.0132   0.0000   0.0128  -0.0861    0.218
    11   0.0205   0.2191   0.0000   0.2540   0.0081   0.0968   0.0730   0.3849   0.3816   0.0129   0.0000   0.0140  -0.0809    0.213
    12   0.0235   0.2506   0.0000   0.2540   0.0079   0.0916   0.0757   0.3642   0.3610   0.0124   0.0000   0.0153  -0.0745    0.208
    13   0.0263   0.2810   0.0000   0.2540   0.0075   0.0851   0.0784   0.3383   0.3353   0.0119   0.0000   0.0167  -0.0667    0.200
    14   0.0290   0.3094   0.0000   0.2540   0.0069   0.0772   0.0808   0.3069   0.3043   0.0111   0.0000   0.0180  -0.0577    0.191
    15   0.0314   0.3352   0.0000   0.2540   0.0062   0.0679   0.0825   0.2700   0.2677   0.0100   0.0000   0.0190  -0.0476    0.179
    16   0.0335   0.3577   0.0000   0.2540   0.0053   0.0573   0.0829   0.2278   0.2258   0.0087   0.0000   0.0192  -0.0371    0.165
    17   0.0353   0.3765   0.0000   0.2540   0.0042   0.0456   0.0818   0.1811   0.1796   0.0071   0.0000   0.0181  -0.0267    0.149
    18   0.0366   0.3909   0.0000   0.2540   0.0031   0.0330   0.0789   0.1311   0.1300   0.0051   0.0000   0.0152  -0.0172    0.133
    19   0.0376   0.4008   0.0000   0.2540   0.0019   0.0199   0.0748   0.0791   0.0784   0.0029   0.0000   0.0102  -0.0093    0.119
    20   0.0380   0.4058   0.0000   0.2540   0.0006   0.0066   0.0716   0.0264   0.0262   0.0007   0.0000   0.0036  -0.0029    0.111

  Surface # 2     Wing (YDUP)                             
     # Chordwise = 10   # Spanwise = 20     First strip = 21
     Surface area Ssurf =    0.103226     Ave. chord Cave =    0.254000

 Forces referred to Sref, Cref, Bref about Xref, Yref, Zref
 Standard axis orientation,  X fwd, Z down         
     CLsurf  =   0.25138     Clsurf  =   0.05431
     CYsurf  =  -0.00147     Cmsurf  =   0.05138
     CDsurf  =   0.00903     Cnsurf  =   0.00384
     CDisurf =   0.00903     CDvsurf =   0.00000

 Forces referred to Ssurf, Cave 
     CLsurf  =   0.35189     CDsurf  =   0.01264

 Strip Forces referred to Strip Area, Chord
    j     Xle      Yle      Zle      Chord    Area     c_cl     ai     cl_norm    cl       cd       cdv    cm_c/4     cm_LE   C.P.x/c
    21   0.0001  -0.0006   0.0000   0.2540   0.0006   0.1094   0.0617   0.4306   0.4269   0.0591   0.0000   0.0045   0.1027    0.239
    22   0.0005  -0.0056   0.0000   0.2540   0.0019   0.1094   0.0612   0.4345   0.4308   0.0192   0.0000   0.0048   0.1024    0.239
    23   0.0015  -0.0155   0.0000   0.2540   0.0031   0.1093   0.0612   0.4346   0.4308   0.0168   0.0000   0.0056   0.1016    0.237
    24   0.0028  -0.0299   0.0000   0.2540   0.0042   0.1092   0.0616   0.4342   0.4305   0.0159   0.0000   0.0067   0.1004    0.234
    25   0.0046  -0.0487   0.0000   0.2540   0.0053   0.1090   0.0624   0.4333   0.4295   0.0152   0.0000   0.0078   0.0990    0.232
    26   0.0067  -0.0712   0.0000   0.2540   0.0062   0.1084   0.0634   0.4312   0.4275   0.0146   0.0000   0.0089   0.0974    0.229
    27   0.0091  -0.0970   0.0000   0.2540   0.0069   0.1075   0.0648   0.4276   0.4239   0.0142   0.0000   0.0098   0.0956    0.227
    28   0.0118  -0.1254   0.0000   0.2540   0.0075   0.1060   0.0664   0.4218   0.4181   0.0138   0.0000   0.0108   0.0932    0.224
    29   0.0146  -0.1558   0.0000   0.2540   0.0079   0.1039   0.0683   0.4131   0.4096   0.0135   0.0000   0.0117   0.0901    0.221
    30   0.0176  -0.1873   0.0000   0.2540   0.0081   0.1008   0.0705   0.4010   0.3976   0.0132   0.0000   0.0128   0.0861    0.218
    31   0.0205  -0.2191   0.0000   0.2540   0.0081   0.0968   0.0730   0.3849   0.3816   0.0129   0.0000   0.0140   0.0809    0.213
    32   0.0235  -0.2506   0.0000   0.2540   0.0079   0.0916   0.0757   0.3642   0.3610   0.0124   0.0000   0.0153   0.0745    0.208
    33   0.0263  -0.2810   0.0000   0.2540   0.0075   0.0851   0.0784   0.3383   0.3353   0.0119   0.0000   0.0167   0.0667    0.200
    34   0.0290  -0.3094   0.0000   0.2540   0.0069   0.0772   0.0808   0.3069   0.3043   0.0111   0.0000   0.0180   0.0577    0.191
    35   0.0314  -0.3352   0.0000   0.2540   0.0062   0.0679   0.0825   0.2700   0.2677   0.0100   0.0000   0.0190   0.0476    0.179
    36   0.0335  -0.3577   0.0000   0.2540   0.0053   0.0573   0.0829   0.2278   0.2258   0.0087   0.0000   0.0192   0.0371    0.165
    37   0.0353  -0.3765   0.0000   0.2540   0.0042   0.0456   0.0818   0.1811   0.1796   0.0071   0.0000   0.0181   0.0267    0.149
    38   0.0366  -0.3909   0.0000   0.2540   0.0031   0.0330   0.0789   0.1311   0.1300   0.0051   0.0000   0.0152   0.0172    0.133
    39   0.0376  -0.4008   0.0000   0.2540   0.0019   0.0199   0.0748   0.0791   0.0784   0.0029   0.0000   0.0102   0.0093    0.119
    40   0.0380  -0.4058   0.0000   0.2540   0.0006   0.0066   0.0716   0.0264   0.0262   0.0007   0.0000   0.0036   0.0029    0.111
 ---------------------------------------------------------------
