 ---------------------------------------------------------------
 Surface and Strip Forces by surface

  Sref = 0.20650       Cref = 0.25400       Bref = 0.81280    
  Xref = 0.10920       Yref =  0.0000       Zref =  0.0000    

  Surface # 1     Wing                                    
     # Chordwise = 10   # Spanwise = 20     First strip =  1
     Surface area Ssurf =    0.103226     Ave. chord Cave =    0.254000

 Forces referred to Sref, Cref, Bref about Xref, Yref, Zref
 Standard axis orientation,  X fwd, Z down         
     CLsurf  =   0.17591     Clsurf  =  -0.03799
     CYsurf  =   0.00096     Cmsurf  =   0.02746
     CDsurf  =   0.00631     Cnsurf  =  -0.00266
     CDisurf =   0.00631     CDvsurf =   0.00000

 Forces referred to Ssurf, Cave 
     CLsurf  =   0.35189     CDsurf  =   0.01262

 Strip Forces referred to Strip Area, Chord
    j     Xle      Yle      Zle      Chord    Area     c_cl     ai     cl_norm    cl       cd       cdv    cm_c/4     cm_LE   C.P.x/c
     1   0.0001   0.0006   0.0000   0.2540   0.0006   0.1094   0.0619   0.4307   0.4274   0.0562   0.0000   0.0049  -0.1025    0.239
     2   0.0005   0.0056   0.0000   0.2540   0.0019   0.1094   0.0614   0.4344   0.4311   0.0189   0.0000   0.0052  -0.1022    0.238
     3   0.0014   0.0155   0.0000   0.2540   0.0031   0.1094   0.0614   0.4344   0.4312   0.0166   0.0000   0.0059  -0.1014    0.236
     4   0.0026   0.0299   0.0000   0.2540   0.0042   0.1093   0.0618   0.4341   0.4308   0.0158   0.0000   0.0069  -0.1002    0.234
     5   0.0043   0.0487   0.0000   0.2540   0.0053   0.1090   0.0625   0.4331   0.4298   0.0151   0.0000   0.0080  -0.0989    0.231
     6   0.0062   0.0712   0.0000   0.2540   0.0062   0.1085   0.0635   0.4310   0.4277   0.0146   0.0000   0.0090  -0.0974    0.229
     7   0.0085   0.0970   0.0000   0.2540   0.0069   0.1075   0.0648   0.4273   0.4241   0.0142   0.0000   0.0099  -0.0956    0.227
     8   0.0110   0.1254   0.0000   0.2540   0.0075   0.1061   0.0664   0.4214   0.4182   0.0138   0.0000   0.0108  -0.0932    0.224
     9   0.0136   0.1558   0.0000   0.2540   0.0079   0.1039   0.0683   0.4127   0.4096   0.0135   0.0000   0.0117  -0.0902    0.221
    10   0.0164   0.1873   0.0000   0.2540   0.0081   0.1008   0.0705   0.4006   0.3975   0.0132   0.0000   0.0128  -0.0861    0.218
    11   0.0192   0.2191   0.0000   0.2540   0.0081   0.0968   0.0730   0.3844   0.3815   0.0129   0.0000   0.0139  -0.0810    0.213
    12   0.0220   0.2506   0.0000   0.2540   0.0079   0.0915   0.0756   0.3636   0.3609   0.0125   0.0000   0.0152  -0.0746    0.208
    13   0.0246   0.2810   0.0000   0.2540   0.0075   0.0850   0.0783   0.3377   0.3352   0.0119   0.0000   0.0166  -0.0668    0.200
    14   0.0271   0.3094   0.0000   0.2540   0.0069   0.0771   0.0807   0.3064   0.3041   0.0111   0.0000   0.0179  -0.0578    0.191
    15   0.0294   0.3352   0.0000   0.2540   0.0062   0.0679   0.0823   0.2695   0.2675   0.0101   0.0000   0.0189  -0.0477    0.179
    16   0.0313   0.3577   0.0000   0.2540   0.0053   0.0573   0.0828   0.2274   0.2257   0.0088   0.0000   0.0190  -0.0372    0.166
    17   0.0330   0.3765   0.0000   0.2540   0.0042   0.0455   0.0817   0.1808   0.1794   0.0072   0.0000   0.0179  -0.0268    0.150
    18   0.0342   0.3909   0.0000   0.2540   0.0031   0.0330   0.0789   0.1309   0.1299   0.0052   0.0000   0.0150  -0.0173    0.134
    19   0.0351   0.4008   0.0000   0.2540   0.0019   0.0199   0.0747   0.0790   0.0784   0.0029   0.0000   0.0102  -0.0094    0.120
    20   0.0355   0.4058   0.0000   0.2540   0.0006   0.0066   0.0716   0.0264   0.0262   0.0007   0.0000   0.0036  -0.0029    0.112

  Surface # 2     Wing (YDUP)                             
     # Chordwise = 10   # Spanwise = 20     First strip = 21
     Surface area Ssurf =    0.103226     Ave. chord Cave =    0.254000

 Forces referred to Sref, Cref, Bref about Xref, Yref, Zref
 Standard axis orientation,  X fwd, Z down         
     CLsurf  =   0.17591     Clsurf  =   0.03799
     CYsurf  =  -0.00096     Cmsurf  =   0.02746
     CDsurf  =   0.00631     Cnsurf  =   0.00266
     CDisurf =   0.00631     CDvsurf =   0.00000

 Forces referred to Ssurf, Cave 
     CLsurf  =   0.35189     CDsurf  =   0.01262

 Strip Forces referred to Strip Area, Chord
    j     Xle      Yle      Zle      Chord    Area     c_cl     ai     cl_norm    cl       cd       cdv    cm_c/4     cm_LE   C.P.x/c
    21   0.0001  -0.0006   0.0000   0.2540   0.0006   0.1094   0.0619   0.4307   0.4274   0.0562   0.0000   0.0049   0.1025    0.239
    22   0.0005  -0.0056   0.0000   0.2540   0.0019   0.1094   0.0614   0.4344   0.4311   0.0189   0.0000   0.0052   0.1022    0.238
    23   0.0014  -0.0155   0.0000   0.2540   0.0031   0.1094   0.0614   0.4344   0.4312   0.0166   0.0000   0.0059   0.1014    0.236
    24   0.0026  -0.0299   0.0000   0.2540   0.0042   0.1093   0.0618   0.4341   0.4308   0.0158   0.0000   0.0069   0.1002    0.234
    25   0.0043  -0.0487   0.0000   0.2540   0.0053   0.1090   0.0625   0.4331   0.4298   0.0151   0.0000   0.0080   0.0989    0.231
    26   0.0062  -0.0712   0.0000   0.2540   0.0062   0.1085   0.0635   0.4310   0.4277   0.0146   0.0000   0.0090   0.0974    0.229
    27   0.0085  -0.0970   0.0000   0.2540   0.0069   0.1075   0.0648   0.4273   0.4241   0.0142   0.0000   0.0099   0.0956    0.227
    28   0.0110  -0.1254   0.0000   0.2540   0.0075   0.1061   0.0664   0.4214   0.4182   0.0138   0.0000   0.0108   0.0932    0.224
    29   0.0136  -0.1558   0.0000   0.2540   0.0079   0.1039   0.0683   0.4127   0.4096   0.0135   0.0000   0.0117   0.0902    0.221
    30   0.0164  -0.1873   0.0000   0.2540   0.0081   0.1008   0.0705   0.4006   0.3975   0.0132   0.0000   0.0128   0.0861    0.218
    31   0.0192  -0.2191   0.0000   0.2540   0.0081   0.0968   0.0730   0.3844   0.3815   0.0129   0.0000   0.0139   0.0810    0.213
    32   0.0220  -0.2506   0.0000   0.2540   0.0079   0.0915   0.0756   0.3636   0.3609   0.0125   0.0000   0.0152   0.0746    0.208
    33   0.0246  -0.2810   0.0000   0.2540   0.0075   0.0850   0.0783   0.3377   0.3352   0.0119   0.0000   0.0166   0.0668    0.200
    34   0.0271  -0.3094   0.0000   0.2540   0.0069   0.0771   0.0807   0.3064   0.3041   0.0111   0.0000   0.0179   0.0578    0.191
    35   0.0294  -0.3352   0.0000   0.2540   0.0062   0.0679   0.0823   0.2695   0.2675   0.0101   0.0000   0.0189   0.0477    0.179
    36   0.0313  -0.3577   0.0000   0.2540   0.0053   0.0573   0.0828   0.2274   0.2257   0.0088   0.0000   0.0190   0.0372    0.166
    37   0.0330  -0.3765   0.0000   0.2540   0.0042   0.0455   0.0817   0.1808   0.1794   0.0072   0.0000   0.0179   0.0268    0.150
    38   0.0342  -0.3909   0.0000   0.2540   0.0031   0.0330   0.0789   0.1309   0.1299   0.0052   0.0000   0.0150   0.0173    0.134
    39   0.0351  -0.4008   0.0000   0.2540   0.0019   0.0199   0.0747   0.0790   0.0784   0.0029   0.0000   0.0102   0.0094    0.120
    40   0.0355  -0.4058   0.0000   0.2540   0.0006   0.0066   0.0716   0.0264   0.0262   0.0007   0.0000   0.0036   0.0029    0.112
 ---------------------------------------------------------------
