 ---------------------------------------------------------------
 Surface and Strip Forces by surface

  Sref = 0.13010       Cref = 0.16980       Bref = 0.81280    
  Xref = 0.10920       Yref =  0.0000       Zref =  0.0000    

  Surface # 1     Wing                                    
     # Chordwise = 10   # Spanwise = 20     First strip =  1
     Surface area Ssurf =    0.092903     Ave. chord Cave =    0.228600

 Forces referred to Sref, Cref, Bref about Xref, Yref, Zref
 Standard axis orientation,  X fwd, Z down         
     CLsurf  =   0.27920     Clsurf  =  -0.06141
     CYsurf  =   0.00680     Cmsurf  =  -0.00658
     CDsurf  =   0.01053     Cnsurf  =  -0.00672
     CDisurf =   0.01053     CDvsurf =   0.00000

 Forces referred to Ssurf, Cave 
     CLsurf  =   0.39099     CDsurf  =   0.01475

 Strip Forces referred to Strip Area, Chord
    j     Xle      Yle      Zle      Chord    Area     c_cl     ai     cl_norm    cl       cd       cdv    cm_c/4     cm_LE   C.P.x/c
     1   0.0002   0.0006   0.0000   0.2286   0.0006   0.1045   0.0478   0.4957   0.4415   0.1704   0.0000  -0.0138  -0.1208    0.281
     2   0.0020   0.0056   0.0000   0.2286   0.0017   0.1045   0.0473   0.5120   0.4561   0.0344   0.0000  -0.0125  -0.1196    0.277
     3   0.0055   0.0155   0.0000   0.2286   0.0028   0.1046   0.0487   0.5133   0.4573   0.0270   0.0000  -0.0090  -0.1164    0.270
     4   0.0106   0.0299   0.0000   0.2286   0.0038   0.1048   0.0514   0.5146   0.4584   0.0239   0.0000  -0.0047  -0.1125    0.260
     5   0.0172   0.0487   0.0000   0.2286   0.0047   0.1050   0.0545   0.5160   0.4597   0.0213   0.0000  -0.0006  -0.1089    0.251
     6   0.0251   0.0712   0.0000   0.2286   0.0055   0.1051   0.0578   0.5169   0.4605   0.0191   0.0000   0.0028  -0.1058    0.244
     7   0.0342   0.0970   0.0000   0.2286   0.0062   0.1050   0.0611   0.5165   0.4601   0.0174   0.0000   0.0055  -0.1031    0.238
     8   0.0442   0.1254   0.0000   0.2286   0.0067   0.1044   0.0646   0.5138   0.4577   0.0160   0.0000   0.0078  -0.1003    0.233
     9   0.0549   0.1558   0.0000   0.2286   0.0071   0.1032   0.0682   0.5078   0.4523   0.0149   0.0000   0.0099  -0.0971    0.228
    10   0.0660   0.1873   0.0000   0.2286   0.0073   0.1011   0.0722   0.4976   0.4432   0.0140   0.0000   0.0119  -0.0930    0.223
    11   0.0772   0.2191   0.0000   0.2286   0.0073   0.0979   0.0765   0.4821   0.4295   0.0131   0.0000   0.0141  -0.0877    0.217
    12   0.0883   0.2506   0.0000   0.2286   0.0071   0.0935   0.0811   0.4604   0.4102   0.0121   0.0000   0.0166  -0.0808    0.209
    13   0.0990   0.2810   0.0000   0.2286   0.0067   0.0876   0.0855   0.4315   0.3844   0.0110   0.0000   0.0194  -0.0721    0.200
    14   0.1090   0.3094   0.0000   0.2286   0.0062   0.0801   0.0895   0.3946   0.3515   0.0097   0.0000   0.0222  -0.0617    0.187
    15   0.1181   0.3352   0.0000   0.2286   0.0055   0.0709   0.0922   0.3494   0.3113   0.0082   0.0000   0.0246  -0.0500    0.171
    16   0.1260   0.3577   0.0000   0.2286   0.0047   0.0601   0.0932   0.2963   0.2639   0.0065   0.0000   0.0259  -0.0376    0.152
    17   0.1326   0.3765   0.0000   0.2286   0.0038   0.0480   0.0919   0.2363   0.2105   0.0046   0.0000   0.0252  -0.0257    0.130
    18   0.1377   0.3909   0.0000   0.2286   0.0028   0.0348   0.0883   0.1713   0.1526   0.0028   0.0000   0.0216  -0.0154    0.108
    19   0.1412   0.4008   0.0000   0.2286   0.0017   0.0210   0.0832   0.1035   0.0922   0.0008   0.0000   0.0148  -0.0077    0.090
    20   0.1430   0.4058   0.0000   0.2286   0.0006   0.0070   0.0796   0.0347   0.0309  -0.0009   0.0000   0.0053  -0.0023    0.080

  Surface # 2     Wing (YDUP)                             
     # Chordwise = 10   # Spanwise = 20     First strip = 21
     Surface area Ssurf =    0.092903     Ave. chord Cave =    0.228600

 Forces referred to Sref, Cref, Bref about Xref, Yref, Zref
 Standard axis orientation,  X fwd, Z down         
     CLsurf  =   0.27920     Clsurf  =   0.06141
     CYsurf  =  -0.00680     Cmsurf  =  -0.00658
     CDsurf  =   0.01053     Cnsurf  =   0.00672
     CDisurf =   0.01053     CDvsurf =   0.00000

 Forces referred to Ssurf, Cave 
     CLsurf  =   0.39099     CDsurf  =   0.01475

 Strip Forces referred to Strip Area, Chord
    j     Xle      Yle      Zle      Chord    Area     c_cl     ai     cl_norm    cl       cd       cdv    cm_c/4     cm_LE   C.P.x/c
    21   0.0002  -0.0006   0.0000   0.2286   0.0006   0.1045   0.0478   0.4957   0.4415   0.1704   0.0000  -0.0138   0.1208    0.281
    22   0.0020  -0.0056   0.0000   0.2286   0.0017   0.1045   0.0473   0.5120   0.4561   0.0344   0.0000  -0.0125   0.1196    0.277
    23   0.0055  -0.0155   0.0000   0.2286   0.0028   0.1046   0.0487   0.5133   0.4573   0.0270   0.0000  -0.0090   0.1164    0.270
    24   0.0106  -0.0299   0.0000   0.2286   0.0038   0.1048   0.0514   0.5146   0.4584   0.0239   0.0000  -0.0047   0.1125    0.260
    25   0.0172  -0.0487   0.0000   0.2286   0.0047   0.1050   0.0545   0.5160   0.4597   0.0213   0.0000  -0.0006   0.1089    0.251
    26   0.0251  -0.0712   0.0000   0.2286   0.0055   0.1051   0.0578   0.5169   0.4605   0.0191   0.0000   0.0028   0.1058    0.244
    27   0.0342  -0.0970   0.0000   0.2286   0.0062   0.1050   0.0611   0.5165   0.4601   0.0174   0.0000   0.0055   0.1031    0.238
    28   0.0442  -0.1254   0.0000   0.2286   0.0067   0.1044   0.0646   0.5138   0.4577   0.0160   0.0000   0.0078   0.1003    0.233
    29   0.0549  -0.1558   0.0000   0.2286   0.0071   0.1032   0.0682   0.5078   0.4523   0.0149   0.0000   0.0099   0.0971    0.228
    30   0.0660  -0.1873   0.0000   0.2286   0.0073   0.1011   0.0722   0.4976   0.4432   0.0140   0.0000   0.0119   0.0930    0.223
    31   0.0772  -0.2191   0.0000   0.2286   0.0073   0.0979   0.0765   0.4821   0.4295   0.0131   0.0000   0.0141   0.0877    0.217
    32   0.0883  -0.2506   0.0000   0.2286   0.0071   0.0935   0.0811   0.4604   0.4102   0.0121   0.0000   0.0166   0.0808    0.209
    33   0.0990  -0.2810   0.0000   0.2286   0.0067   0.0876   0.0855   0.4315   0.3844   0.0110   0.0000   0.0194   0.0721    0.200
    34   0.1090  -0.3094   0.0000   0.2286   0.0062   0.0801   0.0895   0.3946   0.3515   0.0097   0.0000   0.0222   0.0617    0.187
    35   0.1181  -0.3352   0.0000   0.2286   0.0055   0.0709   0.0922   0.3494   0.3113   0.0082   0.0000   0.0246   0.0500    0.171
    36   0.1260  -0.3577   0.0000   0.2286   0.0047   0.0601   0.0932   0.2963   0.2639   0.0065   0.0000   0.0259   0.0376    0.152
    37   0.1326  -0.3765   0.0000   0.2286   0.0038   0.0480   0.0919   0.2363   0.2105   0.0046   0.0000   0.0252   0.0257    0.130
    38   0.1377  -0.3909   0.0000   0.2286   0.0028   0.0348   0.0883   0.1713   0.1526   0.0028   0.0000   0.0216   0.0154    0.108
    39   0.1412  -0.4008   0.0000   0.2286   0.0017   0.0210   0.0832   0.1035   0.0922   0.0008   0.0000   0.0148   0.0077    0.090
    40   0.1430  -0.4058   0.0000   0.2286   0.0006   0.0070   0.0796   0.0347   0.0309  -0.0009   0.0000   0.0053   0.0023    0.080
 ---------------------------------------------------------------
