 ---------------------------------------------------------------
 Surface and Strip Forces by surface

  Sref = 0.10220       Cref = 0.19250       Bref = 0.60960    
  Xref = 0.10920       Yref =  0.0000       Zref =  0.0000    

  Surface # 1     Wing                                    
     # Chordwise = 10   # Spanwise = 20     First strip =  1
     Surface area Ssurf =    0.085161     Ave. chord Cave =    0.279400

 Forces referred to Sref, Cref, Bref about Xref, Yref, Zref
 Standard axis orientation,  X fwd, Z down         
     CLsurf  =   0.35542     Clsurf  =  -0.07698
     CYsurf  =   0.01774     Cmsurf  =  -0.03990
     CDsurf  =   0.02452     Cnsurf  =  -0.01950
     CDisurf =   0.02452     CDvsurf =   0.00000

 Forces referred to Ssurf, Cave 
     CLsurf  =   0.42654     CDsurf  =   0.02943

 Strip Forces referred to Strip Area, Chord
    j     Xle      Yle      Zle      Chord    Area     c_cl     ai     cl_norm    cl       cd       cdv    cm_c/4     cm_LE   C.P.x/c
     1   0.0003   0.0005   0.0000   0.2794   0.0005   0.1435   0.0971   0.5700   0.4420   0.4857   0.0000  -0.0197  -0.1300    0.295
     2   0.0023   0.0042   0.0000   0.2794   0.0016   0.1435   0.0971   0.6544   0.5074   0.0803   0.0000  -0.0186  -0.1290    0.287
     3   0.0063   0.0116   0.0000   0.2794   0.0026   0.1436   0.0991   0.6596   0.5115   0.0567   0.0000  -0.0151  -0.1260    0.280
     4   0.0123   0.0225   0.0000   0.2794   0.0035   0.1437   0.1025   0.6613   0.5127   0.0509   0.0000  -0.0099  -0.1215    0.269
     5   0.0200   0.0365   0.0000   0.2794   0.0043   0.1437   0.1067   0.6624   0.5136   0.0463   0.0000  -0.0041  -0.1165    0.258
     6   0.0292   0.0534   0.0000   0.2794   0.0051   0.1435   0.1113   0.6625   0.5137   0.0419   0.0000   0.0014  -0.1114    0.247
     7   0.0398   0.0728   0.0000   0.2794   0.0057   0.1429   0.1161   0.6602   0.5119   0.0378   0.0000   0.0065  -0.1065    0.237
     8   0.0515   0.0941   0.0000   0.2794   0.0062   0.1415   0.1211   0.6544   0.5074   0.0341   0.0000   0.0112  -0.1013    0.228
     9   0.0639   0.1168   0.0000   0.2794   0.0065   0.1390   0.1261   0.6437   0.4991   0.0307   0.0000   0.0155  -0.0955    0.219
    10   0.0769   0.1404   0.0000   0.2794   0.0067   0.1353   0.1311   0.6270   0.4861   0.0275   0.0000   0.0197  -0.0889    0.210
    11   0.0899   0.1644   0.0000   0.2794   0.0067   0.1300   0.1359   0.6030   0.4675   0.0242   0.0000   0.0238  -0.0812    0.199
    12   0.1029   0.1880   0.0000   0.2794   0.0065   0.1230   0.1401   0.5708   0.4426   0.0209   0.0000   0.0277  -0.0723    0.187
    13   0.1153   0.2107   0.0000   0.2794   0.0062   0.1141   0.1435   0.5299   0.4108   0.0175   0.0000   0.0313  -0.0621    0.174
    14   0.1270   0.2320   0.0000   0.2794   0.0057   0.1033   0.1456   0.4799   0.3721   0.0140   0.0000   0.0341  -0.0512    0.158
    15   0.1376   0.2514   0.0000   0.2794   0.0051   0.0906   0.1462   0.4212   0.3266   0.0105   0.0000   0.0355  -0.0400    0.141
    16   0.1468   0.2683   0.0000   0.2794   0.0043   0.0762   0.1451   0.3548   0.2751   0.0070   0.0000   0.0349  -0.0292    0.123
    17   0.1545   0.2823   0.0000   0.2794   0.0035   0.0605   0.1423   0.2820   0.2186   0.0039   0.0000   0.0317  -0.0196    0.105
    18   0.1605   0.2932   0.0000   0.2794   0.0026   0.0438   0.1383   0.2044   0.1585   0.0010   0.0000   0.0256  -0.0119    0.088
    19   0.1645   0.3006   0.0000   0.2794   0.0016   0.0265   0.1341   0.1240   0.0962  -0.0015   0.0000   0.0167  -0.0061    0.076
    20   0.1665   0.3043   0.0000   0.2794   0.0005   0.0088   0.1320   0.0421   0.0326  -0.0033   0.0000   0.0058  -0.0019    0.072

  Surface # 2     Wing (YDUP)                             
     # Chordwise = 10   # Spanwise = 20     First strip = 21
     Surface area Ssurf =    0.085161     Ave. chord Cave =    0.279400

 Forces referred to Sref, Cref, Bref about Xref, Yref, Zref
 Standard axis orientation,  X fwd, Z down         
     CLsurf  =   0.35542     Clsurf  =   0.07698
     CYsurf  =  -0.01774     Cmsurf  =  -0.03990
     CDsurf  =   0.02452     Cnsurf  =   0.01950
     CDisurf =   0.02452     CDvsurf =   0.00000

 Forces referred to Ssurf, Cave 
     CLsurf  =   0.42654     CDsurf  =   0.02943

 Strip Forces referred to Strip Area, Chord
    j     Xle      Yle      Zle      Chord    Area     c_cl     ai     cl_norm    cl       cd       cdv    cm_c/4     cm_LE   C.P.x/c
    21   0.0003  -0.0005   0.0000   0.2794   0.0005   0.1435   0.0971   0.5700   0.4420   0.4857   0.0000  -0.0197   0.1300    0.295
    22   0.0023  -0.0042   0.0000   0.2794   0.0016   0.1435   0.0971   0.6544   0.5074   0.0803   0.0000  -0.0186   0.1290    0.287
    23   0.0063  -0.0116   0.0000   0.2794   0.0026   0.1436   0.0991   0.6596   0.5115   0.0567   0.0000  -0.0151   0.1260    0.280
    24   0.0123  -0.0225   0.0000   0.2794   0.0035   0.1437   0.1025   0.6613   0.5127   0.0509   0.0000  -0.0099   0.1215    0.269
    25   0.0200  -0.0365   0.0000   0.2794   0.0043   0.1437   0.1067   0.6624   0.5136   0.0463   0.0000  -0.0041   0.1165    0.258
    26   0.0292  -0.0534   0.0000   0.2794   0.0051   0.1435   0.1113   0.6625   0.5137   0.0419   0.0000   0.0014   0.1114    0.247
    27   0.0398  -0.0728   0.0000   0.2794   0.0057   0.1429   0.1161   0.6602   0.5119   0.0378   0.0000   0.0065   0.1065    0.237
    28   0.0515  -0.0941   0.0000   0.2794   0.0062   0.1415   0.1211   0.6544   0.5074   0.0341   0.0000   0.0112   0.1013    0.228
    29   0.0639  -0.1168   0.0000   0.2794   0.0065   0.1390   0.1261   0.6437   0.4991   0.0307   0.0000   0.0155   0.0955    0.219
    30   0.0769  -0.1404   0.0000   0.2794   0.0067   0.1353   0.1311   0.6270   0.4861   0.0275   0.0000   0.0197   0.0889    0.210
    31   0.0899  -0.1644   0.0000   0.2794   0.0067   0.1300   0.1359   0.6030   0.4675   0.0242   0.0000   0.0238   0.0812    0.199
    32   0.1029  -0.1880   0.0000   0.2794   0.0065   0.1230   0.1401   0.5708   0.4426   0.0209   0.0000   0.0277   0.0723    0.187
    33   0.1153  -0.2107   0.0000   0.2794   0.0062   0.1141   0.1435   0.5299   0.4108   0.0175   0.0000   0.0313   0.0621    0.174
    34   0.1270  -0.2320   0.0000   0.2794   0.0057   0.1033   0.1456   0.4799   0.3721   0.0140   0.0000   0.0341   0.0512    0.158
    35   0.1376  -0.2514   0.0000   0.2794   0.0051   0.0906   0.1462   0.4212   0.3266   0.0105   0.0000   0.0355   0.0400    0.141
    36   0.1468  -0.2683   0.0000   0.2794   0.0043   0.0762   0.1451   0.3548   0.2751   0.0070   0.0000   0.0349   0.0292    0.123
    37   0.1545  -0.2823   0.0000   0.2794   0.0035   0.0605   0.1423   0.2820   0.2186   0.0039   0.0000   0.0317   0.0196    0.105
    38   0.1605  -0.2932   0.0000   0.2794   0.0026   0.0438   0.1383   0.2044   0.1585   0.0010   0.0000   0.0256   0.0119    0.088
    39   0.1645  -0.3006   0.0000   0.2794   0.0016   0.0265   0.1341   0.1240   0.0962  -0.0015   0.0000   0.0167   0.0061    0.076
    40   0.1665  -0.3043   0.0000   0.2794   0.0005   0.0088   0.1320   0.0421   0.0326  -0.0033   0.0000   0.0058   0.0019    0.072
 ---------------------------------------------------------------
