 ---------------------------------------------------------------
 Surface and Strip Forces by surface

  Sref = 0.10840       Cref = 0.17500       Bref = 0.71120    
  Xref = 0.10920       Yref =  0.0000       Zref =  0.0000    

  Surface # 1     Wing                                    
     # Chordwise = 10   # Spanwise = 20     First strip =  1
     Surface area Ssurf =    0.090322     Ave. chord Cave =    0.254000

 Forces referred to Sref, Cref, Bref about Xref, Yref, Zref
 Standard axis orientation,  X fwd, Z down         
     CLsurf  =   0.33510     Clsurf  =  -0.07336
     CYsurf  =   0.01324     Cmsurf  =  -0.04726
     CDsurf  =   0.01684     Cnsurf  =  -0.01267
     CDisurf =   0.01684     CDvsurf =   0.00000

 Forces referred to Ssurf, Cave 
     CLsurf  =   0.40216     CDsurf  =   0.02021

 Strip Forces referred to Strip Area, Chord
    j     Xle      Yle      Zle      Chord    Area     c_cl     ai     cl_norm    cl       cd       cdv    cm_c/4     cm_LE   C.P.x/c
     1   0.0003   0.0005   0.0000   0.2540   0.0006   0.1201   0.0622   0.5477   0.4376   0.3040   0.0000  -0.0209  -0.1241    0.298
     2   0.0025   0.0049   0.0000   0.2540   0.0017   0.1201   0.0623   0.5882   0.4700   0.0532   0.0000  -0.0196  -0.1229    0.292
     3   0.0069   0.0135   0.0000   0.2540   0.0027   0.1202   0.0646   0.5909   0.4721   0.0397   0.0000  -0.0156  -0.1195    0.283
     4   0.0133   0.0262   0.0000   0.2540   0.0037   0.1205   0.0683   0.5927   0.4736   0.0355   0.0000  -0.0102  -0.1148    0.272
     5   0.0216   0.0426   0.0000   0.2540   0.0046   0.1207   0.0726   0.5947   0.4752   0.0318   0.0000  -0.0047  -0.1102    0.260
     6   0.0316   0.0623   0.0000   0.2540   0.0054   0.1209   0.0771   0.5961   0.4763   0.0284   0.0000   0.0001  -0.1060    0.250
     7   0.0430   0.0849   0.0000   0.2540   0.0060   0.1207   0.0816   0.5958   0.4760   0.0255   0.0000   0.0043  -0.1021    0.241
     8   0.0556   0.1098   0.0000   0.2540   0.0065   0.1200   0.0863   0.5926   0.4735   0.0230   0.0000   0.0080  -0.0983    0.233
     9   0.0691   0.1363   0.0000   0.2540   0.0069   0.1185   0.0911   0.5855   0.4678   0.0208   0.0000   0.0113  -0.0940    0.226
    10   0.0830   0.1638   0.0000   0.2540   0.0071   0.1160   0.0961   0.5730   0.4579   0.0188   0.0000   0.0145  -0.0889    0.218
    11   0.0972   0.1918   0.0000   0.2540   0.0071   0.1121   0.1012   0.5541   0.4428   0.0169   0.0000   0.0178  -0.0825    0.210
    12   0.1111   0.2193   0.0000   0.2540   0.0069   0.1067   0.1061   0.5276   0.4216   0.0149   0.0000   0.0213  -0.0747    0.199
    13   0.1246   0.2458   0.0000   0.2540   0.0065   0.0996   0.1105   0.4926   0.3936   0.0128   0.0000   0.0248  -0.0653    0.187
    14   0.1372   0.2707   0.0000   0.2540   0.0060   0.0906   0.1138   0.4485   0.3584   0.0104   0.0000   0.0281  -0.0545    0.172
    15   0.1486   0.2933   0.0000   0.2540   0.0054   0.0799   0.1155   0.3954   0.3160   0.0080   0.0000   0.0304  -0.0430    0.154
    16   0.1586   0.3130   0.0000   0.2540   0.0046   0.0674   0.1152   0.3340   0.2669   0.0055   0.0000   0.0311  -0.0314    0.133
    17   0.1669   0.3294   0.0000   0.2540   0.0037   0.0536   0.1129   0.2658   0.2124   0.0032   0.0000   0.0293  -0.0209    0.112
    18   0.1733   0.3421   0.0000   0.2540   0.0027   0.0388   0.1087   0.1926   0.1539   0.0010   0.0000   0.0244  -0.0123    0.091
    19   0.1777   0.3507   0.0000   0.2540   0.0017   0.0234   0.1037   0.1165   0.0931  -0.0009   0.0000   0.0163  -0.0061    0.075
    20   0.1799   0.3551   0.0000   0.2540   0.0006   0.0078   0.1009   0.0393   0.0314  -0.0022   0.0000   0.0057  -0.0018    0.068

  Surface # 2     Wing (YDUP)                             
     # Chordwise = 10   # Spanwise = 20     First strip = 21
     Surface area Ssurf =    0.090322     Ave. chord Cave =    0.254000

 Forces referred to Sref, Cref, Bref about Xref, Yref, Zref
 Standard axis orientation,  X fwd, Z down         
     CLsurf  =   0.33510     Clsurf  =   0.07336
     CYsurf  =  -0.01324     Cmsurf  =  -0.04726
     CDsurf  =   0.01684     Cnsurf  =   0.01267
     CDisurf =   0.01684     CDvsurf =   0.00000

 Forces referred to Ssurf, Cave 
     CLsurf  =   0.40216     CDsurf  =   0.02021

 Strip Forces referred to Strip Area, Chord
    j     Xle      Yle      Zle      Chord    Area     c_cl     ai     cl_norm    cl       cd       cdv    cm_c/4     cm_LE   C.P.x/c
    21   0.0003  -0.0005   0.0000   0.2540   0.0006   0.1201   0.0622   0.5477   0.4376   0.3040   0.0000  -0.0209   0.1241    0.298
    22   0.0025  -0.0049   0.0000   0.2540   0.0017   0.1201   0.0623   0.5882   0.4700   0.0532   0.0000  -0.0196   0.1229    0.292
    23   0.0069  -0.0135   0.0000   0.2540   0.0027   0.1202   0.0646   0.5909   0.4721   0.0397   0.0000  -0.0156   0.1195    0.283
    24   0.0133  -0.0262   0.0000   0.2540   0.0037   0.1205   0.0683   0.5927   0.4736   0.0355   0.0000  -0.0102   0.1148    0.272
    25   0.0216  -0.0426   0.0000   0.2540   0.0046   0.1207   0.0726   0.5947   0.4752   0.0318   0.0000  -0.0047   0.1102    0.260
    26   0.0316  -0.0623   0.0000   0.2540   0.0054   0.1209   0.0771   0.5961   0.4763   0.0284   0.0000   0.0001   0.1060    0.250
    27   0.0430  -0.0849   0.0000   0.2540   0.0060   0.1207   0.0816   0.5958   0.4760   0.0255   0.0000   0.0043   0.1021    0.241
    28   0.0556  -0.1098   0.0000   0.2540   0.0065   0.1200   0.0863   0.5926   0.4735   0.0230   0.0000   0.0080   0.0983    0.233
    29   0.0691  -0.1363   0.0000   0.2540   0.0069   0.1185   0.0911   0.5855   0.4678   0.0208   0.0000   0.0113   0.0940    0.226
    30   0.0830  -0.1638   0.0000   0.2540   0.0071   0.1160   0.0961   0.5730   0.4579   0.0188   0.0000   0.0145   0.0889    0.218
    31   0.0972  -0.1918   0.0000   0.2540   0.0071   0.1121   0.1012   0.5541   0.4428   0.0169   0.0000   0.0178   0.0825    0.210
    32   0.1111  -0.2193   0.0000   0.2540   0.0069   0.1067   0.1061   0.5276   0.4216   0.0149   0.0000   0.0213   0.0747    0.199
    33   0.1246  -0.2458   0.0000   0.2540   0.0065   0.0996   0.1105   0.4926   0.3936   0.0128   0.0000   0.0248   0.0653    0.187
    34   0.1372  -0.2707   0.0000   0.2540   0.0060   0.0906   0.1138   0.4485   0.3584   0.0104   0.0000   0.0281   0.0545    0.172
    35   0.1486  -0.2933   0.0000   0.2540   0.0054   0.0799   0.1155   0.3954   0.3160   0.0080   0.0000   0.0304   0.0430    0.154
    36   0.1586  -0.3130   0.0000   0.2540   0.0046   0.0674   0.1152   0.3340   0.2669   0.0055   0.0000   0.0311   0.0314    0.133
    37   0.1669  -0.3294   0.0000   0.2540   0.0037   0.0536   0.1129   0.2658   0.2124   0.0032   0.0000   0.0293   0.0209    0.112
    38   0.1733  -0.3421   0.0000   0.2540   0.0027   0.0388   0.1087   0.1926   0.1539   0.0010   0.0000   0.0244   0.0123    0.091
    39   0.1777  -0.3507   0.0000   0.2540   0.0017   0.0234   0.1037   0.1165   0.0931  -0.0009   0.0000   0.0163   0.0061    0.075
    40   0.1799  -0.3551   0.0000   0.2540   0.0006   0.0078   0.1009   0.0393   0.0314  -0.0022   0.0000   0.0057   0.0018    0.068
 ---------------------------------------------------------------
