 ---------------------------------------------------------------
 Surface and Strip Forces by surface

  Sref = 0.16720       Cref = 0.21000       Bref = 0.91440    
  Xref = 0.10920       Yref =  0.0000       Zref =  0.0000    

  Surface # 1     Wing                                    
     # Chordwise = 10   # Spanwise = 20     First strip =  1
     Surface area Ssurf =    0.139355     Ave. chord Cave =    0.304800

 Forces referred to Sref, Cref, Bref about Xref, Yref, Zref
 Standard axis orientation,  X fwd, Z down         
     CLsurf  =   0.21725     Clsurf  =  -0.04686
     CYsurf  =   0.00128     Cmsurf  =   0.02060
     CDsurf  =   0.00623     Cnsurf  =  -0.00261
     CDisurf =   0.00623     CDvsurf =   0.00000

 Forces referred to Ssurf, Cave 
     CLsurf  =   0.26066     CDsurf  =   0.00747

 Strip Forces referred to Strip Area, Chord
    j     Xle      Yle      Zle      Chord    Area     c_cl     ai     cl_norm    cl       cd       cdv    cm_c/4     cm_LE   C.P.x/c
     1   0.0001   0.0007   0.0000   0.3048   0.0009   0.0976   0.0498   0.3230   0.3174   0.0498   0.0000   0.0028  -0.0765    0.241
     2   0.0008   0.0063   0.0000   0.3048   0.0026   0.0976   0.0489   0.3257   0.3200   0.0128   0.0000   0.0031  -0.0762    0.240
     3   0.0023   0.0174   0.0000   0.3048   0.0042   0.0975   0.0485   0.3257   0.3200   0.0107   0.0000   0.0040  -0.0753    0.238
     4   0.0045   0.0337   0.0000   0.3048   0.0057   0.0974   0.0488   0.3253   0.3197   0.0100   0.0000   0.0052  -0.0741    0.234
     5   0.0073   0.0548   0.0000   0.3048   0.0071   0.0972   0.0494   0.3246   0.3189   0.0095   0.0000   0.0064  -0.0727    0.230
     6   0.0107   0.0801   0.0000   0.3048   0.0083   0.0967   0.0503   0.3231   0.3174   0.0090   0.0000   0.0075  -0.0712    0.226
     7   0.0146   0.1092   0.0000   0.3048   0.0093   0.0959   0.0514   0.3204   0.3148   0.0086   0.0000   0.0085  -0.0695    0.223
     8   0.0188   0.1411   0.0000   0.3048   0.0101   0.0946   0.0528   0.3160   0.3105   0.0083   0.0000   0.0095  -0.0675    0.220
     9   0.0234   0.1752   0.0000   0.3048   0.0106   0.0926   0.0544   0.3095   0.3041   0.0080   0.0000   0.0104  -0.0650    0.216
    10   0.0281   0.2107   0.0000   0.3048   0.0109   0.0899   0.0561   0.3003   0.2951   0.0077   0.0000   0.0114  -0.0618    0.211
    11   0.0329   0.2465   0.0000   0.3048   0.0109   0.0862   0.0580   0.2880   0.2830   0.0074   0.0000   0.0125  -0.0577    0.206
    12   0.0376   0.2820   0.0000   0.3048   0.0106   0.0815   0.0600   0.2722   0.2675   0.0071   0.0000   0.0136  -0.0527    0.199
    13   0.0422   0.3161   0.0000   0.3048   0.0101   0.0755   0.0619   0.2524   0.2480   0.0066   0.0000   0.0148  -0.0467    0.190
    14   0.0464   0.3480   0.0000   0.3048   0.0093   0.0684   0.0633   0.2285   0.2245   0.0061   0.0000   0.0159  -0.0398    0.179
    15   0.0503   0.3771   0.0000   0.3048   0.0083   0.0600   0.0639   0.2004   0.1969   0.0054   0.0000   0.0167  -0.0322    0.165
    16   0.0537   0.4024   0.0000   0.3048   0.0071   0.0504   0.0634   0.1685   0.1656   0.0045   0.0000   0.0167  -0.0244    0.149
    17   0.0565   0.4235   0.0000   0.3048   0.0057   0.0399   0.0614   0.1334   0.1311   0.0035   0.0000   0.0157  -0.0169    0.131
    18   0.0587   0.4398   0.0000   0.3048   0.0042   0.0288   0.0578   0.0961   0.0945   0.0024   0.0000   0.0131  -0.0104    0.112
    19   0.0602   0.4509   0.0000   0.3048   0.0026   0.0173   0.0533   0.0578   0.0568   0.0011   0.0000   0.0088  -0.0054    0.095
    20   0.0609   0.4565   0.0000   0.3048   0.0009   0.0058   0.0501   0.0193   0.0189   0.0000   0.0000   0.0031  -0.0016    0.086

  Surface # 2     Wing (YDUP)                             
     # Chordwise = 10   # Spanwise = 20     First strip = 21
     Surface area Ssurf =    0.139355     Ave. chord Cave =    0.304800

 Forces referred to Sref, Cref, Bref about Xref, Yref, Zref
 Standard axis orientation,  X fwd, Z down         
     CLsurf  =   0.21725     Clsurf  =   0.04686
     CYsurf  =  -0.00128     Cmsurf  =   0.02060
     CDsurf  =   0.00623     Cnsurf  =   0.00261
     CDisurf =   0.00623     CDvsurf =   0.00000

 Forces referred to Ssurf, Cave 
     CLsurf  =   0.26066     CDsurf  =   0.00747

 Strip Forces referred to Strip Area, Chord
    j     Xle      Yle      Zle      Chord    Area     c_cl     ai     cl_norm    cl       cd       cdv    cm_c/4     cm_LE   C.P.x/c
    21   0.0001  -0.0007   0.0000   0.3048   0.0009   0.0976   0.0498   0.3230   0.3174   0.0498   0.0000   0.0028   0.0765    0.241
    22   0.0008  -0.0063   0.0000   0.3048   0.0026   0.0976   0.0489   0.3257   0.3200   0.0128   0.0000   0.0031   0.0762    0.240
    23   0.0023  -0.0174   0.0000   0.3048   0.0042   0.0975   0.0485   0.3257   0.3200   0.0107   0.0000   0.0040   0.0753    0.238
    24   0.0045  -0.0337   0.0000   0.3048   0.0057   0.0974   0.0488   0.3253   0.3197   0.0100   0.0000   0.0052   0.0741    0.234
    25   0.0073  -0.0548   0.0000   0.3048   0.0071   0.0972   0.0494   0.3246   0.3189   0.0095   0.0000   0.0064   0.0727    0.230
    26   0.0107  -0.0801   0.0000   0.3048   0.0083   0.0967   0.0503   0.3231   0.3174   0.0090   0.0000   0.0075   0.0712    0.226
    27   0.0146  -0.1092   0.0000   0.3048   0.0093   0.0959   0.0514   0.3204   0.3148   0.0086   0.0000   0.0085   0.0695    0.223
    28   0.0188  -0.1411   0.0000   0.3048   0.0101   0.0946   0.0528   0.3160   0.3105   0.0083   0.0000   0.0095   0.0675    0.220
    29   0.0234  -0.1752   0.0000   0.3048   0.0106   0.0926   0.0544   0.3095   0.3041   0.0080   0.0000   0.0104   0.0650    0.216
    30   0.0281  -0.2107   0.0000   0.3048   0.0109   0.0899   0.0561   0.3003   0.2951   0.0077   0.0000   0.0114   0.0618    0.211
    31   0.0329  -0.2465   0.0000   0.3048   0.0109   0.0862   0.0580   0.2880   0.2830   0.0074   0.0000   0.0125   0.0577    0.206
    32   0.0376  -0.2820   0.0000   0.3048   0.0106   0.0815   0.0600   0.2722   0.2675   0.0071   0.0000   0.0136   0.0527    0.199
    33   0.0422  -0.3161   0.0000   0.3048   0.0101   0.0755   0.0619   0.2524   0.2480   0.0066   0.0000   0.0148   0.0467    0.190
    34   0.0464  -0.3480   0.0000   0.3048   0.0093   0.0684   0.0633   0.2285   0.2245   0.0061   0.0000   0.0159   0.0398    0.179
    35   0.0503  -0.3771   0.0000   0.3048   0.0083   0.0600   0.0639   0.2004   0.1969   0.0054   0.0000   0.0167   0.0322    0.165
    36   0.0537  -0.4024   0.0000   0.3048   0.0071   0.0504   0.0634   0.1685   0.1656   0.0045   0.0000   0.0167   0.0244    0.149
    37   0.0565  -0.4235   0.0000   0.3048   0.0057   0.0399   0.0614   0.1334   0.1311   0.0035   0.0000   0.0157   0.0169    0.131
    38   0.0587  -0.4398   0.0000   0.3048   0.0042   0.0288   0.0578   0.0961   0.0945   0.0024   0.0000   0.0131   0.0104    0.112
    39   0.0602  -0.4509   0.0000   0.3048   0.0026   0.0173   0.0533   0.0578   0.0568   0.0011   0.0000   0.0088   0.0054    0.095
    40   0.0609  -0.4565   0.0000   0.3048   0.0009   0.0058   0.0501   0.0193   0.0189   0.0000   0.0000   0.0031   0.0016    0.086
 ---------------------------------------------------------------
