 ---------------------------------------------------------------
 Surface and Strip Forces by surface

  Sref = 0.16720       Cref = 0.18670       Bref = 0.91440    
  Xref = 0.10920       Yref =  0.0000       Zref =  0.0000    

  Surface # 1     Wing                                    
     # Chordwise = 10   # Spanwise = 20     First strip =  1
     Surface area Ssurf =    0.104516     Ave. chord Cave =    0.228600

 Forces referred to Sref, Cref, Bref about Xref, Yref, Zref
 Standard axis orientation,  X fwd, Z down         
     CLsurf  =   0.21725     Clsurf  =  -0.04722
     CYsurf  =   0.00063     Cmsurf  =   0.05728
     CDsurf  =   0.00611     Cnsurf  =  -0.00279
     CDisurf =   0.00611     CDvsurf =   0.00000

 Forces referred to Ssurf, Cave 
     CLsurf  =   0.34755     CDsurf  =   0.00978

 Strip Forces referred to Strip Area, Chord
    j     Xle      Yle      Zle      Chord    Area     c_cl     ai     cl_norm    cl       cd       cdv    cm_c/4     cm_LE   C.P.x/c
     1   0.0000   0.0007   0.0000   0.2286   0.0006   0.0963   0.0473   0.4215   0.4204   0.0289   0.0000   0.0051  -0.1002    0.238
     2   0.0003   0.0063   0.0000   0.2286   0.0019   0.0963   0.0470   0.4228   0.4218   0.0127   0.0000   0.0053  -0.0999    0.238
     3   0.0009   0.0174   0.0000   0.2286   0.0031   0.0963   0.0471   0.4228   0.4217   0.0117   0.0000   0.0058  -0.0994    0.236
     4   0.0017   0.0337   0.0000   0.2286   0.0043   0.0962   0.0474   0.4224   0.4214   0.0112   0.0000   0.0065  -0.0986    0.235
     5   0.0027   0.0548   0.0000   0.2286   0.0053   0.0960   0.0480   0.4215   0.4205   0.0109   0.0000   0.0071  -0.0977    0.233
     6   0.0040   0.0801   0.0000   0.2286   0.0062   0.0956   0.0488   0.4197   0.4186   0.0107   0.0000   0.0077  -0.0967    0.232
     7   0.0055   0.1092   0.0000   0.2286   0.0070   0.0948   0.0498   0.4163   0.4153   0.0105   0.0000   0.0082  -0.0953    0.230
     8   0.0071   0.1411   0.0000   0.2286   0.0076   0.0936   0.0512   0.4111   0.4100   0.0104   0.0000   0.0088  -0.0935    0.229
     9   0.0088   0.1752   0.0000   0.2286   0.0080   0.0918   0.0528   0.4033   0.4023   0.0103   0.0000   0.0094  -0.0909    0.227
    10   0.0106   0.2107   0.0000   0.2286   0.0082   0.0893   0.0549   0.3924   0.3914   0.0103   0.0000   0.0101  -0.0875    0.224
    11   0.0123   0.2465   0.0000   0.2286   0.0082   0.0860   0.0574   0.3777   0.3768   0.0102   0.0000   0.0110  -0.0829    0.221
    12   0.0141   0.2820   0.0000   0.2286   0.0080   0.0817   0.0602   0.3588   0.3579   0.0101   0.0000   0.0121  -0.0771    0.216
    13   0.0158   0.3161   0.0000   0.2286   0.0076   0.0763   0.0633   0.3348   0.3339   0.0099   0.0000   0.0134  -0.0699    0.210
    14   0.0174   0.3480   0.0000   0.2286   0.0070   0.0695   0.0662   0.3053   0.3045   0.0095   0.0000   0.0148  -0.0612    0.201
    15   0.0189   0.3771   0.0000   0.2286   0.0062   0.0615   0.0686   0.2699   0.2692   0.0088   0.0000   0.0160  -0.0512    0.190
    16   0.0202   0.4024   0.0000   0.2286   0.0053   0.0521   0.0700   0.2288   0.2282   0.0078   0.0000   0.0167  -0.0402    0.177
    17   0.0212   0.4235   0.0000   0.2286   0.0043   0.0416   0.0697   0.1825   0.1820   0.0065   0.0000   0.0163  -0.0291    0.160
    18   0.0220   0.4398   0.0000   0.2286   0.0031   0.0301   0.0672   0.1323   0.1320   0.0048   0.0000   0.0142  -0.0188    0.143
    19   0.0226   0.4509   0.0000   0.2286   0.0019   0.0182   0.0628   0.0798   0.0796   0.0028   0.0000   0.0099  -0.0100    0.126
    20   0.0229   0.4565   0.0000   0.2286   0.0006   0.0061   0.0590   0.0266   0.0265   0.0008   0.0000   0.0036  -0.0031    0.116

  Surface # 2     Wing (YDUP)                             
     # Chordwise = 10   # Spanwise = 20     First strip = 21
     Surface area Ssurf =    0.104516     Ave. chord Cave =    0.228600

 Forces referred to Sref, Cref, Bref about Xref, Yref, Zref
 Standard axis orientation,  X fwd, Z down         
     CLsurf  =   0.21725     Clsurf  =   0.04722
     CYsurf  =  -0.00063     Cmsurf  =   0.05728
     CDsurf  =   0.00611     Cnsurf  =   0.00279
     CDisurf =   0.00611     CDvsurf =   0.00000

 Forces referred to Ssurf, Cave 
     CLsurf  =   0.34755     CDsurf  =   0.00978

 Strip Forces referred to Strip Area, Chord
    j     Xle      Yle      Zle      Chord    Area     c_cl     ai     cl_norm    cl       cd       cdv    cm_c/4     cm_LE   C.P.x/c
    21   0.0000  -0.0007   0.0000   0.2286   0.0006   0.0963   0.0473   0.4215   0.4204   0.0289   0.0000   0.0051   0.1002    0.238
    22   0.0003  -0.0063   0.0000   0.2286   0.0019   0.0963   0.0470   0.4228   0.4218   0.0127   0.0000   0.0053   0.0999    0.238
    23   0.0009  -0.0174   0.0000   0.2286   0.0031   0.0963   0.0471   0.4228   0.4217   0.0117   0.0000   0.0058   0.0994    0.236
    24   0.0017  -0.0337   0.0000   0.2286   0.0043   0.0962   0.0474   0.4224   0.4214   0.0112   0.0000   0.0065   0.0986    0.235
    25   0.0027  -0.0548   0.0000   0.2286   0.0053   0.0960   0.0480   0.4215   0.4205   0.0109   0.0000   0.0071   0.0977    0.233
    26   0.0040  -0.0801   0.0000   0.2286   0.0062   0.0956   0.0488   0.4197   0.4186   0.0107   0.0000   0.0077   0.0967    0.232
    27   0.0055  -0.1092   0.0000   0.2286   0.0070   0.0948   0.0498   0.4163   0.4153   0.0105   0.0000   0.0082   0.0953    0.230
    28   0.0071  -0.1411   0.0000   0.2286   0.0076   0.0936   0.0512   0.4111   0.4100   0.0104   0.0000   0.0088   0.0935    0.229
    29   0.0088  -0.1752   0.0000   0.2286   0.0080   0.0918   0.0528   0.4033   0.4023   0.0103   0.0000   0.0094   0.0909    0.227
    30   0.0106  -0.2107   0.0000   0.2286   0.0082   0.0893   0.0549   0.3924   0.3914   0.0103   0.0000   0.0101   0.0875    0.224
    31   0.0123  -0.2465   0.0000   0.2286   0.0082   0.0860   0.0574   0.3777   0.3768   0.0102   0.0000   0.0110   0.0829    0.221
    32   0.0141  -0.2820   0.0000   0.2286   0.0080   0.0817   0.0602   0.3588   0.3579   0.0101   0.0000   0.0121   0.0771    0.216
    33   0.0158  -0.3161   0.0000   0.2286   0.0076   0.0763   0.0633   0.3348   0.3339   0.0099   0.0000   0.0134   0.0699    0.210
    34   0.0174  -0.3480   0.0000   0.2286   0.0070   0.0695   0.0662   0.3053   0.3045   0.0095   0.0000   0.0148   0.0612    0.201
    35   0.0189  -0.3771   0.0000   0.2286   0.0062   0.0615   0.0686   0.2699   0.2692   0.0088   0.0000   0.0160   0.0512    0.190
    36   0.0202  -0.4024   0.0000   0.2286   0.0053   0.0521   0.0700   0.2288   0.2282   0.0078   0.0000   0.0167   0.0402    0.177
    37   0.0212  -0.4235   0.0000   0.2286   0.0043   0.0416   0.0697   0.1825   0.1820   0.0065   0.0000   0.0163   0.0291    0.160
    38   0.0220  -0.4398   0.0000   0.2286   0.0031   0.0301   0.0672   0.1323   0.1320   0.0048   0.0000   0.0142   0.0188    0.143
    39   0.0226  -0.4509   0.0000   0.2286   0.0019   0.0182   0.0628   0.0798   0.0796   0.0028   0.0000   0.0099   0.0100    0.126
    40   0.0229  -0.4565   0.0000   0.2286   0.0006   0.0061   0.0590   0.0266   0.0265   0.0008   0.0000   0.0036   0.0031    0.116
 ---------------------------------------------------------------
