 ---------------------------------------------------------------
 Surface and Strip Forces by surface

  Sref = 0.86700E-01   Cref = 0.14000       Bref = 0.71120    
  Xref = 0.10920       Yref =  0.0000       Zref =  0.0000    

  Surface # 1     Wing                                    
     # Chordwise = 10   # Spanwise = 20     First strip =  1
     Surface area Ssurf =    0.072258     Ave. chord Cave =    0.203200

 Forces referred to Sref, Cref, Bref about Xref, Yref, Zref
 Standard axis orientation,  X fwd, Z down         
     CLsurf  =   0.41897     Clsurf  =  -0.09270
     CYsurf  =   0.01906     Cmsurf  =  -0.03487
     CDsurf  =   0.02096     Cnsurf  =  -0.01601
     CDisurf =   0.02096     CDvsurf =   0.00000

 Forces referred to Ssurf, Cave 
     CLsurf  =   0.50270     CDsurf  =   0.02515

 Strip Forces referred to Strip Area, Chord
    j     Xle      Yle      Zle      Chord    Area     c_cl     ai     cl_norm    cl       cd       cdv    cm_c/4     cm_LE   C.P.x/c
     1   0.0003   0.0005   0.0000   0.2032   0.0004   0.1167   0.0497   0.6508   0.5322   0.3305   0.0000  -0.0268  -0.1537    0.300
     2   0.0023   0.0049   0.0000   0.2032   0.0013   0.1168   0.0519   0.6987   0.5713   0.0643   0.0000  -0.0248  -0.1519    0.293
     3   0.0065   0.0135   0.0000   0.2032   0.0022   0.1170   0.0563   0.7025   0.5744   0.0502   0.0000  -0.0192  -0.1472    0.283
     4   0.0125   0.0262   0.0000   0.2032   0.0030   0.1174   0.0618   0.7062   0.5774   0.0442   0.0000  -0.0124  -0.1415    0.271
     5   0.0204   0.0426   0.0000   0.2032   0.0037   0.1180   0.0676   0.7105   0.5810   0.0388   0.0000  -0.0060  -0.1363    0.260
     6   0.0298   0.0623   0.0000   0.2032   0.0043   0.1185   0.0731   0.7144   0.5842   0.0342   0.0000  -0.0006  -0.1320    0.251
     7   0.0406   0.0849   0.0000   0.2032   0.0048   0.1187   0.0785   0.7165   0.5859   0.0306   0.0000   0.0036  -0.1285    0.244
     8   0.0525   0.1098   0.0000   0.2032   0.0052   0.1184   0.0839   0.7155   0.5850   0.0278   0.0000   0.0071  -0.1250    0.238
     9   0.0652   0.1363   0.0000   0.2032   0.0055   0.1175   0.0895   0.7099   0.5805   0.0254   0.0000   0.0102  -0.1211    0.232
    10   0.0784   0.1638   0.0000   0.2032   0.0057   0.1155   0.0956   0.6983   0.5710   0.0234   0.0000   0.0133  -0.1162    0.227
    11   0.0917   0.1918   0.0000   0.2032   0.0057   0.1123   0.1021   0.6792   0.5554   0.0215   0.0000   0.0166  -0.1097    0.220
    12   0.1049   0.2193   0.0000   0.2032   0.0055   0.1076   0.1089   0.6511   0.5324   0.0195   0.0000   0.0203  -0.1012    0.212
    13   0.1176   0.2458   0.0000   0.2032   0.0052   0.1012   0.1156   0.6123   0.5007   0.0172   0.0000   0.0244  -0.0903    0.201
    14   0.1295   0.2707   0.0000   0.2032   0.0048   0.0928   0.1214   0.5618   0.4594   0.0146   0.0000   0.0287  -0.0771    0.188
    15   0.1403   0.2933   0.0000   0.2032   0.0043   0.0824   0.1257   0.4989   0.4080   0.0116   0.0000   0.0324  -0.0622    0.171
    16   0.1497   0.3130   0.0000   0.2032   0.0037   0.0700   0.1276   0.4243   0.3470   0.0084   0.0000   0.0344  -0.0466    0.151
    17   0.1576   0.3294   0.0000   0.2032   0.0030   0.0560   0.1268   0.3395   0.2776   0.0053   0.0000   0.0337  -0.0317    0.129
    18   0.1636   0.3421   0.0000   0.2032   0.0022   0.0407   0.1233   0.2470   0.2019   0.0024   0.0000   0.0289  -0.0191    0.107
    19   0.1678   0.3507   0.0000   0.2032   0.0013   0.0246   0.1182   0.1498   0.1224  -0.0002   0.0000   0.0197  -0.0095    0.089
    20   0.1698   0.3551   0.0000   0.2032   0.0004   0.0082   0.1147   0.0505   0.0413  -0.0024   0.0000   0.0070  -0.0028    0.080

  Surface # 2     Wing (YDUP)                             
     # Chordwise = 10   # Spanwise = 20     First strip = 21
     Surface area Ssurf =    0.072258     Ave. chord Cave =    0.203200

 Forces referred to Sref, Cref, Bref about Xref, Yref, Zref
 Standard axis orientation,  X fwd, Z down         
     CLsurf  =   0.41897     Clsurf  =   0.09270
     CYsurf  =  -0.01906     Cmsurf  =  -0.03487
     CDsurf  =   0.02096     Cnsurf  =   0.01601
     CDisurf =   0.02096     CDvsurf =   0.00000

 Forces referred to Ssurf, Cave 
     CLsurf  =   0.50270     CDsurf  =   0.02515

 Strip Forces referred to Strip Area, Chord
    j     Xle      Yle      Zle      Chord    Area     c_cl     ai     cl_norm    cl       cd       cdv    cm_c/4     cm_LE   C.P.x/c
    21   0.0003  -0.0005   0.0000   0.2032   0.0004   0.1167   0.0497   0.6508   0.5322   0.3305   0.0000  -0.0268   0.1537    0.300
    22   0.0023  -0.0049   0.0000   0.2032   0.0013   0.1168   0.0519   0.6987   0.5713   0.0643   0.0000  -0.0248   0.1519    0.293
    23   0.0065  -0.0135   0.0000   0.2032   0.0022   0.1170   0.0563   0.7025   0.5744   0.0502   0.0000  -0.0192   0.1472    0.283
    24   0.0125  -0.0262   0.0000   0.2032   0.0030   0.1174   0.0618   0.7062   0.5774   0.0442   0.0000  -0.0124   0.1415    0.271
    25   0.0204  -0.0426   0.0000   0.2032   0.0037   0.1180   0.0676   0.7105   0.5810   0.0388   0.0000  -0.0060   0.1363    0.260
    26   0.0298  -0.0623   0.0000   0.2032   0.0043   0.1185   0.0731   0.7144   0.5842   0.0342   0.0000  -0.0006   0.1320    0.251
    27   0.0406  -0.0849   0.0000   0.2032   0.0048   0.1187   0.0785   0.7165   0.5859   0.0306   0.0000   0.0036   0.1285    0.244
    28   0.0525  -0.1098   0.0000   0.2032   0.0052   0.1184   0.0839   0.7155   0.5850   0.0278   0.0000   0.0071   0.1250    0.238
    29   0.0652  -0.1363   0.0000   0.2032   0.0055   0.1175   0.0895   0.7099   0.5805   0.0254   0.0000   0.0102   0.1211    0.232
    30   0.0784  -0.1638   0.0000   0.2032   0.0057   0.1155   0.0956   0.6983   0.5710   0.0234   0.0000   0.0133   0.1162    0.227
    31   0.0917  -0.1918   0.0000   0.2032   0.0057   0.1123   0.1021   0.6792   0.5554   0.0215   0.0000   0.0166   0.1097    0.220
    32   0.1049  -0.2193   0.0000   0.2032   0.0055   0.1076   0.1089   0.6511   0.5324   0.0195   0.0000   0.0203   0.1012    0.212
    33   0.1176  -0.2458   0.0000   0.2032   0.0052   0.1012   0.1156   0.6123   0.5007   0.0172   0.0000   0.0244   0.0903    0.201
    34   0.1295  -0.2707   0.0000   0.2032   0.0048   0.0928   0.1214   0.5618   0.4594   0.0146   0.0000   0.0287   0.0771    0.188
    35   0.1403  -0.2933   0.0000   0.2032   0.0043   0.0824   0.1257   0.4989   0.4080   0.0116   0.0000   0.0324   0.0622    0.171
    36   0.1497  -0.3130   0.0000   0.2032   0.0037   0.0700   0.1276   0.4243   0.3470   0.0084   0.0000   0.0344   0.0466    0.151
    37   0.1576  -0.3294   0.0000   0.2032   0.0030   0.0560   0.1268   0.3395   0.2776   0.0053   0.0000   0.0337   0.0317    0.129
    38   0.1636  -0.3421   0.0000   0.2032   0.0022   0.0407   0.1233   0.2470   0.2019   0.0024   0.0000   0.0289   0.0191    0.107
    39   0.1678  -0.3507   0.0000   0.2032   0.0013   0.0246   0.1182   0.1498   0.1224  -0.0002   0.0000   0.0197   0.0095    0.089
    40   0.1698  -0.3551   0.0000   0.2032   0.0004   0.0082   0.1147   0.0505   0.0413  -0.0024   0.0000   0.0070   0.0028    0.080
 ---------------------------------------------------------------
