 ---------------------------------------------------------------
 Surface and Strip Forces by surface

  Sref = 0.13940       Cref = 0.22950       Bref = 0.60960    
  Xref = 0.10920       Yref =  0.0000       Zref =  0.0000    

  Surface # 1     Wing                                    
     # Chordwise = 10   # Spanwise = 20     First strip =  1
     Surface area Ssurf =    0.077419     Ave. chord Cave =    0.254000

 Forces referred to Sref, Cref, Bref about Xref, Yref, Zref
 Standard axis orientation,  X fwd, Z down         
     CLsurf  =   0.26058     Clsurf  =  -0.05585
     CYsurf  =   0.00328     Cmsurf  =   0.04499
     CDsurf  =   0.01683     Cnsurf  =  -0.00699
     CDisurf =   0.01683     CDvsurf =   0.00000

 Forces referred to Ssurf, Cave 
     CLsurf  =   0.46919     CDsurf  =   0.03030

 Strip Forces referred to Strip Area, Chord
    j     Xle      Yle      Zle      Chord    Area     c_cl     ai     cl_norm    cl       cd       cdv    cm_c/4     cm_LE   C.P.x/c
     1   0.0001   0.0005   0.0000   0.2540   0.0005   0.1474   0.1146   0.5679   0.5588   0.1794   0.0000   0.0078  -0.1362    0.236
     2   0.0005   0.0042   0.0000   0.2540   0.0014   0.1474   0.1142   0.5892   0.5797   0.0507   0.0000   0.0081  -0.1358    0.236
     3   0.0015   0.0116   0.0000   0.2540   0.0023   0.1473   0.1143   0.5903   0.5808   0.0426   0.0000   0.0092  -0.1347    0.234
     4   0.0029   0.0225   0.0000   0.2540   0.0032   0.1472   0.1149   0.5900   0.5805   0.0401   0.0000   0.0108  -0.1330    0.231
     5   0.0047   0.0365   0.0000   0.2540   0.0039   0.1467   0.1160   0.5886   0.5791   0.0382   0.0000   0.0125  -0.1308    0.228
     6   0.0069   0.0534   0.0000   0.2540   0.0046   0.1459   0.1175   0.5854   0.5760   0.0366   0.0000   0.0143  -0.1283    0.225
     7   0.0094   0.0728   0.0000   0.2540   0.0052   0.1445   0.1193   0.5798   0.5705   0.0352   0.0000   0.0160  -0.1251    0.222
     8   0.0122   0.0941   0.0000   0.2540   0.0056   0.1422   0.1215   0.5708   0.5617   0.0340   0.0000   0.0177  -0.1213    0.219
     9   0.0151   0.1168   0.0000   0.2540   0.0059   0.1389   0.1240   0.5578   0.5488   0.0328   0.0000   0.0194  -0.1164    0.215
    10   0.0182   0.1404   0.0000   0.2540   0.0061   0.1344   0.1268   0.5397   0.5311   0.0315   0.0000   0.0211  -0.1103    0.210
    11   0.0212   0.1644   0.0000   0.2540   0.0061   0.1285   0.1298   0.5161   0.5078   0.0302   0.0000   0.0229  -0.1027    0.205
    12   0.0243   0.1880   0.0000   0.2540   0.0059   0.1211   0.1328   0.4862   0.4784   0.0286   0.0000   0.0247  -0.0937    0.198
    13   0.0272   0.2107   0.0000   0.2540   0.0056   0.1120   0.1356   0.4496   0.4424   0.0267   0.0000   0.0263  -0.0832    0.191
    14   0.0300   0.2320   0.0000   0.2540   0.0052   0.1012   0.1379   0.4061   0.3996   0.0245   0.0000   0.0275  -0.0715    0.181
    15   0.0325   0.2514   0.0000   0.2540   0.0046   0.0887   0.1393   0.3559   0.3502   0.0218   0.0000   0.0278  -0.0590    0.171
    16   0.0347   0.2683   0.0000   0.2540   0.0039   0.0747   0.1396   0.2996   0.2948   0.0187   0.0000   0.0269  -0.0462    0.159
    17   0.0365   0.2823   0.0000   0.2540   0.0032   0.0593   0.1384   0.2381   0.2343   0.0150   0.0000   0.0243  -0.0338    0.146
    18   0.0379   0.2932   0.0000   0.2540   0.0023   0.0430   0.1359   0.1725   0.1698   0.0109   0.0000   0.0196  -0.0225    0.134
    19   0.0389   0.3006   0.0000   0.2540   0.0014   0.0260   0.1325   0.1044   0.1028   0.0063   0.0000   0.0129  -0.0126    0.125
    20   0.0393   0.3043   0.0000   0.2540   0.0005   0.0087   0.1304   0.0350   0.0345   0.0015   0.0000   0.0045  -0.0040    0.120

  Surface # 2     Wing (YDUP)                             
     # Chordwise = 10   # Spanwise = 20     First strip = 21
     Surface area Ssurf =    0.077419     Ave. chord Cave =    0.254000

 Forces referred to Sref, Cref, Bref about Xref, Yref, Zref
 Standard axis orientation,  X fwd, Z down         
     CLsurf  =   0.26058     Clsurf  =   0.05585
     CYsurf  =  -0.00328     Cmsurf  =   0.04499
     CDsurf  =   0.01683     Cnsurf  =   0.00699
     CDisurf =   0.01683     CDvsurf =   0.00000

 Forces referred to Ssurf, Cave 
     CLsurf  =   0.46919     CDsurf  =   0.03030

 Strip Forces referred to Strip Area, Chord
    j     Xle      Yle      Zle      Chord    Area     c_cl     ai     cl_norm    cl       cd       cdv    cm_c/4     cm_LE   C.P.x/c
    21   0.0001  -0.0005   0.0000   0.2540   0.0005   0.1474   0.1146   0.5679   0.5588   0.1794   0.0000   0.0078   0.1362    0.236
    22   0.0005  -0.0042   0.0000   0.2540   0.0014   0.1474   0.1142   0.5892   0.5797   0.0507   0.0000   0.0081   0.1358    0.236
    23   0.0015  -0.0116   0.0000   0.2540   0.0023   0.1473   0.1143   0.5903   0.5808   0.0426   0.0000   0.0092   0.1347    0.234
    24   0.0029  -0.0225   0.0000   0.2540   0.0032   0.1472   0.1149   0.5900   0.5805   0.0401   0.0000   0.0108   0.1330    0.231
    25   0.0047  -0.0365   0.0000   0.2540   0.0039   0.1467   0.1160   0.5886   0.5791   0.0382   0.0000   0.0125   0.1308    0.228
    26   0.0069  -0.0534   0.0000   0.2540   0.0046   0.1459   0.1175   0.5854   0.5760   0.0366   0.0000   0.0143   0.1283    0.225
    27   0.0094  -0.0728   0.0000   0.2540   0.0052   0.1445   0.1193   0.5798   0.5705   0.0352   0.0000   0.0160   0.1251    0.222
    28   0.0122  -0.0941   0.0000   0.2540   0.0056   0.1422   0.1215   0.5708   0.5617   0.0340   0.0000   0.0177   0.1213    0.219
    29   0.0151  -0.1168   0.0000   0.2540   0.0059   0.1389   0.1240   0.5578   0.5488   0.0328   0.0000   0.0194   0.1164    0.215
    30   0.0182  -0.1404   0.0000   0.2540   0.0061   0.1344   0.1268   0.5397   0.5311   0.0315   0.0000   0.0211   0.1103    0.210
    31   0.0212  -0.1644   0.0000   0.2540   0.0061   0.1285   0.1298   0.5161   0.5078   0.0302   0.0000   0.0229   0.1027    0.205
    32   0.0243  -0.1880   0.0000   0.2540   0.0059   0.1211   0.1328   0.4862   0.4784   0.0286   0.0000   0.0247   0.0937    0.198
    33   0.0272  -0.2107   0.0000   0.2540   0.0056   0.1120   0.1356   0.4496   0.4424   0.0267   0.0000   0.0263   0.0832    0.191
    34   0.0300  -0.2320   0.0000   0.2540   0.0052   0.1012   0.1379   0.4061   0.3996   0.0245   0.0000   0.0275   0.0715    0.181
    35   0.0325  -0.2514   0.0000   0.2540   0.0046   0.0887   0.1393   0.3559   0.3502   0.0218   0.0000   0.0278   0.0590    0.171
    36   0.0347  -0.2683   0.0000   0.2540   0.0039   0.0747   0.1396   0.2996   0.2948   0.0187   0.0000   0.0269   0.0462    0.159
    37   0.0365  -0.2823   0.0000   0.2540   0.0032   0.0593   0.1384   0.2381   0.2343   0.0150   0.0000   0.0243   0.0338    0.146
    38   0.0379  -0.2932   0.0000   0.2540   0.0023   0.0430   0.1359   0.1725   0.1698   0.0109   0.0000   0.0196   0.0225    0.134
    39   0.0389  -0.3006   0.0000   0.2540   0.0014   0.0260   0.1325   0.1044   0.1028   0.0063   0.0000   0.0129   0.0126    0.125
    40   0.0393  -0.3043   0.0000   0.2540   0.0005   0.0087   0.1304   0.0350   0.0345   0.0015   0.0000   0.0045   0.0040    0.120
 ---------------------------------------------------------------
