 ---------------------------------------------------------------
 Surface and Strip Forces by surface

  Sref = 0.17880       Cref = 0.25250       Bref = 0.71120    
  Xref = 0.10920       Yref =  0.0000       Zref =  0.0000    

  Surface # 1     Wing                                    
     # Chordwise = 10   # Spanwise = 20     First strip =  1
     Surface area Ssurf =    0.099355     Ave. chord Cave =    0.279400

 Forces referred to Sref, Cref, Bref about Xref, Yref, Zref
 Standard axis orientation,  X fwd, Z down         
     CLsurf  =   0.20316     Clsurf  =  -0.04406
     CYsurf  =   0.00580     Cmsurf  =  -0.00939
     CDsurf  =   0.01010     Cnsurf  =  -0.00645
     CDisurf =   0.01010     CDvsurf =   0.00000

 Forces referred to Ssurf, Cave 
     CLsurf  =   0.36560     CDsurf  =   0.01817

 Strip Forces referred to Strip Area, Chord
    j     Xle      Yle      Zle      Chord    Area     c_cl     ai     cl_norm    cl       cd       cdv    cm_c/4     cm_LE   C.P.x/c
     1   0.0002   0.0005   0.0000   0.2794   0.0006   0.1232   0.0737   0.4798   0.4137   0.2513   0.0000  -0.0116  -0.1130    0.278
     2   0.0020   0.0049   0.0000   0.2794   0.0018   0.1232   0.0726   0.5087   0.4386   0.0450   0.0000  -0.0107  -0.1122    0.274
     3   0.0055   0.0135   0.0000   0.2794   0.0030   0.1232   0.0733   0.5104   0.4401   0.0332   0.0000  -0.0080  -0.1096    0.268
     4   0.0106   0.0262   0.0000   0.2794   0.0041   0.1232   0.0752   0.5110   0.4406   0.0298   0.0000  -0.0041  -0.1061    0.259
     5   0.0172   0.0426   0.0000   0.2794   0.0051   0.1232   0.0778   0.5113   0.4408   0.0271   0.0000  -0.0000  -0.1023    0.250
     6   0.0251   0.0623   0.0000   0.2794   0.0059   0.1230   0.0809   0.5107   0.4403   0.0246   0.0000   0.0038  -0.0985    0.241
     7   0.0342   0.0849   0.0000   0.2794   0.0066   0.1223   0.0842   0.5084   0.4383   0.0224   0.0000   0.0072  -0.0948    0.234
     8   0.0443   0.1098   0.0000   0.2794   0.0072   0.1211   0.0877   0.5035   0.4341   0.0206   0.0000   0.0103  -0.0910    0.226
     9   0.0550   0.1363   0.0000   0.2794   0.0076   0.1190   0.0914   0.4951   0.4268   0.0189   0.0000   0.0131  -0.0866    0.219
    10   0.0661   0.1638   0.0000   0.2794   0.0078   0.1159   0.0951   0.4821   0.4157   0.0173   0.0000   0.0159  -0.0814    0.212
    11   0.0773   0.1918   0.0000   0.2794   0.0078   0.1114   0.0989   0.4638   0.3999   0.0157   0.0000   0.0187  -0.0751    0.203
    12   0.0884   0.2193   0.0000   0.2794   0.0076   0.1055   0.1025   0.4394   0.3788   0.0141   0.0000   0.0215  -0.0676    0.193
    13   0.0991   0.2458   0.0000   0.2794   0.0072   0.0980   0.1055   0.4081   0.3519   0.0123   0.0000   0.0242  -0.0589    0.181
    14   0.1092   0.2707   0.0000   0.2794   0.0066   0.0888   0.1076   0.3699   0.3189   0.0104   0.0000   0.0264  -0.0492    0.167
    15   0.1183   0.2933   0.0000   0.2794   0.0059   0.0780   0.1085   0.3249   0.2801   0.0084   0.0000   0.0278  -0.0389    0.151
    16   0.1262   0.3130   0.0000   0.2794   0.0051   0.0656   0.1077   0.2736   0.2358   0.0063   0.0000   0.0278  -0.0287    0.132
    17   0.1328   0.3294   0.0000   0.2794   0.0041   0.0521   0.1052   0.2172   0.1872   0.0043   0.0000   0.0256  -0.0194    0.113
    18   0.1379   0.3421   0.0000   0.2794   0.0030   0.0376   0.1013   0.1571   0.1355   0.0022   0.0000   0.0210  -0.0118    0.095
    19   0.1414   0.3507   0.0000   0.2794   0.0018   0.0227   0.0967   0.0950   0.0819   0.0002   0.0000   0.0139  -0.0060    0.081
    20   0.1432   0.3551   0.0000   0.2794   0.0006   0.0076   0.0942   0.0319   0.0275  -0.0013   0.0000   0.0048  -0.0018    0.074

  Surface # 2     Wing (YDUP)                             
     # Chordwise = 10   # Spanwise = 20     First strip = 21
     Surface area Ssurf =    0.099355     Ave. chord Cave =    0.279400

 Forces referred to Sref, Cref, Bref about Xref, Yref, Zref
 Standard axis orientation,  X fwd, Z down         
     CLsurf  =   0.20316     Clsurf  =   0.04406
     CYsurf  =  -0.00580     Cmsurf  =  -0.00939
     CDsurf  =   0.01010     Cnsurf  =   0.00645
     CDisurf =   0.01010     CDvsurf =   0.00000

 Forces referred to Ssurf, Cave 
     CLsurf  =   0.36560     CDsurf  =   0.01817

 Strip Forces referred to Strip Area, Chord
    j     Xle      Yle      Zle      Chord    Area     c_cl     ai     cl_norm    cl       cd       cdv    cm_c/4     cm_LE   C.P.x/c
    21   0.0002  -0.0005   0.0000   0.2794   0.0006   0.1232   0.0737   0.4798   0.4137   0.2513   0.0000  -0.0116   0.1130    0.278
    22   0.0020  -0.0049   0.0000   0.2794   0.0018   0.1232   0.0726   0.5087   0.4386   0.0450   0.0000  -0.0107   0.1122    0.274
    23   0.0055  -0.0135   0.0000   0.2794   0.0030   0.1232   0.0733   0.5104   0.4401   0.0332   0.0000  -0.0080   0.1096    0.268
    24   0.0106  -0.0262   0.0000   0.2794   0.0041   0.1232   0.0752   0.5110   0.4406   0.0298   0.0000  -0.0041   0.1061    0.259
    25   0.0172  -0.0426   0.0000   0.2794   0.0051   0.1232   0.0778   0.5113   0.4408   0.0271   0.0000  -0.0000   0.1023    0.250
    26   0.0251  -0.0623   0.0000   0.2794   0.0059   0.1230   0.0809   0.5107   0.4403   0.0246   0.0000   0.0038   0.0985    0.241
    27   0.0342  -0.0849   0.0000   0.2794   0.0066   0.1223   0.0842   0.5084   0.4383   0.0224   0.0000   0.0072   0.0948    0.234
    28   0.0443  -0.1098   0.0000   0.2794   0.0072   0.1211   0.0877   0.5035   0.4341   0.0206   0.0000   0.0103   0.0910    0.226
    29   0.0550  -0.1363   0.0000   0.2794   0.0076   0.1190   0.0914   0.4951   0.4268   0.0189   0.0000   0.0131   0.0866    0.219
    30   0.0661  -0.1638   0.0000   0.2794   0.0078   0.1159   0.0951   0.4821   0.4157   0.0173   0.0000   0.0159   0.0814    0.212
    31   0.0773  -0.1918   0.0000   0.2794   0.0078   0.1114   0.0989   0.4638   0.3999   0.0157   0.0000   0.0187   0.0751    0.203
    32   0.0884  -0.2193   0.0000   0.2794   0.0076   0.1055   0.1025   0.4394   0.3788   0.0141   0.0000   0.0215   0.0676    0.193
    33   0.0991  -0.2458   0.0000   0.2794   0.0072   0.0980   0.1055   0.4081   0.3519   0.0123   0.0000   0.0242   0.0589    0.181
    34   0.1092  -0.2707   0.0000   0.2794   0.0066   0.0888   0.1076   0.3699   0.3189   0.0104   0.0000   0.0264   0.0492    0.167
    35   0.1183  -0.2933   0.0000   0.2794   0.0059   0.0780   0.1085   0.3249   0.2801   0.0084   0.0000   0.0278   0.0389    0.151
    36   0.1262  -0.3130   0.0000   0.2794   0.0051   0.0656   0.1077   0.2736   0.2358   0.0063   0.0000   0.0278   0.0287    0.132
    37   0.1328  -0.3294   0.0000   0.2794   0.0041   0.0521   0.1052   0.2172   0.1872   0.0043   0.0000   0.0256   0.0194    0.113
    38   0.1379  -0.3421   0.0000   0.2794   0.0030   0.0376   0.1013   0.1571   0.1355   0.0022   0.0000   0.0210   0.0118    0.095
    39   0.1414  -0.3507   0.0000   0.2794   0.0018   0.0227   0.0967   0.0950   0.0819   0.0002   0.0000   0.0139   0.0060    0.081
    40   0.1432  -0.3551   0.0000   0.2794   0.0006   0.0076   0.0942   0.0319   0.0275  -0.0013   0.0000   0.0048   0.0018    0.074
 ---------------------------------------------------------------
