 ---------------------------------------------------------------
 Surface and Strip Forces by surface

  Sref = 0.16720       Cref = 0.20660       Bref = 0.81280    
  Xref = 0.10920       Yref =  0.0000       Zref =  0.0000    

  Surface # 1     Wing                                    
     # Chordwise = 10   # Spanwise = 20     First strip =  1
     Surface area Ssurf =    0.092903     Ave. chord Cave =    0.228600

 Forces referred to Sref, Cref, Bref about Xref, Yref, Zref
 Standard axis orientation,  X fwd, Z down         
     CLsurf  =   0.21725     Clsurf  =  -0.04696
     CYsurf  =   0.00042     Cmsurf  =   0.05731
     CDsurf  =   0.00769     Cnsurf  =  -0.00324
     CDisurf =   0.00769     CDvsurf =   0.00000

 Forces referred to Ssurf, Cave 
     CLsurf  =   0.39099     CDsurf  =   0.01385

 Strip Forces referred to Strip Area, Chord
    j     Xle      Yle      Zle      Chord    Area     c_cl     ai     cl_norm    cl       cd       cdv    cm_c/4     cm_LE   C.P.x/c
     1   0.0000   0.0006   0.0000   0.2286   0.0006   0.1094   0.0621   0.4784   0.4780   0.0297   0.0000   0.0079  -0.1117    0.234
     2   0.0002   0.0056   0.0000   0.2286   0.0017   0.1094   0.0620   0.4797   0.4793   0.0168   0.0000   0.0080  -0.1116    0.233
     3   0.0004   0.0155   0.0000   0.2286   0.0028   0.1093   0.0620   0.4796   0.4792   0.0160   0.0000   0.0083  -0.1112    0.233
     4   0.0008   0.0299   0.0000   0.2286   0.0038   0.1092   0.0623   0.4790   0.4787   0.0156   0.0000   0.0087  -0.1107    0.232
     5   0.0014   0.0487   0.0000   0.2286   0.0047   0.1089   0.0627   0.4777   0.4774   0.0154   0.0000   0.0091  -0.1099    0.231
     6   0.0020   0.0712   0.0000   0.2286   0.0055   0.1083   0.0634   0.4751   0.4748   0.0152   0.0000   0.0096  -0.1089    0.230
     7   0.0027   0.0970   0.0000   0.2286   0.0062   0.1073   0.0644   0.4708   0.4704   0.0151   0.0000   0.0100  -0.1073    0.229
     8   0.0035   0.1254   0.0000   0.2286   0.0067   0.1058   0.0658   0.4640   0.4637   0.0150   0.0000   0.0106  -0.1051    0.227
     9   0.0044   0.1558   0.0000   0.2286   0.0071   0.1036   0.0675   0.4543   0.4540   0.0149   0.0000   0.0112  -0.1020    0.225
    10   0.0053   0.1873   0.0000   0.2286   0.0073   0.1005   0.0697   0.4410   0.4406   0.0148   0.0000   0.0120  -0.0979    0.223
    11   0.0061   0.2191   0.0000   0.2286   0.0073   0.0965   0.0723   0.4234   0.4230   0.0147   0.0000   0.0130  -0.0925    0.219
    12   0.0070   0.2506   0.0000   0.2286   0.0071   0.0914   0.0752   0.4009   0.4006   0.0145   0.0000   0.0142  -0.0857    0.215
    13   0.0079   0.2810   0.0000   0.2286   0.0067   0.0850   0.0783   0.3729   0.3726   0.0141   0.0000   0.0155  -0.0775    0.208
    14   0.0087   0.3094   0.0000   0.2286   0.0062   0.0773   0.0813   0.3390   0.3387   0.0134   0.0000   0.0168  -0.0677    0.200
    15   0.0094   0.3352   0.0000   0.2286   0.0055   0.0682   0.0837   0.2989   0.2986   0.0124   0.0000   0.0179  -0.0567    0.190
    16   0.0100   0.3577   0.0000   0.2286   0.0047   0.0577   0.0849   0.2528   0.2526   0.0110   0.0000   0.0183  -0.0448    0.178
    17   0.0106   0.3765   0.0000   0.2286   0.0038   0.0460   0.0846   0.2015   0.2013   0.0092   0.0000   0.0174  -0.0328    0.163
    18   0.0110   0.3909   0.0000   0.2286   0.0028   0.0334   0.0824   0.1461   0.1460   0.0069   0.0000   0.0148  -0.0216    0.148
    19   0.0112   0.4008   0.0000   0.2286   0.0017   0.0202   0.0785   0.0883   0.0882   0.0042   0.0000   0.0102  -0.0119    0.135
    20   0.0114   0.4058   0.0000   0.2286   0.0006   0.0067   0.0752   0.0295   0.0295   0.0013   0.0000   0.0036  -0.0037    0.126

  Surface # 2     Wing (YDUP)                             
     # Chordwise = 10   # Spanwise = 20     First strip = 21
     Surface area Ssurf =    0.092903     Ave. chord Cave =    0.228600

 Forces referred to Sref, Cref, Bref about Xref, Yref, Zref
 Standard axis orientation,  X fwd, Z down         
     CLsurf  =   0.21725     Clsurf  =   0.04696
     CYsurf  =  -0.00042     Cmsurf  =   0.05731
     CDsurf  =   0.00769     Cnsurf  =   0.00324
     CDisurf =   0.00769     CDvsurf =   0.00000

 Forces referred to Ssurf, Cave 
     CLsurf  =   0.39099     CDsurf  =   0.01385

 Strip Forces referred to Strip Area, Chord
    j     Xle      Yle      Zle      Chord    Area     c_cl     ai     cl_norm    cl       cd       cdv    cm_c/4     cm_LE   C.P.x/c
    21   0.0000  -0.0006   0.0000   0.2286   0.0006   0.1094   0.0621   0.4784   0.4780   0.0297   0.0000   0.0079   0.1117    0.234
    22   0.0002  -0.0056   0.0000   0.2286   0.0017   0.1094   0.0620   0.4797   0.4793   0.0168   0.0000   0.0080   0.1116    0.233
    23   0.0004  -0.0155   0.0000   0.2286   0.0028   0.1093   0.0620   0.4796   0.4792   0.0160   0.0000   0.0083   0.1112    0.233
    24   0.0008  -0.0299   0.0000   0.2286   0.0038   0.1092   0.0623   0.4790   0.4787   0.0156   0.0000   0.0087   0.1107    0.232
    25   0.0014  -0.0487   0.0000   0.2286   0.0047   0.1089   0.0627   0.4777   0.4774   0.0154   0.0000   0.0091   0.1099    0.231
    26   0.0020  -0.0712   0.0000   0.2286   0.0055   0.1083   0.0634   0.4751   0.4748   0.0152   0.0000   0.0096   0.1089    0.230
    27   0.0027  -0.0970   0.0000   0.2286   0.0062   0.1073   0.0644   0.4708   0.4704   0.0151   0.0000   0.0100   0.1073    0.229
    28   0.0035  -0.1254   0.0000   0.2286   0.0067   0.1058   0.0658   0.4640   0.4637   0.0150   0.0000   0.0106   0.1051    0.227
    29   0.0044  -0.1558   0.0000   0.2286   0.0071   0.1036   0.0675   0.4543   0.4540   0.0149   0.0000   0.0112   0.1020    0.225
    30   0.0053  -0.1873   0.0000   0.2286   0.0073   0.1005   0.0697   0.4410   0.4406   0.0148   0.0000   0.0120   0.0979    0.223
    31   0.0061  -0.2191   0.0000   0.2286   0.0073   0.0965   0.0723   0.4234   0.4230   0.0147   0.0000   0.0130   0.0925    0.219
    32   0.0070  -0.2506   0.0000   0.2286   0.0071   0.0914   0.0752   0.4009   0.4006   0.0145   0.0000   0.0142   0.0857    0.215
    33   0.0079  -0.2810   0.0000   0.2286   0.0067   0.0850   0.0783   0.3729   0.3726   0.0141   0.0000   0.0155   0.0775    0.208
    34   0.0087  -0.3094   0.0000   0.2286   0.0062   0.0773   0.0813   0.3390   0.3387   0.0134   0.0000   0.0168   0.0677    0.200
    35   0.0094  -0.3352   0.0000   0.2286   0.0055   0.0682   0.0837   0.2989   0.2986   0.0124   0.0000   0.0179   0.0567    0.190
    36   0.0100  -0.3577   0.0000   0.2286   0.0047   0.0577   0.0849   0.2528   0.2526   0.0110   0.0000   0.0183   0.0448    0.178
    37   0.0106  -0.3765   0.0000   0.2286   0.0038   0.0460   0.0846   0.2015   0.2013   0.0092   0.0000   0.0174   0.0328    0.163
    38   0.0110  -0.3909   0.0000   0.2286   0.0028   0.0334   0.0824   0.1461   0.1460   0.0069   0.0000   0.0148   0.0216    0.148
    39   0.0112  -0.4008   0.0000   0.2286   0.0017   0.0202   0.0785   0.0883   0.0882   0.0042   0.0000   0.0102   0.0119    0.135
    40   0.0114  -0.4058   0.0000   0.2286   0.0006   0.0067   0.0752   0.0295   0.0295   0.0013   0.0000   0.0036   0.0037    0.126
 ---------------------------------------------------------------
