 ---------------------------------------------------------------
 Surface and Strip Forces by surface

  Sref = 0.13940       Cref = 0.22950       Bref = 0.60960    
  Xref = 0.10920       Yref =  0.0000       Zref =  0.0000    

  Surface # 1     Wing                                    
     # Chordwise = 10   # Spanwise = 20     First strip =  1
     Surface area Ssurf =    0.077419     Ave. chord Cave =    0.254000

 Forces referred to Sref, Cref, Bref about Xref, Yref, Zref
 Standard axis orientation,  X fwd, Z down         
     CLsurf  =   0.26058     Clsurf  =  -0.05601
     CYsurf  =   0.00550     Cmsurf  =   0.03159
     CDsurf  =   0.01712     Cnsurf  =  -0.00826
     CDisurf =   0.01712     CDvsurf =   0.00000

 Forces referred to Ssurf, Cave 
     CLsurf  =   0.46919     CDsurf  =   0.03083

 Strip Forces referred to Strip Area, Chord
    j     Xle      Yle      Zle      Chord    Area     c_cl     ai     cl_norm    cl       cd       cdv    cm_c/4     cm_LE   C.P.x/c
     1   0.0001   0.0005   0.0000   0.2540   0.0005   0.1464   0.1108   0.5649   0.5400   0.2690   0.0000   0.0009  -0.1399    0.248
     2   0.0009   0.0042   0.0000   0.2540   0.0014   0.1464   0.1103   0.6006   0.5741   0.0608   0.0000   0.0015  -0.1394    0.247
     3   0.0025   0.0116   0.0000   0.2540   0.0023   0.1464   0.1106   0.6026   0.5761   0.0480   0.0000   0.0032  -0.1376    0.244
     4   0.0049   0.0225   0.0000   0.2540   0.0032   0.1462   0.1118   0.6028   0.5762   0.0440   0.0000   0.0058  -0.1350    0.240
     5   0.0080   0.0365   0.0000   0.2540   0.0039   0.1459   0.1135   0.6020   0.5754   0.0411   0.0000   0.0086  -0.1319    0.235
     6   0.0116   0.0534   0.0000   0.2540   0.0046   0.1452   0.1157   0.5995   0.5731   0.0386   0.0000   0.0114  -0.1285    0.230
     7   0.0159   0.0728   0.0000   0.2540   0.0052   0.1440   0.1182   0.5946   0.5684   0.0364   0.0000   0.0140  -0.1248    0.225
     8   0.0205   0.0941   0.0000   0.2540   0.0056   0.1419   0.1211   0.5864   0.5606   0.0345   0.0000   0.0165  -0.1204    0.221
     9   0.0254   0.1168   0.0000   0.2540   0.0059   0.1389   0.1243   0.5740   0.5487   0.0327   0.0000   0.0189  -0.1151    0.216
    10   0.0306   0.1404   0.0000   0.2540   0.0061   0.1346   0.1277   0.5564   0.5319   0.0310   0.0000   0.0213  -0.1087    0.210
    11   0.0358   0.1644   0.0000   0.2540   0.0061   0.1289   0.1312   0.5329   0.5094   0.0292   0.0000   0.0236  -0.1009    0.204
    12   0.0410   0.1880   0.0000   0.2540   0.0059   0.1216   0.1346   0.5027   0.4806   0.0272   0.0000   0.0260  -0.0916    0.196
    13   0.0459   0.2107   0.0000   0.2540   0.0056   0.1126   0.1378   0.4655   0.4449   0.0250   0.0000   0.0281  -0.0808    0.187
    14   0.0505   0.2320   0.0000   0.2540   0.0052   0.1018   0.1402   0.4209   0.4023   0.0224   0.0000   0.0296  -0.0689    0.176
    15   0.0548   0.2514   0.0000   0.2540   0.0046   0.0893   0.1416   0.3692   0.3529   0.0196   0.0000   0.0303  -0.0562    0.164
    16   0.0584   0.2683   0.0000   0.2540   0.0039   0.0752   0.1416   0.3109   0.2972   0.0164   0.0000   0.0295  -0.0435    0.151
    17   0.0615   0.2823   0.0000   0.2540   0.0032   0.0597   0.1402   0.2471   0.2362   0.0128   0.0000   0.0267  -0.0314    0.137
    18   0.0639   0.2932   0.0000   0.2540   0.0023   0.0433   0.1374   0.1791   0.1712   0.0089   0.0000   0.0216  -0.0205    0.124
    19   0.0655   0.3006   0.0000   0.2540   0.0014   0.0262   0.1338   0.1085   0.1037   0.0046   0.0000   0.0141  -0.0114    0.114
    20   0.0663   0.3043   0.0000   0.2540   0.0005   0.0088   0.1316   0.0365   0.0349   0.0004   0.0000   0.0049  -0.0036    0.109

  Surface # 2     Wing (YDUP)                             
     # Chordwise = 10   # Spanwise = 20     First strip = 21
     Surface area Ssurf =    0.077419     Ave. chord Cave =    0.254000

 Forces referred to Sref, Cref, Bref about Xref, Yref, Zref
 Standard axis orientation,  X fwd, Z down         
     CLsurf  =   0.26058     Clsurf  =   0.05601
     CYsurf  =  -0.00550     Cmsurf  =   0.03159
     CDsurf  =   0.01712     Cnsurf  =   0.00826
     CDisurf =   0.01712     CDvsurf =   0.00000

 Forces referred to Ssurf, Cave 
     CLsurf  =   0.46919     CDsurf  =   0.03083

 Strip Forces referred to Strip Area, Chord
    j     Xle      Yle      Zle      Chord    Area     c_cl     ai     cl_norm    cl       cd       cdv    cm_c/4     cm_LE   C.P.x/c
    21   0.0001  -0.0005   0.0000   0.2540   0.0005   0.1464   0.1108   0.5649   0.5400   0.2690   0.0000   0.0009   0.1399    0.248
    22   0.0009  -0.0042   0.0000   0.2540   0.0014   0.1464   0.1103   0.6006   0.5741   0.0608   0.0000   0.0015   0.1394    0.247
    23   0.0025  -0.0116   0.0000   0.2540   0.0023   0.1464   0.1106   0.6026   0.5761   0.0480   0.0000   0.0032   0.1376    0.244
    24   0.0049  -0.0225   0.0000   0.2540   0.0032   0.1462   0.1118   0.6028   0.5762   0.0440   0.0000   0.0058   0.1350    0.240
    25   0.0080  -0.0365   0.0000   0.2540   0.0039   0.1459   0.1135   0.6020   0.5754   0.0411   0.0000   0.0086   0.1319    0.235
    26   0.0116  -0.0534   0.0000   0.2540   0.0046   0.1452   0.1157   0.5995   0.5731   0.0386   0.0000   0.0114   0.1285    0.230
    27   0.0159  -0.0728   0.0000   0.2540   0.0052   0.1440   0.1182   0.5946   0.5684   0.0364   0.0000   0.0140   0.1248    0.225
    28   0.0205  -0.0941   0.0000   0.2540   0.0056   0.1419   0.1211   0.5864   0.5606   0.0345   0.0000   0.0165   0.1204    0.221
    29   0.0254  -0.1168   0.0000   0.2540   0.0059   0.1389   0.1243   0.5740   0.5487   0.0327   0.0000   0.0189   0.1151    0.216
    30   0.0306  -0.1404   0.0000   0.2540   0.0061   0.1346   0.1277   0.5564   0.5319   0.0310   0.0000   0.0213   0.1087    0.210
    31   0.0358  -0.1644   0.0000   0.2540   0.0061   0.1289   0.1312   0.5329   0.5094   0.0292   0.0000   0.0236   0.1009    0.204
    32   0.0410  -0.1880   0.0000   0.2540   0.0059   0.1216   0.1346   0.5027   0.4806   0.0272   0.0000   0.0260   0.0916    0.196
    33   0.0459  -0.2107   0.0000   0.2540   0.0056   0.1126   0.1378   0.4655   0.4449   0.0250   0.0000   0.0281   0.0808    0.187
    34   0.0505  -0.2320   0.0000   0.2540   0.0052   0.1018   0.1402   0.4209   0.4023   0.0224   0.0000   0.0296   0.0689    0.176
    35   0.0548  -0.2514   0.0000   0.2540   0.0046   0.0893   0.1416   0.3692   0.3529   0.0196   0.0000   0.0303   0.0562    0.164
    36   0.0584  -0.2683   0.0000   0.2540   0.0039   0.0752   0.1416   0.3109   0.2972   0.0164   0.0000   0.0295   0.0435    0.151
    37   0.0615  -0.2823   0.0000   0.2540   0.0032   0.0597   0.1402   0.2471   0.2362   0.0128   0.0000   0.0267   0.0314    0.137
    38   0.0639  -0.2932   0.0000   0.2540   0.0023   0.0433   0.1374   0.1791   0.1712   0.0089   0.0000   0.0216   0.0205    0.124
    39   0.0655  -0.3006   0.0000   0.2540   0.0014   0.0262   0.1338   0.1085   0.1037   0.0046   0.0000   0.0141   0.0114    0.114
    40   0.0663  -0.3043   0.0000   0.2540   0.0005   0.0088   0.1316   0.0365   0.0349   0.0004   0.0000   0.0049   0.0036    0.109
 ---------------------------------------------------------------
