 ---------------------------------------------------------------
 Surface and Strip Forces by surface

  Sref = 0.11920       Cref = 0.20760       Bref = 0.60960    
  Xref = 0.10920       Yref =  0.0000       Zref =  0.0000    

  Surface # 1     Wing                                    
     # Chordwise = 10   # Spanwise = 20     First strip =  1
     Surface area Ssurf =    0.085161     Ave. chord Cave =    0.279400

 Forces referred to Sref, Cref, Bref about Xref, Yref, Zref
 Standard axis orientation,  X fwd, Z down         
     CLsurf  =   0.30473     Clsurf  =  -0.06517
     CYsurf  =   0.00382     Cmsurf  =   0.05099
     CDsurf  =   0.01972     Cnsurf  =  -0.00808
     CDisurf =   0.01972     CDvsurf =   0.00000

 Forces referred to Ssurf, Cave 
     CLsurf  =   0.42654     CDsurf  =   0.02761

 Strip Forces referred to Strip Area, Chord
    j     Xle      Yle      Zle      Chord    Area     c_cl     ai     cl_norm    cl       cd       cdv    cm_c/4     cm_LE   C.P.x/c
     1   0.0001   0.0005   0.0000   0.2794   0.0005   0.1483   0.1170   0.5189   0.5095   0.1762   0.0000   0.0091  -0.1224    0.232
     2   0.0006   0.0042   0.0000   0.2794   0.0016   0.1482   0.1164   0.5394   0.5296   0.0474   0.0000   0.0094  -0.1221    0.232
     3   0.0016   0.0116   0.0000   0.2794   0.0026   0.1482   0.1163   0.5404   0.5307   0.0393   0.0000   0.0103  -0.1211    0.231
     4   0.0031   0.0225   0.0000   0.2794   0.0035   0.1480   0.1168   0.5401   0.5303   0.0369   0.0000   0.0118  -0.1195    0.228
     5   0.0050   0.0365   0.0000   0.2794   0.0043   0.1475   0.1176   0.5386   0.5288   0.0352   0.0000   0.0134  -0.1175    0.225
     6   0.0073   0.0534   0.0000   0.2794   0.0051   0.1466   0.1189   0.5355   0.5258   0.0337   0.0000   0.0151  -0.1150    0.221
     7   0.0100   0.0728   0.0000   0.2794   0.0057   0.1450   0.1204   0.5300   0.5204   0.0324   0.0000   0.0168  -0.1120    0.218
     8   0.0129   0.0941   0.0000   0.2794   0.0062   0.1427   0.1223   0.5214   0.5120   0.0312   0.0000   0.0184  -0.1082    0.214
     9   0.0161   0.1168   0.0000   0.2794   0.0065   0.1392   0.1245   0.5090   0.4998   0.0300   0.0000   0.0201  -0.1036    0.210
    10   0.0193   0.1404   0.0000   0.2794   0.0067   0.1346   0.1269   0.4920   0.4831   0.0287   0.0000   0.0217  -0.0978    0.205
    11   0.0226   0.1644   0.0000   0.2794   0.0067   0.1285   0.1294   0.4698   0.4613   0.0273   0.0000   0.0234  -0.0907    0.199
    12   0.0258   0.1880   0.0000   0.2794   0.0065   0.1209   0.1318   0.4418   0.4338   0.0257   0.0000   0.0250  -0.0824    0.192
    13   0.0290   0.2107   0.0000   0.2794   0.0062   0.1116   0.1340   0.4079   0.4005   0.0239   0.0000   0.0263  -0.0729    0.184
    14   0.0319   0.2320   0.0000   0.2794   0.0057   0.1006   0.1356   0.3679   0.3612   0.0217   0.0000   0.0271  -0.0623    0.175
    15   0.0346   0.2514   0.0000   0.2794   0.0051   0.0881   0.1363   0.3219   0.3161   0.0192   0.0000   0.0272  -0.0512    0.164
    16   0.0369   0.2683   0.0000   0.2794   0.0043   0.0740   0.1360   0.2706   0.2657   0.0163   0.0000   0.0260  -0.0399    0.152
    17   0.0388   0.2823   0.0000   0.2794   0.0035   0.0588   0.1344   0.2147   0.2109   0.0130   0.0000   0.0232  -0.0291    0.140
    18   0.0403   0.2932   0.0000   0.2794   0.0026   0.0426   0.1316   0.1555   0.1527   0.0093   0.0000   0.0185  -0.0194    0.129
    19   0.0413   0.3006   0.0000   0.2794   0.0016   0.0257   0.1283   0.0941   0.0924   0.0052   0.0000   0.0121  -0.0109    0.120
    20   0.0418   0.3043   0.0000   0.2794   0.0005   0.0086   0.1263   0.0316   0.0310   0.0011   0.0000   0.0042  -0.0035    0.115

  Surface # 2     Wing (YDUP)                             
     # Chordwise = 10   # Spanwise = 20     First strip = 21
     Surface area Ssurf =    0.085161     Ave. chord Cave =    0.279400

 Forces referred to Sref, Cref, Bref about Xref, Yref, Zref
 Standard axis orientation,  X fwd, Z down         
     CLsurf  =   0.30473     Clsurf  =   0.06517
     CYsurf  =  -0.00382     Cmsurf  =   0.05099
     CDsurf  =   0.01972     Cnsurf  =   0.00808
     CDisurf =   0.01972     CDvsurf =   0.00000

 Forces referred to Ssurf, Cave 
     CLsurf  =   0.42654     CDsurf  =   0.02761

 Strip Forces referred to Strip Area, Chord
    j     Xle      Yle      Zle      Chord    Area     c_cl     ai     cl_norm    cl       cd       cdv    cm_c/4     cm_LE   C.P.x/c
    21   0.0001  -0.0005   0.0000   0.2794   0.0005   0.1483   0.1170   0.5189   0.5095   0.1762   0.0000   0.0091   0.1224    0.232
    22   0.0006  -0.0042   0.0000   0.2794   0.0016   0.1482   0.1164   0.5394   0.5296   0.0474   0.0000   0.0094   0.1221    0.232
    23   0.0016  -0.0116   0.0000   0.2794   0.0026   0.1482   0.1163   0.5404   0.5307   0.0393   0.0000   0.0103   0.1211    0.231
    24   0.0031  -0.0225   0.0000   0.2794   0.0035   0.1480   0.1168   0.5401   0.5303   0.0369   0.0000   0.0118   0.1195    0.228
    25   0.0050  -0.0365   0.0000   0.2794   0.0043   0.1475   0.1176   0.5386   0.5288   0.0352   0.0000   0.0134   0.1175    0.225
    26   0.0073  -0.0534   0.0000   0.2794   0.0051   0.1466   0.1189   0.5355   0.5258   0.0337   0.0000   0.0151   0.1150    0.221
    27   0.0100  -0.0728   0.0000   0.2794   0.0057   0.1450   0.1204   0.5300   0.5204   0.0324   0.0000   0.0168   0.1120    0.218
    28   0.0129  -0.0941   0.0000   0.2794   0.0062   0.1427   0.1223   0.5214   0.5120   0.0312   0.0000   0.0184   0.1082    0.214
    29   0.0161  -0.1168   0.0000   0.2794   0.0065   0.1392   0.1245   0.5090   0.4998   0.0300   0.0000   0.0201   0.1036    0.210
    30   0.0193  -0.1404   0.0000   0.2794   0.0067   0.1346   0.1269   0.4920   0.4831   0.0287   0.0000   0.0217   0.0978    0.205
    31   0.0226  -0.1644   0.0000   0.2794   0.0067   0.1285   0.1294   0.4698   0.4613   0.0273   0.0000   0.0234   0.0907    0.199
    32   0.0258  -0.1880   0.0000   0.2794   0.0065   0.1209   0.1318   0.4418   0.4338   0.0257   0.0000   0.0250   0.0824    0.192
    33   0.0290  -0.2107   0.0000   0.2794   0.0062   0.1116   0.1340   0.4079   0.4005   0.0239   0.0000   0.0263   0.0729    0.184
    34   0.0319  -0.2320   0.0000   0.2794   0.0057   0.1006   0.1356   0.3679   0.3612   0.0217   0.0000   0.0271   0.0623    0.175
    35   0.0346  -0.2514   0.0000   0.2794   0.0051   0.0881   0.1363   0.3219   0.3161   0.0192   0.0000   0.0272   0.0512    0.164
    36   0.0369  -0.2683   0.0000   0.2794   0.0043   0.0740   0.1360   0.2706   0.2657   0.0163   0.0000   0.0260   0.0399    0.152
    37   0.0388  -0.2823   0.0000   0.2794   0.0035   0.0588   0.1344   0.2147   0.2109   0.0130   0.0000   0.0232   0.0291    0.140
    38   0.0403  -0.2932   0.0000   0.2794   0.0026   0.0426   0.1316   0.1555   0.1527   0.0093   0.0000   0.0185   0.0194    0.129
    39   0.0413  -0.3006   0.0000   0.2794   0.0016   0.0257   0.1283   0.0941   0.0924   0.0052   0.0000   0.0121   0.0109    0.120
    40   0.0418  -0.3043   0.0000   0.2794   0.0005   0.0086   0.1263   0.0316   0.0310   0.0011   0.0000   0.0042   0.0035    0.115
 ---------------------------------------------------------------
