 ---------------------------------------------------------------
 Surface and Strip Forces by surface

  Sref = 0.12650       Cref = 0.18870       Bref = 0.71120    
  Xref = 0.10920       Yref =  0.0000       Zref =  0.0000    

  Surface # 1     Wing                                    
     # Chordwise = 10   # Spanwise = 20     First strip =  1
     Surface area Ssurf =    0.090322     Ave. chord Cave =    0.254000

 Forces referred to Sref, Cref, Bref about Xref, Yref, Zref
 Standard axis orientation,  X fwd, Z down         
     CLsurf  =   0.28715     Clsurf  =  -0.06201
     CYsurf  =   0.00426     Cmsurf  =   0.03899
     CDsurf  =   0.01376     Cnsurf  =  -0.00655
     CDisurf =   0.01376     CDvsurf =   0.00000

 Forces referred to Ssurf, Cave 
     CLsurf  =   0.40216     CDsurf  =   0.01928

 Strip Forces referred to Strip Area, Chord
    j     Xle      Yle      Zle      Chord    Area     c_cl     ai     cl_norm    cl       cd       cdv    cm_c/4     cm_LE   C.P.x/c
     1   0.0001   0.0005   0.0000   0.2540   0.0006   0.1246   0.0791   0.4930   0.4753   0.1542   0.0000  -0.0003  -0.1208    0.251
     2   0.0010   0.0049   0.0000   0.2540   0.0017   0.1246   0.0784   0.5082   0.4899   0.0365   0.0000   0.0002  -0.1202    0.250
     3   0.0026   0.0135   0.0000   0.2540   0.0027   0.1246   0.0786   0.5090   0.4907   0.0295   0.0000   0.0018  -0.1186    0.246
     4   0.0051   0.0262   0.0000   0.2540   0.0037   0.1245   0.0796   0.5090   0.4907   0.0271   0.0000   0.0041  -0.1163    0.242
     5   0.0083   0.0426   0.0000   0.2540   0.0046   0.1243   0.0810   0.5083   0.4900   0.0253   0.0000   0.0064  -0.1138    0.237
     6   0.0121   0.0623   0.0000   0.2540   0.0054   0.1238   0.0829   0.5064   0.4882   0.0237   0.0000   0.0087  -0.1111    0.232
     7   0.0165   0.0849   0.0000   0.2540   0.0060   0.1229   0.0851   0.5027   0.4846   0.0224   0.0000   0.0107  -0.1082    0.228
     8   0.0214   0.1098   0.0000   0.2540   0.0065   0.1213   0.0875   0.4963   0.4785   0.0213   0.0000   0.0125  -0.1048    0.224
     9   0.0265   0.1363   0.0000   0.2540   0.0069   0.1188   0.0903   0.4865   0.4690   0.0204   0.0000   0.0143  -0.1007    0.219
    10   0.0319   0.1638   0.0000   0.2540   0.0071   0.1154   0.0933   0.4724   0.4555   0.0194   0.0000   0.0162  -0.0956    0.215
    11   0.0373   0.1918   0.0000   0.2540   0.0071   0.1108   0.0965   0.4534   0.4371   0.0185   0.0000   0.0181  -0.0893    0.209
    12   0.0427   0.2193   0.0000   0.2540   0.0069   0.1047   0.0998   0.4288   0.4134   0.0174   0.0000   0.0200  -0.0815    0.201
    13   0.0478   0.2458   0.0000   0.2540   0.0065   0.0972   0.1028   0.3979   0.3836   0.0162   0.0000   0.0220  -0.0723    0.193
    14   0.0527   0.2707   0.0000   0.2540   0.0060   0.0881   0.1053   0.3606   0.3477   0.0147   0.0000   0.0237  -0.0619    0.182
    15   0.0571   0.2933   0.0000   0.2540   0.0054   0.0774   0.1069   0.3169   0.3055   0.0129   0.0000   0.0247  -0.0505    0.169
    16   0.0609   0.3130   0.0000   0.2540   0.0046   0.0653   0.1071   0.2671   0.2575   0.0109   0.0000   0.0246  -0.0389    0.155
    17   0.0641   0.3294   0.0000   0.2540   0.0037   0.0519   0.1056   0.2123   0.2047   0.0086   0.0000   0.0228  -0.0278    0.139
    18   0.0666   0.3421   0.0000   0.2540   0.0027   0.0376   0.1026   0.1538   0.1483   0.0060   0.0000   0.0188  -0.0179    0.123
    19   0.0682   0.3507   0.0000   0.2540   0.0017   0.0227   0.0985   0.0930   0.0896   0.0031   0.0000   0.0125  -0.0097    0.111
    20   0.0691   0.3551   0.0000   0.2540   0.0006   0.0076   0.0958   0.0312   0.0300   0.0003   0.0000   0.0044  -0.0030    0.104

  Surface # 2     Wing (YDUP)                             
     # Chordwise = 10   # Spanwise = 20     First strip = 21
     Surface area Ssurf =    0.090322     Ave. chord Cave =    0.254000

 Forces referred to Sref, Cref, Bref about Xref, Yref, Zref
 Standard axis orientation,  X fwd, Z down         
     CLsurf  =   0.28715     Clsurf  =   0.06201
     CYsurf  =  -0.00426     Cmsurf  =   0.03899
     CDsurf  =   0.01376     Cnsurf  =   0.00655
     CDisurf =   0.01376     CDvsurf =   0.00000

 Forces referred to Ssurf, Cave 
     CLsurf  =   0.40216     CDsurf  =   0.01928

 Strip Forces referred to Strip Area, Chord
    j     Xle      Yle      Zle      Chord    Area     c_cl     ai     cl_norm    cl       cd       cdv    cm_c/4     cm_LE   C.P.x/c
    21   0.0001  -0.0005   0.0000   0.2540   0.0006   0.1246   0.0791   0.4930   0.4753   0.1542   0.0000  -0.0003   0.1208    0.251
    22   0.0010  -0.0049   0.0000   0.2540   0.0017   0.1246   0.0784   0.5082   0.4899   0.0365   0.0000   0.0002   0.1202    0.250
    23   0.0026  -0.0135   0.0000   0.2540   0.0027   0.1246   0.0786   0.5090   0.4907   0.0295   0.0000   0.0018   0.1186    0.246
    24   0.0051  -0.0262   0.0000   0.2540   0.0037   0.1245   0.0796   0.5090   0.4907   0.0271   0.0000   0.0041   0.1163    0.242
    25   0.0083  -0.0426   0.0000   0.2540   0.0046   0.1243   0.0810   0.5083   0.4900   0.0253   0.0000   0.0064   0.1138    0.237
    26   0.0121  -0.0623   0.0000   0.2540   0.0054   0.1238   0.0829   0.5064   0.4882   0.0237   0.0000   0.0087   0.1111    0.232
    27   0.0165  -0.0849   0.0000   0.2540   0.0060   0.1229   0.0851   0.5027   0.4846   0.0224   0.0000   0.0107   0.1082    0.228
    28   0.0214  -0.1098   0.0000   0.2540   0.0065   0.1213   0.0875   0.4963   0.4785   0.0213   0.0000   0.0125   0.1048    0.224
    29   0.0265  -0.1363   0.0000   0.2540   0.0069   0.1188   0.0903   0.4865   0.4690   0.0204   0.0000   0.0143   0.1007    0.219
    30   0.0319  -0.1638   0.0000   0.2540   0.0071   0.1154   0.0933   0.4724   0.4555   0.0194   0.0000   0.0162   0.0956    0.215
    31   0.0373  -0.1918   0.0000   0.2540   0.0071   0.1108   0.0965   0.4534   0.4371   0.0185   0.0000   0.0181   0.0893    0.209
    32   0.0427  -0.2193   0.0000   0.2540   0.0069   0.1047   0.0998   0.4288   0.4134   0.0174   0.0000   0.0200   0.0815    0.201
    33   0.0478  -0.2458   0.0000   0.2540   0.0065   0.0972   0.1028   0.3979   0.3836   0.0162   0.0000   0.0220   0.0723    0.193
    34   0.0527  -0.2707   0.0000   0.2540   0.0060   0.0881   0.1053   0.3606   0.3477   0.0147   0.0000   0.0237   0.0619    0.182
    35   0.0571  -0.2933   0.0000   0.2540   0.0054   0.0774   0.1069   0.3169   0.3055   0.0129   0.0000   0.0247   0.0505    0.169
    36   0.0609  -0.3130   0.0000   0.2540   0.0046   0.0653   0.1071   0.2671   0.2575   0.0109   0.0000   0.0246   0.0389    0.155
    37   0.0641  -0.3294   0.0000   0.2540   0.0037   0.0519   0.1056   0.2123   0.2047   0.0086   0.0000   0.0228   0.0278    0.139
    38   0.0666  -0.3421   0.0000   0.2540   0.0027   0.0376   0.1026   0.1538   0.1483   0.0060   0.0000   0.0188   0.0179    0.123
    39   0.0682  -0.3507   0.0000   0.2540   0.0017   0.0227   0.0985   0.0930   0.0896   0.0031   0.0000   0.0125   0.0097    0.111
    40   0.0691  -0.3551   0.0000   0.2540   0.0006   0.0076   0.0958   0.0312   0.0300   0.0003   0.0000   0.0044   0.0030    0.104
 ---------------------------------------------------------------
