 ---------------------------------------------------------------
 Surface and Strip Forces by surface

  Sref = 0.18580       Cref = 0.30480       Bref = 0.60960    
  Xref = 0.10920       Yref =  0.0000       Zref =  0.0000    

  Surface # 1     Wing                                    
     # Chordwise = 10   # Spanwise = 20     First strip =  1
     Surface area Ssurf =    0.092903     Ave. chord Cave =    0.304800

 Forces referred to Sref, Cref, Bref about Xref, Yref, Zref
 Standard axis orientation,  X fwd, Z down         
     CLsurf  =   0.19550     Clsurf  =  -0.04196
     CYsurf  =   0.00602     Cmsurf  =   0.00033
     CDsurf  =   0.01321     Cnsurf  =  -0.00802
     CDisurf =   0.01321     CDvsurf =   0.00000

 Forces referred to Ssurf, Cave 
     CLsurf  =   0.39099     CDsurf  =   0.02643

 Strip Forces referred to Strip Area, Chord
    j     Xle      Yle      Zle      Chord    Area     c_cl     ai     cl_norm    cl       cd       cdv    cm_c/4     cm_LE   C.P.x/c
     1   0.0002   0.0005   0.0000   0.3048   0.0006   0.1471   0.1126   0.4900   0.4340   0.3551   0.0000  -0.0041  -0.1173    0.259
     2   0.0015   0.0042   0.0000   0.3048   0.0017   0.1471   0.1114   0.5403   0.4786   0.0639   0.0000  -0.0035  -0.1167    0.257
     3   0.0042   0.0116   0.0000   0.3048   0.0028   0.1471   0.1114   0.5432   0.4812   0.0458   0.0000  -0.0015  -0.1147    0.253
     4   0.0082   0.0225   0.0000   0.3048   0.0038   0.1469   0.1125   0.5435   0.4814   0.0413   0.0000   0.0017  -0.1117    0.246
     5   0.0133   0.0365   0.0000   0.3048   0.0047   0.1466   0.1144   0.5428   0.4808   0.0382   0.0000   0.0053  -0.1080    0.239
     6   0.0194   0.0534   0.0000   0.3048   0.0055   0.1459   0.1168   0.5407   0.4790   0.0353   0.0000   0.0089  -0.1041    0.231
     7   0.0265   0.0728   0.0000   0.3048   0.0062   0.1447   0.1195   0.5365   0.4752   0.0326   0.0000   0.0124  -0.0998    0.224
     8   0.0342   0.0941   0.0000   0.3048   0.0067   0.1426   0.1225   0.5291   0.4687   0.0301   0.0000   0.0157  -0.0952    0.217
     9   0.0425   0.1168   0.0000   0.3048   0.0071   0.1395   0.1256   0.5177   0.4586   0.0278   0.0000   0.0188  -0.0898    0.209
    10   0.0511   0.1404   0.0000   0.3048   0.0073   0.1350   0.1288   0.5016   0.4443   0.0255   0.0000   0.0218  -0.0836    0.201
    11   0.0598   0.1644   0.0000   0.3048   0.0073   0.1291   0.1318   0.4799   0.4250   0.0232   0.0000   0.0246  -0.0764    0.192
    12   0.0684   0.1880   0.0000   0.3048   0.0071   0.1216   0.1345   0.4520   0.4004   0.0208   0.0000   0.0272  -0.0681    0.182
    13   0.0767   0.2107   0.0000   0.3048   0.0067   0.1123   0.1365   0.4176   0.3699   0.0183   0.0000   0.0294  -0.0589    0.171
    14   0.0844   0.2320   0.0000   0.3048   0.0062   0.1013   0.1377   0.3768   0.3337   0.0156   0.0000   0.0308  -0.0491    0.158
    15   0.0915   0.2514   0.0000   0.3048   0.0055   0.0886   0.1378   0.3296   0.2920   0.0128   0.0000   0.0312  -0.0390    0.143
    16   0.0976   0.2683   0.0000   0.3048   0.0047   0.0744   0.1365   0.2770   0.2453   0.0100   0.0000   0.0299  -0.0292    0.128
    17   0.1027   0.2823   0.0000   0.3048   0.0038   0.0590   0.1340   0.2197   0.1946   0.0071   0.0000   0.0267  -0.0204    0.113
    18   0.1067   0.2932   0.0000   0.3048   0.0028   0.0426   0.1305   0.1591   0.1409   0.0042   0.0000   0.0212  -0.0129    0.099
    19   0.1094   0.3006   0.0000   0.3048   0.0017   0.0258   0.1268   0.0963   0.0853   0.0012   0.0000   0.0137  -0.0070    0.089
    20   0.1107   0.3043   0.0000   0.3048   0.0006   0.0086   0.1249   0.0325   0.0288  -0.0012   0.0000   0.0047  -0.0022    0.085

  Surface # 2     Wing (YDUP)                             
     # Chordwise = 10   # Spanwise = 20     First strip = 21
     Surface area Ssurf =    0.092903     Ave. chord Cave =    0.304800

 Forces referred to Sref, Cref, Bref about Xref, Yref, Zref
 Standard axis orientation,  X fwd, Z down         
     CLsurf  =   0.19550     Clsurf  =   0.04196
     CYsurf  =  -0.00602     Cmsurf  =   0.00033
     CDsurf  =   0.01321     Cnsurf  =   0.00802
     CDisurf =   0.01321     CDvsurf =   0.00000

 Forces referred to Ssurf, Cave 
     CLsurf  =   0.39099     CDsurf  =   0.02643

 Strip Forces referred to Strip Area, Chord
    j     Xle      Yle      Zle      Chord    Area     c_cl     ai     cl_norm    cl       cd       cdv    cm_c/4     cm_LE   C.P.x/c
    21   0.0002  -0.0005   0.0000   0.3048   0.0006   0.1471   0.1126   0.4900   0.4340   0.3551   0.0000  -0.0041   0.1173    0.259
    22   0.0015  -0.0042   0.0000   0.3048   0.0017   0.1471   0.1114   0.5403   0.4786   0.0639   0.0000  -0.0035   0.1167    0.257
    23   0.0042  -0.0116   0.0000   0.3048   0.0028   0.1471   0.1114   0.5432   0.4812   0.0458   0.0000  -0.0015   0.1147    0.253
    24   0.0082  -0.0225   0.0000   0.3048   0.0038   0.1469   0.1125   0.5435   0.4814   0.0413   0.0000   0.0017   0.1117    0.246
    25   0.0133  -0.0365   0.0000   0.3048   0.0047   0.1466   0.1144   0.5428   0.4808   0.0382   0.0000   0.0053   0.1080    0.239
    26   0.0194  -0.0534   0.0000   0.3048   0.0055   0.1459   0.1168   0.5407   0.4790   0.0353   0.0000   0.0089   0.1041    0.231
    27   0.0265  -0.0728   0.0000   0.3048   0.0062   0.1447   0.1195   0.5365   0.4752   0.0326   0.0000   0.0124   0.0998    0.224
    28   0.0342  -0.0941   0.0000   0.3048   0.0067   0.1426   0.1225   0.5291   0.4687   0.0301   0.0000   0.0157   0.0952    0.217
    29   0.0425  -0.1168   0.0000   0.3048   0.0071   0.1395   0.1256   0.5177   0.4586   0.0278   0.0000   0.0188   0.0898    0.209
    30   0.0511  -0.1404   0.0000   0.3048   0.0073   0.1350   0.1288   0.5016   0.4443   0.0255   0.0000   0.0218   0.0836    0.201
    31   0.0598  -0.1644   0.0000   0.3048   0.0073   0.1291   0.1318   0.4799   0.4250   0.0232   0.0000   0.0246   0.0764    0.192
    32   0.0684  -0.1880   0.0000   0.3048   0.0071   0.1216   0.1345   0.4520   0.4004   0.0208   0.0000   0.0272   0.0681    0.182
    33   0.0767  -0.2107   0.0000   0.3048   0.0067   0.1123   0.1365   0.4176   0.3699   0.0183   0.0000   0.0294   0.0589    0.171
    34   0.0844  -0.2320   0.0000   0.3048   0.0062   0.1013   0.1377   0.3768   0.3337   0.0156   0.0000   0.0308   0.0491    0.158
    35   0.0915  -0.2514   0.0000   0.3048   0.0055   0.0886   0.1378   0.3296   0.2920   0.0128   0.0000   0.0312   0.0390    0.143
    36   0.0976  -0.2683   0.0000   0.3048   0.0047   0.0744   0.1365   0.2770   0.2453   0.0100   0.0000   0.0299   0.0292    0.128
    37   0.1027  -0.2823   0.0000   0.3048   0.0038   0.0590   0.1340   0.2197   0.1946   0.0071   0.0000   0.0267   0.0204    0.113
    38   0.1067  -0.2932   0.0000   0.3048   0.0028   0.0426   0.1305   0.1591   0.1409   0.0042   0.0000   0.0212   0.0129    0.099
    39   0.1094  -0.3006   0.0000   0.3048   0.0017   0.0258   0.1268   0.0963   0.0853   0.0012   0.0000   0.0137   0.0070    0.089
    40   0.1107  -0.3043   0.0000   0.3048   0.0006   0.0086   0.1249   0.0325   0.0288  -0.0012   0.0000   0.0047   0.0022    0.085
 ---------------------------------------------------------------
