 ---------------------------------------------------------------
 Surface and Strip Forces by surface

  Sref = 0.13210       Cref = 0.16590       Bref = 0.81280    
  Xref = 0.10920       Yref =  0.0000       Zref =  0.0000    

  Surface # 1     Wing                                    
     # Chordwise = 10   # Spanwise = 20     First strip =  1
     Surface area Ssurf =    0.082580     Ave. chord Cave =    0.203200

 Forces referred to Sref, Cref, Bref about Xref, Yref, Zref
 Standard axis orientation,  X fwd, Z down         
     CLsurf  =   0.27498     Clsurf  =  -0.05976
     CYsurf  =   0.00105     Cmsurf  =   0.09160
     CDsurf  =   0.00980     Cnsurf  =  -0.00465
     CDisurf =   0.00980     CDvsurf =   0.00000

 Forces referred to Ssurf, Cave 
     CLsurf  =   0.43987     CDsurf  =   0.01568

 Strip Forces referred to Strip Area, Chord
    j     Xle      Yle      Zle      Chord    Area     c_cl     ai     cl_norm    cl       cd       cdv    cm_c/4     cm_LE   C.P.x/c
     1   0.0000   0.0006   0.0000   0.2032   0.0005   0.1081   0.0595   0.5317   0.5304   0.0446   0.0000   0.0054  -0.1275    0.240
     2   0.0003   0.0056   0.0000   0.2032   0.0015   0.1081   0.0593   0.5345   0.5331   0.0202   0.0000   0.0056  -0.1272    0.239
     3   0.0008   0.0155   0.0000   0.2032   0.0025   0.1081   0.0595   0.5345   0.5332   0.0187   0.0000   0.0063  -0.1265    0.238
     4   0.0015   0.0299   0.0000   0.2032   0.0034   0.1080   0.0600   0.5341   0.5328   0.0179   0.0000   0.0071  -0.1256    0.237
     5   0.0024   0.0487   0.0000   0.2032   0.0042   0.1078   0.0607   0.5330   0.5317   0.0174   0.0000   0.0079  -0.1246    0.235
     6   0.0036   0.0712   0.0000   0.2032   0.0049   0.1073   0.0617   0.5307   0.5294   0.0170   0.0000   0.0086  -0.1233    0.234
     7   0.0048   0.0970   0.0000   0.2032   0.0055   0.1064   0.0630   0.5265   0.5252   0.0167   0.0000   0.0092  -0.1216    0.232
     8   0.0063   0.1254   0.0000   0.2032   0.0060   0.1051   0.0647   0.5199   0.5186   0.0166   0.0000   0.0099  -0.1193    0.231
     9   0.0078   0.1558   0.0000   0.2032   0.0063   0.1031   0.0668   0.5100   0.5088   0.0165   0.0000   0.0107  -0.1161    0.229
    10   0.0094   0.1873   0.0000   0.2032   0.0065   0.1003   0.0695   0.4963   0.4951   0.0165   0.0000   0.0116  -0.1117    0.227
    11   0.0109   0.2191   0.0000   0.2032   0.0065   0.0966   0.0726   0.4779   0.4767   0.0164   0.0000   0.0127  -0.1060    0.223
    12   0.0125   0.2506   0.0000   0.2032   0.0063   0.0918   0.0762   0.4540   0.4529   0.0162   0.0000   0.0141  -0.0988    0.219
    13   0.0140   0.2810   0.0000   0.2032   0.0060   0.0857   0.0801   0.4238   0.4227   0.0158   0.0000   0.0157  -0.0897    0.213
    14   0.0155   0.3094   0.0000   0.2032   0.0055   0.0782   0.0840   0.3867   0.3857   0.0152   0.0000   0.0174  -0.0788    0.205
    15   0.0167   0.3352   0.0000   0.2032   0.0049   0.0693   0.0873   0.3422   0.3414   0.0142   0.0000   0.0188  -0.0663    0.195
    16   0.0179   0.3577   0.0000   0.2032   0.0042   0.0588   0.0895   0.2905   0.2898   0.0127   0.0000   0.0197  -0.0526    0.182
    17   0.0188   0.3765   0.0000   0.2032   0.0034   0.0470   0.0899   0.2322   0.2316   0.0107   0.0000   0.0192  -0.0386    0.167
    18   0.0195   0.3909   0.0000   0.2032   0.0025   0.0342   0.0881   0.1688   0.1683   0.0081   0.0000   0.0166  -0.0254    0.151
    19   0.0200   0.4008   0.0000   0.2032   0.0015   0.0207   0.0842   0.1021   0.1018   0.0049   0.0000   0.0116  -0.0139    0.137
    20   0.0203   0.4058   0.0000   0.2032   0.0005   0.0069   0.0807   0.0341   0.0340   0.0015   0.0000   0.0042  -0.0043    0.128

  Surface # 2     Wing (YDUP)                             
     # Chordwise = 10   # Spanwise = 20     First strip = 21
     Surface area Ssurf =    0.082580     Ave. chord Cave =    0.203200

 Forces referred to Sref, Cref, Bref about Xref, Yref, Zref
 Standard axis orientation,  X fwd, Z down         
     CLsurf  =   0.27498     Clsurf  =   0.05976
     CYsurf  =  -0.00105     Cmsurf  =   0.09160
     CDsurf  =   0.00980     Cnsurf  =   0.00465
     CDisurf =   0.00980     CDvsurf =   0.00000

 Forces referred to Ssurf, Cave 
     CLsurf  =   0.43987     CDsurf  =   0.01568

 Strip Forces referred to Strip Area, Chord
    j     Xle      Yle      Zle      Chord    Area     c_cl     ai     cl_norm    cl       cd       cdv    cm_c/4     cm_LE   C.P.x/c
    21   0.0000  -0.0006   0.0000   0.2032   0.0005   0.1081   0.0595   0.5317   0.5304   0.0446   0.0000   0.0054   0.1275    0.240
    22   0.0003  -0.0056   0.0000   0.2032   0.0015   0.1081   0.0593   0.5345   0.5331   0.0202   0.0000   0.0056   0.1272    0.239
    23   0.0008  -0.0155   0.0000   0.2032   0.0025   0.1081   0.0595   0.5345   0.5332   0.0187   0.0000   0.0063   0.1265    0.238
    24   0.0015  -0.0299   0.0000   0.2032   0.0034   0.1080   0.0600   0.5341   0.5328   0.0179   0.0000   0.0071   0.1256    0.237
    25   0.0024  -0.0487   0.0000   0.2032   0.0042   0.1078   0.0607   0.5330   0.5317   0.0174   0.0000   0.0079   0.1246    0.235
    26   0.0036  -0.0712   0.0000   0.2032   0.0049   0.1073   0.0617   0.5307   0.5294   0.0170   0.0000   0.0086   0.1233    0.234
    27   0.0048  -0.0970   0.0000   0.2032   0.0055   0.1064   0.0630   0.5265   0.5252   0.0167   0.0000   0.0092   0.1216    0.232
    28   0.0063  -0.1254   0.0000   0.2032   0.0060   0.1051   0.0647   0.5199   0.5186   0.0166   0.0000   0.0099   0.1193    0.231
    29   0.0078  -0.1558   0.0000   0.2032   0.0063   0.1031   0.0668   0.5100   0.5088   0.0165   0.0000   0.0107   0.1161    0.229
    30   0.0094  -0.1873   0.0000   0.2032   0.0065   0.1003   0.0695   0.4963   0.4951   0.0165   0.0000   0.0116   0.1117    0.227
    31   0.0109  -0.2191   0.0000   0.2032   0.0065   0.0966   0.0726   0.4779   0.4767   0.0164   0.0000   0.0127   0.1060    0.223
    32   0.0125  -0.2506   0.0000   0.2032   0.0063   0.0918   0.0762   0.4540   0.4529   0.0162   0.0000   0.0141   0.0988    0.219
    33   0.0140  -0.2810   0.0000   0.2032   0.0060   0.0857   0.0801   0.4238   0.4227   0.0158   0.0000   0.0157   0.0897    0.213
    34   0.0155  -0.3094   0.0000   0.2032   0.0055   0.0782   0.0840   0.3867   0.3857   0.0152   0.0000   0.0174   0.0788    0.205
    35   0.0167  -0.3352   0.0000   0.2032   0.0049   0.0693   0.0873   0.3422   0.3414   0.0142   0.0000   0.0188   0.0663    0.195
    36   0.0179  -0.3577   0.0000   0.2032   0.0042   0.0588   0.0895   0.2905   0.2898   0.0127   0.0000   0.0197   0.0526    0.182
    37   0.0188  -0.3765   0.0000   0.2032   0.0034   0.0470   0.0899   0.2322   0.2316   0.0107   0.0000   0.0192   0.0386    0.167
    38   0.0195  -0.3909   0.0000   0.2032   0.0025   0.0342   0.0881   0.1688   0.1683   0.0081   0.0000   0.0166   0.0254    0.151
    39   0.0200  -0.4008   0.0000   0.2032   0.0015   0.0207   0.0842   0.1021   0.1018   0.0049   0.0000   0.0116   0.0139    0.137
    40   0.0203  -0.4058   0.0000   0.2032   0.0005   0.0069   0.0807   0.0341   0.0340   0.0015   0.0000   0.0042   0.0043    0.128
 ---------------------------------------------------------------
