 ---------------------------------------------------------------
 Surface and Strip Forces by surface

  Sref = 0.13940       Cref = 0.22950       Bref = 0.60960    
  Xref = 0.10920       Yref =  0.0000       Zref =  0.0000    

  Surface # 1     Wing                                    
     # Chordwise = 10   # Spanwise = 20     First strip =  1
     Surface area Ssurf =    0.077419     Ave. chord Cave =    0.254000

 Forces referred to Sref, Cref, Bref about Xref, Yref, Zref
 Standard axis orientation,  X fwd, Z down         
     CLsurf  =   0.26058     Clsurf  =  -0.05618
     CYsurf  =   0.00781     Cmsurf  =   0.01744
     CDsurf  =   0.01740     Cnsurf  =  -0.00972
     CDisurf =   0.01740     CDvsurf =   0.00000

 Forces referred to Ssurf, Cave 
     CLsurf  =   0.46919     CDsurf  =   0.03132

 Strip Forces referred to Strip Area, Chord
    j     Xle      Yle      Zle      Chord    Area     c_cl     ai     cl_norm    cl       cd       cdv    cm_c/4     cm_LE   C.P.x/c
     1   0.0001   0.0005   0.0000   0.2540   0.0005   0.1453   0.1061   0.5703   0.5217   0.3516   0.0000  -0.0063  -0.1426    0.262
     2   0.0013   0.0042   0.0000   0.2540   0.0014   0.1453   0.1056   0.6210   0.5681   0.0699   0.0000  -0.0055  -0.1418    0.260
     3   0.0036   0.0116   0.0000   0.2540   0.0023   0.1452   0.1065   0.6240   0.5708   0.0529   0.0000  -0.0030  -0.1394    0.255
     4   0.0070   0.0225   0.0000   0.2540   0.0032   0.1452   0.1083   0.6247   0.5715   0.0479   0.0000   0.0006  -0.1360    0.249
     5   0.0113   0.0365   0.0000   0.2540   0.0039   0.1450   0.1108   0.6245   0.5713   0.0441   0.0000   0.0045  -0.1320    0.242
     6   0.0165   0.0534   0.0000   0.2540   0.0046   0.1445   0.1138   0.6229   0.5698   0.0407   0.0000   0.0083  -0.1280    0.236
     7   0.0225   0.0728   0.0000   0.2540   0.0052   0.1434   0.1172   0.6188   0.5661   0.0378   0.0000   0.0117  -0.1236    0.229
     8   0.0291   0.0941   0.0000   0.2540   0.0056   0.1416   0.1208   0.6114   0.5593   0.0352   0.0000   0.0150  -0.1189    0.223
     9   0.0362   0.1168   0.0000   0.2540   0.0059   0.1388   0.1247   0.5996   0.5485   0.0328   0.0000   0.0180  -0.1133    0.217
    10   0.0435   0.1404   0.0000   0.2540   0.0061   0.1348   0.1287   0.5823   0.5327   0.0306   0.0000   0.0210  -0.1066    0.211
    11   0.0509   0.1644   0.0000   0.2540   0.0061   0.1293   0.1328   0.5587   0.5111   0.0283   0.0000   0.0240  -0.0986    0.203
    12   0.0582   0.1880   0.0000   0.2540   0.0059   0.1221   0.1367   0.5279   0.4829   0.0259   0.0000   0.0269  -0.0891    0.194
    13   0.0653   0.2107   0.0000   0.2540   0.0056   0.1132   0.1401   0.4894   0.4477   0.0233   0.0000   0.0295  -0.0782    0.184
    14   0.0719   0.2320   0.0000   0.2540   0.0052   0.1024   0.1427   0.4430   0.4053   0.0204   0.0000   0.0316  -0.0661    0.172
    15   0.0779   0.2514   0.0000   0.2540   0.0046   0.0899   0.1441   0.3889   0.3557   0.0173   0.0000   0.0326  -0.0534    0.158
    16   0.0831   0.2683   0.0000   0.2540   0.0039   0.0757   0.1440   0.3277   0.2997   0.0140   0.0000   0.0319  -0.0407    0.144
    17   0.0874   0.2823   0.0000   0.2540   0.0032   0.0602   0.1422   0.2605   0.2383   0.0105   0.0000   0.0290  -0.0289    0.128
    18   0.0908   0.2932   0.0000   0.2540   0.0023   0.0436   0.1391   0.1889   0.1728   0.0068   0.0000   0.0235  -0.0186    0.114
    19   0.0931   0.3006   0.0000   0.2540   0.0014   0.0264   0.1353   0.1145   0.1047   0.0029   0.0000   0.0154  -0.0101    0.103
    20   0.0943   0.3043   0.0000   0.2540   0.0005   0.0088   0.1331   0.0386   0.0353  -0.0007   0.0000   0.0054  -0.0032    0.098

  Surface # 2     Wing (YDUP)                             
     # Chordwise = 10   # Spanwise = 20     First strip = 21
     Surface area Ssurf =    0.077419     Ave. chord Cave =    0.254000

 Forces referred to Sref, Cref, Bref about Xref, Yref, Zref
 Standard axis orientation,  X fwd, Z down         
     CLsurf  =   0.26058     Clsurf  =   0.05618
     CYsurf  =  -0.00781     Cmsurf  =   0.01744
     CDsurf  =   0.01740     Cnsurf  =   0.00972
     CDisurf =   0.01740     CDvsurf =   0.00000

 Forces referred to Ssurf, Cave 
     CLsurf  =   0.46919     CDsurf  =   0.03132

 Strip Forces referred to Strip Area, Chord
    j     Xle      Yle      Zle      Chord    Area     c_cl     ai     cl_norm    cl       cd       cdv    cm_c/4     cm_LE   C.P.x/c
    21   0.0001  -0.0005   0.0000   0.2540   0.0005   0.1453   0.1061   0.5703   0.5217   0.3516   0.0000  -0.0063   0.1426    0.262
    22   0.0013  -0.0042   0.0000   0.2540   0.0014   0.1453   0.1056   0.6210   0.5681   0.0699   0.0000  -0.0055   0.1418    0.260
    23   0.0036  -0.0116   0.0000   0.2540   0.0023   0.1452   0.1065   0.6240   0.5708   0.0529   0.0000  -0.0030   0.1394    0.255
    24   0.0070  -0.0225   0.0000   0.2540   0.0032   0.1452   0.1083   0.6247   0.5715   0.0479   0.0000   0.0006   0.1360    0.249
    25   0.0113  -0.0365   0.0000   0.2540   0.0039   0.1450   0.1108   0.6245   0.5713   0.0441   0.0000   0.0045   0.1320    0.242
    26   0.0165  -0.0534   0.0000   0.2540   0.0046   0.1445   0.1138   0.6229   0.5698   0.0407   0.0000   0.0083   0.1280    0.236
    27   0.0225  -0.0728   0.0000   0.2540   0.0052   0.1434   0.1172   0.6188   0.5661   0.0378   0.0000   0.0117   0.1236    0.229
    28   0.0291  -0.0941   0.0000   0.2540   0.0056   0.1416   0.1208   0.6114   0.5593   0.0352   0.0000   0.0150   0.1189    0.223
    29   0.0362  -0.1168   0.0000   0.2540   0.0059   0.1388   0.1247   0.5996   0.5485   0.0328   0.0000   0.0180   0.1133    0.217
    30   0.0435  -0.1404   0.0000   0.2540   0.0061   0.1348   0.1287   0.5823   0.5327   0.0306   0.0000   0.0210   0.1066    0.211
    31   0.0509  -0.1644   0.0000   0.2540   0.0061   0.1293   0.1328   0.5587   0.5111   0.0283   0.0000   0.0240   0.0986    0.203
    32   0.0582  -0.1880   0.0000   0.2540   0.0059   0.1221   0.1367   0.5279   0.4829   0.0259   0.0000   0.0269   0.0891    0.194
    33   0.0653  -0.2107   0.0000   0.2540   0.0056   0.1132   0.1401   0.4894   0.4477   0.0233   0.0000   0.0295   0.0782    0.184
    34   0.0719  -0.2320   0.0000   0.2540   0.0052   0.1024   0.1427   0.4430   0.4053   0.0204   0.0000   0.0316   0.0661    0.172
    35   0.0779  -0.2514   0.0000   0.2540   0.0046   0.0899   0.1441   0.3889   0.3557   0.0173   0.0000   0.0326   0.0534    0.158
    36   0.0831  -0.2683   0.0000   0.2540   0.0039   0.0757   0.1440   0.3277   0.2997   0.0140   0.0000   0.0319   0.0407    0.144
    37   0.0874  -0.2823   0.0000   0.2540   0.0032   0.0602   0.1422   0.2605   0.2383   0.0105   0.0000   0.0290   0.0289    0.128
    38   0.0908  -0.2932   0.0000   0.2540   0.0023   0.0436   0.1391   0.1889   0.1728   0.0068   0.0000   0.0235   0.0186    0.114
    39   0.0931  -0.3006   0.0000   0.2540   0.0014   0.0264   0.1353   0.1145   0.1047   0.0029   0.0000   0.0154   0.0101    0.103
    40   0.0943  -0.3043   0.0000   0.2540   0.0005   0.0088   0.1331   0.0386   0.0353  -0.0007   0.0000   0.0054   0.0032    0.098
 ---------------------------------------------------------------
