 ---------------------------------------------------------------
 Surface and Strip Forces by surface

  Sref = 0.22710       Cref = 0.27940       Bref = 0.81280    
  Xref = 0.10920       Yref =  0.0000       Zref =  0.0000    

  Surface # 1     Wing                                    
     # Chordwise = 10   # Spanwise = 20     First strip =  1
     Surface area Ssurf =    0.113548     Ave. chord Cave =    0.279400

 Forces referred to Sref, Cref, Bref about Xref, Yref, Zref
 Standard axis orientation,  X fwd, Z down         
     CLsurf  =   0.15995     Clsurf  =  -0.03432
     CYsurf  =   0.00000     Cmsurf  =   0.02906
     CDsurf  =   0.00562     Cnsurf  =  -0.00193
     CDisurf =   0.00562     CDvsurf =   0.00000

 Forces referred to Ssurf, Cave 
     CLsurf  =   0.31990     CDsurf  =   0.01124

 Strip Forces referred to Strip Area, Chord
    j     Xle      Yle      Zle      Chord    Area     c_cl     ai     cl_norm    cl       cd       cdv    cm_c/4     cm_LE   C.P.x/c
     1   0.0000   0.0006   0.0000   0.2794   0.0007   0.1111   0.0652   0.3981   0.3981   0.0126   0.0000   0.0109  -0.0885    0.223
     2   0.0000   0.0056   0.0000   0.2794   0.0021   0.1111   0.0652   0.3981   0.3981   0.0126   0.0000   0.0109  -0.0885    0.223
     3   0.0000   0.0155   0.0000   0.2794   0.0034   0.1110   0.0652   0.3979   0.3979   0.0126   0.0000   0.0109  -0.0884    0.223
     4   0.0000   0.0299   0.0000   0.2794   0.0047   0.1108   0.0653   0.3973   0.3973   0.0126   0.0000   0.0109  -0.0883    0.222
     5   0.0000   0.0487   0.0000   0.2794   0.0058   0.1105   0.0655   0.3959   0.3959   0.0126   0.0000   0.0110  -0.0878    0.222
     6   0.0000   0.0712   0.0000   0.2794   0.0068   0.1097   0.0659   0.3933   0.3933   0.0126   0.0000   0.0111  -0.0870    0.222
     7   0.0000   0.0970   0.0000   0.2794   0.0076   0.1085   0.0665   0.3890   0.3890   0.0126   0.0000   0.0114  -0.0858    0.221
     8   0.0000   0.1254   0.0000   0.2794   0.0082   0.1067   0.0674   0.3826   0.3826   0.0126   0.0000   0.0117  -0.0838    0.219
     9   0.0000   0.1558   0.0000   0.2794   0.0087   0.1042   0.0686   0.3735   0.3735   0.0125   0.0000   0.0122  -0.0811    0.217
    10   0.0000   0.1873   0.0000   0.2794   0.0089   0.1008   0.0701   0.3612   0.3612   0.0124   0.0000   0.0128  -0.0774    0.215
    11   0.0000   0.2191   0.0000   0.2794   0.0089   0.0964   0.0719   0.3454   0.3454   0.0122   0.0000   0.0135  -0.0727    0.211
    12   0.0000   0.2506   0.0000   0.2794   0.0087   0.0909   0.0738   0.3255   0.3255   0.0119   0.0000   0.0144  -0.0669    0.206
    13   0.0000   0.2810   0.0000   0.2794   0.0082   0.0841   0.0757   0.3012   0.3012   0.0114   0.0000   0.0153  -0.0600    0.199
    14   0.0000   0.3094   0.0000   0.2794   0.0076   0.0760   0.0774   0.2723   0.2723   0.0108   0.0000   0.0161  -0.0520    0.191
    15   0.0000   0.3352   0.0000   0.2794   0.0068   0.0667   0.0785   0.2388   0.2388   0.0099   0.0000   0.0165  -0.0432    0.181
    16   0.0000   0.3577   0.0000   0.2794   0.0058   0.0561   0.0786   0.2010   0.2010   0.0086   0.0000   0.0163  -0.0339    0.169
    17   0.0000   0.3765   0.0000   0.2794   0.0047   0.0445   0.0773   0.1595   0.1595   0.0071   0.0000   0.0151  -0.0248    0.155
    18   0.0000   0.3909   0.0000   0.2794   0.0034   0.0322   0.0745   0.1153   0.1153   0.0053   0.0000   0.0125  -0.0163    0.142
    19   0.0000   0.4008   0.0000   0.2794   0.0021   0.0194   0.0706   0.0695   0.0695   0.0032   0.0000   0.0084  -0.0090    0.129
    20   0.0000   0.4058   0.0000   0.2794   0.0007   0.0065   0.0678   0.0232   0.0232   0.0011   0.0000   0.0030  -0.0028    0.122

  Surface # 2     Wing (YDUP)                             
     # Chordwise = 10   # Spanwise = 20     First strip = 21
     Surface area Ssurf =    0.113548     Ave. chord Cave =    0.279400

 Forces referred to Sref, Cref, Bref about Xref, Yref, Zref
 Standard axis orientation,  X fwd, Z down         
     CLsurf  =   0.15995     Clsurf  =   0.03432
     CYsurf  =   0.00000     Cmsurf  =   0.02906
     CDsurf  =   0.00562     Cnsurf  =   0.00193
     CDisurf =   0.00562     CDvsurf =   0.00000

 Forces referred to Ssurf, Cave 
     CLsurf  =   0.31990     CDsurf  =   0.01124

 Strip Forces referred to Strip Area, Chord
    j     Xle      Yle      Zle      Chord    Area     c_cl     ai     cl_norm    cl       cd       cdv    cm_c/4     cm_LE   C.P.x/c
    21   0.0000  -0.0006   0.0000   0.2794   0.0007   0.1111   0.0652   0.3981   0.3981   0.0126   0.0000   0.0109   0.0885    0.223
    22   0.0000  -0.0056   0.0000   0.2794   0.0021   0.1111   0.0652   0.3981   0.3981   0.0126   0.0000   0.0109   0.0885    0.223
    23   0.0000  -0.0155   0.0000   0.2794   0.0034   0.1110   0.0652   0.3979   0.3979   0.0126   0.0000   0.0109   0.0884    0.223
    24   0.0000  -0.0299   0.0000   0.2794   0.0047   0.1108   0.0653   0.3973   0.3973   0.0126   0.0000   0.0109   0.0883    0.222
    25   0.0000  -0.0487   0.0000   0.2794   0.0058   0.1105   0.0655   0.3959   0.3959   0.0126   0.0000   0.0110   0.0878    0.222
    26   0.0000  -0.0712   0.0000   0.2794   0.0068   0.1097   0.0659   0.3933   0.3933   0.0126   0.0000   0.0111   0.0870    0.222
    27   0.0000  -0.0970   0.0000   0.2794   0.0076   0.1085   0.0665   0.3890   0.3890   0.0126   0.0000   0.0114   0.0858    0.221
    28   0.0000  -0.1254   0.0000   0.2794   0.0082   0.1067   0.0674   0.3826   0.3826   0.0126   0.0000   0.0117   0.0838    0.219
    29   0.0000  -0.1558   0.0000   0.2794   0.0087   0.1042   0.0686   0.3735   0.3735   0.0125   0.0000   0.0122   0.0811    0.217
    30   0.0000  -0.1873   0.0000   0.2794   0.0089   0.1008   0.0701   0.3612   0.3612   0.0124   0.0000   0.0128   0.0774    0.215
    31   0.0000  -0.2191   0.0000   0.2794   0.0089   0.0964   0.0719   0.3454   0.3454   0.0122   0.0000   0.0135   0.0727    0.211
    32   0.0000  -0.2506   0.0000   0.2794   0.0087   0.0909   0.0738   0.3255   0.3255   0.0119   0.0000   0.0144   0.0669    0.206
    33   0.0000  -0.2810   0.0000   0.2794   0.0082   0.0841   0.0757   0.3012   0.3012   0.0114   0.0000   0.0153   0.0600    0.199
    34   0.0000  -0.3094   0.0000   0.2794   0.0076   0.0760   0.0774   0.2723   0.2723   0.0108   0.0000   0.0161   0.0520    0.191
    35   0.0000  -0.3352   0.0000   0.2794   0.0068   0.0667   0.0785   0.2388   0.2388   0.0099   0.0000   0.0165   0.0432    0.181
    36   0.0000  -0.3577   0.0000   0.2794   0.0058   0.0561   0.0786   0.2010   0.2010   0.0086   0.0000   0.0163   0.0339    0.169
    37   0.0000  -0.3765   0.0000   0.2794   0.0047   0.0445   0.0773   0.1595   0.1595   0.0071   0.0000   0.0151   0.0248    0.155
    38   0.0000  -0.3909   0.0000   0.2794   0.0034   0.0322   0.0745   0.1153   0.1153   0.0053   0.0000   0.0125   0.0163    0.142
    39   0.0000  -0.4008   0.0000   0.2794   0.0021   0.0194   0.0706   0.0695   0.0695   0.0032   0.0000   0.0084   0.0090    0.129
    40   0.0000  -0.4058   0.0000   0.2794   0.0007   0.0065   0.0678   0.0232   0.0232   0.0011   0.0000   0.0030   0.0028    0.122
 ---------------------------------------------------------------
