 ---------------------------------------------------------------
 Surface and Strip Forces by surface

  Sref = 0.17880       Cref = 0.20760       Bref = 0.91440    
  Xref = 0.10920       Yref =  0.0000       Zref =  0.0000    

  Surface # 1     Wing                                    
     # Chordwise = 10   # Spanwise = 20     First strip =  1
     Surface area Ssurf =    0.127742     Ave. chord Cave =    0.279400

 Forces referred to Sref, Cref, Bref about Xref, Yref, Zref
 Standard axis orientation,  X fwd, Z down         
     CLsurf  =   0.20316     Clsurf  =  -0.04447
     CYsurf  =   0.00351     Cmsurf  =  -0.02188
     CDsurf  =   0.00608     Cnsurf  =  -0.00371
     CDisurf =   0.00608     CDvsurf =   0.00000

 Forces referred to Ssurf, Cave 
     CLsurf  =   0.28436     CDsurf  =   0.00851

 Strip Forces referred to Strip Area, Chord
    j     Xle      Yle      Zle      Chord    Area     c_cl     ai     cl_norm    cl       cd       cdv    cm_c/4     cm_LE   C.P.x/c
     1   0.0003   0.0007   0.0000   0.2794   0.0008   0.0942   0.0423   0.3716   0.3293   0.1114   0.0000  -0.0097  -0.0884    0.279
     2   0.0023   0.0063   0.0000   0.2794   0.0023   0.0941   0.0405   0.3795   0.3363   0.0205   0.0000  -0.0088  -0.0875    0.276
     3   0.0063   0.0174   0.0000   0.2794   0.0038   0.0941   0.0407   0.3800   0.3367   0.0158   0.0000  -0.0062  -0.0851    0.268
     4   0.0121   0.0337   0.0000   0.2794   0.0052   0.0942   0.0421   0.3804   0.3371   0.0141   0.0000  -0.0029  -0.0821    0.259
     5   0.0197   0.0548   0.0000   0.2794   0.0065   0.0943   0.0442   0.3809   0.3376   0.0126   0.0000   0.0003  -0.0791    0.249
     6   0.0288   0.0801   0.0000   0.2794   0.0076   0.0943   0.0465   0.3811   0.3377   0.0113   0.0000   0.0030  -0.0766    0.241
     7   0.0393   0.1092   0.0000   0.2794   0.0085   0.0941   0.0490   0.3802   0.3369   0.0102   0.0000   0.0053  -0.0742    0.234
     8   0.0507   0.1411   0.0000   0.2794   0.0093   0.0934   0.0516   0.3776   0.3346   0.0094   0.0000   0.0072  -0.0719    0.228
     9   0.0630   0.1752   0.0000   0.2794   0.0097   0.0921   0.0543   0.3725   0.3301   0.0087   0.0000   0.0089  -0.0692    0.223
    10   0.0758   0.2107   0.0000   0.2794   0.0100   0.0901   0.0573   0.3643   0.3228   0.0081   0.0000   0.0106  -0.0659    0.217
    11   0.0886   0.2465   0.0000   0.2794   0.0100   0.0871   0.0604   0.3522   0.3121   0.0075   0.0000   0.0124  -0.0616    0.210
    12   0.1014   0.2820   0.0000   0.2794   0.0097   0.0829   0.0636   0.3354   0.2972   0.0068   0.0000   0.0144  -0.0563    0.202
    13   0.1137   0.3161   0.0000   0.2794   0.0093   0.0775   0.0665   0.3132   0.2776   0.0061   0.0000   0.0165  -0.0497    0.190
    14   0.1251   0.3480   0.0000   0.2794   0.0085   0.0705   0.0689   0.2853   0.2528   0.0053   0.0000   0.0187  -0.0418    0.176
    15   0.1356   0.3771   0.0000   0.2794   0.0076   0.0622   0.0702   0.2515   0.2229   0.0043   0.0000   0.0204  -0.0332    0.158
    16   0.1447   0.4024   0.0000   0.2794   0.0065   0.0524   0.0698   0.2122   0.1880   0.0033   0.0000   0.0212  -0.0242    0.137
    17   0.1523   0.4235   0.0000   0.2794   0.0052   0.0416   0.0674   0.1683   0.1492   0.0022   0.0000   0.0204  -0.0158    0.113
    18   0.1581   0.4398   0.0000   0.2794   0.0038   0.0300   0.0632   0.1214   0.1076   0.0010   0.0000   0.0173  -0.0089    0.089
    19   0.1621   0.4509   0.0000   0.2794   0.0023   0.0180   0.0578   0.0730   0.0647  -0.0001   0.0000   0.0118  -0.0041    0.068
    20   0.1641   0.4565   0.0000   0.2794   0.0008   0.0060   0.0543   0.0244   0.0216  -0.0009   0.0000   0.0042  -0.0011    0.057

  Surface # 2     Wing (YDUP)                             
     # Chordwise = 10   # Spanwise = 20     First strip = 21
     Surface area Ssurf =    0.127742     Ave. chord Cave =    0.279400

 Forces referred to Sref, Cref, Bref about Xref, Yref, Zref
 Standard axis orientation,  X fwd, Z down         
     CLsurf  =   0.20316     Clsurf  =   0.04447
     CYsurf  =  -0.00351     Cmsurf  =  -0.02188
     CDsurf  =   0.00608     Cnsurf  =   0.00371
     CDisurf =   0.00608     CDvsurf =   0.00000

 Forces referred to Ssurf, Cave 
     CLsurf  =   0.28436     CDsurf  =   0.00851

 Strip Forces referred to Strip Area, Chord
    j     Xle      Yle      Zle      Chord    Area     c_cl     ai     cl_norm    cl       cd       cdv    cm_c/4     cm_LE   C.P.x/c
    21   0.0003  -0.0007   0.0000   0.2794   0.0008   0.0942   0.0423   0.3716   0.3293   0.1114   0.0000  -0.0097   0.0884    0.279
    22   0.0023  -0.0063   0.0000   0.2794   0.0023   0.0941   0.0405   0.3795   0.3363   0.0205   0.0000  -0.0088   0.0875    0.276
    23   0.0063  -0.0174   0.0000   0.2794   0.0038   0.0941   0.0407   0.3800   0.3367   0.0158   0.0000  -0.0062   0.0851    0.268
    24   0.0121  -0.0337   0.0000   0.2794   0.0052   0.0942   0.0421   0.3804   0.3371   0.0141   0.0000  -0.0029   0.0821    0.259
    25   0.0197  -0.0548   0.0000   0.2794   0.0065   0.0943   0.0442   0.3809   0.3376   0.0126   0.0000   0.0003   0.0791    0.249
    26   0.0288  -0.0801   0.0000   0.2794   0.0076   0.0943   0.0465   0.3811   0.3377   0.0113   0.0000   0.0030   0.0766    0.241
    27   0.0393  -0.1092   0.0000   0.2794   0.0085   0.0941   0.0490   0.3802   0.3369   0.0102   0.0000   0.0053   0.0742    0.234
    28   0.0507  -0.1411   0.0000   0.2794   0.0093   0.0934   0.0516   0.3776   0.3346   0.0094   0.0000   0.0072   0.0719    0.228
    29   0.0630  -0.1752   0.0000   0.2794   0.0097   0.0921   0.0543   0.3725   0.3301   0.0087   0.0000   0.0089   0.0692    0.223
    30   0.0758  -0.2107   0.0000   0.2794   0.0100   0.0901   0.0573   0.3643   0.3228   0.0081   0.0000   0.0106   0.0659    0.217
    31   0.0886  -0.2465   0.0000   0.2794   0.0100   0.0871   0.0604   0.3522   0.3121   0.0075   0.0000   0.0124   0.0616    0.210
    32   0.1014  -0.2820   0.0000   0.2794   0.0097   0.0829   0.0636   0.3354   0.2972   0.0068   0.0000   0.0144   0.0563    0.202
    33   0.1137  -0.3161   0.0000   0.2794   0.0093   0.0775   0.0665   0.3132   0.2776   0.0061   0.0000   0.0165   0.0497    0.190
    34   0.1251  -0.3480   0.0000   0.2794   0.0085   0.0705   0.0689   0.2853   0.2528   0.0053   0.0000   0.0187   0.0418    0.176
    35   0.1356  -0.3771   0.0000   0.2794   0.0076   0.0622   0.0702   0.2515   0.2229   0.0043   0.0000   0.0204   0.0332    0.158
    36   0.1447  -0.4024   0.0000   0.2794   0.0065   0.0524   0.0698   0.2122   0.1880   0.0033   0.0000   0.0212   0.0242    0.137
    37   0.1523  -0.4235   0.0000   0.2794   0.0052   0.0416   0.0674   0.1683   0.1492   0.0022   0.0000   0.0204   0.0158    0.113
    38   0.1581  -0.4398   0.0000   0.2794   0.0038   0.0300   0.0632   0.1214   0.1076   0.0010   0.0000   0.0173   0.0089    0.089
    39   0.1621  -0.4509   0.0000   0.2794   0.0023   0.0180   0.0578   0.0730   0.0647  -0.0001   0.0000   0.0118   0.0041    0.068
    40   0.1641  -0.4565   0.0000   0.2794   0.0008   0.0060   0.0543   0.0244   0.0216  -0.0009   0.0000   0.0042   0.0011    0.057
 ---------------------------------------------------------------
