 ---------------------------------------------------------------
 Surface and Strip Forces by surface

  Sref = 0.16520       Cref = 0.20740       Bref = 0.81280    
  Xref = 0.10920       Yref =  0.0000       Zref =  0.0000    

  Surface # 1     Wing                                    
     # Chordwise = 10   # Spanwise = 20     First strip =  1
     Surface area Ssurf =    0.103226     Ave. chord Cave =    0.254000

 Forces referred to Sref, Cref, Bref about Xref, Yref, Zref
 Standard axis orientation,  X fwd, Z down         
     CLsurf  =   0.21988     Clsurf  =  -0.04804
     CYsurf  =   0.00454     Cmsurf  =  -0.00441
     CDsurf  =   0.00827     Cnsurf  =  -0.00492
     CDisurf =   0.00827     CDvsurf =   0.00000

 Forces referred to Ssurf, Cave 
     CLsurf  =   0.35189     CDsurf  =   0.01323

 Strip Forces referred to Strip Area, Chord
    j     Xle      Yle      Zle      Chord    Area     c_cl     ai     cl_norm    cl       cd       cdv    cm_c/4     cm_LE   C.P.x/c
     1   0.0002   0.0006   0.0000   0.2540   0.0006   0.1062   0.0531   0.4486   0.4049   0.1544   0.0000  -0.0101  -0.1089    0.275
     2   0.0019   0.0056   0.0000   0.2540   0.0019   0.1062   0.0520   0.4624   0.4173   0.0304   0.0000  -0.0091  -0.1079    0.272
     3   0.0051   0.0155   0.0000   0.2540   0.0031   0.1063   0.0527   0.4632   0.4181   0.0236   0.0000  -0.0064  -0.1053    0.265
     4   0.0099   0.0299   0.0000   0.2540   0.0042   0.1063   0.0545   0.4639   0.4187   0.0211   0.0000  -0.0028  -0.1020    0.257
     5   0.0161   0.0487   0.0000   0.2540   0.0053   0.1064   0.0569   0.4644   0.4192   0.0190   0.0000   0.0007  -0.0988    0.248
     6   0.0235   0.0712   0.0000   0.2540   0.0062   0.1064   0.0597   0.4644   0.4191   0.0172   0.0000   0.0038  -0.0958    0.241
     7   0.0321   0.0970   0.0000   0.2540   0.0069   0.1060   0.0625   0.4630   0.4178   0.0157   0.0000   0.0063  -0.0930    0.235
     8   0.0415   0.1254   0.0000   0.2540   0.0075   0.1052   0.0655   0.4594   0.4146   0.0145   0.0000   0.0085  -0.0902    0.229
     9   0.0515   0.1558   0.0000   0.2540   0.0079   0.1036   0.0688   0.4528   0.4087   0.0136   0.0000   0.0106  -0.0868    0.224
    10   0.0619   0.1873   0.0000   0.2540   0.0081   0.1012   0.0722   0.4423   0.3992   0.0127   0.0000   0.0126  -0.0827    0.219
    11   0.0724   0.2191   0.0000   0.2540   0.0081   0.0977   0.0759   0.4271   0.3855   0.0118   0.0000   0.0147  -0.0774    0.212
    12   0.0828   0.2506   0.0000   0.2540   0.0079   0.0930   0.0797   0.4064   0.3668   0.0109   0.0000   0.0170  -0.0708    0.204
    13   0.0928   0.2810   0.0000   0.2540   0.0075   0.0868   0.0832   0.3793   0.3423   0.0099   0.0000   0.0194  -0.0627    0.193
    14   0.1022   0.3094   0.0000   0.2540   0.0069   0.0790   0.0861   0.3454   0.3117   0.0087   0.0000   0.0217  -0.0532    0.180
    15   0.1108   0.3352   0.0000   0.2540   0.0062   0.0697   0.0879   0.3046   0.2749   0.0073   0.0000   0.0236  -0.0427    0.164
    16   0.1182   0.3577   0.0000   0.2540   0.0053   0.0589   0.0880   0.2574   0.2323   0.0058   0.0000   0.0243  -0.0319    0.145
    17   0.1244   0.3765   0.0000   0.2540   0.0042   0.0468   0.0862   0.2047   0.1847   0.0041   0.0000   0.0232  -0.0217    0.125
    18   0.1292   0.3909   0.0000   0.2540   0.0031   0.0338   0.0824   0.1481   0.1337   0.0025   0.0000   0.0196  -0.0131    0.104
    19   0.1324   0.4008   0.0000   0.2540   0.0019   0.0204   0.0774   0.0894   0.0807   0.0007   0.0000   0.0132  -0.0065    0.086
    20   0.1341   0.4058   0.0000   0.2540   0.0006   0.0068   0.0741   0.0299   0.0270  -0.0008   0.0000   0.0047  -0.0019    0.077

  Surface # 2     Wing (YDUP)                             
     # Chordwise = 10   # Spanwise = 20     First strip = 21
     Surface area Ssurf =    0.103226     Ave. chord Cave =    0.254000

 Forces referred to Sref, Cref, Bref about Xref, Yref, Zref
 Standard axis orientation,  X fwd, Z down         
     CLsurf  =   0.21988     Clsurf  =   0.04804
     CYsurf  =  -0.00454     Cmsurf  =  -0.00441
     CDsurf  =   0.00827     Cnsurf  =   0.00492
     CDisurf =   0.00827     CDvsurf =   0.00000

 Forces referred to Ssurf, Cave 
     CLsurf  =   0.35189     CDsurf  =   0.01323

 Strip Forces referred to Strip Area, Chord
    j     Xle      Yle      Zle      Chord    Area     c_cl     ai     cl_norm    cl       cd       cdv    cm_c/4     cm_LE   C.P.x/c
    21   0.0002  -0.0006   0.0000   0.2540   0.0006   0.1062   0.0531   0.4486   0.4049   0.1544   0.0000  -0.0101   0.1089    0.275
    22   0.0019  -0.0056   0.0000   0.2540   0.0019   0.1062   0.0520   0.4624   0.4173   0.0304   0.0000  -0.0091   0.1079    0.272
    23   0.0051  -0.0155   0.0000   0.2540   0.0031   0.1063   0.0527   0.4632   0.4181   0.0236   0.0000  -0.0064   0.1053    0.265
    24   0.0099  -0.0299   0.0000   0.2540   0.0042   0.1063   0.0545   0.4639   0.4187   0.0211   0.0000  -0.0028   0.1020    0.257
    25   0.0161  -0.0487   0.0000   0.2540   0.0053   0.1064   0.0569   0.4644   0.4192   0.0190   0.0000   0.0007   0.0988    0.248
    26   0.0235  -0.0712   0.0000   0.2540   0.0062   0.1064   0.0597   0.4644   0.4191   0.0172   0.0000   0.0038   0.0958    0.241
    27   0.0321  -0.0970   0.0000   0.2540   0.0069   0.1060   0.0625   0.4630   0.4178   0.0157   0.0000   0.0063   0.0930    0.235
    28   0.0415  -0.1254   0.0000   0.2540   0.0075   0.1052   0.0655   0.4594   0.4146   0.0145   0.0000   0.0085   0.0902    0.229
    29   0.0515  -0.1558   0.0000   0.2540   0.0079   0.1036   0.0688   0.4528   0.4087   0.0136   0.0000   0.0106   0.0868    0.224
    30   0.0619  -0.1873   0.0000   0.2540   0.0081   0.1012   0.0722   0.4423   0.3992   0.0127   0.0000   0.0126   0.0827    0.219
    31   0.0724  -0.2191   0.0000   0.2540   0.0081   0.0977   0.0759   0.4271   0.3855   0.0118   0.0000   0.0147   0.0774    0.212
    32   0.0828  -0.2506   0.0000   0.2540   0.0079   0.0930   0.0797   0.4064   0.3668   0.0109   0.0000   0.0170   0.0708    0.204
    33   0.0928  -0.2810   0.0000   0.2540   0.0075   0.0868   0.0832   0.3793   0.3423   0.0099   0.0000   0.0194   0.0627    0.193
    34   0.1022  -0.3094   0.0000   0.2540   0.0069   0.0790   0.0861   0.3454   0.3117   0.0087   0.0000   0.0217   0.0532    0.180
    35   0.1108  -0.3352   0.0000   0.2540   0.0062   0.0697   0.0879   0.3046   0.2749   0.0073   0.0000   0.0236   0.0427    0.164
    36   0.1182  -0.3577   0.0000   0.2540   0.0053   0.0589   0.0880   0.2574   0.2323   0.0058   0.0000   0.0243   0.0319    0.145
    37   0.1244  -0.3765   0.0000   0.2540   0.0042   0.0468   0.0862   0.2047   0.1847   0.0041   0.0000   0.0232   0.0217    0.125
    38   0.1292  -0.3909   0.0000   0.2540   0.0031   0.0338   0.0824   0.1481   0.1337   0.0025   0.0000   0.0196   0.0131    0.104
    39   0.1324  -0.4008   0.0000   0.2540   0.0019   0.0204   0.0774   0.0894   0.0807   0.0007   0.0000   0.0132   0.0065    0.086
    40   0.1341  -0.4058   0.0000   0.2540   0.0006   0.0068   0.0741   0.0299   0.0270  -0.0008   0.0000   0.0047   0.0019    0.077
 ---------------------------------------------------------------
