 ---------------------------------------------------------------
 Surface and Strip Forces by surface

  Sref = 0.15900       Cref = 0.22820       Bref = 0.71120    
  Xref = 0.10920       Yref =  0.0000       Zref =  0.0000    

  Surface # 1     Wing                                    
     # Chordwise = 10   # Spanwise = 20     First strip =  1
     Surface area Ssurf =    0.099355     Ave. chord Cave =    0.279400

 Forces referred to Sref, Cref, Bref about Xref, Yref, Zref
 Standard axis orientation,  X fwd, Z down         
     CLsurf  =   0.22846     Clsurf  =  -0.04912
     CYsurf  =   0.00269     Cmsurf  =   0.02609
     CDsurf  =   0.01090     Cnsurf  =  -0.00479
     CDisurf =   0.01090     CDvsurf =   0.00000

 Forces referred to Ssurf, Cave 
     CLsurf  =   0.36560     CDsurf  =   0.01744

 Strip Forces referred to Strip Area, Chord
    j     Xle      Yle      Zle      Chord    Area     c_cl     ai     cl_norm    cl       cd       cdv    cm_c/4     cm_LE   C.P.x/c
     1   0.0001   0.0005   0.0000   0.2794   0.0006   0.1260   0.0828   0.4506   0.4387   0.1285   0.0000   0.0033  -0.1079    0.242
     2   0.0008   0.0049   0.0000   0.2794   0.0018   0.1259   0.0820   0.4624   0.4501   0.0317   0.0000   0.0037  -0.1075    0.242
     3   0.0022   0.0135   0.0000   0.2794   0.0030   0.1259   0.0819   0.4629   0.4507   0.0258   0.0000   0.0049  -0.1063    0.239
     4   0.0044   0.0262   0.0000   0.2794   0.0041   0.1257   0.0824   0.4626   0.4504   0.0240   0.0000   0.0066  -0.1045    0.235
     5   0.0071   0.0426   0.0000   0.2794   0.0051   0.1254   0.0834   0.4616   0.4494   0.0226   0.0000   0.0084  -0.1024    0.231
     6   0.0104   0.0623   0.0000   0.2794   0.0059   0.1248   0.0848   0.4594   0.4472   0.0214   0.0000   0.0102  -0.1001    0.227
     7   0.0141   0.0849   0.0000   0.2794   0.0066   0.1237   0.0865   0.4553   0.4433   0.0204   0.0000   0.0119  -0.0974    0.223
     8   0.0182   0.1098   0.0000   0.2794   0.0072   0.1218   0.0885   0.4488   0.4369   0.0195   0.0000   0.0135  -0.0943    0.219
     9   0.0227   0.1363   0.0000   0.2794   0.0076   0.1192   0.0907   0.4390   0.4274   0.0187   0.0000   0.0150  -0.0904    0.215
    10   0.0272   0.1638   0.0000   0.2794   0.0078   0.1155   0.0931   0.4254   0.4141   0.0179   0.0000   0.0166  -0.0855    0.210
    11   0.0319   0.1918   0.0000   0.2794   0.0078   0.1106   0.0957   0.4072   0.3965   0.0170   0.0000   0.0183  -0.0796    0.204
    12   0.0364   0.2193   0.0000   0.2794   0.0076   0.1043   0.0983   0.3841   0.3739   0.0160   0.0000   0.0199  -0.0724    0.197
    13   0.0409   0.2458   0.0000   0.2794   0.0072   0.0965   0.1006   0.3555   0.3461   0.0148   0.0000   0.0215  -0.0640    0.188
    14   0.0450   0.2707   0.0000   0.2794   0.0066   0.0872   0.1024   0.3213   0.3128   0.0135   0.0000   0.0227  -0.0546    0.177
    15   0.0487   0.2933   0.0000   0.2794   0.0059   0.0765   0.1033   0.2817   0.2742   0.0119   0.0000   0.0233  -0.0445    0.165
    16   0.0520   0.3130   0.0000   0.2794   0.0051   0.0643   0.1029   0.2369   0.2307   0.0100   0.0000   0.0228  -0.0342    0.151
    17   0.0547   0.3294   0.0000   0.2794   0.0041   0.0510   0.1012   0.1880   0.1831   0.0079   0.0000   0.0208  -0.0245    0.136
    18   0.0569   0.3421   0.0000   0.2794   0.0030   0.0369   0.0980   0.1360   0.1324   0.0055   0.0000   0.0170  -0.0158    0.122
    19   0.0583   0.3507   0.0000   0.2794   0.0018   0.0223   0.0941   0.0822   0.0800   0.0029   0.0000   0.0112  -0.0086    0.110
    20   0.0590   0.3551   0.0000   0.2794   0.0006   0.0074   0.0916   0.0275   0.0268   0.0004   0.0000   0.0039  -0.0027    0.104

  Surface # 2     Wing (YDUP)                             
     # Chordwise = 10   # Spanwise = 20     First strip = 21
     Surface area Ssurf =    0.099355     Ave. chord Cave =    0.279400

 Forces referred to Sref, Cref, Bref about Xref, Yref, Zref
 Standard axis orientation,  X fwd, Z down         
     CLsurf  =   0.22846     Clsurf  =   0.04912
     CYsurf  =  -0.00269     Cmsurf  =   0.02609
     CDsurf  =   0.01090     Cnsurf  =   0.00479
     CDisurf =   0.01090     CDvsurf =   0.00000

 Forces referred to Ssurf, Cave 
     CLsurf  =   0.36560     CDsurf  =   0.01744

 Strip Forces referred to Strip Area, Chord
    j     Xle      Yle      Zle      Chord    Area     c_cl     ai     cl_norm    cl       cd       cdv    cm_c/4     cm_LE   C.P.x/c
    21   0.0001  -0.0005   0.0000   0.2794   0.0006   0.1260   0.0828   0.4506   0.4387   0.1285   0.0000   0.0033   0.1079    0.242
    22   0.0008  -0.0049   0.0000   0.2794   0.0018   0.1259   0.0820   0.4624   0.4501   0.0317   0.0000   0.0037   0.1075    0.242
    23   0.0022  -0.0135   0.0000   0.2794   0.0030   0.1259   0.0819   0.4629   0.4507   0.0258   0.0000   0.0049   0.1063    0.239
    24   0.0044  -0.0262   0.0000   0.2794   0.0041   0.1257   0.0824   0.4626   0.4504   0.0240   0.0000   0.0066   0.1045    0.235
    25   0.0071  -0.0426   0.0000   0.2794   0.0051   0.1254   0.0834   0.4616   0.4494   0.0226   0.0000   0.0084   0.1024    0.231
    26   0.0104  -0.0623   0.0000   0.2794   0.0059   0.1248   0.0848   0.4594   0.4472   0.0214   0.0000   0.0102   0.1001    0.227
    27   0.0141  -0.0849   0.0000   0.2794   0.0066   0.1237   0.0865   0.4553   0.4433   0.0204   0.0000   0.0119   0.0974    0.223
    28   0.0182  -0.1098   0.0000   0.2794   0.0072   0.1218   0.0885   0.4488   0.4369   0.0195   0.0000   0.0135   0.0943    0.219
    29   0.0227  -0.1363   0.0000   0.2794   0.0076   0.1192   0.0907   0.4390   0.4274   0.0187   0.0000   0.0150   0.0904    0.215
    30   0.0272  -0.1638   0.0000   0.2794   0.0078   0.1155   0.0931   0.4254   0.4141   0.0179   0.0000   0.0166   0.0855    0.210
    31   0.0319  -0.1918   0.0000   0.2794   0.0078   0.1106   0.0957   0.4072   0.3965   0.0170   0.0000   0.0183   0.0796    0.204
    32   0.0364  -0.2193   0.0000   0.2794   0.0076   0.1043   0.0983   0.3841   0.3739   0.0160   0.0000   0.0199   0.0724    0.197
    33   0.0409  -0.2458   0.0000   0.2794   0.0072   0.0965   0.1006   0.3555   0.3461   0.0148   0.0000   0.0215   0.0640    0.188
    34   0.0450  -0.2707   0.0000   0.2794   0.0066   0.0872   0.1024   0.3213   0.3128   0.0135   0.0000   0.0227   0.0546    0.177
    35   0.0487  -0.2933   0.0000   0.2794   0.0059   0.0765   0.1033   0.2817   0.2742   0.0119   0.0000   0.0233   0.0445    0.165
    36   0.0520  -0.3130   0.0000   0.2794   0.0051   0.0643   0.1029   0.2369   0.2307   0.0100   0.0000   0.0228   0.0342    0.151
    37   0.0547  -0.3294   0.0000   0.2794   0.0041   0.0510   0.1012   0.1880   0.1831   0.0079   0.0000   0.0208   0.0245    0.136
    38   0.0569  -0.3421   0.0000   0.2794   0.0030   0.0369   0.0980   0.1360   0.1324   0.0055   0.0000   0.0170   0.0158    0.122
    39   0.0583  -0.3507   0.0000   0.2794   0.0018   0.0223   0.0941   0.0822   0.0800   0.0029   0.0000   0.0112   0.0086    0.110
    40   0.0590  -0.3551   0.0000   0.2794   0.0006   0.0074   0.0916   0.0275   0.0268   0.0004   0.0000   0.0039   0.0027    0.104
 ---------------------------------------------------------------
