 ---------------------------------------------------------------
 Surface and Strip Forces by surface

  Sref = 0.15900       Cref = 0.20760       Bref = 0.81280    
  Xref = 0.10920       Yref =  0.0000       Zref =  0.0000    

  Surface # 1     Wing                                    
     # Chordwise = 10   # Spanwise = 20     First strip =  1
     Surface area Ssurf =    0.113548     Ave. chord Cave =    0.279400

 Forces referred to Sref, Cref, Bref about Xref, Yref, Zref
 Standard axis orientation,  X fwd, Z down         
     CLsurf  =   0.22846     Clsurf  =  -0.04977
     CYsurf  =   0.00488     Cmsurf  =  -0.01728
     CDsurf  =   0.00866     Cnsurf  =  -0.00530
     CDisurf =   0.00866     CDvsurf =   0.00000

 Forces referred to Ssurf, Cave 
     CLsurf  =   0.31990     CDsurf  =   0.01212

 Strip Forces referred to Strip Area, Chord
    j     Xle      Yle      Zle      Chord    Area     c_cl     ai     cl_norm    cl       cd       cdv    cm_c/4     cm_LE   C.P.x/c
     1   0.0002   0.0006   0.0000   0.2794   0.0007   0.1069   0.0551   0.4194   0.3691   0.1599   0.0000  -0.0103  -0.0993    0.278
     2   0.0021   0.0056   0.0000   0.2794   0.0021   0.1069   0.0536   0.4336   0.3816   0.0293   0.0000  -0.0094  -0.0985    0.275
     3   0.0057   0.0155   0.0000   0.2794   0.0034   0.1069   0.0539   0.4344   0.3823   0.0221   0.0000  -0.0068  -0.0961    0.268
     4   0.0111   0.0299   0.0000   0.2794   0.0047   0.1070   0.0555   0.4348   0.3827   0.0199   0.0000  -0.0033  -0.0928    0.259
     5   0.0181   0.0487   0.0000   0.2794   0.0058   0.1070   0.0578   0.4352   0.3830   0.0179   0.0000   0.0002  -0.0896    0.249
     6   0.0264   0.0712   0.0000   0.2794   0.0068   0.1069   0.0604   0.4349   0.3828   0.0162   0.0000   0.0034  -0.0865    0.241
     7   0.0360   0.0970   0.0000   0.2794   0.0076   0.1065   0.0632   0.4334   0.3814   0.0147   0.0000   0.0061  -0.0836    0.234
     8   0.0465   0.1254   0.0000   0.2794   0.0082   0.1055   0.0662   0.4297   0.3782   0.0135   0.0000   0.0085  -0.0806    0.228
     9   0.0578   0.1558   0.0000   0.2794   0.0087   0.1039   0.0693   0.4232   0.3725   0.0125   0.0000   0.0107  -0.0772    0.221
    10   0.0695   0.1873   0.0000   0.2794   0.0089   0.1014   0.0726   0.4130   0.3634   0.0115   0.0000   0.0128  -0.0731    0.215
    11   0.0813   0.2191   0.0000   0.2794   0.0089   0.0977   0.0760   0.3982   0.3504   0.0106   0.0000   0.0150  -0.0679    0.207
    12   0.0930   0.2506   0.0000   0.2794   0.0087   0.0928   0.0794   0.3781   0.3328   0.0096   0.0000   0.0173  -0.0616    0.198
    13   0.1043   0.2810   0.0000   0.2794   0.0082   0.0864   0.0824   0.3521   0.3099   0.0085   0.0000   0.0197  -0.0540    0.186
    14   0.1148   0.3094   0.0000   0.2794   0.0076   0.0785   0.0846   0.3199   0.2815   0.0073   0.0000   0.0219  -0.0453    0.172
    15   0.1244   0.3352   0.0000   0.2794   0.0068   0.0690   0.0857   0.2814   0.2476   0.0060   0.0000   0.0235  -0.0359    0.155
    16   0.1327   0.3577   0.0000   0.2794   0.0058   0.0582   0.0851   0.2371   0.2087   0.0045   0.0000   0.0239  -0.0264    0.135
    17   0.1397   0.3765   0.0000   0.2794   0.0047   0.0461   0.0827   0.1882   0.1656   0.0031   0.0000   0.0225  -0.0176    0.114
    18   0.1451   0.3909   0.0000   0.2794   0.0034   0.0333   0.0786   0.1359   0.1196   0.0016   0.0000   0.0188  -0.0103    0.093
    19   0.1487   0.4008   0.0000   0.2794   0.0021   0.0201   0.0736   0.0820   0.0721   0.0001   0.0000   0.0126  -0.0051    0.076
    20   0.1506   0.4058   0.0000   0.2794   0.0007   0.0067   0.0706   0.0275   0.0242  -0.0010   0.0000   0.0044  -0.0015    0.067

  Surface # 2     Wing (YDUP)                             
     # Chordwise = 10   # Spanwise = 20     First strip = 21
     Surface area Ssurf =    0.113548     Ave. chord Cave =    0.279400

 Forces referred to Sref, Cref, Bref about Xref, Yref, Zref
 Standard axis orientation,  X fwd, Z down         
     CLsurf  =   0.22846     Clsurf  =   0.04977
     CYsurf  =  -0.00488     Cmsurf  =  -0.01728
     CDsurf  =   0.00866     Cnsurf  =   0.00530
     CDisurf =   0.00866     CDvsurf =   0.00000

 Forces referred to Ssurf, Cave 
     CLsurf  =   0.31990     CDsurf  =   0.01212

 Strip Forces referred to Strip Area, Chord
    j     Xle      Yle      Zle      Chord    Area     c_cl     ai     cl_norm    cl       cd       cdv    cm_c/4     cm_LE   C.P.x/c
    21   0.0002  -0.0006   0.0000   0.2794   0.0007   0.1069   0.0551   0.4194   0.3691   0.1599   0.0000  -0.0103   0.0993    0.278
    22   0.0021  -0.0056   0.0000   0.2794   0.0021   0.1069   0.0536   0.4336   0.3816   0.0293   0.0000  -0.0094   0.0985    0.275
    23   0.0057  -0.0155   0.0000   0.2794   0.0034   0.1069   0.0539   0.4344   0.3823   0.0221   0.0000  -0.0068   0.0961    0.268
    24   0.0111  -0.0299   0.0000   0.2794   0.0047   0.1070   0.0555   0.4348   0.3827   0.0199   0.0000  -0.0033   0.0928    0.259
    25   0.0181  -0.0487   0.0000   0.2794   0.0058   0.1070   0.0578   0.4352   0.3830   0.0179   0.0000   0.0002   0.0896    0.249
    26   0.0264  -0.0712   0.0000   0.2794   0.0068   0.1069   0.0604   0.4349   0.3828   0.0162   0.0000   0.0034   0.0865    0.241
    27   0.0360  -0.0970   0.0000   0.2794   0.0076   0.1065   0.0632   0.4334   0.3814   0.0147   0.0000   0.0061   0.0836    0.234
    28   0.0465  -0.1254   0.0000   0.2794   0.0082   0.1055   0.0662   0.4297   0.3782   0.0135   0.0000   0.0085   0.0806    0.228
    29   0.0578  -0.1558   0.0000   0.2794   0.0087   0.1039   0.0693   0.4232   0.3725   0.0125   0.0000   0.0107   0.0772    0.221
    30   0.0695  -0.1873   0.0000   0.2794   0.0089   0.1014   0.0726   0.4130   0.3634   0.0115   0.0000   0.0128   0.0731    0.215
    31   0.0813  -0.2191   0.0000   0.2794   0.0089   0.0977   0.0760   0.3982   0.3504   0.0106   0.0000   0.0150   0.0679    0.207
    32   0.0930  -0.2506   0.0000   0.2794   0.0087   0.0928   0.0794   0.3781   0.3328   0.0096   0.0000   0.0173   0.0616    0.198
    33   0.1043  -0.2810   0.0000   0.2794   0.0082   0.0864   0.0824   0.3521   0.3099   0.0085   0.0000   0.0197   0.0540    0.186
    34   0.1148  -0.3094   0.0000   0.2794   0.0076   0.0785   0.0846   0.3199   0.2815   0.0073   0.0000   0.0219   0.0453    0.172
    35   0.1244  -0.3352   0.0000   0.2794   0.0068   0.0690   0.0857   0.2814   0.2476   0.0060   0.0000   0.0235   0.0359    0.155
    36   0.1327  -0.3577   0.0000   0.2794   0.0058   0.0582   0.0851   0.2371   0.2087   0.0045   0.0000   0.0239   0.0264    0.135
    37   0.1397  -0.3765   0.0000   0.2794   0.0047   0.0461   0.0827   0.1882   0.1656   0.0031   0.0000   0.0225   0.0176    0.114
    38   0.1451  -0.3909   0.0000   0.2794   0.0034   0.0333   0.0786   0.1359   0.1196   0.0016   0.0000   0.0188   0.0103    0.093
    39   0.1487  -0.4008   0.0000   0.2794   0.0021   0.0201   0.0736   0.0820   0.0721   0.0001   0.0000   0.0126   0.0051    0.076
    40   0.1506  -0.4058   0.0000   0.2794   0.0007   0.0067   0.0706   0.0275   0.0242  -0.0010   0.0000   0.0044   0.0015    0.067
 ---------------------------------------------------------------
