 ---------------------------------------------------------------
 Surface and Strip Forces by surface

  Sref = 0.17880       Cref = 0.25250       Bref = 0.71120    
  Xref = 0.10920       Yref =  0.0000       Zref =  0.0000    

  Surface # 1     Wing                                    
     # Chordwise = 10   # Spanwise = 20     First strip =  1
     Surface area Ssurf =    0.099355     Ave. chord Cave =    0.279400

 Forces referred to Sref, Cref, Bref about Xref, Yref, Zref
 Standard axis orientation,  X fwd, Z down         
     CLsurf  =   0.20316     Clsurf  =  -0.04390
     CYsurf  =   0.00441     Cmsurf  =   0.00305
     CDsurf  =   0.00995     Cnsurf  =  -0.00549
     CDisurf =   0.00995     CDvsurf =   0.00000

 Forces referred to Ssurf, Cave 
     CLsurf  =   0.36560     CDsurf  =   0.01790

 Strip Forces referred to Strip Area, Chord
    j     Xle      Yle      Zle      Chord    Area     c_cl     ai     cl_norm    cl       cd       cdv    cm_c/4     cm_LE   C.P.x/c
     1   0.0002   0.0005   0.0000   0.2794   0.0006   0.1244   0.0780   0.4629   0.4235   0.2071   0.0000  -0.0057  -0.1118    0.263
     2   0.0015   0.0049   0.0000   0.2794   0.0018   0.1244   0.0768   0.4848   0.4435   0.0403   0.0000  -0.0050  -0.1111    0.261
     3   0.0042   0.0135   0.0000   0.2794   0.0030   0.1243   0.0770   0.4859   0.4446   0.0305   0.0000  -0.0029  -0.1091    0.256
     4   0.0081   0.0262   0.0000   0.2794   0.0041   0.1243   0.0782   0.4861   0.4448   0.0276   0.0000   0.0002  -0.1062    0.250
     5   0.0131   0.0426   0.0000   0.2794   0.0051   0.1241   0.0802   0.4858   0.4445   0.0253   0.0000   0.0034  -0.1030    0.242
     6   0.0192   0.0623   0.0000   0.2794   0.0059   0.1237   0.0825   0.4845   0.4432   0.0233   0.0000   0.0064  -0.0997    0.236
     7   0.0261   0.0849   0.0000   0.2794   0.0066   0.1229   0.0851   0.4814   0.4404   0.0216   0.0000   0.0092  -0.0963    0.229
     8   0.0337   0.1098   0.0000   0.2794   0.0072   0.1214   0.0880   0.4758   0.4353   0.0201   0.0000   0.0117  -0.0926    0.223
     9   0.0419   0.1363   0.0000   0.2794   0.0076   0.1191   0.0911   0.4668   0.4271   0.0187   0.0000   0.0141  -0.0884    0.217
    10   0.0504   0.1638   0.0000   0.2794   0.0078   0.1157   0.0943   0.4536   0.4150   0.0174   0.0000   0.0164  -0.0833    0.210
    11   0.0589   0.1918   0.0000   0.2794   0.0078   0.1111   0.0976   0.4355   0.3984   0.0161   0.0000   0.0188  -0.0771    0.203
    12   0.0674   0.2193   0.0000   0.2794   0.0076   0.1050   0.1007   0.4118   0.3767   0.0148   0.0000   0.0211  -0.0696    0.194
    13   0.0756   0.2458   0.0000   0.2794   0.0072   0.0974   0.1034   0.3819   0.3494   0.0133   0.0000   0.0233  -0.0610    0.183
    14   0.0832   0.2707   0.0000   0.2794   0.0066   0.0881   0.1054   0.3457   0.3163   0.0116   0.0000   0.0252  -0.0513    0.170
    15   0.0901   0.2933   0.0000   0.2794   0.0059   0.0773   0.1062   0.3034   0.2776   0.0098   0.0000   0.0262  -0.0411    0.156
    16   0.0962   0.3130   0.0000   0.2794   0.0051   0.0651   0.1056   0.2553   0.2336   0.0078   0.0000   0.0259  -0.0309    0.139
    17   0.1012   0.3294   0.0000   0.2794   0.0041   0.0516   0.1034   0.2027   0.1854   0.0057   0.0000   0.0238  -0.0214    0.122
    18   0.1051   0.3421   0.0000   0.2794   0.0030   0.0373   0.0998   0.1466   0.1341   0.0036   0.0000   0.0195  -0.0133    0.105
    19   0.1078   0.3507   0.0000   0.2794   0.0018   0.0225   0.0955   0.0886   0.0811   0.0013   0.0000   0.0128  -0.0070    0.092
    20   0.1091   0.3551   0.0000   0.2794   0.0006   0.0075   0.0930   0.0297   0.0272  -0.0007   0.0000   0.0045  -0.0022    0.085

  Surface # 2     Wing (YDUP)                             
     # Chordwise = 10   # Spanwise = 20     First strip = 21
     Surface area Ssurf =    0.099355     Ave. chord Cave =    0.279400

 Forces referred to Sref, Cref, Bref about Xref, Yref, Zref
 Standard axis orientation,  X fwd, Z down         
     CLsurf  =   0.20316     Clsurf  =   0.04390
     CYsurf  =  -0.00441     Cmsurf  =   0.00305
     CDsurf  =   0.00995     Cnsurf  =   0.00549
     CDisurf =   0.00995     CDvsurf =   0.00000

 Forces referred to Ssurf, Cave 
     CLsurf  =   0.36560     CDsurf  =   0.01790

 Strip Forces referred to Strip Area, Chord
    j     Xle      Yle      Zle      Chord    Area     c_cl     ai     cl_norm    cl       cd       cdv    cm_c/4     cm_LE   C.P.x/c
    21   0.0002  -0.0005   0.0000   0.2794   0.0006   0.1244   0.0780   0.4629   0.4235   0.2071   0.0000  -0.0057   0.1118    0.263
    22   0.0015  -0.0049   0.0000   0.2794   0.0018   0.1244   0.0768   0.4848   0.4435   0.0403   0.0000  -0.0050   0.1111    0.261
    23   0.0042  -0.0135   0.0000   0.2794   0.0030   0.1243   0.0770   0.4859   0.4446   0.0305   0.0000  -0.0029   0.1091    0.256
    24   0.0081  -0.0262   0.0000   0.2794   0.0041   0.1243   0.0782   0.4861   0.4448   0.0276   0.0000   0.0002   0.1062    0.250
    25   0.0131  -0.0426   0.0000   0.2794   0.0051   0.1241   0.0802   0.4858   0.4445   0.0253   0.0000   0.0034   0.1030    0.242
    26   0.0192  -0.0623   0.0000   0.2794   0.0059   0.1237   0.0825   0.4845   0.4432   0.0233   0.0000   0.0064   0.0997    0.236
    27   0.0261  -0.0849   0.0000   0.2794   0.0066   0.1229   0.0851   0.4814   0.4404   0.0216   0.0000   0.0092   0.0963    0.229
    28   0.0337  -0.1098   0.0000   0.2794   0.0072   0.1214   0.0880   0.4758   0.4353   0.0201   0.0000   0.0117   0.0926    0.223
    29   0.0419  -0.1363   0.0000   0.2794   0.0076   0.1191   0.0911   0.4668   0.4271   0.0187   0.0000   0.0141   0.0884    0.217
    30   0.0504  -0.1638   0.0000   0.2794   0.0078   0.1157   0.0943   0.4536   0.4150   0.0174   0.0000   0.0164   0.0833    0.210
    31   0.0589  -0.1918   0.0000   0.2794   0.0078   0.1111   0.0976   0.4355   0.3984   0.0161   0.0000   0.0188   0.0771    0.203
    32   0.0674  -0.2193   0.0000   0.2794   0.0076   0.1050   0.1007   0.4118   0.3767   0.0148   0.0000   0.0211   0.0696    0.194
    33   0.0756  -0.2458   0.0000   0.2794   0.0072   0.0974   0.1034   0.3819   0.3494   0.0133   0.0000   0.0233   0.0610    0.183
    34   0.0832  -0.2707   0.0000   0.2794   0.0066   0.0881   0.1054   0.3457   0.3163   0.0116   0.0000   0.0252   0.0513    0.170
    35   0.0901  -0.2933   0.0000   0.2794   0.0059   0.0773   0.1062   0.3034   0.2776   0.0098   0.0000   0.0262   0.0411    0.156
    36   0.0962  -0.3130   0.0000   0.2794   0.0051   0.0651   0.1056   0.2553   0.2336   0.0078   0.0000   0.0259   0.0309    0.139
    37   0.1012  -0.3294   0.0000   0.2794   0.0041   0.0516   0.1034   0.2027   0.1854   0.0057   0.0000   0.0238   0.0214    0.122
    38   0.1051  -0.3421   0.0000   0.2794   0.0030   0.0373   0.0998   0.1466   0.1341   0.0036   0.0000   0.0195   0.0133    0.105
    39   0.1078  -0.3507   0.0000   0.2794   0.0018   0.0225   0.0955   0.0886   0.0811   0.0013   0.0000   0.0128   0.0070    0.092
    40   0.1091  -0.3551   0.0000   0.2794   0.0006   0.0075   0.0930   0.0297   0.0272  -0.0007   0.0000   0.0045   0.0022    0.085
 ---------------------------------------------------------------
