 ---------------------------------------------------------------
 Surface and Strip Forces by surface

  Sref = 0.16520       Cref = 0.20740       Bref = 0.81280    
  Xref = 0.10920       Yref =  0.0000       Zref =  0.0000    

  Surface # 1     Wing                                    
     # Chordwise = 10   # Spanwise = 20     First strip =  1
     Surface area Ssurf =    0.103226     Ave. chord Cave =    0.254000

 Forces referred to Sref, Cref, Bref about Xref, Yref, Zref
 Standard axis orientation,  X fwd, Z down         
     CLsurf  =   0.21988     Clsurf  =  -0.04782
     CYsurf  =   0.00327     Cmsurf  =   0.01334
     CDsurf  =   0.00814     Cnsurf  =  -0.00425
     CDisurf =   0.00814     CDvsurf =   0.00000

 Forces referred to Ssurf, Cave 
     CLsurf  =   0.35189     CDsurf  =   0.01302

 Strip Forces referred to Strip Area, Chord
    j     Xle      Yle      Zle      Chord    Area     c_cl     ai     cl_norm    cl       cd       cdv    cm_c/4     cm_LE   C.P.x/c
     1   0.0001   0.0006   0.0000   0.2540   0.0006   0.1075   0.0569   0.4367   0.4133   0.1213   0.0000  -0.0046  -0.1074    0.261
     2   0.0013   0.0056   0.0000   0.2540   0.0019   0.1075   0.0559   0.4466   0.4227   0.0266   0.0000  -0.0038  -0.1066    0.259
     3   0.0037   0.0155   0.0000   0.2540   0.0031   0.1075   0.0562   0.4471   0.4232   0.0212   0.0000  -0.0018  -0.1047    0.254
     4   0.0072   0.0299   0.0000   0.2540   0.0042   0.1075   0.0574   0.4473   0.4234   0.0192   0.0000   0.0008  -0.1021    0.248
     5   0.0116   0.0487   0.0000   0.2540   0.0053   0.1074   0.0591   0.4472   0.4233   0.0176   0.0000   0.0035  -0.0995    0.242
     6   0.0170   0.0712   0.0000   0.2540   0.0062   0.1072   0.0611   0.4463   0.4225   0.0162   0.0000   0.0058  -0.0970    0.236
     7   0.0232   0.0970   0.0000   0.2540   0.0069   0.1066   0.0634   0.4440   0.4203   0.0151   0.0000   0.0078  -0.0945    0.231
     8   0.0300   0.1254   0.0000   0.2540   0.0075   0.1055   0.0659   0.4395   0.4160   0.0142   0.0000   0.0096  -0.0917    0.227
     9   0.0372   0.1558   0.0000   0.2540   0.0079   0.1037   0.0686   0.4322   0.4091   0.0135   0.0000   0.0112  -0.0884    0.223
    10   0.0447   0.1873   0.0000   0.2540   0.0081   0.1011   0.0716   0.4211   0.3986   0.0128   0.0000   0.0129  -0.0843    0.218
    11   0.0524   0.2191   0.0000   0.2540   0.0081   0.0974   0.0748   0.4057   0.3840   0.0122   0.0000   0.0146  -0.0790    0.212
    12   0.0599   0.2506   0.0000   0.2540   0.0079   0.0924   0.0781   0.3851   0.3645   0.0114   0.0000   0.0166  -0.0724    0.205
    13   0.0671   0.2810   0.0000   0.2540   0.0075   0.0861   0.0813   0.3587   0.3395   0.0106   0.0000   0.0186  -0.0643    0.195
    14   0.0739   0.3094   0.0000   0.2540   0.0069   0.0783   0.0840   0.3262   0.3087   0.0096   0.0000   0.0205  -0.0550    0.184
    15   0.0801   0.3352   0.0000   0.2540   0.0062   0.0690   0.0857   0.2873   0.2720   0.0083   0.0000   0.0220  -0.0446    0.169
    16   0.0855   0.3577   0.0000   0.2540   0.0053   0.0582   0.0859   0.2426   0.2297   0.0069   0.0000   0.0225  -0.0339    0.152
    17   0.0899   0.3765   0.0000   0.2540   0.0042   0.0463   0.0843   0.1929   0.1826   0.0053   0.0000   0.0213  -0.0236    0.133
    18   0.0934   0.3909   0.0000   0.2540   0.0031   0.0335   0.0809   0.1396   0.1321   0.0035   0.0000   0.0179  -0.0146    0.114
    19   0.0958   0.4008   0.0000   0.2540   0.0019   0.0202   0.0762   0.0842   0.0797   0.0015   0.0000   0.0121  -0.0076    0.098
    20   0.0970   0.4058   0.0000   0.2540   0.0006   0.0067   0.0730   0.0282   0.0267  -0.0002   0.0000   0.0043  -0.0023    0.090

  Surface # 2     Wing (YDUP)                             
     # Chordwise = 10   # Spanwise = 20     First strip = 21
     Surface area Ssurf =    0.103226     Ave. chord Cave =    0.254000

 Forces referred to Sref, Cref, Bref about Xref, Yref, Zref
 Standard axis orientation,  X fwd, Z down         
     CLsurf  =   0.21988     Clsurf  =   0.04782
     CYsurf  =  -0.00327     Cmsurf  =   0.01334
     CDsurf  =   0.00814     Cnsurf  =   0.00425
     CDisurf =   0.00814     CDvsurf =   0.00000

 Forces referred to Ssurf, Cave 
     CLsurf  =   0.35189     CDsurf  =   0.01302

 Strip Forces referred to Strip Area, Chord
    j     Xle      Yle      Zle      Chord    Area     c_cl     ai     cl_norm    cl       cd       cdv    cm_c/4     cm_LE   C.P.x/c
    21   0.0001  -0.0006   0.0000   0.2540   0.0006   0.1075   0.0569   0.4367   0.4133   0.1213   0.0000  -0.0046   0.1074    0.261
    22   0.0013  -0.0056   0.0000   0.2540   0.0019   0.1075   0.0559   0.4466   0.4227   0.0266   0.0000  -0.0038   0.1066    0.259
    23   0.0037  -0.0155   0.0000   0.2540   0.0031   0.1075   0.0562   0.4471   0.4232   0.0212   0.0000  -0.0018   0.1047    0.254
    24   0.0072  -0.0299   0.0000   0.2540   0.0042   0.1075   0.0574   0.4473   0.4234   0.0192   0.0000   0.0008   0.1021    0.248
    25   0.0116  -0.0487   0.0000   0.2540   0.0053   0.1074   0.0591   0.4472   0.4233   0.0176   0.0000   0.0035   0.0995    0.242
    26   0.0170  -0.0712   0.0000   0.2540   0.0062   0.1072   0.0611   0.4463   0.4225   0.0162   0.0000   0.0058   0.0970    0.236
    27   0.0232  -0.0970   0.0000   0.2540   0.0069   0.1066   0.0634   0.4440   0.4203   0.0151   0.0000   0.0078   0.0945    0.231
    28   0.0300  -0.1254   0.0000   0.2540   0.0075   0.1055   0.0659   0.4395   0.4160   0.0142   0.0000   0.0096   0.0917    0.227
    29   0.0372  -0.1558   0.0000   0.2540   0.0079   0.1037   0.0686   0.4322   0.4091   0.0135   0.0000   0.0112   0.0884    0.223
    30   0.0447  -0.1873   0.0000   0.2540   0.0081   0.1011   0.0716   0.4211   0.3986   0.0128   0.0000   0.0129   0.0843    0.218
    31   0.0524  -0.2191   0.0000   0.2540   0.0081   0.0974   0.0748   0.4057   0.3840   0.0122   0.0000   0.0146   0.0790    0.212
    32   0.0599  -0.2506   0.0000   0.2540   0.0079   0.0924   0.0781   0.3851   0.3645   0.0114   0.0000   0.0166   0.0724    0.205
    33   0.0671  -0.2810   0.0000   0.2540   0.0075   0.0861   0.0813   0.3587   0.3395   0.0106   0.0000   0.0186   0.0643    0.195
    34   0.0739  -0.3094   0.0000   0.2540   0.0069   0.0783   0.0840   0.3262   0.3087   0.0096   0.0000   0.0205   0.0550    0.184
    35   0.0801  -0.3352   0.0000   0.2540   0.0062   0.0690   0.0857   0.2873   0.2720   0.0083   0.0000   0.0220   0.0446    0.169
    36   0.0855  -0.3577   0.0000   0.2540   0.0053   0.0582   0.0859   0.2426   0.2297   0.0069   0.0000   0.0225   0.0339    0.152
    37   0.0899  -0.3765   0.0000   0.2540   0.0042   0.0463   0.0843   0.1929   0.1826   0.0053   0.0000   0.0213   0.0236    0.133
    38   0.0934  -0.3909   0.0000   0.2540   0.0031   0.0335   0.0809   0.1396   0.1321   0.0035   0.0000   0.0179   0.0146    0.114
    39   0.0958  -0.4008   0.0000   0.2540   0.0019   0.0202   0.0762   0.0842   0.0797   0.0015   0.0000   0.0121   0.0076    0.098
    40   0.0970  -0.4058   0.0000   0.2540   0.0006   0.0067   0.0730   0.0282   0.0267  -0.0002   0.0000   0.0043   0.0023    0.090
 ---------------------------------------------------------------
