 ---------------------------------------------------------------
 Surface and Strip Forces by surface

  Sref = 0.11920       Cref = 0.20760       Bref = 0.60960    
  Xref = 0.10920       Yref =  0.0000       Zref =  0.0000    

  Surface # 1     Wing                                    
     # Chordwise = 10   # Spanwise = 20     First strip =  1
     Surface area Ssurf =    0.085161     Ave. chord Cave =    0.279400

 Forces referred to Sref, Cref, Bref about Xref, Yref, Zref
 Standard axis orientation,  X fwd, Z down         
     CLsurf  =   0.30473     Clsurf  =  -0.06568
     CYsurf  =   0.01115     Cmsurf  =  -0.00245
     CDsurf  =   0.02067     Cnsurf  =  -0.01334
     CDisurf =   0.02067     CDvsurf =   0.00000

 Forces referred to Ssurf, Cave 
     CLsurf  =   0.42654     CDsurf  =   0.02894

 Strip Forces referred to Strip Area, Chord
    j     Xle      Yle      Zle      Chord    Area     c_cl     ai     cl_norm    cl       cd       cdv    cm_c/4     cm_LE   C.P.x/c
     1   0.0002   0.0005   0.0000   0.2794   0.0005   0.1454   0.1060   0.5370   0.4630   0.4027   0.0000  -0.0100  -0.1299    0.272
     2   0.0017   0.0042   0.0000   0.2794   0.0016   0.1454   0.1053   0.5980   0.5157   0.0718   0.0000  -0.0092  -0.1291    0.268
     3   0.0047   0.0116   0.0000   0.2794   0.0026   0.1454   0.1061   0.6017   0.5188   0.0519   0.0000  -0.0065  -0.1266    0.263
     4   0.0091   0.0225   0.0000   0.2794   0.0035   0.1454   0.1080   0.6025   0.5195   0.0467   0.0000  -0.0025  -0.1229    0.255
     5   0.0148   0.0365   0.0000   0.2794   0.0043   0.1452   0.1108   0.6025   0.5195   0.0427   0.0000   0.0019  -0.1187    0.246
     6   0.0217   0.0534   0.0000   0.2794   0.0051   0.1447   0.1141   0.6011   0.5183   0.0392   0.0000   0.0062  -0.1142    0.238
     7   0.0295   0.0728   0.0000   0.2794   0.0057   0.1437   0.1177   0.5975   0.5152   0.0359   0.0000   0.0103  -0.1096    0.230
     8   0.0382   0.0941   0.0000   0.2794   0.0062   0.1419   0.1215   0.5905   0.5092   0.0330   0.0000   0.0141  -0.1047    0.222
     9   0.0474   0.1168   0.0000   0.2794   0.0065   0.1391   0.1255   0.5792   0.4994   0.0303   0.0000   0.0176  -0.0991    0.215
    10   0.0570   0.1404   0.0000   0.2794   0.0067   0.1350   0.1295   0.5625   0.4850   0.0276   0.0000   0.0210  -0.0925    0.207
    11   0.0666   0.1644   0.0000   0.2794   0.0067   0.1295   0.1334   0.5395   0.4652   0.0250   0.0000   0.0243  -0.0848    0.198
    12   0.0762   0.1880   0.0000   0.2794   0.0065   0.1222   0.1369   0.5095   0.4393   0.0223   0.0000   0.0275  -0.0759    0.187
    13   0.0854   0.2107   0.0000   0.2794   0.0062   0.1131   0.1398   0.4719   0.4069   0.0195   0.0000   0.0303  -0.0658    0.176
    14   0.0941   0.2320   0.0000   0.2794   0.0057   0.1023   0.1417   0.4267   0.3680   0.0165   0.0000   0.0323  -0.0548    0.162
    15   0.1019   0.2514   0.0000   0.2794   0.0051   0.0896   0.1424   0.3741   0.3226   0.0133   0.0000   0.0332  -0.0435    0.147
    16   0.1088   0.2683   0.0000   0.2794   0.0043   0.0754   0.1415   0.3148   0.2715   0.0102   0.0000   0.0323  -0.0326    0.131
    17   0.1145   0.2823   0.0000   0.2794   0.0035   0.0598   0.1391   0.2501   0.2156   0.0070   0.0000   0.0292  -0.0226    0.115
    18   0.1189   0.2932   0.0000   0.2794   0.0026   0.0433   0.1355   0.1812   0.1563   0.0039   0.0000   0.0234  -0.0142    0.100
    19   0.1219   0.3006   0.0000   0.2794   0.0016   0.0262   0.1316   0.1098   0.0947   0.0008   0.0000   0.0153  -0.0076    0.089
    20   0.1234   0.3043   0.0000   0.2794   0.0005   0.0088   0.1296   0.0371   0.0320  -0.0017   0.0000   0.0053  -0.0024    0.085

  Surface # 2     Wing (YDUP)                             
     # Chordwise = 10   # Spanwise = 20     First strip = 21
     Surface area Ssurf =    0.085161     Ave. chord Cave =    0.279400

 Forces referred to Sref, Cref, Bref about Xref, Yref, Zref
 Standard axis orientation,  X fwd, Z down         
     CLsurf  =   0.30473     Clsurf  =   0.06568
     CYsurf  =  -0.01115     Cmsurf  =  -0.00245
     CDsurf  =   0.02067     Cnsurf  =   0.01334
     CDisurf =   0.02067     CDvsurf =   0.00000

 Forces referred to Ssurf, Cave 
     CLsurf  =   0.42654     CDsurf  =   0.02894

 Strip Forces referred to Strip Area, Chord
    j     Xle      Yle      Zle      Chord    Area     c_cl     ai     cl_norm    cl       cd       cdv    cm_c/4     cm_LE   C.P.x/c
    21   0.0002  -0.0005   0.0000   0.2794   0.0005   0.1454   0.1060   0.5370   0.4630   0.4027   0.0000  -0.0100   0.1299    0.272
    22   0.0017  -0.0042   0.0000   0.2794   0.0016   0.1454   0.1053   0.5980   0.5157   0.0718   0.0000  -0.0092   0.1291    0.268
    23   0.0047  -0.0116   0.0000   0.2794   0.0026   0.1454   0.1061   0.6017   0.5188   0.0519   0.0000  -0.0065   0.1266    0.263
    24   0.0091  -0.0225   0.0000   0.2794   0.0035   0.1454   0.1080   0.6025   0.5195   0.0467   0.0000  -0.0025   0.1229    0.255
    25   0.0148  -0.0365   0.0000   0.2794   0.0043   0.1452   0.1108   0.6025   0.5195   0.0427   0.0000   0.0019   0.1187    0.246
    26   0.0217  -0.0534   0.0000   0.2794   0.0051   0.1447   0.1141   0.6011   0.5183   0.0392   0.0000   0.0062   0.1142    0.238
    27   0.0295  -0.0728   0.0000   0.2794   0.0057   0.1437   0.1177   0.5975   0.5152   0.0359   0.0000   0.0103   0.1096    0.230
    28   0.0382  -0.0941   0.0000   0.2794   0.0062   0.1419   0.1215   0.5905   0.5092   0.0330   0.0000   0.0141   0.1047    0.222
    29   0.0474  -0.1168   0.0000   0.2794   0.0065   0.1391   0.1255   0.5792   0.4994   0.0303   0.0000   0.0176   0.0991    0.215
    30   0.0570  -0.1404   0.0000   0.2794   0.0067   0.1350   0.1295   0.5625   0.4850   0.0276   0.0000   0.0210   0.0925    0.207
    31   0.0666  -0.1644   0.0000   0.2794   0.0067   0.1295   0.1334   0.5395   0.4652   0.0250   0.0000   0.0243   0.0848    0.198
    32   0.0762  -0.1880   0.0000   0.2794   0.0065   0.1222   0.1369   0.5095   0.4393   0.0223   0.0000   0.0275   0.0759    0.187
    33   0.0854  -0.2107   0.0000   0.2794   0.0062   0.1131   0.1398   0.4719   0.4069   0.0195   0.0000   0.0303   0.0658    0.176
    34   0.0941  -0.2320   0.0000   0.2794   0.0057   0.1023   0.1417   0.4267   0.3680   0.0165   0.0000   0.0323   0.0548    0.162
    35   0.1019  -0.2514   0.0000   0.2794   0.0051   0.0896   0.1424   0.3741   0.3226   0.0133   0.0000   0.0332   0.0435    0.147
    36   0.1088  -0.2683   0.0000   0.2794   0.0043   0.0754   0.1415   0.3148   0.2715   0.0102   0.0000   0.0323   0.0326    0.131
    37   0.1145  -0.2823   0.0000   0.2794   0.0035   0.0598   0.1391   0.2501   0.2156   0.0070   0.0000   0.0292   0.0226    0.115
    38   0.1189  -0.2932   0.0000   0.2794   0.0026   0.0433   0.1355   0.1812   0.1563   0.0039   0.0000   0.0234   0.0142    0.100
    39   0.1219  -0.3006   0.0000   0.2794   0.0016   0.0262   0.1316   0.1098   0.0947   0.0008   0.0000   0.0153   0.0076    0.089
    40   0.1234  -0.3043   0.0000   0.2794   0.0005   0.0088   0.1296   0.0371   0.0320  -0.0017   0.0000   0.0053   0.0024    0.085
 ---------------------------------------------------------------
