 ---------------------------------------------------------------
 Surface and Strip Forces by surface

  Sref = 0.13630       Cref = 0.22820       Bref = 0.60960    
  Xref = 0.10920       Yref =  0.0000       Zref =  0.0000    

  Surface # 1     Wing                                    
     # Chordwise = 10   # Spanwise = 20     First strip =  1
     Surface area Ssurf =    0.085161     Ave. chord Cave =    0.279400

 Forces referred to Sref, Cref, Bref about Xref, Yref, Zref
 Standard axis orientation,  X fwd, Z down         
     CLsurf  =   0.26650     Clsurf  =  -0.05706
     CYsurf  =   0.00433     Cmsurf  =   0.03410
     CDsurf  =   0.01740     Cnsurf  =  -0.00771
     CDisurf =   0.01740     CDvsurf =   0.00000

 Forces referred to Ssurf, Cave 
     CLsurf  =   0.42654     CDsurf  =   0.02785

 Strip Forces referred to Strip Area, Chord
    j     Xle      Yle      Zle      Chord    Area     c_cl     ai     cl_norm    cl       cd       cdv    cm_c/4     cm_LE   C.P.x/c
     1   0.0001   0.0005   0.0000   0.2794   0.0005   0.1479   0.1157   0.5174   0.5017   0.2169   0.0000   0.0061  -0.1242    0.238
     2   0.0008   0.0042   0.0000   0.2794   0.0016   0.1479   0.1150   0.5441   0.5276   0.0519   0.0000   0.0065  -0.1238    0.238
     3   0.0021   0.0116   0.0000   0.2794   0.0026   0.1478   0.1150   0.5455   0.5290   0.0416   0.0000   0.0077  -0.1226    0.235
     4   0.0040   0.0225   0.0000   0.2794   0.0035   0.1476   0.1155   0.5453   0.5287   0.0386   0.0000   0.0096  -0.1206    0.232
     5   0.0065   0.0365   0.0000   0.2794   0.0043   0.1472   0.1166   0.5440   0.5275   0.0364   0.0000   0.0117  -0.1181    0.228
     6   0.0096   0.0534   0.0000   0.2794   0.0051   0.1463   0.1181   0.5411   0.5247   0.0346   0.0000   0.0138  -0.1153    0.224
     7   0.0130   0.0728   0.0000   0.2794   0.0057   0.1449   0.1200   0.5359   0.5197   0.0329   0.0000   0.0159  -0.1120    0.219
     8   0.0169   0.0941   0.0000   0.2794   0.0062   0.1426   0.1222   0.5276   0.5116   0.0314   0.0000   0.0179  -0.1080    0.215
     9   0.0209   0.1168   0.0000   0.2794   0.0065   0.1392   0.1246   0.5154   0.4997   0.0300   0.0000   0.0198  -0.1031    0.210
    10   0.0252   0.1404   0.0000   0.2794   0.0067   0.1346   0.1273   0.4985   0.4834   0.0285   0.0000   0.0218  -0.0971    0.205
    11   0.0294   0.1644   0.0000   0.2794   0.0067   0.1286   0.1300   0.4763   0.4618   0.0269   0.0000   0.0237  -0.0900    0.199
    12   0.0337   0.1880   0.0000   0.2794   0.0065   0.1211   0.1326   0.4482   0.4346   0.0252   0.0000   0.0255  -0.0815    0.191
    13   0.0377   0.2107   0.0000   0.2794   0.0062   0.1118   0.1348   0.4140   0.4015   0.0232   0.0000   0.0271  -0.0718    0.183
    14   0.0416   0.2320   0.0000   0.2794   0.0057   0.1009   0.1365   0.3735   0.3622   0.0209   0.0000   0.0281  -0.0612    0.172
    15   0.0450   0.2514   0.0000   0.2794   0.0051   0.0883   0.1372   0.3269   0.3170   0.0183   0.0000   0.0282  -0.0500    0.161
    16   0.0481   0.2683   0.0000   0.2794   0.0043   0.0742   0.1368   0.2748   0.2665   0.0154   0.0000   0.0271  -0.0387    0.148
    17   0.0506   0.2823   0.0000   0.2794   0.0035   0.0589   0.1350   0.2182   0.2115   0.0121   0.0000   0.0242  -0.0281    0.136
    18   0.0525   0.2932   0.0000   0.2794   0.0026   0.0427   0.1321   0.1580   0.1532   0.0085   0.0000   0.0194  -0.0185    0.124
    19   0.0538   0.3006   0.0000   0.2794   0.0016   0.0258   0.1287   0.0956   0.0927   0.0046   0.0000   0.0126  -0.0103    0.114
    20   0.0545   0.3043   0.0000   0.2794   0.0005   0.0086   0.1267   0.0321   0.0311   0.0007   0.0000   0.0044  -0.0033    0.110

  Surface # 2     Wing (YDUP)                             
     # Chordwise = 10   # Spanwise = 20     First strip = 21
     Surface area Ssurf =    0.085161     Ave. chord Cave =    0.279400

 Forces referred to Sref, Cref, Bref about Xref, Yref, Zref
 Standard axis orientation,  X fwd, Z down         
     CLsurf  =   0.26650     Clsurf  =   0.05706
     CYsurf  =  -0.00433     Cmsurf  =   0.03410
     CDsurf  =   0.01740     Cnsurf  =   0.00771
     CDisurf =   0.01740     CDvsurf =   0.00000

 Forces referred to Ssurf, Cave 
     CLsurf  =   0.42654     CDsurf  =   0.02785

 Strip Forces referred to Strip Area, Chord
    j     Xle      Yle      Zle      Chord    Area     c_cl     ai     cl_norm    cl       cd       cdv    cm_c/4     cm_LE   C.P.x/c
    21   0.0001  -0.0005   0.0000   0.2794   0.0005   0.1479   0.1157   0.5174   0.5017   0.2169   0.0000   0.0061   0.1242    0.238
    22   0.0008  -0.0042   0.0000   0.2794   0.0016   0.1479   0.1150   0.5441   0.5276   0.0519   0.0000   0.0065   0.1238    0.238
    23   0.0021  -0.0116   0.0000   0.2794   0.0026   0.1478   0.1150   0.5455   0.5290   0.0416   0.0000   0.0077   0.1226    0.235
    24   0.0040  -0.0225   0.0000   0.2794   0.0035   0.1476   0.1155   0.5453   0.5287   0.0386   0.0000   0.0096   0.1206    0.232
    25   0.0065  -0.0365   0.0000   0.2794   0.0043   0.1472   0.1166   0.5440   0.5275   0.0364   0.0000   0.0117   0.1181    0.228
    26   0.0096  -0.0534   0.0000   0.2794   0.0051   0.1463   0.1181   0.5411   0.5247   0.0346   0.0000   0.0138   0.1153    0.224
    27   0.0130  -0.0728   0.0000   0.2794   0.0057   0.1449   0.1200   0.5359   0.5197   0.0329   0.0000   0.0159   0.1120    0.219
    28   0.0169  -0.0941   0.0000   0.2794   0.0062   0.1426   0.1222   0.5276   0.5116   0.0314   0.0000   0.0179   0.1080    0.215
    29   0.0209  -0.1168   0.0000   0.2794   0.0065   0.1392   0.1246   0.5154   0.4997   0.0300   0.0000   0.0198   0.1031    0.210
    30   0.0252  -0.1404   0.0000   0.2794   0.0067   0.1346   0.1273   0.4985   0.4834   0.0285   0.0000   0.0218   0.0971    0.205
    31   0.0294  -0.1644   0.0000   0.2794   0.0067   0.1286   0.1300   0.4763   0.4618   0.0269   0.0000   0.0237   0.0900    0.199
    32   0.0337  -0.1880   0.0000   0.2794   0.0065   0.1211   0.1326   0.4482   0.4346   0.0252   0.0000   0.0255   0.0815    0.191
    33   0.0377  -0.2107   0.0000   0.2794   0.0062   0.1118   0.1348   0.4140   0.4015   0.0232   0.0000   0.0271   0.0718    0.183
    34   0.0416  -0.2320   0.0000   0.2794   0.0057   0.1009   0.1365   0.3735   0.3622   0.0209   0.0000   0.0281   0.0612    0.172
    35   0.0450  -0.2514   0.0000   0.2794   0.0051   0.0883   0.1372   0.3269   0.3170   0.0183   0.0000   0.0282   0.0500    0.161
    36   0.0481  -0.2683   0.0000   0.2794   0.0043   0.0742   0.1368   0.2748   0.2665   0.0154   0.0000   0.0271   0.0387    0.148
    37   0.0506  -0.2823   0.0000   0.2794   0.0035   0.0589   0.1350   0.2182   0.2115   0.0121   0.0000   0.0242   0.0281    0.136
    38   0.0525  -0.2932   0.0000   0.2794   0.0026   0.0427   0.1321   0.1580   0.1532   0.0085   0.0000   0.0194   0.0185    0.124
    39   0.0538  -0.3006   0.0000   0.2794   0.0016   0.0258   0.1287   0.0956   0.0927   0.0046   0.0000   0.0126   0.0103    0.114
    40   0.0545  -0.3043   0.0000   0.2794   0.0005   0.0086   0.1267   0.0321   0.0311   0.0007   0.0000   0.0044   0.0033    0.110
 ---------------------------------------------------------------
