 ---------------------------------------------------------------
 Surface and Strip Forces by surface

  Sref = 0.83600E-01   Cref = 0.15750       Bref = 0.60960    
  Xref = 0.10920       Yref =  0.0000       Zref =  0.0000    

  Surface # 1     Wing                                    
     # Chordwise = 10   # Spanwise = 20     First strip =  1
     Surface area Ssurf =    0.069677     Ave. chord Cave =    0.228600

 Forces referred to Sref, Cref, Bref about Xref, Yref, Zref
 Standard axis orientation,  X fwd, Z down         
     CLsurf  =   0.43450     Clsurf  =  -0.09410
     CYsurf  =   0.01491     Cmsurf  =   0.04713
     CDsurf  =   0.02905     Cnsurf  =  -0.01690
     CDisurf =   0.02905     CDvsurf =   0.00000

 Forces referred to Ssurf, Cave 
     CLsurf  =   0.52132     CDsurf  =   0.03485

 Strip Forces referred to Strip Area, Chord
    j     Xle      Yle      Zle      Chord    Area     c_cl     ai     cl_norm    cl       cd       cdv    cm_c/4     cm_LE   C.P.x/c
     1   0.0002   0.0005   0.0000   0.2286   0.0004   0.1435   0.0992   0.6280   0.5693   0.3897   0.0000  -0.0112  -0.1598    0.270
     2   0.0014   0.0042   0.0000   0.2286   0.0013   0.1435   0.0995   0.6876   0.6233   0.0785   0.0000  -0.0102  -0.1588    0.266
     3   0.0038   0.0116   0.0000   0.2286   0.0021   0.1435   0.1012   0.6913   0.6266   0.0602   0.0000  -0.0070  -0.1558    0.261
     4   0.0073   0.0225   0.0000   0.2286   0.0029   0.1435   0.1039   0.6926   0.6279   0.0541   0.0000  -0.0026  -0.1517    0.254
     5   0.0119   0.0365   0.0000   0.2286   0.0036   0.1435   0.1073   0.6933   0.6285   0.0494   0.0000   0.0020  -0.1473    0.247
     6   0.0174   0.0534   0.0000   0.2286   0.0042   0.1432   0.1111   0.6925   0.6277   0.0453   0.0000   0.0063  -0.1428    0.240
     7   0.0238   0.0728   0.0000   0.2286   0.0047   0.1424   0.1152   0.6892   0.6248   0.0418   0.0000   0.0102  -0.1383    0.234
     8   0.0307   0.0941   0.0000   0.2286   0.0051   0.1408   0.1195   0.6824   0.6186   0.0389   0.0000   0.0137  -0.1334    0.228
     9   0.0381   0.1168   0.0000   0.2286   0.0053   0.1383   0.1242   0.6707   0.6080   0.0362   0.0000   0.0170  -0.1277    0.222
    10   0.0458   0.1404   0.0000   0.2286   0.0054   0.1346   0.1290   0.6530   0.5919   0.0338   0.0000   0.0202  -0.1207    0.216
    11   0.0537   0.1644   0.0000   0.2286   0.0054   0.1295   0.1340   0.6282   0.5694   0.0313   0.0000   0.0235  -0.1123    0.209
    12   0.0614   0.1880   0.0000   0.2286   0.0053   0.1227   0.1390   0.5953   0.5396   0.0288   0.0000   0.0268  -0.1020    0.200
    13   0.0688   0.2107   0.0000   0.2286   0.0051   0.1140   0.1435   0.5535   0.5017   0.0259   0.0000   0.0300  -0.0900    0.190
    14   0.0757   0.2320   0.0000   0.2286   0.0047   0.1035   0.1472   0.5024   0.4555   0.0228   0.0000   0.0327  -0.0765    0.178
    15   0.0821   0.2514   0.0000   0.2286   0.0042   0.0910   0.1495   0.4422   0.4008   0.0193   0.0000   0.0344  -0.0620    0.164
    16   0.0876   0.2683   0.0000   0.2286   0.0036   0.0769   0.1502   0.3734   0.3385   0.0156   0.0000   0.0342  -0.0473    0.149
    17   0.0922   0.2823   0.0000   0.2286   0.0029   0.0612   0.1489   0.2974   0.2696   0.0117   0.0000   0.0316  -0.0336    0.133
    18   0.0957   0.2932   0.0000   0.2286   0.0021   0.0444   0.1460   0.2159   0.1957   0.0076   0.0000   0.0259  -0.0215    0.118
    19   0.0981   0.3006   0.0000   0.2286   0.0013   0.0269   0.1421   0.1309   0.1187   0.0033   0.0000   0.0171  -0.0116    0.106
    20   0.0993   0.3043   0.0000   0.2286   0.0004   0.0090   0.1397   0.0442   0.0401  -0.0009   0.0000   0.0060  -0.0036    0.100

  Surface # 2     Wing (YDUP)                             
     # Chordwise = 10   # Spanwise = 20     First strip = 21
     Surface area Ssurf =    0.069677     Ave. chord Cave =    0.228600

 Forces referred to Sref, Cref, Bref about Xref, Yref, Zref
 Standard axis orientation,  X fwd, Z down         
     CLsurf  =   0.43450     Clsurf  =   0.09410
     CYsurf  =  -0.01491     Cmsurf  =   0.04713
     CDsurf  =   0.02905     Cnsurf  =   0.01690
     CDisurf =   0.02905     CDvsurf =   0.00000

 Forces referred to Ssurf, Cave 
     CLsurf  =   0.52132     CDsurf  =   0.03485

 Strip Forces referred to Strip Area, Chord
    j     Xle      Yle      Zle      Chord    Area     c_cl     ai     cl_norm    cl       cd       cdv    cm_c/4     cm_LE   C.P.x/c
    21   0.0002  -0.0005   0.0000   0.2286   0.0004   0.1435   0.0992   0.6280   0.5693   0.3897   0.0000  -0.0112   0.1598    0.270
    22   0.0014  -0.0042   0.0000   0.2286   0.0013   0.1435   0.0995   0.6876   0.6233   0.0785   0.0000  -0.0102   0.1588    0.266
    23   0.0038  -0.0116   0.0000   0.2286   0.0021   0.1435   0.1012   0.6913   0.6266   0.0602   0.0000  -0.0070   0.1558    0.261
    24   0.0073  -0.0225   0.0000   0.2286   0.0029   0.1435   0.1039   0.6926   0.6279   0.0541   0.0000  -0.0026   0.1517    0.254
    25   0.0119  -0.0365   0.0000   0.2286   0.0036   0.1435   0.1073   0.6933   0.6285   0.0494   0.0000   0.0020   0.1473    0.247
    26   0.0174  -0.0534   0.0000   0.2286   0.0042   0.1432   0.1111   0.6925   0.6277   0.0453   0.0000   0.0063   0.1428    0.240
    27   0.0238  -0.0728   0.0000   0.2286   0.0047   0.1424   0.1152   0.6892   0.6248   0.0418   0.0000   0.0102   0.1383    0.234
    28   0.0307  -0.0941   0.0000   0.2286   0.0051   0.1408   0.1195   0.6824   0.6186   0.0389   0.0000   0.0137   0.1334    0.228
    29   0.0381  -0.1168   0.0000   0.2286   0.0053   0.1383   0.1242   0.6707   0.6080   0.0362   0.0000   0.0170   0.1277    0.222
    30   0.0458  -0.1404   0.0000   0.2286   0.0054   0.1346   0.1290   0.6530   0.5919   0.0338   0.0000   0.0202   0.1207    0.216
    31   0.0537  -0.1644   0.0000   0.2286   0.0054   0.1295   0.1340   0.6282   0.5694   0.0313   0.0000   0.0235   0.1123    0.209
    32   0.0614  -0.1880   0.0000   0.2286   0.0053   0.1227   0.1390   0.5953   0.5396   0.0288   0.0000   0.0268   0.1020    0.200
    33   0.0688  -0.2107   0.0000   0.2286   0.0051   0.1140   0.1435   0.5535   0.5017   0.0259   0.0000   0.0300   0.0900    0.190
    34   0.0757  -0.2320   0.0000   0.2286   0.0047   0.1035   0.1472   0.5024   0.4555   0.0228   0.0000   0.0327   0.0765    0.178
    35   0.0821  -0.2514   0.0000   0.2286   0.0042   0.0910   0.1495   0.4422   0.4008   0.0193   0.0000   0.0344   0.0620    0.164
    36   0.0876  -0.2683   0.0000   0.2286   0.0036   0.0769   0.1502   0.3734   0.3385   0.0156   0.0000   0.0342   0.0473    0.149
    37   0.0922  -0.2823   0.0000   0.2286   0.0029   0.0612   0.1489   0.2974   0.2696   0.0117   0.0000   0.0316   0.0336    0.133
    38   0.0957  -0.2932   0.0000   0.2286   0.0021   0.0444   0.1460   0.2159   0.1957   0.0076   0.0000   0.0259   0.0215    0.118
    39   0.0981  -0.3006   0.0000   0.2286   0.0013   0.0269   0.1421   0.1309   0.1187   0.0033   0.0000   0.0171   0.0116    0.106
    40   0.0993  -0.3043   0.0000   0.2286   0.0004   0.0090   0.1397   0.0442   0.0401  -0.0009   0.0000   0.0060   0.0036    0.100
 ---------------------------------------------------------------
