 ---------------------------------------------------------------
 Surface and Strip Forces by surface

  Sref = 0.22300       Cref = 0.24890       Bref = 0.91440    
  Xref = 0.10920       Yref =  0.0000       Zref =  0.0000    

  Surface # 1     Wing                                    
     # Chordwise = 10   # Spanwise = 20     First strip =  1
     Surface area Ssurf =    0.139355     Ave. chord Cave =    0.304800

 Forces referred to Sref, Cref, Bref about Xref, Yref, Zref
 Standard axis orientation,  X fwd, Z down         
     CLsurf  =   0.16289     Clsurf  =  -0.03530
     CYsurf  =   0.00174     Cmsurf  =  -0.00145
     CDsurf  =   0.00478     Cnsurf  =  -0.00237
     CDisurf =   0.00478     CDvsurf =   0.00000

 Forces referred to Ssurf, Cave 
     CLsurf  =   0.26066     CDsurf  =   0.00765

 Strip Forces referred to Strip Area, Chord
    j     Xle      Yle      Zle      Chord    Area     c_cl     ai     cl_norm    cl       cd       cdv    cm_c/4     cm_LE   C.P.x/c
     1   0.0002   0.0007   0.0000   0.3048   0.0009   0.0965   0.0479   0.3298   0.3115   0.0802   0.0000  -0.0026  -0.0794    0.258
     2   0.0015   0.0063   0.0000   0.3048   0.0026   0.0965   0.0463   0.3347   0.3162   0.0162   0.0000  -0.0020  -0.0789    0.256
     3   0.0042   0.0174   0.0000   0.3048   0.0042   0.0964   0.0459   0.3348   0.3163   0.0126   0.0000  -0.0005  -0.0773    0.252
     4   0.0082   0.0337   0.0000   0.3048   0.0057   0.0964   0.0464   0.3347   0.3162   0.0115   0.0000   0.0016  -0.0753    0.245
     5   0.0133   0.0548   0.0000   0.3048   0.0071   0.0962   0.0475   0.3344   0.3158   0.0105   0.0000   0.0036  -0.0732    0.238
     6   0.0195   0.0801   0.0000   0.3048   0.0083   0.0959   0.0490   0.3334   0.3149   0.0097   0.0000   0.0055  -0.0711    0.232
     7   0.0265   0.1092   0.0000   0.3048   0.0093   0.0953   0.0506   0.3313   0.3129   0.0090   0.0000   0.0072  -0.0690    0.227
     8   0.0343   0.1411   0.0000   0.3048   0.0101   0.0942   0.0525   0.3276   0.3094   0.0085   0.0000   0.0086  -0.0667    0.222
     9   0.0426   0.1752   0.0000   0.3048   0.0106   0.0925   0.0545   0.3217   0.3038   0.0080   0.0000   0.0100  -0.0641    0.217
    10   0.0512   0.2107   0.0000   0.3048   0.0109   0.0900   0.0567   0.3130   0.2956   0.0075   0.0000   0.0113  -0.0607    0.212
    11   0.0599   0.2465   0.0000   0.3048   0.0109   0.0866   0.0590   0.3010   0.2843   0.0071   0.0000   0.0128  -0.0566    0.205
    12   0.0685   0.2820   0.0000   0.3048   0.0106   0.0820   0.0614   0.2850   0.2692   0.0066   0.0000   0.0143  -0.0515    0.197
    13   0.0768   0.3161   0.0000   0.3048   0.0101   0.0762   0.0635   0.2648   0.2502   0.0060   0.0000   0.0159  -0.0453    0.187
    14   0.0846   0.3480   0.0000   0.3048   0.0093   0.0691   0.0650   0.2401   0.2268   0.0054   0.0000   0.0173  -0.0382    0.174
    15   0.0916   0.3771   0.0000   0.3048   0.0083   0.0606   0.0656   0.2107   0.1991   0.0046   0.0000   0.0184  -0.0304    0.158
    16   0.0978   0.4024   0.0000   0.3048   0.0071   0.0510   0.0649   0.1772   0.1674   0.0037   0.0000   0.0186  -0.0225    0.139
    17   0.1029   0.4235   0.0000   0.3048   0.0057   0.0403   0.0626   0.1403   0.1325   0.0027   0.0000   0.0175  -0.0151    0.118
    18   0.1069   0.4398   0.0000   0.3048   0.0042   0.0290   0.0586   0.1011   0.0954   0.0016   0.0000   0.0147  -0.0089    0.096
    19   0.1096   0.4509   0.0000   0.3048   0.0026   0.0174   0.0537   0.0607   0.0574   0.0004   0.0000   0.0099  -0.0043    0.078
    20   0.1109   0.4565   0.0000   0.3048   0.0009   0.0058   0.0505   0.0203   0.0191  -0.0005   0.0000   0.0035  -0.0013    0.069

  Surface # 2     Wing (YDUP)                             
     # Chordwise = 10   # Spanwise = 20     First strip = 21
     Surface area Ssurf =    0.139355     Ave. chord Cave =    0.304800

 Forces referred to Sref, Cref, Bref about Xref, Yref, Zref
 Standard axis orientation,  X fwd, Z down         
     CLsurf  =   0.16289     Clsurf  =   0.03530
     CYsurf  =  -0.00174     Cmsurf  =  -0.00145
     CDsurf  =   0.00478     Cnsurf  =   0.00237
     CDisurf =   0.00478     CDvsurf =   0.00000

 Forces referred to Ssurf, Cave 
     CLsurf  =   0.26066     CDsurf  =   0.00765

 Strip Forces referred to Strip Area, Chord
    j     Xle      Yle      Zle      Chord    Area     c_cl     ai     cl_norm    cl       cd       cdv    cm_c/4     cm_LE   C.P.x/c
    21   0.0002  -0.0007   0.0000   0.3048   0.0009   0.0965   0.0479   0.3298   0.3115   0.0802   0.0000  -0.0026   0.0794    0.258
    22   0.0015  -0.0063   0.0000   0.3048   0.0026   0.0965   0.0463   0.3347   0.3162   0.0162   0.0000  -0.0020   0.0789    0.256
    23   0.0042  -0.0174   0.0000   0.3048   0.0042   0.0964   0.0459   0.3348   0.3163   0.0126   0.0000  -0.0005   0.0773    0.252
    24   0.0082  -0.0337   0.0000   0.3048   0.0057   0.0964   0.0464   0.3347   0.3162   0.0115   0.0000   0.0016   0.0753    0.245
    25   0.0133  -0.0548   0.0000   0.3048   0.0071   0.0962   0.0475   0.3344   0.3158   0.0105   0.0000   0.0036   0.0732    0.238
    26   0.0195  -0.0801   0.0000   0.3048   0.0083   0.0959   0.0490   0.3334   0.3149   0.0097   0.0000   0.0055   0.0711    0.232
    27   0.0265  -0.1092   0.0000   0.3048   0.0093   0.0953   0.0506   0.3313   0.3129   0.0090   0.0000   0.0072   0.0690    0.227
    28   0.0343  -0.1411   0.0000   0.3048   0.0101   0.0942   0.0525   0.3276   0.3094   0.0085   0.0000   0.0086   0.0667    0.222
    29   0.0426  -0.1752   0.0000   0.3048   0.0106   0.0925   0.0545   0.3217   0.3038   0.0080   0.0000   0.0100   0.0641    0.217
    30   0.0512  -0.2107   0.0000   0.3048   0.0109   0.0900   0.0567   0.3130   0.2956   0.0075   0.0000   0.0113   0.0607    0.212
    31   0.0599  -0.2465   0.0000   0.3048   0.0109   0.0866   0.0590   0.3010   0.2843   0.0071   0.0000   0.0128   0.0566    0.205
    32   0.0685  -0.2820   0.0000   0.3048   0.0106   0.0820   0.0614   0.2850   0.2692   0.0066   0.0000   0.0143   0.0515    0.197
    33   0.0768  -0.3161   0.0000   0.3048   0.0101   0.0762   0.0635   0.2648   0.2502   0.0060   0.0000   0.0159   0.0453    0.187
    34   0.0846  -0.3480   0.0000   0.3048   0.0093   0.0691   0.0650   0.2401   0.2268   0.0054   0.0000   0.0173   0.0382    0.174
    35   0.0916  -0.3771   0.0000   0.3048   0.0083   0.0606   0.0656   0.2107   0.1991   0.0046   0.0000   0.0184   0.0304    0.158
    36   0.0978  -0.4024   0.0000   0.3048   0.0071   0.0510   0.0649   0.1772   0.1674   0.0037   0.0000   0.0186   0.0225    0.139
    37   0.1029  -0.4235   0.0000   0.3048   0.0057   0.0403   0.0626   0.1403   0.1325   0.0027   0.0000   0.0175   0.0151    0.118
    38   0.1069  -0.4398   0.0000   0.3048   0.0042   0.0290   0.0586   0.1011   0.0954   0.0016   0.0000   0.0147   0.0089    0.096
    39   0.1096  -0.4509   0.0000   0.3048   0.0026   0.0174   0.0537   0.0607   0.0574   0.0004   0.0000   0.0099   0.0043    0.078
    40   0.1109  -0.4565   0.0000   0.3048   0.0009   0.0058   0.0505   0.0203   0.0191  -0.0005   0.0000   0.0035   0.0013    0.069
 ---------------------------------------------------------------
