 ---------------------------------------------------------------
 Surface and Strip Forces by surface

  Sref = 0.17340       Cref = 0.24890       Bref = 0.71120    
  Xref = 0.10920       Yref =  0.0000       Zref =  0.0000    

  Surface # 1     Wing                                    
     # Chordwise = 10   # Spanwise = 20     First strip =  1
     Surface area Ssurf =    0.108387     Ave. chord Cave =    0.304800

 Forces referred to Sref, Cref, Bref about Xref, Yref, Zref
 Standard axis orientation,  X fwd, Z down         
     CLsurf  =   0.20948     Clsurf  =  -0.04532
     CYsurf  =   0.00623     Cmsurf  =  -0.01938
     CDsurf  =   0.01050     Cnsurf  =  -0.00713
     CDisurf =   0.01050     CDvsurf =   0.00000

 Forces referred to Ssurf, Cave 
     CLsurf  =   0.33514     CDsurf  =   0.01680

 Strip Forces referred to Strip Area, Chord
    j     Xle      Yle      Zle      Chord    Area     c_cl     ai     cl_norm    cl       cd       cdv    cm_c/4     cm_LE   C.P.x/c
     1   0.0002   0.0005   0.0000   0.3048   0.0007   0.1239   0.0760   0.4543   0.3790   0.2587   0.0000  -0.0118  -0.1034    0.281
     2   0.0022   0.0049   0.0000   0.3048   0.0020   0.1238   0.0744   0.4843   0.4040   0.0437   0.0000  -0.0109  -0.1026    0.277
     3   0.0061   0.0135   0.0000   0.3048   0.0033   0.1238   0.0747   0.4861   0.4054   0.0312   0.0000  -0.0084  -0.1003    0.271
     4   0.0118   0.0262   0.0000   0.3048   0.0044   0.1238   0.0764   0.4865   0.4058   0.0281   0.0000  -0.0046  -0.0968    0.261
     5   0.0192   0.0426   0.0000   0.3048   0.0055   0.1238   0.0788   0.4866   0.4058   0.0256   0.0000  -0.0005  -0.0931    0.251
     6   0.0280   0.0623   0.0000   0.3048   0.0065   0.1235   0.0818   0.4858   0.4052   0.0233   0.0000   0.0034  -0.0893    0.242
     7   0.0382   0.0849   0.0000   0.3048   0.0073   0.1228   0.0850   0.4834   0.4032   0.0211   0.0000   0.0069  -0.0855    0.233
     8   0.0494   0.1098   0.0000   0.3048   0.0079   0.1215   0.0884   0.4784   0.3990   0.0192   0.0000   0.0102  -0.0816    0.225
     9   0.0613   0.1363   0.0000   0.3048   0.0083   0.1193   0.0919   0.4700   0.3920   0.0175   0.0000   0.0131  -0.0772    0.216
    10   0.0737   0.1638   0.0000   0.3048   0.0085   0.1160   0.0954   0.4572   0.3814   0.0158   0.0000   0.0160  -0.0722    0.208
    11   0.0862   0.1918   0.0000   0.3048   0.0085   0.1114   0.0988   0.4393   0.3664   0.0142   0.0000   0.0189  -0.0661    0.198
    12   0.0986   0.2193   0.0000   0.3048   0.0083   0.1054   0.1019   0.4155   0.3465   0.0125   0.0000   0.0217  -0.0590    0.187
    13   0.1105   0.2458   0.0000   0.3048   0.0079   0.0977   0.1044   0.3853   0.3214   0.0107   0.0000   0.0243  -0.0509    0.174
    14   0.1217   0.2707   0.0000   0.3048   0.0073   0.0883   0.1059   0.3486   0.2907   0.0088   0.0000   0.0264  -0.0420    0.159
    15   0.1319   0.2933   0.0000   0.3048   0.0065   0.0774   0.1061   0.3055   0.2548   0.0069   0.0000   0.0275  -0.0328    0.142
    16   0.1407   0.3130   0.0000   0.3048   0.0055   0.0650   0.1048   0.2568   0.2142   0.0050   0.0000   0.0272  -0.0238    0.123
    17   0.1481   0.3294   0.0000   0.3048   0.0044   0.0515   0.1018   0.2036   0.1698   0.0031   0.0000   0.0249  -0.0158    0.103
    18   0.1538   0.3421   0.0000   0.3048   0.0033   0.0372   0.0977   0.1472   0.1227   0.0013   0.0000   0.0202  -0.0094    0.085
    19   0.1577   0.3507   0.0000   0.3048   0.0020   0.0224   0.0932   0.0889   0.0742  -0.0005   0.0000   0.0133  -0.0047    0.071
    20   0.1597   0.3551   0.0000   0.3048   0.0007   0.0075   0.0909   0.0299   0.0249  -0.0016   0.0000   0.0046  -0.0014    0.065

  Surface # 2     Wing (YDUP)                             
     # Chordwise = 10   # Spanwise = 20     First strip = 21
     Surface area Ssurf =    0.108387     Ave. chord Cave =    0.304800

 Forces referred to Sref, Cref, Bref about Xref, Yref, Zref
 Standard axis orientation,  X fwd, Z down         
     CLsurf  =   0.20948     Clsurf  =   0.04532
     CYsurf  =  -0.00623     Cmsurf  =  -0.01938
     CDsurf  =   0.01050     Cnsurf  =   0.00713
     CDisurf =   0.01050     CDvsurf =   0.00000

 Forces referred to Ssurf, Cave 
     CLsurf  =   0.33514     CDsurf  =   0.01680

 Strip Forces referred to Strip Area, Chord
    j     Xle      Yle      Zle      Chord    Area     c_cl     ai     cl_norm    cl       cd       cdv    cm_c/4     cm_LE   C.P.x/c
    21   0.0002  -0.0005   0.0000   0.3048   0.0007   0.1239   0.0760   0.4543   0.3790   0.2587   0.0000  -0.0118   0.1034    0.281
    22   0.0022  -0.0049   0.0000   0.3048   0.0020   0.1238   0.0744   0.4843   0.4040   0.0437   0.0000  -0.0109   0.1026    0.277
    23   0.0061  -0.0135   0.0000   0.3048   0.0033   0.1238   0.0747   0.4861   0.4054   0.0312   0.0000  -0.0084   0.1003    0.271
    24   0.0118  -0.0262   0.0000   0.3048   0.0044   0.1238   0.0764   0.4865   0.4058   0.0281   0.0000  -0.0046   0.0968    0.261
    25   0.0192  -0.0426   0.0000   0.3048   0.0055   0.1238   0.0788   0.4866   0.4058   0.0256   0.0000  -0.0005   0.0931    0.251
    26   0.0280  -0.0623   0.0000   0.3048   0.0065   0.1235   0.0818   0.4858   0.4052   0.0233   0.0000   0.0034   0.0893    0.242
    27   0.0382  -0.0849   0.0000   0.3048   0.0073   0.1228   0.0850   0.4834   0.4032   0.0211   0.0000   0.0069   0.0855    0.233
    28   0.0494  -0.1098   0.0000   0.3048   0.0079   0.1215   0.0884   0.4784   0.3990   0.0192   0.0000   0.0102   0.0816    0.225
    29   0.0613  -0.1363   0.0000   0.3048   0.0083   0.1193   0.0919   0.4700   0.3920   0.0175   0.0000   0.0131   0.0772    0.216
    30   0.0737  -0.1638   0.0000   0.3048   0.0085   0.1160   0.0954   0.4572   0.3814   0.0158   0.0000   0.0160   0.0722    0.208
    31   0.0862  -0.1918   0.0000   0.3048   0.0085   0.1114   0.0988   0.4393   0.3664   0.0142   0.0000   0.0189   0.0661    0.198
    32   0.0986  -0.2193   0.0000   0.3048   0.0083   0.1054   0.1019   0.4155   0.3465   0.0125   0.0000   0.0217   0.0590    0.187
    33   0.1105  -0.2458   0.0000   0.3048   0.0079   0.0977   0.1044   0.3853   0.3214   0.0107   0.0000   0.0243   0.0509    0.174
    34   0.1217  -0.2707   0.0000   0.3048   0.0073   0.0883   0.1059   0.3486   0.2907   0.0088   0.0000   0.0264   0.0420    0.159
    35   0.1319  -0.2933   0.0000   0.3048   0.0065   0.0774   0.1061   0.3055   0.2548   0.0069   0.0000   0.0275   0.0328    0.142
    36   0.1407  -0.3130   0.0000   0.3048   0.0055   0.0650   0.1048   0.2568   0.2142   0.0050   0.0000   0.0272   0.0238    0.123
    37   0.1481  -0.3294   0.0000   0.3048   0.0044   0.0515   0.1018   0.2036   0.1698   0.0031   0.0000   0.0249   0.0158    0.103
    38   0.1538  -0.3421   0.0000   0.3048   0.0033   0.0372   0.0977   0.1472   0.1227   0.0013   0.0000   0.0202   0.0094    0.085
    39   0.1577  -0.3507   0.0000   0.3048   0.0020   0.0224   0.0932   0.0889   0.0742  -0.0005   0.0000   0.0133   0.0047    0.071
    40   0.1597  -0.3551   0.0000   0.3048   0.0007   0.0075   0.0909   0.0299   0.0249  -0.0016   0.0000   0.0046   0.0014    0.065
 ---------------------------------------------------------------
