 ---------------------------------------------------------------
 Surface and Strip Forces by surface

  Sref = 0.13630       Cref = 0.19250       Bref = 0.81280    
  Xref = 0.10920       Yref =  0.0000       Zref =  0.0000    

  Surface # 1     Wing                                    
     # Chordwise = 10   # Spanwise = 20     First strip =  1
     Surface area Ssurf =    0.113548     Ave. chord Cave =    0.279400

 Forces referred to Sref, Cref, Bref about Xref, Yref, Zref
 Standard axis orientation,  X fwd, Z down         
     CLsurf  =   0.26650     Clsurf  =  -0.05815
     CYsurf  =   0.00624     Cmsurf  =  -0.03060
     CDsurf  =   0.01015     Cnsurf  =  -0.00653
     CDisurf =   0.01015     CDvsurf =   0.00000

 Forces referred to Ssurf, Cave 
     CLsurf  =   0.31990     CDsurf  =   0.01218

 Strip Forces referred to Strip Area, Chord
    j     Xle      Yle      Zle      Chord    Area     c_cl     ai     cl_norm    cl       cd       cdv    cm_c/4     cm_LE   C.P.x/c
     1   0.0003   0.0006   0.0000   0.2794   0.0007   0.1065   0.0536   0.4261   0.3664   0.1699   0.0000  -0.0121  -0.0995    0.283
     2   0.0023   0.0056   0.0000   0.2794   0.0021   0.1064   0.0521   0.4416   0.3798   0.0304   0.0000  -0.0112  -0.0986    0.279
     3   0.0063   0.0155   0.0000   0.2794   0.0034   0.1065   0.0527   0.4425   0.3806   0.0228   0.0000  -0.0084  -0.0960    0.272
     4   0.0121   0.0299   0.0000   0.2794   0.0047   0.1065   0.0545   0.4431   0.3811   0.0204   0.0000  -0.0046  -0.0926    0.262
     5   0.0197   0.0487   0.0000   0.2794   0.0058   0.1066   0.0570   0.4437   0.3816   0.0184   0.0000  -0.0008  -0.0891    0.252
     6   0.0289   0.0712   0.0000   0.2794   0.0068   0.1066   0.0599   0.4438   0.3817   0.0165   0.0000   0.0026  -0.0860    0.243
     7   0.0393   0.0970   0.0000   0.2794   0.0076   0.1063   0.0629   0.4425   0.3806   0.0150   0.0000   0.0055  -0.0830    0.235
     8   0.0509   0.1254   0.0000   0.2794   0.0082   0.1054   0.0661   0.4392   0.3777   0.0136   0.0000   0.0081  -0.0799    0.229
     9   0.0632   0.1558   0.0000   0.2794   0.0087   0.1039   0.0694   0.4329   0.3723   0.0125   0.0000   0.0104  -0.0765    0.222
    10   0.0759   0.1873   0.0000   0.2794   0.0089   0.1014   0.0729   0.4228   0.3636   0.0115   0.0000   0.0126  -0.0724    0.215
    11   0.0889   0.2191   0.0000   0.2794   0.0089   0.0979   0.0764   0.4080   0.3509   0.0105   0.0000   0.0149  -0.0673    0.207
    12   0.1016   0.2506   0.0000   0.2794   0.0087   0.0930   0.0800   0.3878   0.3335   0.0094   0.0000   0.0174  -0.0610    0.198
    13   0.1139   0.2810   0.0000   0.2794   0.0082   0.0867   0.0831   0.3614   0.3108   0.0083   0.0000   0.0199  -0.0534    0.186
    14   0.1255   0.3094   0.0000   0.2794   0.0076   0.0788   0.0854   0.3285   0.2825   0.0070   0.0000   0.0222  -0.0447    0.171
    15   0.1359   0.3352   0.0000   0.2794   0.0068   0.0693   0.0865   0.2891   0.2486   0.0056   0.0000   0.0239  -0.0353    0.154
    16   0.1451   0.3577   0.0000   0.2794   0.0058   0.0584   0.0858   0.2436   0.2096   0.0042   0.0000   0.0245  -0.0257    0.133
    17   0.1527   0.3765   0.0000   0.2794   0.0047   0.0463   0.0833   0.1934   0.1663   0.0027   0.0000   0.0231  -0.0170    0.111
    18   0.1585   0.3909   0.0000   0.2794   0.0034   0.0334   0.0791   0.1397   0.1201   0.0012   0.0000   0.0193  -0.0099    0.089
    19   0.1625   0.4008   0.0000   0.2794   0.0021   0.0201   0.0740   0.0842   0.0724  -0.0002   0.0000   0.0129  -0.0047    0.072
    20   0.1645   0.4058   0.0000   0.2794   0.0007   0.0067   0.0710   0.0282   0.0243  -0.0012   0.0000   0.0045  -0.0014    0.063

  Surface # 2     Wing (YDUP)                             
     # Chordwise = 10   # Spanwise = 20     First strip = 21
     Surface area Ssurf =    0.113548     Ave. chord Cave =    0.279400

 Forces referred to Sref, Cref, Bref about Xref, Yref, Zref
 Standard axis orientation,  X fwd, Z down         
     CLsurf  =   0.26650     Clsurf  =   0.05815
     CYsurf  =  -0.00624     Cmsurf  =  -0.03060
     CDsurf  =   0.01015     Cnsurf  =   0.00653
     CDisurf =   0.01015     CDvsurf =   0.00000

 Forces referred to Ssurf, Cave 
     CLsurf  =   0.31990     CDsurf  =   0.01218

 Strip Forces referred to Strip Area, Chord
    j     Xle      Yle      Zle      Chord    Area     c_cl     ai     cl_norm    cl       cd       cdv    cm_c/4     cm_LE   C.P.x/c
    21   0.0003  -0.0006   0.0000   0.2794   0.0007   0.1065   0.0536   0.4261   0.3664   0.1699   0.0000  -0.0121   0.0995    0.283
    22   0.0023  -0.0056   0.0000   0.2794   0.0021   0.1064   0.0521   0.4416   0.3798   0.0304   0.0000  -0.0112   0.0986    0.279
    23   0.0063  -0.0155   0.0000   0.2794   0.0034   0.1065   0.0527   0.4425   0.3806   0.0228   0.0000  -0.0084   0.0960    0.272
    24   0.0121  -0.0299   0.0000   0.2794   0.0047   0.1065   0.0545   0.4431   0.3811   0.0204   0.0000  -0.0046   0.0926    0.262
    25   0.0197  -0.0487   0.0000   0.2794   0.0058   0.1066   0.0570   0.4437   0.3816   0.0184   0.0000  -0.0008   0.0891    0.252
    26   0.0289  -0.0712   0.0000   0.2794   0.0068   0.1066   0.0599   0.4438   0.3817   0.0165   0.0000   0.0026   0.0860    0.243
    27   0.0393  -0.0970   0.0000   0.2794   0.0076   0.1063   0.0629   0.4425   0.3806   0.0150   0.0000   0.0055   0.0830    0.235
    28   0.0509  -0.1254   0.0000   0.2794   0.0082   0.1054   0.0661   0.4392   0.3777   0.0136   0.0000   0.0081   0.0799    0.229
    29   0.0632  -0.1558   0.0000   0.2794   0.0087   0.1039   0.0694   0.4329   0.3723   0.0125   0.0000   0.0104   0.0765    0.222
    30   0.0759  -0.1873   0.0000   0.2794   0.0089   0.1014   0.0729   0.4228   0.3636   0.0115   0.0000   0.0126   0.0724    0.215
    31   0.0889  -0.2191   0.0000   0.2794   0.0089   0.0979   0.0764   0.4080   0.3509   0.0105   0.0000   0.0149   0.0673    0.207
    32   0.1016  -0.2506   0.0000   0.2794   0.0087   0.0930   0.0800   0.3878   0.3335   0.0094   0.0000   0.0174   0.0610    0.198
    33   0.1139  -0.2810   0.0000   0.2794   0.0082   0.0867   0.0831   0.3614   0.3108   0.0083   0.0000   0.0199   0.0534    0.186
    34   0.1255  -0.3094   0.0000   0.2794   0.0076   0.0788   0.0854   0.3285   0.2825   0.0070   0.0000   0.0222   0.0447    0.171
    35   0.1359  -0.3352   0.0000   0.2794   0.0068   0.0693   0.0865   0.2891   0.2486   0.0056   0.0000   0.0239   0.0353    0.154
    36   0.1451  -0.3577   0.0000   0.2794   0.0058   0.0584   0.0858   0.2436   0.2096   0.0042   0.0000   0.0245   0.0257    0.133
    37   0.1527  -0.3765   0.0000   0.2794   0.0047   0.0463   0.0833   0.1934   0.1663   0.0027   0.0000   0.0231   0.0170    0.111
    38   0.1585  -0.3909   0.0000   0.2794   0.0034   0.0334   0.0791   0.1397   0.1201   0.0012   0.0000   0.0193   0.0099    0.089
    39   0.1625  -0.4008   0.0000   0.2794   0.0021   0.0201   0.0740   0.0842   0.0724  -0.0002   0.0000   0.0129   0.0047    0.072
    40   0.1645  -0.4058   0.0000   0.2794   0.0007   0.0067   0.0710   0.0282   0.0243  -0.0012   0.0000   0.0045   0.0014    0.063
 ---------------------------------------------------------------
