 ---------------------------------------------------------------
 Surface and Strip Forces by surface

  Sref = 0.10120       Cref = 0.15090       Bref = 0.71120    
  Xref = 0.10920       Yref =  0.0000       Zref =  0.0000    

  Surface # 1     Wing                                    
     # Chordwise = 10   # Spanwise = 20     First strip =  1
     Surface area Ssurf =    0.072258     Ave. chord Cave =    0.203200

 Forces referred to Sref, Cref, Bref about Xref, Yref, Zref
 Standard axis orientation,  X fwd, Z down         
     CLsurf  =   0.35894     Clsurf  =  -0.07773
     CYsurf  =   0.00284     Cmsurf  =   0.12179
     CDsurf  =   0.01683     Cnsurf  =  -0.00776
     CDisurf =   0.01683     CDvsurf =   0.00000

 Forces referred to Ssurf, Cave 
     CLsurf  =   0.50270     CDsurf  =   0.02358

 Strip Forces referred to Strip Area, Chord
    j     Xle      Yle      Zle      Chord    Area     c_cl     ai     cl_norm    cl       cd       cdv    cm_c/4     cm_LE   C.P.x/c
     1   0.0000   0.0005   0.0000   0.2032   0.0004   0.1239   0.0781   0.6064   0.6021   0.0963   0.0000   0.0042  -0.1476    0.243
     2   0.0004   0.0049   0.0000   0.2032   0.0013   0.1239   0.0780   0.6151   0.6107   0.0344   0.0000   0.0047  -0.1472    0.242
     3   0.0012   0.0135   0.0000   0.2032   0.0022   0.1238   0.0783   0.6156   0.6112   0.0305   0.0000   0.0058  -0.1461    0.241
     4   0.0022   0.0262   0.0000   0.2032   0.0030   0.1238   0.0791   0.6153   0.6109   0.0288   0.0000   0.0072  -0.1446    0.238
     5   0.0037   0.0426   0.0000   0.2032   0.0037   0.1235   0.0803   0.6143   0.6099   0.0276   0.0000   0.0086  -0.1429    0.236
     6   0.0053   0.0623   0.0000   0.2032   0.0043   0.1230   0.0818   0.6117   0.6073   0.0266   0.0000   0.0098  -0.1409    0.234
     7   0.0073   0.0849   0.0000   0.2032   0.0048   0.1220   0.0836   0.6070   0.6026   0.0259   0.0000   0.0110  -0.1386    0.232
     8   0.0094   0.1098   0.0000   0.2032   0.0052   0.1204   0.0859   0.5992   0.5949   0.0254   0.0000   0.0122  -0.1355    0.230
     9   0.0117   0.1363   0.0000   0.2032   0.0055   0.1181   0.0886   0.5875   0.5833   0.0250   0.0000   0.0133  -0.1315    0.227
    10   0.0141   0.1638   0.0000   0.2032   0.0057   0.1148   0.0918   0.5711   0.5670   0.0246   0.0000   0.0147  -0.1261    0.224
    11   0.0164   0.1918   0.0000   0.2032   0.0057   0.1104   0.0955   0.5491   0.5452   0.0241   0.0000   0.0162  -0.1191    0.220
    12   0.0188   0.2193   0.0000   0.2032   0.0055   0.1047   0.0996   0.5206   0.5169   0.0235   0.0000   0.0180  -0.1104    0.215
    13   0.0211   0.2458   0.0000   0.2032   0.0052   0.0975   0.1039   0.4849   0.4814   0.0226   0.0000   0.0199  -0.0997    0.209
    14   0.0232   0.2707   0.0000   0.2032   0.0048   0.0888   0.1079   0.4413   0.4381   0.0214   0.0000   0.0218  -0.0870    0.200
    15   0.0252   0.2933   0.0000   0.2032   0.0043   0.0784   0.1113   0.3895   0.3867   0.0197   0.0000   0.0234  -0.0728    0.190
    16   0.0268   0.3130   0.0000   0.2032   0.0037   0.0664   0.1134   0.3299   0.3276   0.0174   0.0000   0.0239  -0.0576    0.177
    17   0.0283   0.3294   0.0000   0.2032   0.0030   0.0530   0.1137   0.2634   0.2615   0.0145   0.0000   0.0228  -0.0423    0.163
    18   0.0293   0.3421   0.0000   0.2032   0.0022   0.0385   0.1119   0.1914   0.1900   0.0108   0.0000   0.0193  -0.0280    0.148
    19   0.0301   0.3507   0.0000   0.2032   0.0013   0.0233   0.1083   0.1159   0.1151   0.0065   0.0000   0.0132  -0.0155    0.136
    20   0.0305   0.3551   0.0000   0.2032   0.0004   0.0078   0.1053   0.0388   0.0385   0.0018   0.0000   0.0047  -0.0049    0.128

  Surface # 2     Wing (YDUP)                             
     # Chordwise = 10   # Spanwise = 20     First strip = 21
     Surface area Ssurf =    0.072258     Ave. chord Cave =    0.203200

 Forces referred to Sref, Cref, Bref about Xref, Yref, Zref
 Standard axis orientation,  X fwd, Z down         
     CLsurf  =   0.35894     Clsurf  =   0.07773
     CYsurf  =  -0.00284     Cmsurf  =   0.12179
     CDsurf  =   0.01683     Cnsurf  =   0.00776
     CDisurf =   0.01683     CDvsurf =   0.00000

 Forces referred to Ssurf, Cave 
     CLsurf  =   0.50270     CDsurf  =   0.02358

 Strip Forces referred to Strip Area, Chord
    j     Xle      Yle      Zle      Chord    Area     c_cl     ai     cl_norm    cl       cd       cdv    cm_c/4     cm_LE   C.P.x/c
    21   0.0000  -0.0005   0.0000   0.2032   0.0004   0.1239   0.0781   0.6064   0.6021   0.0963   0.0000   0.0042   0.1476    0.243
    22   0.0004  -0.0049   0.0000   0.2032   0.0013   0.1239   0.0780   0.6151   0.6107   0.0344   0.0000   0.0047   0.1472    0.242
    23   0.0012  -0.0135   0.0000   0.2032   0.0022   0.1238   0.0783   0.6156   0.6112   0.0305   0.0000   0.0058   0.1461    0.241
    24   0.0022  -0.0262   0.0000   0.2032   0.0030   0.1238   0.0791   0.6153   0.6109   0.0288   0.0000   0.0072   0.1446    0.238
    25   0.0037  -0.0426   0.0000   0.2032   0.0037   0.1235   0.0803   0.6143   0.6099   0.0276   0.0000   0.0086   0.1429    0.236
    26   0.0053  -0.0623   0.0000   0.2032   0.0043   0.1230   0.0818   0.6117   0.6073   0.0266   0.0000   0.0098   0.1409    0.234
    27   0.0073  -0.0849   0.0000   0.2032   0.0048   0.1220   0.0836   0.6070   0.6026   0.0259   0.0000   0.0110   0.1386    0.232
    28   0.0094  -0.1098   0.0000   0.2032   0.0052   0.1204   0.0859   0.5992   0.5949   0.0254   0.0000   0.0122   0.1355    0.230
    29   0.0117  -0.1363   0.0000   0.2032   0.0055   0.1181   0.0886   0.5875   0.5833   0.0250   0.0000   0.0133   0.1315    0.227
    30   0.0141  -0.1638   0.0000   0.2032   0.0057   0.1148   0.0918   0.5711   0.5670   0.0246   0.0000   0.0147   0.1261    0.224
    31   0.0164  -0.1918   0.0000   0.2032   0.0057   0.1104   0.0955   0.5491   0.5452   0.0241   0.0000   0.0162   0.1191    0.220
    32   0.0188  -0.2193   0.0000   0.2032   0.0055   0.1047   0.0996   0.5206   0.5169   0.0235   0.0000   0.0180   0.1104    0.215
    33   0.0211  -0.2458   0.0000   0.2032   0.0052   0.0975   0.1039   0.4849   0.4814   0.0226   0.0000   0.0199   0.0997    0.209
    34   0.0232  -0.2707   0.0000   0.2032   0.0048   0.0888   0.1079   0.4413   0.4381   0.0214   0.0000   0.0218   0.0870    0.200
    35   0.0252  -0.2933   0.0000   0.2032   0.0043   0.0784   0.1113   0.3895   0.3867   0.0197   0.0000   0.0234   0.0728    0.190
    36   0.0268  -0.3130   0.0000   0.2032   0.0037   0.0664   0.1134   0.3299   0.3276   0.0174   0.0000   0.0239   0.0576    0.177
    37   0.0283  -0.3294   0.0000   0.2032   0.0030   0.0530   0.1137   0.2634   0.2615   0.0145   0.0000   0.0228   0.0423    0.163
    38   0.0293  -0.3421   0.0000   0.2032   0.0022   0.0385   0.1119   0.1914   0.1900   0.0108   0.0000   0.0193   0.0280    0.148
    39   0.0301  -0.3507   0.0000   0.2032   0.0013   0.0233   0.1083   0.1159   0.1151   0.0065   0.0000   0.0132   0.0155    0.136
    40   0.0305  -0.3551   0.0000   0.2032   0.0004   0.0078   0.1053   0.0388   0.0385   0.0018   0.0000   0.0047   0.0049    0.128
 ---------------------------------------------------------------
