 ---------------------------------------------------------------
 Surface and Strip Forces by surface

  Sref = 0.13010       Cref = 0.18670       Bref = 0.71120    
  Xref = 0.10920       Yref =  0.0000       Zref =  0.0000    

  Surface # 1     Wing                                    
     # Chordwise = 10   # Spanwise = 20     First strip =  1
     Surface area Ssurf =    0.081290     Ave. chord Cave =    0.228600

 Forces referred to Sref, Cref, Bref about Xref, Yref, Zref
 Standard axis orientation,  X fwd, Z down         
     CLsurf  =   0.27920     Clsurf  =  -0.06066
     CYsurf  =   0.00559     Cmsurf  =   0.03371
     CDsurf  =   0.01349     Cnsurf  =  -0.00714
     CDisurf =   0.01349     CDvsurf =   0.00000

 Forces referred to Ssurf, Cave 
     CLsurf  =   0.44685     CDsurf  =   0.02159

 Strip Forces referred to Strip Area, Chord
    j     Xle      Yle      Zle      Chord    Area     c_cl     ai     cl_norm    cl       cd       cdv    cm_c/4     cm_LE   C.P.x/c
     1   0.0001   0.0005   0.0000   0.2286   0.0005   0.1228   0.0733   0.5455   0.5161   0.1936   0.0000  -0.0059  -0.1363    0.261
     2   0.0012   0.0049   0.0000   0.2286   0.0015   0.1228   0.0729   0.5664   0.5359   0.0437   0.0000  -0.0051  -0.1354    0.259
     3   0.0033   0.0135   0.0000   0.2286   0.0024   0.1228   0.0737   0.5677   0.5371   0.0349   0.0000  -0.0026  -0.1331    0.255
     4   0.0063   0.0262   0.0000   0.2286   0.0033   0.1228   0.0754   0.5682   0.5376   0.0316   0.0000   0.0005  -0.1300    0.249
     5   0.0103   0.0426   0.0000   0.2286   0.0041   0.1227   0.0777   0.5683   0.5377   0.0290   0.0000   0.0037  -0.1269    0.243
     6   0.0150   0.0623   0.0000   0.2286   0.0048   0.1224   0.0803   0.5672   0.5367   0.0268   0.0000   0.0066  -0.1238    0.238
     7   0.0204   0.0849   0.0000   0.2286   0.0054   0.1218   0.0832   0.5643   0.5339   0.0250   0.0000   0.0091  -0.1206    0.233
     8   0.0264   0.1098   0.0000   0.2286   0.0059   0.1205   0.0864   0.5586   0.5285   0.0236   0.0000   0.0113  -0.1171    0.229
     9   0.0328   0.1363   0.0000   0.2286   0.0062   0.1184   0.0898   0.5491   0.5195   0.0224   0.0000   0.0134  -0.1128    0.224
    10   0.0394   0.1638   0.0000   0.2286   0.0064   0.1153   0.0936   0.5349   0.5061   0.0213   0.0000   0.0155  -0.1075    0.219
    11   0.0462   0.1918   0.0000   0.2286   0.0064   0.1111   0.0977   0.5151   0.4874   0.0202   0.0000   0.0178  -0.1008    0.214
    12   0.0528   0.2193   0.0000   0.2286   0.0062   0.1054   0.1019   0.4889   0.4625   0.0190   0.0000   0.0202  -0.0924    0.206
    13   0.0592   0.2458   0.0000   0.2286   0.0059   0.0982   0.1059   0.4553   0.4308   0.0176   0.0000   0.0227  -0.0823    0.197
    14   0.0652   0.2707   0.0000   0.2286   0.0054   0.0893   0.1094   0.4141   0.3918   0.0159   0.0000   0.0250  -0.0707    0.186
    15   0.0706   0.2933   0.0000   0.2286   0.0048   0.0787   0.1119   0.3650   0.3454   0.0140   0.0000   0.0266  -0.0578    0.173
    16   0.0753   0.3130   0.0000   0.2286   0.0041   0.0665   0.1128   0.3086   0.2920   0.0117   0.0000   0.0271  -0.0444    0.157
    17   0.0793   0.3294   0.0000   0.2286   0.0033   0.0530   0.1117   0.2458   0.2326   0.0091   0.0000   0.0255  -0.0316    0.140
    18   0.0823   0.3421   0.0000   0.2286   0.0024   0.0384   0.1088   0.1783   0.1687   0.0063   0.0000   0.0213  -0.0201    0.124
    19   0.0844   0.3507   0.0000   0.2286   0.0015   0.0232   0.1046   0.1079   0.1021   0.0031   0.0000   0.0143  -0.0108    0.110
    20   0.0855   0.3551   0.0000   0.2286   0.0005   0.0078   0.1016   0.0362   0.0343   0.0000   0.0000   0.0051  -0.0033    0.102

  Surface # 2     Wing (YDUP)                             
     # Chordwise = 10   # Spanwise = 20     First strip = 21
     Surface area Ssurf =    0.081290     Ave. chord Cave =    0.228600

 Forces referred to Sref, Cref, Bref about Xref, Yref, Zref
 Standard axis orientation,  X fwd, Z down         
     CLsurf  =   0.27920     Clsurf  =   0.06066
     CYsurf  =  -0.00559     Cmsurf  =   0.03371
     CDsurf  =   0.01349     Cnsurf  =   0.00714
     CDisurf =   0.01349     CDvsurf =   0.00000

 Forces referred to Ssurf, Cave 
     CLsurf  =   0.44685     CDsurf  =   0.02159

 Strip Forces referred to Strip Area, Chord
    j     Xle      Yle      Zle      Chord    Area     c_cl     ai     cl_norm    cl       cd       cdv    cm_c/4     cm_LE   C.P.x/c
    21   0.0001  -0.0005   0.0000   0.2286   0.0005   0.1228   0.0733   0.5455   0.5161   0.1936   0.0000  -0.0059   0.1363    0.261
    22   0.0012  -0.0049   0.0000   0.2286   0.0015   0.1228   0.0729   0.5664   0.5359   0.0437   0.0000  -0.0051   0.1354    0.259
    23   0.0033  -0.0135   0.0000   0.2286   0.0024   0.1228   0.0737   0.5677   0.5371   0.0349   0.0000  -0.0026   0.1331    0.255
    24   0.0063  -0.0262   0.0000   0.2286   0.0033   0.1228   0.0754   0.5682   0.5376   0.0316   0.0000   0.0005   0.1300    0.249
    25   0.0103  -0.0426   0.0000   0.2286   0.0041   0.1227   0.0777   0.5683   0.5377   0.0290   0.0000   0.0037   0.1269    0.243
    26   0.0150  -0.0623   0.0000   0.2286   0.0048   0.1224   0.0803   0.5672   0.5367   0.0268   0.0000   0.0066   0.1238    0.238
    27   0.0204  -0.0849   0.0000   0.2286   0.0054   0.1218   0.0832   0.5643   0.5339   0.0250   0.0000   0.0091   0.1206    0.233
    28   0.0264  -0.1098   0.0000   0.2286   0.0059   0.1205   0.0864   0.5586   0.5285   0.0236   0.0000   0.0113   0.1171    0.229
    29   0.0328  -0.1363   0.0000   0.2286   0.0062   0.1184   0.0898   0.5491   0.5195   0.0224   0.0000   0.0134   0.1128    0.224
    30   0.0394  -0.1638   0.0000   0.2286   0.0064   0.1153   0.0936   0.5349   0.5061   0.0213   0.0000   0.0155   0.1075    0.219
    31   0.0462  -0.1918   0.0000   0.2286   0.0064   0.1111   0.0977   0.5151   0.4874   0.0202   0.0000   0.0178   0.1008    0.214
    32   0.0528  -0.2193   0.0000   0.2286   0.0062   0.1054   0.1019   0.4889   0.4625   0.0190   0.0000   0.0202   0.0924    0.206
    33   0.0592  -0.2458   0.0000   0.2286   0.0059   0.0982   0.1059   0.4553   0.4308   0.0176   0.0000   0.0227   0.0823    0.197
    34   0.0652  -0.2707   0.0000   0.2286   0.0054   0.0893   0.1094   0.4141   0.3918   0.0159   0.0000   0.0250   0.0707    0.186
    35   0.0706  -0.2933   0.0000   0.2286   0.0048   0.0787   0.1119   0.3650   0.3454   0.0140   0.0000   0.0266   0.0578    0.173
    36   0.0753  -0.3130   0.0000   0.2286   0.0041   0.0665   0.1128   0.3086   0.2920   0.0117   0.0000   0.0271   0.0444    0.157
    37   0.0793  -0.3294   0.0000   0.2286   0.0033   0.0530   0.1117   0.2458   0.2326   0.0091   0.0000   0.0255   0.0316    0.140
    38   0.0823  -0.3421   0.0000   0.2286   0.0024   0.0384   0.1088   0.1783   0.1687   0.0063   0.0000   0.0213   0.0201    0.124
    39   0.0844  -0.3507   0.0000   0.2286   0.0015   0.0232   0.1046   0.1079   0.1021   0.0031   0.0000   0.0143   0.0108    0.110
    40   0.0855  -0.3551   0.0000   0.2286   0.0005   0.0078   0.1016   0.0362   0.0343   0.0000   0.0000   0.0051   0.0033    0.102
 ---------------------------------------------------------------
