 ---------------------------------------------------------------
 Surface and Strip Forces by surface

  Sref = 0.17340       Cref = 0.24890       Bref = 0.71120    
  Xref = 0.10920       Yref =  0.0000       Zref =  0.0000    

  Surface # 1     Wing                                    
     # Chordwise = 10   # Spanwise = 20     First strip =  1
     Surface area Ssurf =    0.108387     Ave. chord Cave =    0.304800

 Forces referred to Sref, Cref, Bref about Xref, Yref, Zref
 Standard axis orientation,  X fwd, Z down         
     CLsurf  =   0.20948     Clsurf  =  -0.04504
     CYsurf  =   0.00362     Cmsurf  =   0.00608
     CDsurf  =   0.01019     Cnsurf  =  -0.00516
     CDisurf =   0.01019     CDvsurf =   0.00000

 Forces referred to Ssurf, Cave 
     CLsurf  =   0.33514     CDsurf  =   0.01631

 Strip Forces referred to Strip Area, Chord
    j     Xle      Yle      Zle      Chord    Area     c_cl     ai     cl_norm    cl       cd       cdv    cm_c/4     cm_LE   C.P.x/c
     1   0.0001   0.0005   0.0000   0.3048   0.0007   0.1259   0.0827   0.4224   0.3956   0.1749   0.0000  -0.0009  -0.1007    0.252
     2   0.0013   0.0049   0.0000   0.3048   0.0020   0.1259   0.0814   0.4396   0.4117   0.0350   0.0000  -0.0004  -0.1002    0.251
     3   0.0035   0.0135   0.0000   0.3048   0.0033   0.1258   0.0811   0.4404   0.4125   0.0266   0.0000   0.0012  -0.0987    0.247
     4   0.0069   0.0262   0.0000   0.3048   0.0044   0.1257   0.0817   0.4402   0.4123   0.0243   0.0000   0.0035  -0.0964    0.242
     5   0.0112   0.0426   0.0000   0.3048   0.0055   0.1254   0.0829   0.4394   0.4116   0.0225   0.0000   0.0060  -0.0937    0.235
     6   0.0163   0.0623   0.0000   0.3048   0.0065   0.1248   0.0846   0.4376   0.4098   0.0210   0.0000   0.0084  -0.0909    0.229
     7   0.0223   0.0849   0.0000   0.3048   0.0073   0.1238   0.0866   0.4340   0.4064   0.0196   0.0000   0.0108  -0.0878    0.224
     8   0.0288   0.1098   0.0000   0.3048   0.0079   0.1220   0.0889   0.4280   0.4008   0.0184   0.0000   0.0129  -0.0843    0.218
     9   0.0357   0.1363   0.0000   0.3048   0.0083   0.1194   0.0913   0.4189   0.3923   0.0173   0.0000   0.0150  -0.0803    0.212
    10   0.0429   0.1638   0.0000   0.3048   0.0085   0.1157   0.0939   0.4060   0.3803   0.0161   0.0000   0.0170  -0.0754    0.205
    11   0.0503   0.1918   0.0000   0.3048   0.0085   0.1108   0.0965   0.3887   0.3641   0.0150   0.0000   0.0190  -0.0695    0.198
    12   0.0575   0.2193   0.0000   0.3048   0.0083   0.1044   0.0989   0.3665   0.3433   0.0138   0.0000   0.0209  -0.0626    0.189
    13   0.0644   0.2458   0.0000   0.3048   0.0079   0.0966   0.1009   0.3390   0.3175   0.0125   0.0000   0.0227  -0.0547    0.179
    14   0.0709   0.2707   0.0000   0.3048   0.0073   0.0872   0.1022   0.3061   0.2867   0.0110   0.0000   0.0240  -0.0460    0.166
    15   0.0769   0.2933   0.0000   0.3048   0.0065   0.0763   0.1024   0.2680   0.2510   0.0093   0.0000   0.0246  -0.0368    0.152
    16   0.0820   0.3130   0.0000   0.3048   0.0055   0.0641   0.1014   0.2251   0.2108   0.0076   0.0000   0.0239  -0.0277    0.137
    17   0.0863   0.3294   0.0000   0.3048   0.0044   0.0508   0.0991   0.1784   0.1671   0.0057   0.0000   0.0217  -0.0193    0.120
    18   0.0897   0.3421   0.0000   0.3048   0.0033   0.0367   0.0955   0.1290   0.1208   0.0036   0.0000   0.0175  -0.0122    0.105
    19   0.0919   0.3507   0.0000   0.3048   0.0020   0.0221   0.0915   0.0779   0.0729   0.0014   0.0000   0.0115  -0.0065    0.093
    20   0.0931   0.3551   0.0000   0.3048   0.0007   0.0074   0.0891   0.0261   0.0245  -0.0004   0.0000   0.0040  -0.0020    0.087

  Surface # 2     Wing (YDUP)                             
     # Chordwise = 10   # Spanwise = 20     First strip = 21
     Surface area Ssurf =    0.108387     Ave. chord Cave =    0.304800

 Forces referred to Sref, Cref, Bref about Xref, Yref, Zref
 Standard axis orientation,  X fwd, Z down         
     CLsurf  =   0.20948     Clsurf  =   0.04504
     CYsurf  =  -0.00362     Cmsurf  =   0.00608
     CDsurf  =   0.01019     Cnsurf  =   0.00516
     CDisurf =   0.01019     CDvsurf =   0.00000

 Forces referred to Ssurf, Cave 
     CLsurf  =   0.33514     CDsurf  =   0.01631

 Strip Forces referred to Strip Area, Chord
    j     Xle      Yle      Zle      Chord    Area     c_cl     ai     cl_norm    cl       cd       cdv    cm_c/4     cm_LE   C.P.x/c
    21   0.0001  -0.0005   0.0000   0.3048   0.0007   0.1259   0.0827   0.4224   0.3956   0.1749   0.0000  -0.0009   0.1007    0.252
    22   0.0013  -0.0049   0.0000   0.3048   0.0020   0.1259   0.0814   0.4396   0.4117   0.0350   0.0000  -0.0004   0.1002    0.251
    23   0.0035  -0.0135   0.0000   0.3048   0.0033   0.1258   0.0811   0.4404   0.4125   0.0266   0.0000   0.0012   0.0987    0.247
    24   0.0069  -0.0262   0.0000   0.3048   0.0044   0.1257   0.0817   0.4402   0.4123   0.0243   0.0000   0.0035   0.0964    0.242
    25   0.0112  -0.0426   0.0000   0.3048   0.0055   0.1254   0.0829   0.4394   0.4116   0.0225   0.0000   0.0060   0.0937    0.235
    26   0.0163  -0.0623   0.0000   0.3048   0.0065   0.1248   0.0846   0.4376   0.4098   0.0210   0.0000   0.0084   0.0909    0.229
    27   0.0223  -0.0849   0.0000   0.3048   0.0073   0.1238   0.0866   0.4340   0.4064   0.0196   0.0000   0.0108   0.0878    0.224
    28   0.0288  -0.1098   0.0000   0.3048   0.0079   0.1220   0.0889   0.4280   0.4008   0.0184   0.0000   0.0129   0.0843    0.218
    29   0.0357  -0.1363   0.0000   0.3048   0.0083   0.1194   0.0913   0.4189   0.3923   0.0173   0.0000   0.0150   0.0803    0.212
    30   0.0429  -0.1638   0.0000   0.3048   0.0085   0.1157   0.0939   0.4060   0.3803   0.0161   0.0000   0.0170   0.0754    0.205
    31   0.0503  -0.1918   0.0000   0.3048   0.0085   0.1108   0.0965   0.3887   0.3641   0.0150   0.0000   0.0190   0.0695    0.198
    32   0.0575  -0.2193   0.0000   0.3048   0.0083   0.1044   0.0989   0.3665   0.3433   0.0138   0.0000   0.0209   0.0626    0.189
    33   0.0644  -0.2458   0.0000   0.3048   0.0079   0.0966   0.1009   0.3390   0.3175   0.0125   0.0000   0.0227   0.0547    0.179
    34   0.0709  -0.2707   0.0000   0.3048   0.0073   0.0872   0.1022   0.3061   0.2867   0.0110   0.0000   0.0240   0.0460    0.166
    35   0.0769  -0.2933   0.0000   0.3048   0.0065   0.0763   0.1024   0.2680   0.2510   0.0093   0.0000   0.0246   0.0368    0.152
    36   0.0820  -0.3130   0.0000   0.3048   0.0055   0.0641   0.1014   0.2251   0.2108   0.0076   0.0000   0.0239   0.0277    0.137
    37   0.0863  -0.3294   0.0000   0.3048   0.0044   0.0508   0.0991   0.1784   0.1671   0.0057   0.0000   0.0217   0.0193    0.120
    38   0.0897  -0.3421   0.0000   0.3048   0.0033   0.0367   0.0955   0.1290   0.1208   0.0036   0.0000   0.0175   0.0122    0.105
    39   0.0919  -0.3507   0.0000   0.3048   0.0020   0.0221   0.0915   0.0779   0.0729   0.0014   0.0000   0.0115   0.0065    0.093
    40   0.0931  -0.3551   0.0000   0.3048   0.0007   0.0074   0.0891   0.0261   0.0245  -0.0004   0.0000   0.0040   0.0020    0.087
 ---------------------------------------------------------------
