 ---------------------------------------------------------------
 Surface and Strip Forces by surface

  Sref = 0.18810       Cref = 0.20660       Bref = 0.91440    
  Xref = 0.10920       Yref =  0.0000       Zref =  0.0000    

  Surface # 1     Wing                                    
     # Chordwise = 10   # Spanwise = 20     First strip =  1
     Surface area Ssurf =    0.104516     Ave. chord Cave =    0.228600

 Forces referred to Sref, Cref, Bref about Xref, Yref, Zref
 Standard axis orientation,  X fwd, Z down         
     CLsurf  =   0.19311     Clsurf  =  -0.04234
     CYsurf  =   0.00224     Cmsurf  =   0.01753
     CDsurf  =   0.00562     Cnsurf  =  -0.00305
     CDisurf =   0.00562     CDvsurf =   0.00000

 Forces referred to Ssurf, Cave 
     CLsurf  =   0.34755     CDsurf  =   0.01011

 Strip Forces referred to Strip Area, Chord
    j     Xle      Yle      Zle      Chord    Area     c_cl     ai     cl_norm    cl       cd       cdv    cm_c/4     cm_LE   C.P.x/c
     1   0.0001   0.0007   0.0000   0.2286   0.0006   0.0941   0.0422   0.4228   0.4065   0.0796   0.0000  -0.0043  -0.1051    0.261
     2   0.0013   0.0063   0.0000   0.2286   0.0019   0.0941   0.0413   0.4282   0.4117   0.0193   0.0000  -0.0035  -0.1043    0.258
     3   0.0035   0.0174   0.0000   0.2286   0.0031   0.0941   0.0417   0.4286   0.4120   0.0159   0.0000  -0.0014  -0.1023    0.253
     4   0.0068   0.0337   0.0000   0.2286   0.0043   0.0942   0.0430   0.4289   0.4124   0.0143   0.0000   0.0011  -0.0999    0.247
     5   0.0110   0.0548   0.0000   0.2286   0.0053   0.0942   0.0447   0.4292   0.4126   0.0130   0.0000   0.0033  -0.0977    0.242
     6   0.0161   0.0801   0.0000   0.2286   0.0062   0.0941   0.0465   0.4288   0.4122   0.0120   0.0000   0.0052  -0.0958    0.237
     7   0.0220   0.1092   0.0000   0.2286   0.0070   0.0938   0.0485   0.4272   0.4107   0.0112   0.0000   0.0067  -0.0939    0.234
     8   0.0284   0.1411   0.0000   0.2286   0.0076   0.0930   0.0507   0.4237   0.4074   0.0107   0.0000   0.0080  -0.0919    0.230
     9   0.0353   0.1752   0.0000   0.2286   0.0080   0.0917   0.0531   0.4177   0.4015   0.0103   0.0000   0.0091  -0.0893    0.227
    10   0.0424   0.2107   0.0000   0.2286   0.0082   0.0896   0.0559   0.4083   0.3925   0.0100   0.0000   0.0103  -0.0859    0.224
    11   0.0496   0.2465   0.0000   0.2286   0.0082   0.0867   0.0591   0.3949   0.3796   0.0096   0.0000   0.0117  -0.0815    0.219
    12   0.0567   0.2820   0.0000   0.2286   0.0080   0.0826   0.0625   0.3766   0.3621   0.0093   0.0000   0.0133  -0.0756    0.213
    13   0.0636   0.3161   0.0000   0.2286   0.0076   0.0774   0.0661   0.3528   0.3392   0.0088   0.0000   0.0151  -0.0682    0.205
    14   0.0700   0.3480   0.0000   0.2286   0.0070   0.0708   0.0695   0.3227   0.3102   0.0082   0.0000   0.0171  -0.0591    0.195
    15   0.0759   0.3771   0.0000   0.2286   0.0062   0.0627   0.0721   0.2859   0.2749   0.0073   0.0000   0.0189  -0.0487    0.181
    16   0.0810   0.4024   0.0000   0.2286   0.0053   0.0532   0.0734   0.2426   0.2332   0.0062   0.0000   0.0201  -0.0374    0.164
    17   0.0852   0.4235   0.0000   0.2286   0.0043   0.0425   0.0726   0.1935   0.1861   0.0049   0.0000   0.0198  -0.0262    0.144
    18   0.0885   0.4398   0.0000   0.2286   0.0031   0.0308   0.0695   0.1402   0.1348   0.0034   0.0000   0.0172  -0.0161    0.122
    19   0.0907   0.4509   0.0000   0.2286   0.0019   0.0185   0.0645   0.0846   0.0813   0.0016   0.0000   0.0120  -0.0082    0.103
    20   0.0919   0.4565   0.0000   0.2286   0.0006   0.0062   0.0605   0.0282   0.0271  -0.0000   0.0000   0.0043  -0.0024    0.092

  Surface # 2     Wing (YDUP)                             
     # Chordwise = 10   # Spanwise = 20     First strip = 21
     Surface area Ssurf =    0.104516     Ave. chord Cave =    0.228600

 Forces referred to Sref, Cref, Bref about Xref, Yref, Zref
 Standard axis orientation,  X fwd, Z down         
     CLsurf  =   0.19311     Clsurf  =   0.04234
     CYsurf  =  -0.00224     Cmsurf  =   0.01753
     CDsurf  =   0.00562     Cnsurf  =   0.00305
     CDisurf =   0.00562     CDvsurf =   0.00000

 Forces referred to Ssurf, Cave 
     CLsurf  =   0.34755     CDsurf  =   0.01011

 Strip Forces referred to Strip Area, Chord
    j     Xle      Yle      Zle      Chord    Area     c_cl     ai     cl_norm    cl       cd       cdv    cm_c/4     cm_LE   C.P.x/c
    21   0.0001  -0.0007   0.0000   0.2286   0.0006   0.0941   0.0422   0.4228   0.4065   0.0796   0.0000  -0.0043   0.1051    0.261
    22   0.0013  -0.0063   0.0000   0.2286   0.0019   0.0941   0.0413   0.4282   0.4117   0.0193   0.0000  -0.0035   0.1043    0.258
    23   0.0035  -0.0174   0.0000   0.2286   0.0031   0.0941   0.0417   0.4286   0.4120   0.0159   0.0000  -0.0014   0.1023    0.253
    24   0.0068  -0.0337   0.0000   0.2286   0.0043   0.0942   0.0430   0.4289   0.4124   0.0143   0.0000   0.0011   0.0999    0.247
    25   0.0110  -0.0548   0.0000   0.2286   0.0053   0.0942   0.0447   0.4292   0.4126   0.0130   0.0000   0.0033   0.0977    0.242
    26   0.0161  -0.0801   0.0000   0.2286   0.0062   0.0941   0.0465   0.4288   0.4122   0.0120   0.0000   0.0052   0.0958    0.237
    27   0.0220  -0.1092   0.0000   0.2286   0.0070   0.0938   0.0485   0.4272   0.4107   0.0112   0.0000   0.0067   0.0939    0.234
    28   0.0284  -0.1411   0.0000   0.2286   0.0076   0.0930   0.0507   0.4237   0.4074   0.0107   0.0000   0.0080   0.0919    0.230
    29   0.0353  -0.1752   0.0000   0.2286   0.0080   0.0917   0.0531   0.4177   0.4015   0.0103   0.0000   0.0091   0.0893    0.227
    30   0.0424  -0.2107   0.0000   0.2286   0.0082   0.0896   0.0559   0.4083   0.3925   0.0100   0.0000   0.0103   0.0859    0.224
    31   0.0496  -0.2465   0.0000   0.2286   0.0082   0.0867   0.0591   0.3949   0.3796   0.0096   0.0000   0.0117   0.0815    0.219
    32   0.0567  -0.2820   0.0000   0.2286   0.0080   0.0826   0.0625   0.3766   0.3621   0.0093   0.0000   0.0133   0.0756    0.213
    33   0.0636  -0.3161   0.0000   0.2286   0.0076   0.0774   0.0661   0.3528   0.3392   0.0088   0.0000   0.0151   0.0682    0.205
    34   0.0700  -0.3480   0.0000   0.2286   0.0070   0.0708   0.0695   0.3227   0.3102   0.0082   0.0000   0.0171   0.0591    0.195
    35   0.0759  -0.3771   0.0000   0.2286   0.0062   0.0627   0.0721   0.2859   0.2749   0.0073   0.0000   0.0189   0.0487    0.181
    36   0.0810  -0.4024   0.0000   0.2286   0.0053   0.0532   0.0734   0.2426   0.2332   0.0062   0.0000   0.0201   0.0374    0.164
    37   0.0852  -0.4235   0.0000   0.2286   0.0043   0.0425   0.0726   0.1935   0.1861   0.0049   0.0000   0.0198   0.0262    0.144
    38   0.0885  -0.4398   0.0000   0.2286   0.0031   0.0308   0.0695   0.1402   0.1348   0.0034   0.0000   0.0172   0.0161    0.122
    39   0.0907  -0.4509   0.0000   0.2286   0.0019   0.0185   0.0645   0.0846   0.0813   0.0016   0.0000   0.0120   0.0082    0.103
    40   0.0919  -0.4565   0.0000   0.2286   0.0006   0.0062   0.0605   0.0282   0.0271  -0.0000   0.0000   0.0043   0.0024    0.092
 ---------------------------------------------------------------
