 ---------------------------------------------------------------
 Surface and Strip Forces by surface

  Sref = 0.19870       Cref = 0.27940       Bref = 0.71120    
  Xref = 0.10920       Yref =  0.0000       Zref =  0.0000    

  Surface # 1     Wing                                    
     # Chordwise = 10   # Spanwise = 20     First strip =  1
     Surface area Ssurf =    0.099355     Ave. chord Cave =    0.279400

 Forces referred to Sref, Cref, Bref about Xref, Yref, Zref
 Standard axis orientation,  X fwd, Z down         
     CLsurf  =   0.18281     Clsurf  =  -0.03944
     CYsurf  =   0.00346     Cmsurf  =   0.00658
     CDsurf  =   0.00889     Cnsurf  =  -0.00461
     CDisurf =   0.00889     CDvsurf =   0.00000

 Forces referred to Ssurf, Cave 
     CLsurf  =   0.36560     CDsurf  =   0.01778

 Strip Forces referred to Strip Area, Chord
    j     Xle      Yle      Zle      Chord    Area     c_cl     ai     cl_norm    cl       cd       cdv    cm_c/4     cm_LE   C.P.x/c
     1   0.0001   0.0005   0.0000   0.2794   0.0006   0.1248   0.0795   0.4579   0.4277   0.1868   0.0000  -0.0032  -0.1110    0.257
     2   0.0013   0.0049   0.0000   0.2794   0.0018   0.1248   0.0784   0.4769   0.4454   0.0381   0.0000  -0.0026  -0.1104    0.256
     3   0.0036   0.0135   0.0000   0.2794   0.0030   0.1248   0.0785   0.4779   0.4464   0.0293   0.0000  -0.0007  -0.1085    0.252
     4   0.0070   0.0262   0.0000   0.2794   0.0041   0.1247   0.0795   0.4780   0.4464   0.0266   0.0000   0.0019  -0.1059    0.246
     5   0.0114   0.0426   0.0000   0.2794   0.0051   0.1245   0.0811   0.4774   0.4459   0.0246   0.0000   0.0048  -0.1030    0.239
     6   0.0167   0.0623   0.0000   0.2794   0.0059   0.1240   0.0832   0.4758   0.4444   0.0228   0.0000   0.0075  -0.1000    0.233
     7   0.0228   0.0849   0.0000   0.2794   0.0066   0.1231   0.0855   0.4725   0.4412   0.0213   0.0000   0.0100  -0.0968    0.227
     8   0.0294   0.1098   0.0000   0.2794   0.0072   0.1215   0.0881   0.4666   0.4357   0.0199   0.0000   0.0123  -0.0932    0.222
     9   0.0365   0.1363   0.0000   0.2794   0.0076   0.1191   0.0910   0.4574   0.4272   0.0187   0.0000   0.0144  -0.0890    0.216
    10   0.0439   0.1638   0.0000   0.2794   0.0078   0.1156   0.0940   0.4441   0.4148   0.0175   0.0000   0.0165  -0.0840    0.210
    11   0.0514   0.1918   0.0000   0.2794   0.0078   0.1109   0.0970   0.4260   0.3979   0.0164   0.0000   0.0187  -0.0778    0.203
    12   0.0588   0.2193   0.0000   0.2794   0.0076   0.1048   0.1000   0.4025   0.3759   0.0151   0.0000   0.0209  -0.0704    0.195
    13   0.0659   0.2458   0.0000   0.2794   0.0072   0.0971   0.1026   0.3731   0.3485   0.0137   0.0000   0.0229  -0.0618    0.184
    14   0.0725   0.2707   0.0000   0.2794   0.0066   0.0879   0.1045   0.3376   0.3153   0.0121   0.0000   0.0246  -0.0522    0.172
    15   0.0786   0.2933   0.0000   0.2794   0.0059   0.0771   0.1054   0.2961   0.2766   0.0103   0.0000   0.0255  -0.0420    0.158
    16   0.0839   0.3130   0.0000   0.2794   0.0051   0.0649   0.1048   0.2492   0.2328   0.0084   0.0000   0.0251  -0.0318    0.142
    17   0.0883   0.3294   0.0000   0.2794   0.0041   0.0515   0.1027   0.1978   0.1847   0.0063   0.0000   0.0230  -0.0222    0.125
    18   0.0917   0.3421   0.0000   0.2794   0.0030   0.0372   0.0993   0.1431   0.1336   0.0041   0.0000   0.0188  -0.0140    0.109
    19   0.0940   0.3507   0.0000   0.2794   0.0018   0.0225   0.0951   0.0865   0.0808   0.0017   0.0000   0.0124  -0.0074    0.097
    20   0.0952   0.3551   0.0000   0.2794   0.0006   0.0075   0.0926   0.0290   0.0271  -0.0004   0.0000   0.0043  -0.0023    0.090

  Surface # 2     Wing (YDUP)                             
     # Chordwise = 10   # Spanwise = 20     First strip = 21
     Surface area Ssurf =    0.099355     Ave. chord Cave =    0.279400

 Forces referred to Sref, Cref, Bref about Xref, Yref, Zref
 Standard axis orientation,  X fwd, Z down         
     CLsurf  =   0.18281     Clsurf  =   0.03944
     CYsurf  =  -0.00346     Cmsurf  =   0.00658
     CDsurf  =   0.00889     Cnsurf  =   0.00461
     CDisurf =   0.00889     CDvsurf =   0.00000

 Forces referred to Ssurf, Cave 
     CLsurf  =   0.36560     CDsurf  =   0.01778

 Strip Forces referred to Strip Area, Chord
    j     Xle      Yle      Zle      Chord    Area     c_cl     ai     cl_norm    cl       cd       cdv    cm_c/4     cm_LE   C.P.x/c
    21   0.0001  -0.0005   0.0000   0.2794   0.0006   0.1248   0.0795   0.4579   0.4277   0.1868   0.0000  -0.0032   0.1110    0.257
    22   0.0013  -0.0049   0.0000   0.2794   0.0018   0.1248   0.0784   0.4769   0.4454   0.0381   0.0000  -0.0026   0.1104    0.256
    23   0.0036  -0.0135   0.0000   0.2794   0.0030   0.1248   0.0785   0.4779   0.4464   0.0293   0.0000  -0.0007   0.1085    0.252
    24   0.0070  -0.0262   0.0000   0.2794   0.0041   0.1247   0.0795   0.4780   0.4464   0.0266   0.0000   0.0019   0.1059    0.246
    25   0.0114  -0.0426   0.0000   0.2794   0.0051   0.1245   0.0811   0.4774   0.4459   0.0246   0.0000   0.0048   0.1030    0.239
    26   0.0167  -0.0623   0.0000   0.2794   0.0059   0.1240   0.0832   0.4758   0.4444   0.0228   0.0000   0.0075   0.1000    0.233
    27   0.0228  -0.0849   0.0000   0.2794   0.0066   0.1231   0.0855   0.4725   0.4412   0.0213   0.0000   0.0100   0.0968    0.227
    28   0.0294  -0.1098   0.0000   0.2794   0.0072   0.1215   0.0881   0.4666   0.4357   0.0199   0.0000   0.0123   0.0932    0.222
    29   0.0365  -0.1363   0.0000   0.2794   0.0076   0.1191   0.0910   0.4574   0.4272   0.0187   0.0000   0.0144   0.0890    0.216
    30   0.0439  -0.1638   0.0000   0.2794   0.0078   0.1156   0.0940   0.4441   0.4148   0.0175   0.0000   0.0165   0.0840    0.210
    31   0.0514  -0.1918   0.0000   0.2794   0.0078   0.1109   0.0970   0.4260   0.3979   0.0164   0.0000   0.0187   0.0778    0.203
    32   0.0588  -0.2193   0.0000   0.2794   0.0076   0.1048   0.1000   0.4025   0.3759   0.0151   0.0000   0.0209   0.0704    0.195
    33   0.0659  -0.2458   0.0000   0.2794   0.0072   0.0971   0.1026   0.3731   0.3485   0.0137   0.0000   0.0229   0.0618    0.184
    34   0.0725  -0.2707   0.0000   0.2794   0.0066   0.0879   0.1045   0.3376   0.3153   0.0121   0.0000   0.0246   0.0522    0.172
    35   0.0786  -0.2933   0.0000   0.2794   0.0059   0.0771   0.1054   0.2961   0.2766   0.0103   0.0000   0.0255   0.0420    0.158
    36   0.0839  -0.3130   0.0000   0.2794   0.0051   0.0649   0.1048   0.2492   0.2328   0.0084   0.0000   0.0251   0.0318    0.142
    37   0.0883  -0.3294   0.0000   0.2794   0.0041   0.0515   0.1027   0.1978   0.1847   0.0063   0.0000   0.0230   0.0222    0.125
    38   0.0917  -0.3421   0.0000   0.2794   0.0030   0.0372   0.0993   0.1431   0.1336   0.0041   0.0000   0.0188   0.0140    0.109
    39   0.0940  -0.3507   0.0000   0.2794   0.0018   0.0225   0.0951   0.0865   0.0808   0.0017   0.0000   0.0124   0.0074    0.097
    40   0.0952  -0.3551   0.0000   0.2794   0.0006   0.0075   0.0926   0.0290   0.0271  -0.0004   0.0000   0.0043   0.0023    0.090
 ---------------------------------------------------------------
