 ---------------------------------------------------------------
 Surface and Strip Forces by surface

  Sref = 0.15480       Cref = 0.25400       Bref = 0.60960    
  Xref = 0.10920       Yref =  0.0000       Zref =  0.0000    

  Surface # 1     Wing                                    
     # Chordwise = 10   # Spanwise = 20     First strip =  1
     Surface area Ssurf =    0.077419     Ave. chord Cave =    0.254000

 Forces referred to Sref, Cref, Bref about Xref, Yref, Zref
 Standard axis orientation,  X fwd, Z down         
     CLsurf  =   0.23465     Clsurf  =  -0.05009
     CYsurf  =   0.00000     Cmsurf  =   0.05216
     CDsurf  =   0.01472     Cnsurf  =  -0.00481
     CDisurf =   0.01472     CDvsurf =   0.00000

 Forces referred to Ssurf, Cave 
     CLsurf  =   0.46919     CDsurf  =   0.02943

 Strip Forces referred to Strip Area, Chord
    j     Xle      Yle      Zle      Chord    Area     c_cl     ai     cl_norm    cl       cd       cdv    cm_c/4     cm_LE   C.P.x/c
     1   0.0000   0.0005   0.0000   0.2540   0.0005   0.1487   0.1190   0.5878   0.5878   0.0339   0.0000   0.0176  -0.1288    0.220
     2   0.0000   0.0042   0.0000   0.2540   0.0014   0.1487   0.1190   0.5878   0.5878   0.0339   0.0000   0.0176  -0.1288    0.220
     3   0.0000   0.0116   0.0000   0.2540   0.0023   0.1487   0.1191   0.5875   0.5875   0.0339   0.0000   0.0176  -0.1287    0.220
     4   0.0000   0.0225   0.0000   0.2540   0.0032   0.1484   0.1192   0.5865   0.5865   0.0339   0.0000   0.0177  -0.1284    0.220
     5   0.0000   0.0365   0.0000   0.2540   0.0039   0.1479   0.1195   0.5843   0.5843   0.0338   0.0000   0.0178  -0.1277    0.220
     6   0.0000   0.0534   0.0000   0.2540   0.0046   0.1468   0.1200   0.5802   0.5802   0.0338   0.0000   0.0180  -0.1265    0.219
     7   0.0000   0.0728   0.0000   0.2540   0.0052   0.1451   0.1208   0.5734   0.5734   0.0336   0.0000   0.0183  -0.1245    0.218
     8   0.0000   0.0941   0.0000   0.2540   0.0056   0.1426   0.1220   0.5632   0.5632   0.0334   0.0000   0.0188  -0.1215    0.217
     9   0.0000   0.1168   0.0000   0.2540   0.0059   0.1390   0.1236   0.5490   0.5490   0.0330   0.0000   0.0195  -0.1173    0.215
    10   0.0000   0.1404   0.0000   0.2540   0.0061   0.1342   0.1255   0.5300   0.5300   0.0325   0.0000   0.0203  -0.1118    0.212
    11   0.0000   0.1644   0.0000   0.2540   0.0061   0.1280   0.1278   0.5056   0.5056   0.0318   0.0000   0.0213  -0.1048    0.208
    12   0.0000   0.1880   0.0000   0.2540   0.0059   0.1204   0.1302   0.4753   0.4753   0.0307   0.0000   0.0223  -0.0962    0.203
    13   0.0000   0.2107   0.0000   0.2540   0.0056   0.1112   0.1327   0.4387   0.4387   0.0293   0.0000   0.0232  -0.0862    0.197
    14   0.0000   0.2320   0.0000   0.2540   0.0052   0.1003   0.1348   0.3958   0.3958   0.0274   0.0000   0.0238  -0.0749    0.190
    15   0.0000   0.2514   0.0000   0.2540   0.0046   0.0879   0.1362   0.3466   0.3466   0.0250   0.0000   0.0239  -0.0627    0.181
    16   0.0000   0.2683   0.0000   0.2540   0.0039   0.0740   0.1367   0.2916   0.2916   0.0219   0.0000   0.0229  -0.0499    0.171
    17   0.0000   0.2823   0.0000   0.2540   0.0032   0.0588   0.1359   0.2316   0.2316   0.0181   0.0000   0.0206  -0.0373    0.161
    18   0.0000   0.2932   0.0000   0.2540   0.0023   0.0426   0.1338   0.1678   0.1678   0.0136   0.0000   0.0166  -0.0253    0.151
    19   0.0000   0.3006   0.0000   0.2540   0.0014   0.0258   0.1308   0.1015   0.1015   0.0085   0.0000   0.0109  -0.0145    0.142
    20   0.0000   0.3043   0.0000   0.2540   0.0005   0.0086   0.1288   0.0339   0.0339   0.0029   0.0000   0.0038  -0.0047    0.138

  Surface # 2     Wing (YDUP)                             
     # Chordwise = 10   # Spanwise = 20     First strip = 21
     Surface area Ssurf =    0.077419     Ave. chord Cave =    0.254000

 Forces referred to Sref, Cref, Bref about Xref, Yref, Zref
 Standard axis orientation,  X fwd, Z down         
     CLsurf  =   0.23465     Clsurf  =   0.05009
     CYsurf  =   0.00000     Cmsurf  =   0.05216
     CDsurf  =   0.01472     Cnsurf  =   0.00481
     CDisurf =   0.01472     CDvsurf =   0.00000

 Forces referred to Ssurf, Cave 
     CLsurf  =   0.46919     CDsurf  =   0.02943

 Strip Forces referred to Strip Area, Chord
    j     Xle      Yle      Zle      Chord    Area     c_cl     ai     cl_norm    cl       cd       cdv    cm_c/4     cm_LE   C.P.x/c
    21   0.0000  -0.0005   0.0000   0.2540   0.0005   0.1487   0.1190   0.5878   0.5878   0.0339   0.0000   0.0176   0.1288    0.220
    22   0.0000  -0.0042   0.0000   0.2540   0.0014   0.1487   0.1190   0.5878   0.5878   0.0339   0.0000   0.0176   0.1288    0.220
    23   0.0000  -0.0116   0.0000   0.2540   0.0023   0.1487   0.1191   0.5875   0.5875   0.0339   0.0000   0.0176   0.1287    0.220
    24   0.0000  -0.0225   0.0000   0.2540   0.0032   0.1484   0.1192   0.5865   0.5865   0.0339   0.0000   0.0177   0.1284    0.220
    25   0.0000  -0.0365   0.0000   0.2540   0.0039   0.1479   0.1195   0.5843   0.5843   0.0338   0.0000   0.0178   0.1277    0.220
    26   0.0000  -0.0534   0.0000   0.2540   0.0046   0.1468   0.1200   0.5802   0.5802   0.0338   0.0000   0.0180   0.1265    0.219
    27   0.0000  -0.0728   0.0000   0.2540   0.0052   0.1451   0.1208   0.5734   0.5734   0.0336   0.0000   0.0183   0.1245    0.218
    28   0.0000  -0.0941   0.0000   0.2540   0.0056   0.1426   0.1220   0.5632   0.5632   0.0334   0.0000   0.0188   0.1215    0.217
    29   0.0000  -0.1168   0.0000   0.2540   0.0059   0.1390   0.1236   0.5490   0.5490   0.0330   0.0000   0.0195   0.1173    0.215
    30   0.0000  -0.1404   0.0000   0.2540   0.0061   0.1342   0.1255   0.5300   0.5300   0.0325   0.0000   0.0203   0.1118    0.212
    31   0.0000  -0.1644   0.0000   0.2540   0.0061   0.1280   0.1278   0.5056   0.5056   0.0318   0.0000   0.0213   0.1048    0.208
    32   0.0000  -0.1880   0.0000   0.2540   0.0059   0.1204   0.1302   0.4753   0.4753   0.0307   0.0000   0.0223   0.0962    0.203
    33   0.0000  -0.2107   0.0000   0.2540   0.0056   0.1112   0.1327   0.4387   0.4387   0.0293   0.0000   0.0232   0.0862    0.197
    34   0.0000  -0.2320   0.0000   0.2540   0.0052   0.1003   0.1348   0.3958   0.3958   0.0274   0.0000   0.0238   0.0749    0.190
    35   0.0000  -0.2514   0.0000   0.2540   0.0046   0.0879   0.1362   0.3466   0.3466   0.0250   0.0000   0.0239   0.0627    0.181
    36   0.0000  -0.2683   0.0000   0.2540   0.0039   0.0740   0.1367   0.2916   0.2916   0.0219   0.0000   0.0229   0.0499    0.171
    37   0.0000  -0.2823   0.0000   0.2540   0.0032   0.0588   0.1359   0.2316   0.2316   0.0181   0.0000   0.0206   0.0373    0.161
    38   0.0000  -0.2932   0.0000   0.2540   0.0023   0.0426   0.1338   0.1678   0.1678   0.0136   0.0000   0.0166   0.0253    0.151
    39   0.0000  -0.3006   0.0000   0.2540   0.0014   0.0258   0.1308   0.1015   0.1015   0.0085   0.0000   0.0109   0.0145    0.142
    40   0.0000  -0.3043   0.0000   0.2540   0.0005   0.0086   0.1288   0.0339   0.0339   0.0029   0.0000   0.0038   0.0047    0.138
 ---------------------------------------------------------------
