 ---------------------------------------------------------------
 Surface and Strip Forces by surface

  Sref = 0.15170       Cref = 0.22640       Bref = 0.71120    
  Xref = 0.10920       Yref =  0.0000       Zref =  0.0000    

  Surface # 1     Wing                                    
     # Chordwise = 10   # Spanwise = 20     First strip =  1
     Surface area Ssurf =    0.108387     Ave. chord Cave =    0.304800

 Forces referred to Sref, Cref, Bref about Xref, Yref, Zref
 Standard axis orientation,  X fwd, Z down         
     CLsurf  =   0.23945     Clsurf  =  -0.05189
     CYsurf  =   0.00782     Cmsurf  =  -0.03178
     CDsurf  =   0.01207     Cnsurf  =  -0.00873
     CDisurf =   0.01207     CDvsurf =   0.00000

 Forces referred to Ssurf, Cave 
     CLsurf  =   0.33514     CDsurf  =   0.01689

 Strip Forces referred to Strip Area, Chord
    j     Xle      Yle      Zle      Chord    Area     c_cl     ai     cl_norm    cl       cd       cdv    cm_c/4     cm_LE   C.P.x/c
     1   0.0003   0.0005   0.0000   0.3048   0.0007   0.1233   0.0740   0.4648   0.3753   0.2738   0.0000  -0.0141  -0.1034    0.288
     2   0.0024   0.0049   0.0000   0.3048   0.0020   0.1233   0.0725   0.4979   0.4020   0.0452   0.0000  -0.0132  -0.1026    0.283
     3   0.0067   0.0135   0.0000   0.3048   0.0033   0.1233   0.0731   0.4998   0.4036   0.0321   0.0000  -0.0104  -0.1001    0.276
     4   0.0129   0.0262   0.0000   0.3048   0.0044   0.1234   0.0750   0.5004   0.4041   0.0289   0.0000  -0.0063  -0.0965    0.266
     5   0.0210   0.0426   0.0000   0.3048   0.0055   0.1234   0.0778   0.5008   0.4044   0.0263   0.0000  -0.0019  -0.0925    0.255
     6   0.0307   0.0623   0.0000   0.3048   0.0065   0.1232   0.0811   0.5003   0.4040   0.0238   0.0000   0.0022  -0.0886    0.244
     7   0.0418   0.0849   0.0000   0.3048   0.0073   0.1226   0.0846   0.4982   0.4023   0.0215   0.0000   0.0060  -0.0848    0.235
     8   0.0540   0.1098   0.0000   0.3048   0.0079   0.1213   0.0883   0.4936   0.3985   0.0194   0.0000   0.0095  -0.0808    0.226
     9   0.0671   0.1363   0.0000   0.3048   0.0083   0.1193   0.0920   0.4853   0.3919   0.0176   0.0000   0.0126  -0.0764    0.218
    10   0.0807   0.1638   0.0000   0.3048   0.0085   0.1161   0.0958   0.4726   0.3816   0.0158   0.0000   0.0157  -0.0713    0.209
    11   0.0944   0.1918   0.0000   0.3048   0.0085   0.1116   0.0994   0.4545   0.3670   0.0140   0.0000   0.0187  -0.0653    0.199
    12   0.1080   0.2193   0.0000   0.3048   0.0083   0.1056   0.1027   0.4302   0.3474   0.0123   0.0000   0.0217  -0.0582    0.187
    13   0.1211   0.2458   0.0000   0.3048   0.0079   0.0979   0.1053   0.3992   0.3223   0.0104   0.0000   0.0245  -0.0501    0.174
    14   0.1333   0.2707   0.0000   0.3048   0.0073   0.0886   0.1069   0.3613   0.2917   0.0084   0.0000   0.0268  -0.0412    0.158
    15   0.1444   0.2933   0.0000   0.3048   0.0065   0.0777   0.1071   0.3168   0.2558   0.0064   0.0000   0.0281  -0.0320    0.140
    16   0.1541   0.3130   0.0000   0.3048   0.0055   0.0653   0.1056   0.2664   0.2151   0.0044   0.0000   0.0279  -0.0230    0.120
    17   0.1622   0.3294   0.0000   0.3048   0.0044   0.0517   0.1026   0.2112   0.1705   0.0025   0.0000   0.0255  -0.0151    0.100
    18   0.1684   0.3421   0.0000   0.3048   0.0033   0.0373   0.0984   0.1526   0.1233   0.0008   0.0000   0.0208  -0.0088    0.081
    19   0.1727   0.3507   0.0000   0.3048   0.0020   0.0225   0.0938   0.0922   0.0745  -0.0009   0.0000   0.0136  -0.0043    0.067
    20   0.1748   0.3551   0.0000   0.3048   0.0007   0.0075   0.0914   0.0310   0.0251  -0.0019   0.0000   0.0047  -0.0013    0.061

  Surface # 2     Wing (YDUP)                             
     # Chordwise = 10   # Spanwise = 20     First strip = 21
     Surface area Ssurf =    0.108387     Ave. chord Cave =    0.304800

 Forces referred to Sref, Cref, Bref about Xref, Yref, Zref
 Standard axis orientation,  X fwd, Z down         
     CLsurf  =   0.23945     Clsurf  =   0.05189
     CYsurf  =  -0.00782     Cmsurf  =  -0.03178
     CDsurf  =   0.01207     Cnsurf  =   0.00873
     CDisurf =   0.01207     CDvsurf =   0.00000

 Forces referred to Ssurf, Cave 
     CLsurf  =   0.33514     CDsurf  =   0.01689

 Strip Forces referred to Strip Area, Chord
    j     Xle      Yle      Zle      Chord    Area     c_cl     ai     cl_norm    cl       cd       cdv    cm_c/4     cm_LE   C.P.x/c
    21   0.0003  -0.0005   0.0000   0.3048   0.0007   0.1233   0.0740   0.4648   0.3753   0.2738   0.0000  -0.0141   0.1034    0.288
    22   0.0024  -0.0049   0.0000   0.3048   0.0020   0.1233   0.0725   0.4979   0.4020   0.0452   0.0000  -0.0132   0.1026    0.283
    23   0.0067  -0.0135   0.0000   0.3048   0.0033   0.1233   0.0731   0.4998   0.4036   0.0321   0.0000  -0.0104   0.1001    0.276
    24   0.0129  -0.0262   0.0000   0.3048   0.0044   0.1234   0.0750   0.5004   0.4041   0.0289   0.0000  -0.0063   0.0965    0.266
    25   0.0210  -0.0426   0.0000   0.3048   0.0055   0.1234   0.0778   0.5008   0.4044   0.0263   0.0000  -0.0019   0.0925    0.255
    26   0.0307  -0.0623   0.0000   0.3048   0.0065   0.1232   0.0811   0.5003   0.4040   0.0238   0.0000   0.0022   0.0886    0.244
    27   0.0418  -0.0849   0.0000   0.3048   0.0073   0.1226   0.0846   0.4982   0.4023   0.0215   0.0000   0.0060   0.0848    0.235
    28   0.0540  -0.1098   0.0000   0.3048   0.0079   0.1213   0.0883   0.4936   0.3985   0.0194   0.0000   0.0095   0.0808    0.226
    29   0.0671  -0.1363   0.0000   0.3048   0.0083   0.1193   0.0920   0.4853   0.3919   0.0176   0.0000   0.0126   0.0764    0.218
    30   0.0807  -0.1638   0.0000   0.3048   0.0085   0.1161   0.0958   0.4726   0.3816   0.0158   0.0000   0.0157   0.0713    0.209
    31   0.0944  -0.1918   0.0000   0.3048   0.0085   0.1116   0.0994   0.4545   0.3670   0.0140   0.0000   0.0187   0.0653    0.199
    32   0.1080  -0.2193   0.0000   0.3048   0.0083   0.1056   0.1027   0.4302   0.3474   0.0123   0.0000   0.0217   0.0582    0.187
    33   0.1211  -0.2458   0.0000   0.3048   0.0079   0.0979   0.1053   0.3992   0.3223   0.0104   0.0000   0.0245   0.0501    0.174
    34   0.1333  -0.2707   0.0000   0.3048   0.0073   0.0886   0.1069   0.3613   0.2917   0.0084   0.0000   0.0268   0.0412    0.158
    35   0.1444  -0.2933   0.0000   0.3048   0.0065   0.0777   0.1071   0.3168   0.2558   0.0064   0.0000   0.0281   0.0320    0.140
    36   0.1541  -0.3130   0.0000   0.3048   0.0055   0.0653   0.1056   0.2664   0.2151   0.0044   0.0000   0.0279   0.0230    0.120
    37   0.1622  -0.3294   0.0000   0.3048   0.0044   0.0517   0.1026   0.2112   0.1705   0.0025   0.0000   0.0255   0.0151    0.100
    38   0.1684  -0.3421   0.0000   0.3048   0.0033   0.0373   0.0984   0.1526   0.1233   0.0008   0.0000   0.0208   0.0088    0.081
    39   0.1727  -0.3507   0.0000   0.3048   0.0020   0.0225   0.0938   0.0922   0.0745  -0.0009   0.0000   0.0136   0.0043    0.067
    40   0.1748  -0.3551   0.0000   0.3048   0.0007   0.0075   0.0914   0.0310   0.0251  -0.0019   0.0000   0.0047   0.0013    0.061
 ---------------------------------------------------------------
