 ---------------------------------------------------------------
 Surface and Strip Forces by surface

  Sref = 0.11150       Cref = 0.15750       Bref = 0.81280    
  Xref = 0.10920       Yref =  0.0000       Zref =  0.0000    

  Surface # 1     Wing                                    
     # Chordwise = 10   # Spanwise = 20     First strip =  1
     Surface area Ssurf =    0.092903     Ave. chord Cave =    0.228600

 Forces referred to Sref, Cref, Bref about Xref, Yref, Zref
 Standard axis orientation,  X fwd, Z down         
     CLsurf  =   0.32578     Clsurf  =  -0.07218
     CYsurf  =   0.01096     Cmsurf  =  -0.05640
     CDsurf  =   0.01250     Cnsurf  =  -0.00946
     CDisurf =   0.01250     CDvsurf =   0.00000

 Forces referred to Ssurf, Cave 
     CLsurf  =   0.39099     CDsurf  =   0.01500

 Strip Forces referred to Strip Area, Chord
    j     Xle      Yle      Zle      Chord    Area     c_cl     ai     cl_norm    cl       cd       cdv    cm_c/4     cm_LE   C.P.x/c
     1   0.0003   0.0006   0.0000   0.2286   0.0006   0.1024   0.0402   0.5237   0.4280   0.2060   0.0000  -0.0211  -0.1202    0.299
     2   0.0027   0.0056   0.0000   0.2286   0.0017   0.1024   0.0404   0.5462   0.4464   0.0387   0.0000  -0.0194  -0.1186    0.294
     3   0.0074   0.0155   0.0000   0.2286   0.0028   0.1026   0.0431   0.5482   0.4480   0.0302   0.0000  -0.0149  -0.1147    0.283
     4   0.0143   0.0299   0.0000   0.2286   0.0038   0.1029   0.0470   0.5505   0.4499   0.0266   0.0000  -0.0093  -0.1100    0.271
     5   0.0232   0.0487   0.0000   0.2286   0.0047   0.1034   0.0514   0.5535   0.4523   0.0233   0.0000  -0.0041  -0.1058    0.259
     6   0.0339   0.0712   0.0000   0.2286   0.0055   0.1038   0.0556   0.5562   0.4545   0.0205   0.0000   0.0002  -0.1023    0.250
     7   0.0462   0.0970   0.0000   0.2286   0.0062   0.1040   0.0598   0.5576   0.4557   0.0183   0.0000   0.0036  -0.0995    0.242
     8   0.0598   0.1254   0.0000   0.2286   0.0067   0.1038   0.0640   0.5567   0.4550   0.0165   0.0000   0.0063  -0.0968    0.236
     9   0.0742   0.1558   0.0000   0.2286   0.0071   0.1029   0.0683   0.5523   0.4514   0.0151   0.0000   0.0087  -0.0938    0.231
    10   0.0892   0.1873   0.0000   0.2286   0.0073   0.1012   0.0730   0.5433   0.4440   0.0139   0.0000   0.0111  -0.0900    0.225
    11   0.1044   0.2191   0.0000   0.2286   0.0073   0.0985   0.0781   0.5285   0.4319   0.0127   0.0000   0.0136  -0.0849    0.218
    12   0.1194   0.2506   0.0000   0.2286   0.0071   0.0944   0.0834   0.5066   0.4140   0.0115   0.0000   0.0165  -0.0783    0.210
    13   0.1338   0.2810   0.0000   0.2286   0.0067   0.0887   0.0886   0.4764   0.3894   0.0101   0.0000   0.0198  -0.0697    0.199
    14   0.1474   0.3094   0.0000   0.2286   0.0062   0.0814   0.0931   0.4370   0.3571   0.0085   0.0000   0.0232  -0.0593    0.185
    15   0.1597   0.3352   0.0000   0.2286   0.0055   0.0722   0.0962   0.3877   0.3169   0.0067   0.0000   0.0263  -0.0475    0.167
    16   0.1704   0.3577   0.0000   0.2286   0.0047   0.0613   0.0971   0.3292   0.2690   0.0048   0.0000   0.0281  -0.0351    0.145
    17   0.1793   0.3765   0.0000   0.2286   0.0038   0.0489   0.0955   0.2627   0.2147   0.0028   0.0000   0.0277  -0.0233    0.121
    18   0.1862   0.3909   0.0000   0.2286   0.0028   0.0354   0.0914   0.1905   0.1557   0.0011   0.0000   0.0239  -0.0134    0.097
    19   0.1909   0.4008   0.0000   0.2286   0.0017   0.0214   0.0858   0.1151   0.0941  -0.0006   0.0000   0.0164  -0.0063    0.076
    20   0.1933   0.4058   0.0000   0.2286   0.0006   0.0071   0.0821   0.0386   0.0316  -0.0017   0.0000   0.0058  -0.0018    0.066

  Surface # 2     Wing (YDUP)                             
     # Chordwise = 10   # Spanwise = 20     First strip = 21
     Surface area Ssurf =    0.092903     Ave. chord Cave =    0.228600

 Forces referred to Sref, Cref, Bref about Xref, Yref, Zref
 Standard axis orientation,  X fwd, Z down         
     CLsurf  =   0.32578     Clsurf  =   0.07218
     CYsurf  =  -0.01096     Cmsurf  =  -0.05640
     CDsurf  =   0.01250     Cnsurf  =   0.00946
     CDisurf =   0.01250     CDvsurf =   0.00000

 Forces referred to Ssurf, Cave 
     CLsurf  =   0.39099     CDsurf  =   0.01500

 Strip Forces referred to Strip Area, Chord
    j     Xle      Yle      Zle      Chord    Area     c_cl     ai     cl_norm    cl       cd       cdv    cm_c/4     cm_LE   C.P.x/c
    21   0.0003  -0.0006   0.0000   0.2286   0.0006   0.1024   0.0402   0.5237   0.4280   0.2060   0.0000  -0.0211   0.1202    0.299
    22   0.0027  -0.0056   0.0000   0.2286   0.0017   0.1024   0.0404   0.5462   0.4464   0.0387   0.0000  -0.0194   0.1186    0.294
    23   0.0074  -0.0155   0.0000   0.2286   0.0028   0.1026   0.0431   0.5482   0.4480   0.0302   0.0000  -0.0149   0.1147    0.283
    24   0.0143  -0.0299   0.0000   0.2286   0.0038   0.1029   0.0470   0.5505   0.4499   0.0266   0.0000  -0.0093   0.1100    0.271
    25   0.0232  -0.0487   0.0000   0.2286   0.0047   0.1034   0.0514   0.5535   0.4523   0.0233   0.0000  -0.0041   0.1058    0.259
    26   0.0339  -0.0712   0.0000   0.2286   0.0055   0.1038   0.0556   0.5562   0.4545   0.0205   0.0000   0.0002   0.1023    0.250
    27   0.0462  -0.0970   0.0000   0.2286   0.0062   0.1040   0.0598   0.5576   0.4557   0.0183   0.0000   0.0036   0.0995    0.242
    28   0.0598  -0.1254   0.0000   0.2286   0.0067   0.1038   0.0640   0.5567   0.4550   0.0165   0.0000   0.0063   0.0968    0.236
    29   0.0742  -0.1558   0.0000   0.2286   0.0071   0.1029   0.0683   0.5523   0.4514   0.0151   0.0000   0.0087   0.0938    0.231
    30   0.0892  -0.1873   0.0000   0.2286   0.0073   0.1012   0.0730   0.5433   0.4440   0.0139   0.0000   0.0111   0.0900    0.225
    31   0.1044  -0.2191   0.0000   0.2286   0.0073   0.0985   0.0781   0.5285   0.4319   0.0127   0.0000   0.0136   0.0849    0.218
    32   0.1194  -0.2506   0.0000   0.2286   0.0071   0.0944   0.0834   0.5066   0.4140   0.0115   0.0000   0.0165   0.0783    0.210
    33   0.1338  -0.2810   0.0000   0.2286   0.0067   0.0887   0.0886   0.4764   0.3894   0.0101   0.0000   0.0198   0.0697    0.199
    34   0.1474  -0.3094   0.0000   0.2286   0.0062   0.0814   0.0931   0.4370   0.3571   0.0085   0.0000   0.0232   0.0593    0.185
    35   0.1597  -0.3352   0.0000   0.2286   0.0055   0.0722   0.0962   0.3877   0.3169   0.0067   0.0000   0.0263   0.0475    0.167
    36   0.1704  -0.3577   0.0000   0.2286   0.0047   0.0613   0.0971   0.3292   0.2690   0.0048   0.0000   0.0281   0.0351    0.145
    37   0.1793  -0.3765   0.0000   0.2286   0.0038   0.0489   0.0955   0.2627   0.2147   0.0028   0.0000   0.0277   0.0233    0.121
    38   0.1862  -0.3909   0.0000   0.2286   0.0028   0.0354   0.0914   0.1905   0.1557   0.0011   0.0000   0.0239   0.0134    0.097
    39   0.1909  -0.4008   0.0000   0.2286   0.0017   0.0214   0.0858   0.1151   0.0941  -0.0006   0.0000   0.0164   0.0063    0.076
    40   0.1933  -0.4058   0.0000   0.2286   0.0006   0.0071   0.0821   0.0386   0.0316  -0.0017   0.0000   0.0058   0.0018    0.066
 ---------------------------------------------------------------
