 ---------------------------------------------------------------
 Surface and Strip Forces by surface

  Sref = 0.13910       Cref = 0.20760       Bref = 0.71120    
  Xref = 0.10920       Yref =  0.0000       Zref =  0.0000    

  Surface # 1     Wing                                    
     # Chordwise = 10   # Spanwise = 20     First strip =  1
     Surface area Ssurf =    0.099355     Ave. chord Cave =    0.279400

 Forces referred to Sref, Cref, Bref about Xref, Yref, Zref
 Standard axis orientation,  X fwd, Z down         
     CLsurf  =   0.26114     Clsurf  =  -0.05681
     CYsurf  =   0.00898     Cmsurf  =  -0.03082
     CDsurf  =   0.01311     Cnsurf  =  -0.00939
     CDisurf =   0.01311     CDvsurf =   0.00000

 Forces referred to Ssurf, Cave 
     CLsurf  =   0.36560     CDsurf  =   0.01835

 Strip Forces referred to Strip Area, Chord
    j     Xle      Yle      Zle      Chord    Area     c_cl     ai     cl_norm    cl       cd       cdv    cm_c/4     cm_LE   C.P.x/c
     1   0.0003   0.0005   0.0000   0.2794   0.0006   0.1221   0.0696   0.4983   0.4058   0.2816   0.0000  -0.0163  -0.1131    0.290
     2   0.0024   0.0049   0.0000   0.2794   0.0018   0.1221   0.0687   0.5333   0.4343   0.0482   0.0000  -0.0152  -0.1121    0.285
     3   0.0065   0.0135   0.0000   0.2794   0.0030   0.1221   0.0699   0.5355   0.4361   0.0351   0.0000  -0.0120  -0.1093    0.278
     4   0.0126   0.0262   0.0000   0.2794   0.0041   0.1222   0.0725   0.5365   0.4369   0.0315   0.0000  -0.0075  -0.1053    0.267
     5   0.0205   0.0426   0.0000   0.2794   0.0051   0.1223   0.0758   0.5373   0.4376   0.0285   0.0000  -0.0027  -0.1011    0.256
     6   0.0300   0.0623   0.0000   0.2794   0.0059   0.1223   0.0795   0.5375   0.4377   0.0256   0.0000   0.0017  -0.0971    0.246
     7   0.0409   0.0849   0.0000   0.2794   0.0066   0.1218   0.0834   0.5359   0.4365   0.0231   0.0000   0.0056  -0.0932    0.237
     8   0.0529   0.1098   0.0000   0.2794   0.0072   0.1208   0.0874   0.5317   0.4330   0.0210   0.0000   0.0090  -0.0893    0.229
     9   0.0657   0.1363   0.0000   0.2794   0.0076   0.1189   0.0916   0.5238   0.4266   0.0190   0.0000   0.0122  -0.0849    0.221
    10   0.0789   0.1638   0.0000   0.2794   0.0078   0.1160   0.0958   0.5110   0.4162   0.0172   0.0000   0.0153  -0.0797    0.213
    11   0.0924   0.1918   0.0000   0.2794   0.0078   0.1118   0.1001   0.4925   0.4011   0.0154   0.0000   0.0184  -0.0735    0.204
    12   0.1056   0.2193   0.0000   0.2794   0.0076   0.1060   0.1040   0.4673   0.3806   0.0136   0.0000   0.0216  -0.0660    0.193
    13   0.1184   0.2458   0.0000   0.2794   0.0072   0.0986   0.1073   0.4347   0.3540   0.0116   0.0000   0.0246  -0.0573    0.180
    14   0.1304   0.2707   0.0000   0.2794   0.0066   0.0894   0.1096   0.3944   0.3212   0.0095   0.0000   0.0273  -0.0475    0.165
    15   0.1413   0.2933   0.0000   0.2794   0.0059   0.0785   0.1105   0.3466   0.2823   0.0073   0.0000   0.0290  -0.0372    0.147
    16   0.1508   0.3130   0.0000   0.2794   0.0051   0.0661   0.1095   0.2920   0.2378   0.0051   0.0000   0.0291  -0.0271    0.128
    17   0.1587   0.3294   0.0000   0.2794   0.0041   0.0525   0.1068   0.2319   0.1888   0.0031   0.0000   0.0270  -0.0180    0.107
    18   0.1648   0.3421   0.0000   0.2794   0.0030   0.0379   0.1027   0.1678   0.1366   0.0011   0.0000   0.0222  -0.0106    0.088
    19   0.1689   0.3507   0.0000   0.2794   0.0018   0.0229   0.0979   0.1014   0.0826  -0.0007   0.0000   0.0146  -0.0053    0.073
    20   0.1710   0.3551   0.0000   0.2794   0.0006   0.0076   0.0953   0.0341   0.0278  -0.0019   0.0000   0.0051  -0.0016    0.066

  Surface # 2     Wing (YDUP)                             
     # Chordwise = 10   # Spanwise = 20     First strip = 21
     Surface area Ssurf =    0.099355     Ave. chord Cave =    0.279400

 Forces referred to Sref, Cref, Bref about Xref, Yref, Zref
 Standard axis orientation,  X fwd, Z down         
     CLsurf  =   0.26114     Clsurf  =   0.05681
     CYsurf  =  -0.00898     Cmsurf  =  -0.03082
     CDsurf  =   0.01311     Cnsurf  =   0.00939
     CDisurf =   0.01311     CDvsurf =   0.00000

 Forces referred to Ssurf, Cave 
     CLsurf  =   0.36560     CDsurf  =   0.01835

 Strip Forces referred to Strip Area, Chord
    j     Xle      Yle      Zle      Chord    Area     c_cl     ai     cl_norm    cl       cd       cdv    cm_c/4     cm_LE   C.P.x/c
    21   0.0003  -0.0005   0.0000   0.2794   0.0006   0.1221   0.0696   0.4983   0.4058   0.2816   0.0000  -0.0163   0.1131    0.290
    22   0.0024  -0.0049   0.0000   0.2794   0.0018   0.1221   0.0687   0.5333   0.4343   0.0482   0.0000  -0.0152   0.1121    0.285
    23   0.0065  -0.0135   0.0000   0.2794   0.0030   0.1221   0.0699   0.5355   0.4361   0.0351   0.0000  -0.0120   0.1093    0.278
    24   0.0126  -0.0262   0.0000   0.2794   0.0041   0.1222   0.0725   0.5365   0.4369   0.0315   0.0000  -0.0075   0.1053    0.267
    25   0.0205  -0.0426   0.0000   0.2794   0.0051   0.1223   0.0758   0.5373   0.4376   0.0285   0.0000  -0.0027   0.1011    0.256
    26   0.0300  -0.0623   0.0000   0.2794   0.0059   0.1223   0.0795   0.5375   0.4377   0.0256   0.0000   0.0017   0.0971    0.246
    27   0.0409  -0.0849   0.0000   0.2794   0.0066   0.1218   0.0834   0.5359   0.4365   0.0231   0.0000   0.0056   0.0932    0.237
    28   0.0529  -0.1098   0.0000   0.2794   0.0072   0.1208   0.0874   0.5317   0.4330   0.0210   0.0000   0.0090   0.0893    0.229
    29   0.0657  -0.1363   0.0000   0.2794   0.0076   0.1189   0.0916   0.5238   0.4266   0.0190   0.0000   0.0122   0.0849    0.221
    30   0.0789  -0.1638   0.0000   0.2794   0.0078   0.1160   0.0958   0.5110   0.4162   0.0172   0.0000   0.0153   0.0797    0.213
    31   0.0924  -0.1918   0.0000   0.2794   0.0078   0.1118   0.1001   0.4925   0.4011   0.0154   0.0000   0.0184   0.0735    0.204
    32   0.1056  -0.2193   0.0000   0.2794   0.0076   0.1060   0.1040   0.4673   0.3806   0.0136   0.0000   0.0216   0.0660    0.193
    33   0.1184  -0.2458   0.0000   0.2794   0.0072   0.0986   0.1073   0.4347   0.3540   0.0116   0.0000   0.0246   0.0573    0.180
    34   0.1304  -0.2707   0.0000   0.2794   0.0066   0.0894   0.1096   0.3944   0.3212   0.0095   0.0000   0.0273   0.0475    0.165
    35   0.1413  -0.2933   0.0000   0.2794   0.0059   0.0785   0.1105   0.3466   0.2823   0.0073   0.0000   0.0290   0.0372    0.147
    36   0.1508  -0.3130   0.0000   0.2794   0.0051   0.0661   0.1095   0.2920   0.2378   0.0051   0.0000   0.0291   0.0271    0.128
    37   0.1587  -0.3294   0.0000   0.2794   0.0041   0.0525   0.1068   0.2319   0.1888   0.0031   0.0000   0.0270   0.0180    0.107
    38   0.1648  -0.3421   0.0000   0.2794   0.0030   0.0379   0.1027   0.1678   0.1366   0.0011   0.0000   0.0222   0.0106    0.088
    39   0.1689  -0.3507   0.0000   0.2794   0.0018   0.0229   0.0979   0.1014   0.0826  -0.0007   0.0000   0.0146   0.0053    0.073
    40   0.1710  -0.3551   0.0000   0.2794   0.0006   0.0076   0.0953   0.0341   0.0278  -0.0019   0.0000   0.0051   0.0016    0.066
 ---------------------------------------------------------------
