 ---------------------------------------------------------------
 Surface and Strip Forces by surface

  Sref = 0.14450       Cref = 0.20320       Bref = 0.71120    
  Xref = 0.10920       Yref =  0.0000       Zref =  0.0000    

  Surface # 1     Wing                                    
     # Chordwise = 10   # Spanwise = 20     First strip =  1
     Surface area Ssurf =    0.072258     Ave. chord Cave =    0.203200

 Forces referred to Sref, Cref, Bref about Xref, Yref, Zref
 Standard axis orientation,  X fwd, Z down         
     CLsurf  =   0.25138     Clsurf  =  -0.05420
     CYsurf  =   0.00000     Cmsurf  =   0.07961
     CDsurf  =   0.01157     Cnsurf  =  -0.00485
     CDisurf =   0.01157     CDvsurf =   0.00000

 Forces referred to Ssurf, Cave 
     CLsurf  =   0.50270     CDsurf  =   0.02313

 Strip Forces referred to Strip Area, Chord
    j     Xle      Yle      Zle      Chord    Area     c_cl     ai     cl_norm    cl       cd       cdv    cm_c/4     cm_LE   C.P.x/c
     1   0.0000   0.0005   0.0000   0.2032   0.0004   0.1252   0.0826   0.6188   0.6188   0.0250   0.0000   0.0115  -0.1426    0.231
     2   0.0000   0.0049   0.0000   0.2032   0.0013   0.1252   0.0826   0.6188   0.6188   0.0250   0.0000   0.0115  -0.1426    0.231
     3   0.0000   0.0135   0.0000   0.2032   0.0022   0.1252   0.0826   0.6185   0.6185   0.0250   0.0000   0.0115  -0.1425    0.231
     4   0.0000   0.0262   0.0000   0.2032   0.0030   0.1250   0.0828   0.6177   0.6177   0.0250   0.0000   0.0115  -0.1423    0.231
     5   0.0000   0.0426   0.0000   0.2032   0.0037   0.1246   0.0831   0.6157   0.6157   0.0250   0.0000   0.0116  -0.1417    0.231
     6   0.0000   0.0623   0.0000   0.2032   0.0043   0.1239   0.0837   0.6120   0.6120   0.0250   0.0000   0.0118  -0.1406    0.231
     7   0.0000   0.0849   0.0000   0.2032   0.0048   0.1226   0.0847   0.6059   0.6059   0.0251   0.0000   0.0121  -0.1388    0.230
     8   0.0000   0.1098   0.0000   0.2032   0.0052   0.1208   0.0862   0.5967   0.5967   0.0251   0.0000   0.0126  -0.1360    0.229
     9   0.0000   0.1363   0.0000   0.2032   0.0055   0.1182   0.0882   0.5837   0.5837   0.0251   0.0000   0.0132  -0.1321    0.227
    10   0.0000   0.1638   0.0000   0.2032   0.0057   0.1146   0.0908   0.5660   0.5660   0.0251   0.0000   0.0141  -0.1269    0.225
    11   0.0000   0.1918   0.0000   0.2032   0.0057   0.1100   0.0940   0.5429   0.5429   0.0250   0.0000   0.0152  -0.1200    0.222
    12   0.0000   0.2193   0.0000   0.2032   0.0055   0.1041   0.0976   0.5137   0.5137   0.0247   0.0000   0.0166  -0.1114    0.218
    13   0.0000   0.2458   0.0000   0.2032   0.0052   0.0968   0.1015   0.4775   0.4775   0.0241   0.0000   0.0181  -0.1010    0.212
    14   0.0000   0.2707   0.0000   0.2032   0.0048   0.0880   0.1054   0.4339   0.4339   0.0231   0.0000   0.0196  -0.0887    0.205
    15   0.0000   0.2933   0.0000   0.2032   0.0043   0.0776   0.1087   0.3827   0.3827   0.0215   0.0000   0.0207  -0.0748    0.196
    16   0.0000   0.3130   0.0000   0.2032   0.0037   0.0657   0.1109   0.3239   0.3239   0.0193   0.0000   0.0211  -0.0598    0.185
    17   0.0000   0.3294   0.0000   0.2032   0.0030   0.0525   0.1115   0.2585   0.2585   0.0163   0.0000   0.0200  -0.0446    0.173
    18   0.0000   0.3421   0.0000   0.2032   0.0022   0.0382   0.1100   0.1879   0.1879   0.0125   0.0000   0.0170  -0.0300    0.160
    19   0.0000   0.3507   0.0000   0.2032   0.0013   0.0231   0.1068   0.1137   0.1137   0.0079   0.0000   0.0116  -0.0168    0.148
    20   0.0000   0.3551   0.0000   0.2032   0.0004   0.0077   0.1039   0.0380   0.0380   0.0027   0.0000   0.0042  -0.0054    0.141

  Surface # 2     Wing (YDUP)                             
     # Chordwise = 10   # Spanwise = 20     First strip = 21
     Surface area Ssurf =    0.072258     Ave. chord Cave =    0.203200

 Forces referred to Sref, Cref, Bref about Xref, Yref, Zref
 Standard axis orientation,  X fwd, Z down         
     CLsurf  =   0.25138     Clsurf  =   0.05420
     CYsurf  =   0.00000     Cmsurf  =   0.07961
     CDsurf  =   0.01157     Cnsurf  =   0.00485
     CDisurf =   0.01157     CDvsurf =   0.00000

 Forces referred to Ssurf, Cave 
     CLsurf  =   0.50270     CDsurf  =   0.02313

 Strip Forces referred to Strip Area, Chord
    j     Xle      Yle      Zle      Chord    Area     c_cl     ai     cl_norm    cl       cd       cdv    cm_c/4     cm_LE   C.P.x/c
    21   0.0000  -0.0005   0.0000   0.2032   0.0004   0.1252   0.0826   0.6188   0.6188   0.0250   0.0000   0.0115   0.1426    0.231
    22   0.0000  -0.0049   0.0000   0.2032   0.0013   0.1252   0.0826   0.6188   0.6188   0.0250   0.0000   0.0115   0.1426    0.231
    23   0.0000  -0.0135   0.0000   0.2032   0.0022   0.1252   0.0826   0.6185   0.6185   0.0250   0.0000   0.0115   0.1425    0.231
    24   0.0000  -0.0262   0.0000   0.2032   0.0030   0.1250   0.0828   0.6177   0.6177   0.0250   0.0000   0.0115   0.1423    0.231
    25   0.0000  -0.0426   0.0000   0.2032   0.0037   0.1246   0.0831   0.6157   0.6157   0.0250   0.0000   0.0116   0.1417    0.231
    26   0.0000  -0.0623   0.0000   0.2032   0.0043   0.1239   0.0837   0.6120   0.6120   0.0250   0.0000   0.0118   0.1406    0.231
    27   0.0000  -0.0849   0.0000   0.2032   0.0048   0.1226   0.0847   0.6059   0.6059   0.0251   0.0000   0.0121   0.1388    0.230
    28   0.0000  -0.1098   0.0000   0.2032   0.0052   0.1208   0.0862   0.5967   0.5967   0.0251   0.0000   0.0126   0.1360    0.229
    29   0.0000  -0.1363   0.0000   0.2032   0.0055   0.1182   0.0882   0.5837   0.5837   0.0251   0.0000   0.0132   0.1321    0.227
    30   0.0000  -0.1638   0.0000   0.2032   0.0057   0.1146   0.0908   0.5660   0.5660   0.0251   0.0000   0.0141   0.1269    0.225
    31   0.0000  -0.1918   0.0000   0.2032   0.0057   0.1100   0.0940   0.5429   0.5429   0.0250   0.0000   0.0152   0.1200    0.222
    32   0.0000  -0.2193   0.0000   0.2032   0.0055   0.1041   0.0976   0.5137   0.5137   0.0247   0.0000   0.0166   0.1114    0.218
    33   0.0000  -0.2458   0.0000   0.2032   0.0052   0.0968   0.1015   0.4775   0.4775   0.0241   0.0000   0.0181   0.1010    0.212
    34   0.0000  -0.2707   0.0000   0.2032   0.0048   0.0880   0.1054   0.4339   0.4339   0.0231   0.0000   0.0196   0.0887    0.205
    35   0.0000  -0.2933   0.0000   0.2032   0.0043   0.0776   0.1087   0.3827   0.3827   0.0215   0.0000   0.0207   0.0748    0.196
    36   0.0000  -0.3130   0.0000   0.2032   0.0037   0.0657   0.1109   0.3239   0.3239   0.0193   0.0000   0.0211   0.0598    0.185
    37   0.0000  -0.3294   0.0000   0.2032   0.0030   0.0525   0.1115   0.2585   0.2585   0.0163   0.0000   0.0200   0.0446    0.173
    38   0.0000  -0.3421   0.0000   0.2032   0.0022   0.0382   0.1100   0.1879   0.1879   0.0125   0.0000   0.0170   0.0300    0.160
    39   0.0000  -0.3507   0.0000   0.2032   0.0013   0.0231   0.1068   0.1137   0.1137   0.0079   0.0000   0.0116   0.0168    0.148
    40   0.0000  -0.3551   0.0000   0.2032   0.0004   0.0077   0.1039   0.0380   0.0380   0.0027   0.0000   0.0042   0.0054    0.141
 ---------------------------------------------------------------
