 ---------------------------------------------------------------
 Surface and Strip Forces by surface

  Sref = 0.23230       Cref = 0.25400       Bref = 0.91440    
  Xref = 0.10920       Yref =  0.0000       Zref =  0.0000    

  Surface # 1     Wing                                    
     # Chordwise = 10   # Spanwise = 20     First strip =  1
     Surface area Ssurf =    0.116129     Ave. chord Cave =    0.254000

 Forces referred to Sref, Cref, Bref about Xref, Yref, Zref
 Standard axis orientation,  X fwd, Z down         
     CLsurf  =   0.15637     Clsurf  =  -0.03488
     CYsurf  =   0.00499     Cmsurf  =  -0.03986
     CDsurf  =   0.00482     Cnsurf  =  -0.00415
     CDisurf =   0.00482     CDvsurf =   0.00000

 Forces referred to Ssurf, Cave 
     CLsurf  =   0.31279     CDsurf  =   0.00963

 Strip Forces referred to Strip Area, Chord
    j     Xle      Yle      Zle      Chord    Area     c_cl     ai     cl_norm    cl       cd       cdv    cm_c/4     cm_LE   C.P.x/c
     1   0.0004   0.0007   0.0000   0.2540   0.0007   0.0896   0.0286   0.4533   0.3408   0.1531   0.0000  -0.0217  -0.0951    0.314
     2   0.0036   0.0063   0.0000   0.2540   0.0021   0.0896   0.0279   0.4678   0.3517   0.0268   0.0000  -0.0200  -0.0937    0.307
     3   0.0100   0.0174   0.0000   0.2540   0.0035   0.0898   0.0303   0.4694   0.3529   0.0209   0.0000  -0.0154  -0.0899    0.294
     4   0.0195   0.0337   0.0000   0.2540   0.0048   0.0902   0.0342   0.4718   0.3547   0.0184   0.0000  -0.0099  -0.0854    0.278
     5   0.0316   0.0548   0.0000   0.2540   0.0059   0.0907   0.0383   0.4751   0.3572   0.0159   0.0000  -0.0049  -0.0816    0.264
     6   0.0463   0.0801   0.0000   0.2540   0.0069   0.0913   0.0423   0.4785   0.3597   0.0138   0.0000  -0.0009  -0.0786    0.252
     7   0.0630   0.1092   0.0000   0.2540   0.0078   0.0918   0.0462   0.4810   0.3616   0.0121   0.0000   0.0022  -0.0763    0.244
     8   0.0815   0.1411   0.0000   0.2540   0.0084   0.0919   0.0499   0.4816   0.3620   0.0108   0.0000   0.0047  -0.0742    0.237
     9   0.1012   0.1752   0.0000   0.2540   0.0089   0.0914   0.0538   0.4793   0.3603   0.0097   0.0000   0.0068  -0.0721    0.231
    10   0.1216   0.2107   0.0000   0.2540   0.0091   0.0902   0.0581   0.4731   0.3556   0.0088   0.0000   0.0088  -0.0693    0.225
    11   0.1424   0.2465   0.0000   0.2540   0.0091   0.0880   0.0627   0.4618   0.3471   0.0079   0.0000   0.0110  -0.0655    0.218
    12   0.1628   0.2820   0.0000   0.2540   0.0089   0.0847   0.0675   0.4441   0.3339   0.0070   0.0000   0.0135  -0.0604    0.209
    13   0.1825   0.3161   0.0000   0.2540   0.0084   0.0798   0.0723   0.4189   0.3150   0.0060   0.0000   0.0165  -0.0537    0.197
    14   0.2010   0.3480   0.0000   0.2540   0.0078   0.0734   0.0763   0.3851   0.2895   0.0048   0.0000   0.0198  -0.0454    0.182
    15   0.2177   0.3771   0.0000   0.2540   0.0069   0.0651   0.0788   0.3420   0.2571   0.0034   0.0000   0.0229  -0.0357    0.161
    16   0.2324   0.4024   0.0000   0.2540   0.0059   0.0553   0.0791   0.2903   0.2182   0.0019   0.0000   0.0250  -0.0255    0.136
    17   0.2445   0.4235   0.0000   0.2540   0.0048   0.0440   0.0767   0.2312   0.1738   0.0006   0.0000   0.0249  -0.0159    0.107
    18   0.2540   0.4398   0.0000   0.2540   0.0035   0.0318   0.0718   0.1671   0.1256  -0.0006   0.0000   0.0217  -0.0083    0.077
    19   0.2604   0.4509   0.0000   0.2540   0.0021   0.0191   0.0656   0.1006   0.0756  -0.0015   0.0000   0.0150  -0.0033    0.052
    20   0.2636   0.4565   0.0000   0.2540   0.0007   0.0064   0.0615   0.0337   0.0253  -0.0019   0.0000   0.0053  -0.0008    0.039

  Surface # 2     Wing (YDUP)                             
     # Chordwise = 10   # Spanwise = 20     First strip = 21
     Surface area Ssurf =    0.116129     Ave. chord Cave =    0.254000

 Forces referred to Sref, Cref, Bref about Xref, Yref, Zref
 Standard axis orientation,  X fwd, Z down         
     CLsurf  =   0.15637     Clsurf  =   0.03488
     CYsurf  =  -0.00499     Cmsurf  =  -0.03986
     CDsurf  =   0.00482     Cnsurf  =   0.00415
     CDisurf =   0.00482     CDvsurf =   0.00000

 Forces referred to Ssurf, Cave 
     CLsurf  =   0.31279     CDsurf  =   0.00963

 Strip Forces referred to Strip Area, Chord
    j     Xle      Yle      Zle      Chord    Area     c_cl     ai     cl_norm    cl       cd       cdv    cm_c/4     cm_LE   C.P.x/c
    21   0.0004  -0.0007   0.0000   0.2540   0.0007   0.0896   0.0286   0.4533   0.3408   0.1531   0.0000  -0.0217   0.0951    0.314
    22   0.0036  -0.0063   0.0000   0.2540   0.0021   0.0896   0.0279   0.4678   0.3517   0.0268   0.0000  -0.0200   0.0937    0.307
    23   0.0100  -0.0174   0.0000   0.2540   0.0035   0.0898   0.0303   0.4694   0.3529   0.0209   0.0000  -0.0154   0.0899    0.294
    24   0.0195  -0.0337   0.0000   0.2540   0.0048   0.0902   0.0342   0.4718   0.3547   0.0184   0.0000  -0.0099   0.0854    0.278
    25   0.0316  -0.0548   0.0000   0.2540   0.0059   0.0907   0.0383   0.4751   0.3572   0.0159   0.0000  -0.0049   0.0816    0.264
    26   0.0463  -0.0801   0.0000   0.2540   0.0069   0.0913   0.0423   0.4785   0.3597   0.0138   0.0000  -0.0009   0.0786    0.252
    27   0.0630  -0.1092   0.0000   0.2540   0.0078   0.0918   0.0462   0.4810   0.3616   0.0121   0.0000   0.0022   0.0763    0.244
    28   0.0815  -0.1411   0.0000   0.2540   0.0084   0.0919   0.0499   0.4816   0.3620   0.0108   0.0000   0.0047   0.0742    0.237
    29   0.1012  -0.1752   0.0000   0.2540   0.0089   0.0914   0.0538   0.4793   0.3603   0.0097   0.0000   0.0068   0.0721    0.231
    30   0.1216  -0.2107   0.0000   0.2540   0.0091   0.0902   0.0581   0.4731   0.3556   0.0088   0.0000   0.0088   0.0693    0.225
    31   0.1424  -0.2465   0.0000   0.2540   0.0091   0.0880   0.0627   0.4618   0.3471   0.0079   0.0000   0.0110   0.0655    0.218
    32   0.1628  -0.2820   0.0000   0.2540   0.0089   0.0847   0.0675   0.4441   0.3339   0.0070   0.0000   0.0135   0.0604    0.209
    33   0.1825  -0.3161   0.0000   0.2540   0.0084   0.0798   0.0723   0.4189   0.3150   0.0060   0.0000   0.0165   0.0537    0.197
    34   0.2010  -0.3480   0.0000   0.2540   0.0078   0.0734   0.0763   0.3851   0.2895   0.0048   0.0000   0.0198   0.0454    0.182
    35   0.2177  -0.3771   0.0000   0.2540   0.0069   0.0651   0.0788   0.3420   0.2571   0.0034   0.0000   0.0229   0.0357    0.161
    36   0.2324  -0.4024   0.0000   0.2540   0.0059   0.0553   0.0791   0.2903   0.2182   0.0019   0.0000   0.0250   0.0255    0.136
    37   0.2445  -0.4235   0.0000   0.2540   0.0048   0.0440   0.0767   0.2312   0.1738   0.0006   0.0000   0.0249   0.0159    0.107
    38   0.2540  -0.4398   0.0000   0.2540   0.0035   0.0318   0.0718   0.1671   0.1256  -0.0006   0.0000   0.0217   0.0083    0.077
    39   0.2604  -0.4509   0.0000   0.2540   0.0021   0.0191   0.0656   0.1006   0.0756  -0.0015   0.0000   0.0150   0.0033    0.052
    40   0.2636  -0.4565   0.0000   0.2540   0.0007   0.0064   0.0615   0.0337   0.0253  -0.0019   0.0000   0.0053   0.0008    0.039
 ---------------------------------------------------------------
