 ---------------------------------------------------------------
 Surface and Strip Forces by surface

  Sref = 0.20900       Cref = 0.22860       Bref = 0.91440    
  Xref = 0.10920       Yref =  0.0000       Zref =  0.0000    

  Surface # 1     Wing                                    
     # Chordwise = 10   # Spanwise = 20     First strip =  1
     Surface area Ssurf =    0.104516     Ave. chord Cave =    0.228600

 Forces referred to Sref, Cref, Bref about Xref, Yref, Zref
 Standard axis orientation,  X fwd, Z down         
     CLsurf  =   0.17380     Clsurf  =  -0.03875
     CYsurf  =   0.00484     Cmsurf  =  -0.02794
     CDsurf  =   0.00528     Cnsurf  =  -0.00406
     CDisurf =   0.00528     CDvsurf =   0.00000

 Forces referred to Ssurf, Cave 
     CLsurf  =   0.34755     CDsurf  =   0.01056

 Strip Forces referred to Strip Area, Chord
    j     Xle      Yle      Zle      Chord    Area     c_cl     ai     cl_norm    cl       cd       cdv    cm_c/4     cm_LE   C.P.x/c
     1   0.0003   0.0007   0.0000   0.2286   0.0006   0.0899   0.0298   0.4642   0.3819   0.1430   0.0000  -0.0191  -0.1064    0.300
     2   0.0029   0.0063   0.0000   0.2286   0.0019   0.0899   0.0293   0.4769   0.3924   0.0274   0.0000  -0.0173  -0.1048    0.294
     3   0.0081   0.0174   0.0000   0.2286   0.0031   0.0901   0.0316   0.4784   0.3936   0.0217   0.0000  -0.0128  -0.1009    0.283
     4   0.0157   0.0337   0.0000   0.2286   0.0043   0.0904   0.0351   0.4806   0.3955   0.0189   0.0000  -0.0076  -0.0965    0.269
     5   0.0255   0.0548   0.0000   0.2286   0.0053   0.0909   0.0390   0.4836   0.3979   0.0164   0.0000  -0.0030  -0.0928    0.258
     6   0.0374   0.0801   0.0000   0.2286   0.0062   0.0914   0.0427   0.4865   0.4003   0.0143   0.0000   0.0007  -0.0900    0.248
     7   0.0509   0.1092   0.0000   0.2286   0.0070   0.0918   0.0462   0.4885   0.4019   0.0127   0.0000   0.0034  -0.0879    0.242
     8   0.0658   0.1411   0.0000   0.2286   0.0076   0.0917   0.0496   0.4885   0.4019   0.0114   0.0000   0.0055  -0.0859    0.236
     9   0.0817   0.1752   0.0000   0.2286   0.0080   0.0912   0.0533   0.4856   0.3996   0.0105   0.0000   0.0074  -0.0837    0.232
    10   0.0982   0.2107   0.0000   0.2286   0.0082   0.0899   0.0573   0.4788   0.3940   0.0097   0.0000   0.0091  -0.0808    0.227
    11   0.1150   0.2465   0.0000   0.2286   0.0082   0.0877   0.0617   0.4672   0.3844   0.0090   0.0000   0.0111  -0.0768    0.221
    12   0.1315   0.2820   0.0000   0.2286   0.0080   0.0844   0.0666   0.4494   0.3698   0.0082   0.0000   0.0135  -0.0714    0.214
    13   0.1474   0.3161   0.0000   0.2286   0.0076   0.0796   0.0715   0.4242   0.3491   0.0073   0.0000   0.0163  -0.0642    0.203
    14   0.1623   0.3480   0.0000   0.2286   0.0070   0.0733   0.0760   0.3906   0.3214   0.0062   0.0000   0.0194  -0.0550    0.190
    15   0.1758   0.3771   0.0000   0.2286   0.0062   0.0653   0.0793   0.3478   0.2862   0.0049   0.0000   0.0225  -0.0443    0.171
    16   0.1877   0.4024   0.0000   0.2286   0.0053   0.0555   0.0806   0.2960   0.2436   0.0035   0.0000   0.0247  -0.0327    0.149
    17   0.1975   0.4235   0.0000   0.2286   0.0043   0.0443   0.0791   0.2364   0.1946   0.0020   0.0000   0.0249  -0.0214    0.122
    18   0.2051   0.4398   0.0000   0.2286   0.0031   0.0321   0.0749   0.1713   0.1410   0.0007   0.0000   0.0220  -0.0119    0.094
    19   0.2103   0.4509   0.0000   0.2286   0.0019   0.0193   0.0689   0.1033   0.0850  -0.0006   0.0000   0.0153  -0.0053    0.070
    20   0.2129   0.4565   0.0000   0.2286   0.0006   0.0064   0.0646   0.0345   0.0284  -0.0015   0.0000   0.0055  -0.0014    0.057

  Surface # 2     Wing (YDUP)                             
     # Chordwise = 10   # Spanwise = 20     First strip = 21
     Surface area Ssurf =    0.104516     Ave. chord Cave =    0.228600

 Forces referred to Sref, Cref, Bref about Xref, Yref, Zref
 Standard axis orientation,  X fwd, Z down         
     CLsurf  =   0.17380     Clsurf  =   0.03875
     CYsurf  =  -0.00484     Cmsurf  =  -0.02794
     CDsurf  =   0.00528     Cnsurf  =   0.00406
     CDisurf =   0.00528     CDvsurf =   0.00000

 Forces referred to Ssurf, Cave 
     CLsurf  =   0.34755     CDsurf  =   0.01056

 Strip Forces referred to Strip Area, Chord
    j     Xle      Yle      Zle      Chord    Area     c_cl     ai     cl_norm    cl       cd       cdv    cm_c/4     cm_LE   C.P.x/c
    21   0.0003  -0.0007   0.0000   0.2286   0.0006   0.0899   0.0298   0.4642   0.3819   0.1430   0.0000  -0.0191   0.1064    0.300
    22   0.0029  -0.0063   0.0000   0.2286   0.0019   0.0899   0.0293   0.4769   0.3924   0.0274   0.0000  -0.0173   0.1048    0.294
    23   0.0081  -0.0174   0.0000   0.2286   0.0031   0.0901   0.0316   0.4784   0.3936   0.0217   0.0000  -0.0128   0.1009    0.283
    24   0.0157  -0.0337   0.0000   0.2286   0.0043   0.0904   0.0351   0.4806   0.3955   0.0189   0.0000  -0.0076   0.0965    0.269
    25   0.0255  -0.0548   0.0000   0.2286   0.0053   0.0909   0.0390   0.4836   0.3979   0.0164   0.0000  -0.0030   0.0928    0.258
    26   0.0374  -0.0801   0.0000   0.2286   0.0062   0.0914   0.0427   0.4865   0.4003   0.0143   0.0000   0.0007   0.0900    0.248
    27   0.0509  -0.1092   0.0000   0.2286   0.0070   0.0918   0.0462   0.4885   0.4019   0.0127   0.0000   0.0034   0.0879    0.242
    28   0.0658  -0.1411   0.0000   0.2286   0.0076   0.0917   0.0496   0.4885   0.4019   0.0114   0.0000   0.0055   0.0859    0.236
    29   0.0817  -0.1752   0.0000   0.2286   0.0080   0.0912   0.0533   0.4856   0.3996   0.0105   0.0000   0.0074   0.0837    0.232
    30   0.0982  -0.2107   0.0000   0.2286   0.0082   0.0899   0.0573   0.4788   0.3940   0.0097   0.0000   0.0091   0.0808    0.227
    31   0.1150  -0.2465   0.0000   0.2286   0.0082   0.0877   0.0617   0.4672   0.3844   0.0090   0.0000   0.0111   0.0768    0.221
    32   0.1315  -0.2820   0.0000   0.2286   0.0080   0.0844   0.0666   0.4494   0.3698   0.0082   0.0000   0.0135   0.0714    0.214
    33   0.1474  -0.3161   0.0000   0.2286   0.0076   0.0796   0.0715   0.4242   0.3491   0.0073   0.0000   0.0163   0.0642    0.203
    34   0.1623  -0.3480   0.0000   0.2286   0.0070   0.0733   0.0760   0.3906   0.3214   0.0062   0.0000   0.0194   0.0550    0.190
    35   0.1758  -0.3771   0.0000   0.2286   0.0062   0.0653   0.0793   0.3478   0.2862   0.0049   0.0000   0.0225   0.0443    0.171
    36   0.1877  -0.4024   0.0000   0.2286   0.0053   0.0555   0.0806   0.2960   0.2436   0.0035   0.0000   0.0247   0.0327    0.149
    37   0.1975  -0.4235   0.0000   0.2286   0.0043   0.0443   0.0791   0.2364   0.1946   0.0020   0.0000   0.0249   0.0214    0.122
    38   0.2051  -0.4398   0.0000   0.2286   0.0031   0.0321   0.0749   0.1713   0.1410   0.0007   0.0000   0.0220   0.0119    0.094
    39   0.2103  -0.4509   0.0000   0.2286   0.0019   0.0193   0.0689   0.1033   0.0850  -0.0006   0.0000   0.0153   0.0053    0.070
    40   0.2129  -0.4565   0.0000   0.2286   0.0006   0.0064   0.0646   0.0345   0.0284  -0.0015   0.0000   0.0055   0.0014    0.057
 ---------------------------------------------------------------
