 ---------------------------------------------------------------
 Surface and Strip Forces by surface

  Sref = 0.17340       Cref = 0.22640       Bref = 0.81280    
  Xref = 0.10920       Yref =  0.0000       Zref =  0.0000    

  Surface # 1     Wing                                    
     # Chordwise = 10   # Spanwise = 20     First strip =  1
     Surface area Ssurf =    0.086705     Ave. chord Cave =    0.213350

 Forces referred to Sref, Cref, Bref about Xref, Yref, Zref
 Standard axis orientation,  X fwd, Z down         
     CLsurf  =   0.20948     Clsurf  =  -0.04475
     CYsurf  =  -0.00090     Cmsurf  =  -0.02408
     CDsurf  =   0.00797     Cnsurf  =  -0.00353
     CDisurf =   0.00797     CDvsurf =   0.00000

 Forces referred to Ssurf, Cave 
     CLsurf  =   0.41894     CDsurf  =   0.01595

 Strip Forces referred to Strip Area, Chord
    j     Xle      Yle      Zle      Chord    Area     c_cl     ai     cl_norm    cl       cd       cdv    cm_c/4     cm_LE   C.P.x/c
     1   0.0003   0.0006   0.0000   0.3045   0.0008   0.1122   0.0679   0.3994   0.3531   0.1642   0.0000  -0.0069  -0.0894    0.269
     2   0.0027   0.0056   0.0000   0.3023   0.0022   0.1122   0.0678   0.4184   0.3699   0.0327   0.0000  -0.0063  -0.0894    0.267
     3   0.0074   0.0155   0.0000   0.2978   0.0036   0.1122   0.0679   0.4253   0.3760   0.0255   0.0000  -0.0043  -0.0889    0.261
     4   0.0143   0.0299   0.0000   0.2913   0.0049   0.1120   0.0681   0.4344   0.3841   0.0233   0.0000  -0.0016  -0.0882    0.254
     5   0.0232   0.0487   0.0000   0.2829   0.0059   0.1115   0.0684   0.4459   0.3942   0.0213   0.0000   0.0012  -0.0879    0.247
     6   0.0339   0.0712   0.0000   0.2727   0.0066   0.1107   0.0686   0.4592   0.4060   0.0195   0.0000   0.0038  -0.0882    0.241
     7   0.0462   0.0970   0.0000   0.2611   0.0071   0.1092   0.0686   0.4738   0.4188   0.0179   0.0000   0.0059  -0.0891    0.236
     8   0.0598   0.1254   0.0000   0.2483   0.0073   0.1071   0.0686   0.4887   0.4320   0.0164   0.0000   0.0077  -0.0904    0.232
     9   0.0742   0.1558   0.0000   0.2347   0.0073   0.1041   0.0685   0.5030   0.4447   0.0150   0.0000   0.0091  -0.0919    0.229
    10   0.0892   0.1873   0.0000   0.2205   0.0070   0.1003   0.0685   0.5157   0.4559   0.0136   0.0000   0.0104  -0.0932    0.227
    11   0.1044   0.2191   0.0000   0.2062   0.0066   0.0955   0.0689   0.5253   0.4644   0.0123   0.0000   0.0118  -0.0939    0.225
    12   0.1194   0.2506   0.0000   0.1920   0.0060   0.0897   0.0698   0.5301   0.4686   0.0109   0.0000   0.0134  -0.0933    0.221
    13   0.1338   0.2810   0.0000   0.1784   0.0053   0.0829   0.0714   0.5277   0.4665   0.0095   0.0000   0.0155  -0.0909    0.217
    14   0.1474   0.3094   0.0000   0.1656   0.0045   0.0751   0.0739   0.5151   0.4554   0.0080   0.0000   0.0183  -0.0859    0.210
    15   0.1597   0.3352   0.0000   0.1540   0.0037   0.0662   0.0772   0.4885   0.4318   0.0063   0.0000   0.0218  -0.0774    0.200
    16   0.1704   0.3577   0.0000   0.1438   0.0030   0.0562   0.0805   0.4437   0.3923   0.0045   0.0000   0.0256  -0.0650    0.185
    17   0.1793   0.3765   0.0000   0.1354   0.0023   0.0450   0.0828   0.3774   0.3337   0.0026   0.0000   0.0284  -0.0493    0.165
    18   0.1862   0.3909   0.0000   0.1289   0.0016   0.0327   0.0826   0.2888   0.2553   0.0008   0.0000   0.0280  -0.0321    0.140
    19   0.1909   0.4008   0.0000   0.1244   0.0009   0.0198   0.0788   0.1811   0.1601  -0.0006   0.0000   0.0215  -0.0165    0.116
    20   0.1933   0.4058   0.0000   0.1222   0.0003   0.0066   0.0735   0.0617   0.0546  -0.0018   0.0000   0.0082  -0.0048    0.099

  Surface # 2     Wing (YDUP)                             
     # Chordwise = 10   # Spanwise = 20     First strip = 21
     Surface area Ssurf =    0.086705     Ave. chord Cave =    0.213350

 Forces referred to Sref, Cref, Bref about Xref, Yref, Zref
 Standard axis orientation,  X fwd, Z down         
     CLsurf  =   0.20948     Clsurf  =   0.04475
     CYsurf  =   0.00090     Cmsurf  =  -0.02408
     CDsurf  =   0.00797     Cnsurf  =   0.00353
     CDisurf =   0.00797     CDvsurf =   0.00000

 Forces referred to Ssurf, Cave 
     CLsurf  =   0.41894     CDsurf  =   0.01595

 Strip Forces referred to Strip Area, Chord
    j     Xle      Yle      Zle      Chord    Area     c_cl     ai     cl_norm    cl       cd       cdv    cm_c/4     cm_LE   C.P.x/c
    21   0.0003  -0.0006   0.0000   0.3045   0.0008   0.1122   0.0679   0.3994   0.3531   0.1642   0.0000  -0.0069   0.0894    0.269
    22   0.0027  -0.0056   0.0000   0.3023   0.0022   0.1122   0.0678   0.4184   0.3699   0.0327   0.0000  -0.0063   0.0894    0.267
    23   0.0074  -0.0155   0.0000   0.2978   0.0036   0.1122   0.0679   0.4253   0.3760   0.0255   0.0000  -0.0043   0.0889    0.261
    24   0.0143  -0.0299   0.0000   0.2913   0.0049   0.1120   0.0681   0.4344   0.3841   0.0233   0.0000  -0.0016   0.0882    0.254
    25   0.0232  -0.0487   0.0000   0.2829   0.0059   0.1115   0.0684   0.4459   0.3942   0.0213   0.0000   0.0012   0.0879    0.247
    26   0.0339  -0.0712   0.0000   0.2727   0.0066   0.1107   0.0686   0.4592   0.4060   0.0195   0.0000   0.0038   0.0882    0.241
    27   0.0462  -0.0970   0.0000   0.2611   0.0071   0.1092   0.0686   0.4738   0.4188   0.0179   0.0000   0.0059   0.0891    0.236
    28   0.0598  -0.1254   0.0000   0.2483   0.0073   0.1071   0.0686   0.4887   0.4320   0.0164   0.0000   0.0077   0.0904    0.232
    29   0.0742  -0.1558   0.0000   0.2347   0.0073   0.1041   0.0685   0.5030   0.4447   0.0150   0.0000   0.0091   0.0919    0.229
    30   0.0892  -0.1873   0.0000   0.2205   0.0070   0.1003   0.0685   0.5157   0.4559   0.0136   0.0000   0.0104   0.0932    0.227
    31   0.1044  -0.2191   0.0000   0.2062   0.0066   0.0955   0.0689   0.5253   0.4644   0.0123   0.0000   0.0118   0.0939    0.225
    32   0.1194  -0.2506   0.0000   0.1920   0.0060   0.0897   0.0698   0.5301   0.4686   0.0109   0.0000   0.0134   0.0933    0.221
    33   0.1338  -0.2810   0.0000   0.1784   0.0053   0.0829   0.0714   0.5277   0.4665   0.0095   0.0000   0.0155   0.0909    0.217
    34   0.1474  -0.3094   0.0000   0.1656   0.0045   0.0751   0.0739   0.5151   0.4554   0.0080   0.0000   0.0183   0.0859    0.210
    35   0.1597  -0.3352   0.0000   0.1540   0.0037   0.0662   0.0772   0.4885   0.4318   0.0063   0.0000   0.0218   0.0774    0.200
    36   0.1704  -0.3577   0.0000   0.1438   0.0030   0.0562   0.0805   0.4437   0.3923   0.0045   0.0000   0.0256   0.0650    0.185
    37   0.1793  -0.3765   0.0000   0.1354   0.0023   0.0450   0.0828   0.3774   0.3337   0.0026   0.0000   0.0284   0.0493    0.165
    38   0.1862  -0.3909   0.0000   0.1289   0.0016   0.0327   0.0826   0.2888   0.2553   0.0008   0.0000   0.0280   0.0321    0.140
    39   0.1909  -0.4008   0.0000   0.1244   0.0009   0.0198   0.0788   0.1811   0.1601  -0.0006   0.0000   0.0215   0.0165    0.116
    40   0.1933  -0.4058   0.0000   0.1222   0.0003   0.0066   0.0735   0.0617   0.0546  -0.0018   0.0000   0.0082   0.0048    0.099
 ---------------------------------------------------------------
