 ---------------------------------------------------------------
 Surface and Strip Forces by surface

  Sref = 0.11920       Cref = 0.19250       Bref = 0.71120    
  Xref = 0.10920       Yref =  0.0000       Zref =  0.0000    

  Surface # 1     Wing                                    
     # Chordwise = 10   # Spanwise = 20     First strip =  1
     Surface area Ssurf =    0.059616     Ave. chord Cave =    0.167650

 Forces referred to Sref, Cref, Bref about Xref, Yref, Zref
 Standard axis orientation,  X fwd, Z down         
     CLsurf  =   0.30473     Clsurf  =  -0.06386
     CYsurf  =  -0.00290     Cmsurf  =  -0.04645
     CDsurf  =   0.01549     Cnsurf  =  -0.00779
     CDisurf =   0.01549     CDvsurf =   0.00000

 Forces referred to Ssurf, Cave 
     CLsurf  =   0.60930     CDsurf  =   0.03097

 Strip Forces referred to Strip Area, Chord
    j     Xle      Yle      Zle      Chord    Area     c_cl     ai     cl_norm    cl       cd       cdv    cm_c/4     cm_LE   C.P.x/c
     1   0.0003   0.0005   0.0000   0.2791   0.0006   0.1318   0.0976   0.5184   0.4277   0.3236   0.0000  -0.0150  -0.1129    0.285
     2   0.0031   0.0049   0.0000   0.2763   0.0018   0.1318   0.0977   0.5729   0.4727   0.0648   0.0000  -0.0141  -0.1132    0.280
     3   0.0084   0.0135   0.0000   0.2709   0.0029   0.1317   0.0977   0.5869   0.4842   0.0507   0.0000  -0.0113  -0.1127    0.273
     4   0.0163   0.0262   0.0000   0.2629   0.0038   0.1314   0.0978   0.6044   0.4987   0.0464   0.0000  -0.0073  -0.1122    0.265
     5   0.0266   0.0426   0.0000   0.2526   0.0046   0.1307   0.0977   0.6268   0.5172   0.0425   0.0000  -0.0031  -0.1124    0.256
     6   0.0389   0.0623   0.0000   0.2402   0.0051   0.1295   0.0972   0.6537   0.5394   0.0387   0.0000   0.0006  -0.1138    0.249
     7   0.0529   0.0849   0.0000   0.2260   0.0054   0.1274   0.0963   0.6845   0.5648   0.0351   0.0000   0.0037  -0.1164    0.243
     8   0.0684   0.1098   0.0000   0.2104   0.0054   0.1243   0.0949   0.7184   0.5927   0.0317   0.0000   0.0061  -0.1201    0.240
     9   0.0850   0.1363   0.0000   0.1937   0.0053   0.1200   0.0930   0.7546   0.6226   0.0282   0.0000   0.0079  -0.1247    0.237
    10   0.1022   0.1638   0.0000   0.1764   0.0049   0.1146   0.0906   0.7922   0.6536   0.0247   0.0000   0.0093  -0.1300    0.236
    11   0.1195   0.1918   0.0000   0.1589   0.0044   0.1080   0.0880   0.8298   0.6847   0.0209   0.0000   0.0104  -0.1354    0.235
    12   0.1367   0.2193   0.0000   0.1416   0.0038   0.1003   0.0856   0.8659   0.7144   0.0168   0.0000   0.0117  -0.1404    0.234
    13   0.1533   0.2458   0.0000   0.1249   0.0032   0.0916   0.0839   0.8975   0.7405   0.0122   0.0000   0.0133  -0.1443    0.232
    14   0.1688   0.2707   0.0000   0.1093   0.0026   0.0821   0.0836   0.9202   0.7592   0.0072   0.0000   0.0159  -0.1459    0.229
    15   0.1828   0.2933   0.0000   0.0951   0.0020   0.0718   0.0855   0.9259   0.7640   0.0018   0.0000   0.0201  -0.1432    0.224
    16   0.1951   0.3130   0.0000   0.0827   0.0015   0.0607   0.0903   0.9018   0.7441  -0.0041   0.0000   0.0267  -0.1332    0.214
    17   0.2054   0.3294   0.0000   0.0724   0.0011   0.0488   0.0975   0.8286   0.6837  -0.0099   0.0000   0.0358  -0.1126    0.198
    18   0.2133   0.3421   0.0000   0.0644   0.0007   0.0358   0.1043   0.6844   0.5647  -0.0147   0.0000   0.0441  -0.0805    0.172
    19   0.2186   0.3507   0.0000   0.0590   0.0004   0.0218   0.1061   0.4569   0.3770  -0.0155   0.0000   0.0419  -0.0430    0.139
    20   0.2214   0.3551   0.0000   0.0562   0.0001   0.0073   0.1011   0.1614   0.1332  -0.0105   0.0000   0.0183  -0.0120    0.112

  Surface # 2     Wing (YDUP)                             
     # Chordwise = 10   # Spanwise = 20     First strip = 21
     Surface area Ssurf =    0.059616     Ave. chord Cave =    0.167650

 Forces referred to Sref, Cref, Bref about Xref, Yref, Zref
 Standard axis orientation,  X fwd, Z down         
     CLsurf  =   0.30473     Clsurf  =   0.06386
     CYsurf  =   0.00290     Cmsurf  =  -0.04645
     CDsurf  =   0.01549     Cnsurf  =   0.00779
     CDisurf =   0.01549     CDvsurf =   0.00000

 Forces referred to Ssurf, Cave 
     CLsurf  =   0.60930     CDsurf  =   0.03097

 Strip Forces referred to Strip Area, Chord
    j     Xle      Yle      Zle      Chord    Area     c_cl     ai     cl_norm    cl       cd       cdv    cm_c/4     cm_LE   C.P.x/c
    21   0.0003  -0.0005   0.0000   0.2791   0.0006   0.1318   0.0976   0.5184   0.4277   0.3236   0.0000  -0.0150   0.1129    0.285
    22   0.0031  -0.0049   0.0000   0.2763   0.0018   0.1318   0.0977   0.5729   0.4727   0.0648   0.0000  -0.0141   0.1132    0.280
    23   0.0084  -0.0135   0.0000   0.2709   0.0029   0.1317   0.0977   0.5869   0.4842   0.0507   0.0000  -0.0113   0.1127    0.273
    24   0.0163  -0.0262   0.0000   0.2629   0.0038   0.1314   0.0978   0.6044   0.4987   0.0464   0.0000  -0.0073   0.1122    0.265
    25   0.0266  -0.0426   0.0000   0.2526   0.0046   0.1307   0.0977   0.6268   0.5172   0.0425   0.0000  -0.0031   0.1124    0.256
    26   0.0389  -0.0623   0.0000   0.2402   0.0051   0.1295   0.0972   0.6537   0.5394   0.0387   0.0000   0.0006   0.1138    0.249
    27   0.0529  -0.0849   0.0000   0.2260   0.0054   0.1274   0.0963   0.6845   0.5648   0.0351   0.0000   0.0037   0.1164    0.243
    28   0.0684  -0.1098   0.0000   0.2104   0.0054   0.1243   0.0949   0.7184   0.5927   0.0317   0.0000   0.0061   0.1201    0.240
    29   0.0850  -0.1363   0.0000   0.1937   0.0053   0.1200   0.0930   0.7546   0.6226   0.0282   0.0000   0.0079   0.1247    0.237
    30   0.1022  -0.1638   0.0000   0.1764   0.0049   0.1146   0.0906   0.7922   0.6536   0.0247   0.0000   0.0093   0.1300    0.236
    31   0.1195  -0.1918   0.0000   0.1589   0.0044   0.1080   0.0880   0.8298   0.6847   0.0209   0.0000   0.0104   0.1354    0.235
    32   0.1367  -0.2193   0.0000   0.1416   0.0038   0.1003   0.0856   0.8659   0.7144   0.0168   0.0000   0.0117   0.1404    0.234
    33   0.1533  -0.2458   0.0000   0.1249   0.0032   0.0916   0.0839   0.8975   0.7405   0.0122   0.0000   0.0133   0.1443    0.232
    34   0.1688  -0.2707   0.0000   0.1093   0.0026   0.0821   0.0836   0.9202   0.7592   0.0072   0.0000   0.0159   0.1459    0.229
    35   0.1828  -0.2933   0.0000   0.0951   0.0020   0.0718   0.0855   0.9259   0.7640   0.0018   0.0000   0.0201   0.1432    0.224
    36   0.1951  -0.3130   0.0000   0.0827   0.0015   0.0607   0.0903   0.9018   0.7441  -0.0041   0.0000   0.0267   0.1332    0.214
    37   0.2054  -0.3294   0.0000   0.0724   0.0011   0.0488   0.0975   0.8286   0.6837  -0.0099   0.0000   0.0358   0.1126    0.198
    38   0.2133  -0.3421   0.0000   0.0644   0.0007   0.0358   0.1043   0.6844   0.5647  -0.0147   0.0000   0.0441   0.0805    0.172
    39   0.2186  -0.3507   0.0000   0.0590   0.0004   0.0218   0.1061   0.4569   0.3770  -0.0155   0.0000   0.0419   0.0430    0.139
    40   0.2214  -0.3551   0.0000   0.0562   0.0001   0.0073   0.1011   0.1614   0.1332  -0.0105   0.0000   0.0183   0.0120    0.112
 ---------------------------------------------------------------
