 ---------------------------------------------------------------
 Surface and Strip Forces by surface

  Sref = 0.11560       Cref = 0.15090       Bref = 0.81280    
  Xref = 0.10920       Yref =  0.0000       Zref =  0.0000    

  Surface # 1     Wing                                    
     # Chordwise = 10   # Spanwise = 20     First strip =  1
     Surface area Ssurf =    0.057810     Ave. chord Cave =    0.142250

 Forces referred to Sref, Cref, Bref about Xref, Yref, Zref
 Standard axis orientation,  X fwd, Z down         
     CLsurf  =   0.31422     Clsurf  =  -0.06789
     CYsurf  =   0.00749     Cmsurf  =  -0.04784
     CDsurf  =   0.01206     Cnsurf  =  -0.00965
     CDisurf =   0.01206     CDvsurf =   0.00000

 Forces referred to Ssurf, Cave 
     CLsurf  =   0.62834     CDsurf  =   0.02412

 Strip Forces referred to Strip Area, Chord
    j     Xle      Yle      Zle      Chord    Area     c_cl     ai     cl_norm    cl       cd       cdv    cm_c/4     cm_LE   C.P.x/c
     1   0.0003   0.0006   0.0000   0.2030   0.0005   0.1088   0.0576   0.6121   0.5048   0.2552   0.0000  -0.0240  -0.1389    0.297
     2   0.0030   0.0056   0.0000   0.2015   0.0015   0.1088   0.0582   0.6516   0.5374   0.0577   0.0000  -0.0219  -0.1380    0.291
     3   0.0084   0.0155   0.0000   0.1986   0.0024   0.1089   0.0603   0.6636   0.5473   0.0471   0.0000  -0.0165  -0.1351    0.280
     4   0.0162   0.0299   0.0000   0.1942   0.0032   0.1090   0.0628   0.6800   0.5609   0.0413   0.0000  -0.0102  -0.1323    0.268
     5   0.0264   0.0487   0.0000   0.1886   0.0039   0.1089   0.0651   0.7008   0.5780   0.0359   0.0000  -0.0046  -0.1309    0.258
     6   0.0386   0.0712   0.0000   0.1818   0.0044   0.1084   0.0666   0.7247   0.5977   0.0313   0.0000  -0.0003  -0.1313    0.250
     7   0.0525   0.0970   0.0000   0.1741   0.0047   0.1073   0.0674   0.7505   0.6189   0.0274   0.0000   0.0027  -0.1331    0.246
     8   0.0679   0.1254   0.0000   0.1656   0.0049   0.1055   0.0676   0.7766   0.6405   0.0241   0.0000   0.0048  -0.1359    0.243
     9   0.0843   0.1558   0.0000   0.1565   0.0049   0.1029   0.0674   0.8017   0.6612   0.0212   0.0000   0.0062  -0.1391    0.241
    10   0.1014   0.1873   0.0000   0.1470   0.0047   0.0994   0.0672   0.8245   0.6800   0.0186   0.0000   0.0073  -0.1422    0.239
    11   0.1186   0.2191   0.0000   0.1375   0.0044   0.0950   0.0676   0.8434   0.6956   0.0161   0.0000   0.0083  -0.1445    0.238
    12   0.1357   0.2506   0.0000   0.1280   0.0040   0.0897   0.0690   0.8562   0.7061   0.0138   0.0000   0.0097  -0.1455    0.236
    13   0.1521   0.2810   0.0000   0.1189   0.0035   0.0837   0.0721   0.8597   0.7091   0.0115   0.0000   0.0117  -0.1443    0.233
    14   0.1675   0.3094   0.0000   0.1104   0.0030   0.0767   0.0775   0.8495   0.7006   0.0093   0.0000   0.0149  -0.1396    0.229
    15   0.1814   0.3352   0.0000   0.1027   0.0025   0.0687   0.0855   0.8184   0.6750   0.0069   0.0000   0.0199  -0.1296    0.221
    16   0.1936   0.3577   0.0000   0.0959   0.0020   0.0593   0.0953   0.7573   0.6245   0.0041   0.0000   0.0269  -0.1124    0.207
    17   0.2038   0.3765   0.0000   0.0903   0.0015   0.0484   0.1045   0.6564   0.5414   0.0009   0.0000   0.0348  -0.0872    0.186
    18   0.2116   0.3909   0.0000   0.0859   0.0010   0.0358   0.1097   0.5103   0.4209  -0.0022   0.0000   0.0394  -0.0568    0.156
    19   0.2170   0.4008   0.0000   0.0830   0.0006   0.0219   0.1081   0.3235   0.2668  -0.0040   0.0000   0.0339  -0.0281    0.123
    20   0.2197   0.4058   0.0000   0.0815   0.0002   0.0073   0.1018   0.1108   0.0914  -0.0044   0.0000   0.0138  -0.0076    0.099

  Surface # 2     Wing (YDUP)                             
     # Chordwise = 10   # Spanwise = 20     First strip = 21
     Surface area Ssurf =    0.057810     Ave. chord Cave =    0.142250

 Forces referred to Sref, Cref, Bref about Xref, Yref, Zref
 Standard axis orientation,  X fwd, Z down         
     CLsurf  =   0.31422     Clsurf  =   0.06789
     CYsurf  =  -0.00749     Cmsurf  =  -0.04784
     CDsurf  =   0.01206     Cnsurf  =   0.00965
     CDisurf =   0.01206     CDvsurf =   0.00000

 Forces referred to Ssurf, Cave 
     CLsurf  =   0.62834     CDsurf  =   0.02412

 Strip Forces referred to Strip Area, Chord
    j     Xle      Yle      Zle      Chord    Area     c_cl     ai     cl_norm    cl       cd       cdv    cm_c/4     cm_LE   C.P.x/c
    21   0.0003  -0.0006   0.0000   0.2030   0.0005   0.1088   0.0576   0.6121   0.5048   0.2552   0.0000  -0.0240   0.1389    0.297
    22   0.0030  -0.0056   0.0000   0.2015   0.0015   0.1088   0.0582   0.6516   0.5374   0.0577   0.0000  -0.0219   0.1380    0.291
    23   0.0084  -0.0155   0.0000   0.1986   0.0024   0.1089   0.0603   0.6636   0.5473   0.0471   0.0000  -0.0165   0.1351    0.280
    24   0.0162  -0.0299   0.0000   0.1942   0.0032   0.1090   0.0628   0.6800   0.5609   0.0413   0.0000  -0.0102   0.1323    0.268
    25   0.0264  -0.0487   0.0000   0.1886   0.0039   0.1089   0.0651   0.7008   0.5780   0.0359   0.0000  -0.0046   0.1309    0.258
    26   0.0386  -0.0712   0.0000   0.1818   0.0044   0.1084   0.0666   0.7247   0.5977   0.0313   0.0000  -0.0003   0.1313    0.250
    27   0.0525  -0.0970   0.0000   0.1741   0.0047   0.1073   0.0674   0.7505   0.6189   0.0274   0.0000   0.0027   0.1331    0.246
    28   0.0679  -0.1254   0.0000   0.1656   0.0049   0.1055   0.0676   0.7766   0.6405   0.0241   0.0000   0.0048   0.1359    0.243
    29   0.0843  -0.1558   0.0000   0.1565   0.0049   0.1029   0.0674   0.8017   0.6612   0.0212   0.0000   0.0062   0.1391    0.241
    30   0.1014  -0.1873   0.0000   0.1470   0.0047   0.0994   0.0672   0.8245   0.6800   0.0186   0.0000   0.0073   0.1422    0.239
    31   0.1186  -0.2191   0.0000   0.1375   0.0044   0.0950   0.0676   0.8434   0.6956   0.0161   0.0000   0.0083   0.1445    0.238
    32   0.1357  -0.2506   0.0000   0.1280   0.0040   0.0897   0.0690   0.8562   0.7061   0.0138   0.0000   0.0097   0.1455    0.236
    33   0.1521  -0.2810   0.0000   0.1189   0.0035   0.0837   0.0721   0.8597   0.7091   0.0115   0.0000   0.0117   0.1443    0.233
    34   0.1675  -0.3094   0.0000   0.1104   0.0030   0.0767   0.0775   0.8495   0.7006   0.0093   0.0000   0.0149   0.1396    0.229
    35   0.1814  -0.3352   0.0000   0.1027   0.0025   0.0687   0.0855   0.8184   0.6750   0.0069   0.0000   0.0199   0.1296    0.221
    36   0.1936  -0.3577   0.0000   0.0959   0.0020   0.0593   0.0953   0.7573   0.6245   0.0041   0.0000   0.0269   0.1124    0.207
    37   0.2038  -0.3765   0.0000   0.0903   0.0015   0.0484   0.1045   0.6564   0.5414   0.0009   0.0000   0.0348   0.0872    0.186
    38   0.2116  -0.3909   0.0000   0.0859   0.0010   0.0358   0.1097   0.5103   0.4209  -0.0022   0.0000   0.0394   0.0568    0.156
    39   0.2170  -0.4008   0.0000   0.0830   0.0006   0.0219   0.1081   0.3235   0.2668  -0.0040   0.0000   0.0339   0.0281    0.123
    40   0.2197  -0.4058   0.0000   0.0815   0.0002   0.0073   0.1018   0.1108   0.0914  -0.0044   0.0000   0.0138   0.0076    0.099
 ---------------------------------------------------------------
