 ---------------------------------------------------------------
 Surface and Strip Forces by surface

  Sref = 0.25080       Cref = 0.27540       Bref = 0.91440    
  Xref = 0.10920       Yref =  0.0000       Zref =  0.0000    

  Surface # 1     Wing                                    
     # Chordwise = 10   # Spanwise = 20     First strip =  1
     Surface area Ssurf =    0.125410     Ave. chord Cave =    0.274300

 Forces referred to Sref, Cref, Bref about Xref, Yref, Zref
 Standard axis orientation,  X fwd, Z down         
     CLsurf  =   0.14483     Clsurf  =  -0.03150
     CYsurf  =   0.00157     Cmsurf  =  -0.01585
     CDsurf  =   0.00435     Cnsurf  =  -0.00237
     CDisurf =   0.00435     CDvsurf =   0.00000

 Forces referred to Ssurf, Cave 
     CLsurf  =   0.28965     CDsurf  =   0.00870

 Strip Forces referred to Strip Area, Chord
    j     Xle      Yle      Zle      Chord    Area     c_cl     ai     cl_norm    cl       cd       cdv    cm_c/4     cm_LE   C.P.x/c
     1   0.0003   0.0007   0.0000   0.3047   0.0009   0.0959   0.0466   0.3475   0.3071   0.1102   0.0000  -0.0078  -0.0804    0.275
     2   0.0025   0.0063   0.0000   0.3040   0.0025   0.0959   0.0450   0.3562   0.3148   0.0202   0.0000  -0.0071  -0.0799    0.273
     3   0.0069   0.0174   0.0000   0.3025   0.0042   0.0958   0.0449   0.3582   0.3166   0.0154   0.0000  -0.0049  -0.0782    0.266
     4   0.0134   0.0337   0.0000   0.3003   0.0056   0.0958   0.0456   0.3609   0.3189   0.0138   0.0000  -0.0021  -0.0760    0.256
     5   0.0218   0.0548   0.0000   0.2975   0.0069   0.0957   0.0469   0.3641   0.3217   0.0125   0.0000   0.0008  -0.0740    0.247
     6   0.0318   0.0801   0.0000   0.2941   0.0080   0.0955   0.0485   0.3674   0.3247   0.0113   0.0000   0.0034  -0.0723    0.240
     7   0.0434   0.1092   0.0000   0.2902   0.0089   0.0949   0.0502   0.3702   0.3271   0.0102   0.0000   0.0055  -0.0709    0.233
     8   0.0561   0.1411   0.0000   0.2860   0.0095   0.0939   0.0519   0.3717   0.3284   0.0094   0.0000   0.0073  -0.0695    0.228
     9   0.0696   0.1752   0.0000   0.2814   0.0098   0.0922   0.0539   0.3711   0.3279   0.0086   0.0000   0.0089  -0.0679    0.223
    10   0.0837   0.2107   0.0000   0.2767   0.0099   0.0898   0.0561   0.3676   0.3248   0.0079   0.0000   0.0105  -0.0657    0.218
    11   0.0979   0.2465   0.0000   0.2719   0.0097   0.0864   0.0585   0.3602   0.3183   0.0073   0.0000   0.0121  -0.0626    0.212
    12   0.1120   0.2820   0.0000   0.2672   0.0093   0.0821   0.0612   0.3480   0.3076   0.0067   0.0000   0.0140  -0.0584    0.204
    13   0.1255   0.3161   0.0000   0.2626   0.0087   0.0765   0.0639   0.3300   0.2917   0.0059   0.0000   0.0161  -0.0527    0.195
    14   0.1382   0.3480   0.0000   0.2584   0.0079   0.0696   0.0664   0.3053   0.2698   0.0051   0.0000   0.0183  -0.0455    0.182
    15   0.1498   0.3771   0.0000   0.2545   0.0069   0.0614   0.0681   0.2733   0.2415   0.0042   0.0000   0.0204  -0.0371    0.166
    16   0.1598   0.4024   0.0000   0.2511   0.0058   0.0518   0.0684   0.2339   0.2067   0.0031   0.0000   0.0217  -0.0278    0.145
    17   0.1682   0.4235   0.0000   0.2483   0.0047   0.0412   0.0667   0.1879   0.1661   0.0020   0.0000   0.0213  -0.0187    0.122
    18   0.1747   0.4398   0.0000   0.2461   0.0034   0.0297   0.0629   0.1369   0.1210   0.0010   0.0000   0.0186  -0.0108    0.097
    19   0.1791   0.4509   0.0000   0.2446   0.0020   0.0179   0.0576   0.0829   0.0732  -0.0002   0.0000   0.0128  -0.0050    0.075
    20   0.1813   0.4565   0.0000   0.2439   0.0007   0.0059   0.0536   0.0277   0.0245  -0.0010   0.0000   0.0046  -0.0014    0.063

  Surface # 2     Wing (YDUP)                             
     # Chordwise = 10   # Spanwise = 20     First strip = 21
     Surface area Ssurf =    0.125410     Ave. chord Cave =    0.274300

 Forces referred to Sref, Cref, Bref about Xref, Yref, Zref
 Standard axis orientation,  X fwd, Z down         
     CLsurf  =   0.14483     Clsurf  =   0.03150
     CYsurf  =  -0.00157     Cmsurf  =  -0.01585
     CDsurf  =   0.00435     Cnsurf  =   0.00237
     CDisurf =   0.00435     CDvsurf =   0.00000

 Forces referred to Ssurf, Cave 
     CLsurf  =   0.28965     CDsurf  =   0.00870

 Strip Forces referred to Strip Area, Chord
    j     Xle      Yle      Zle      Chord    Area     c_cl     ai     cl_norm    cl       cd       cdv    cm_c/4     cm_LE   C.P.x/c
    21   0.0003  -0.0007   0.0000   0.3047   0.0009   0.0959   0.0466   0.3475   0.3071   0.1102   0.0000  -0.0078   0.0804    0.275
    22   0.0025  -0.0063   0.0000   0.3040   0.0025   0.0959   0.0450   0.3562   0.3148   0.0202   0.0000  -0.0071   0.0799    0.273
    23   0.0069  -0.0174   0.0000   0.3025   0.0042   0.0958   0.0449   0.3582   0.3166   0.0154   0.0000  -0.0049   0.0782    0.266
    24   0.0134  -0.0337   0.0000   0.3003   0.0056   0.0958   0.0456   0.3609   0.3189   0.0138   0.0000  -0.0021   0.0760    0.256
    25   0.0218  -0.0548   0.0000   0.2975   0.0069   0.0957   0.0469   0.3641   0.3217   0.0125   0.0000   0.0008   0.0740    0.247
    26   0.0318  -0.0801   0.0000   0.2941   0.0080   0.0955   0.0485   0.3674   0.3247   0.0113   0.0000   0.0034   0.0723    0.240
    27   0.0434  -0.1092   0.0000   0.2902   0.0089   0.0949   0.0502   0.3702   0.3271   0.0102   0.0000   0.0055   0.0709    0.233
    28   0.0561  -0.1411   0.0000   0.2860   0.0095   0.0939   0.0519   0.3717   0.3284   0.0094   0.0000   0.0073   0.0695    0.228
    29   0.0696  -0.1752   0.0000   0.2814   0.0098   0.0922   0.0539   0.3711   0.3279   0.0086   0.0000   0.0089   0.0679    0.223
    30   0.0837  -0.2107   0.0000   0.2767   0.0099   0.0898   0.0561   0.3676   0.3248   0.0079   0.0000   0.0105   0.0657    0.218
    31   0.0979  -0.2465   0.0000   0.2719   0.0097   0.0864   0.0585   0.3602   0.3183   0.0073   0.0000   0.0121   0.0626    0.212
    32   0.1120  -0.2820   0.0000   0.2672   0.0093   0.0821   0.0612   0.3480   0.3076   0.0067   0.0000   0.0140   0.0584    0.204
    33   0.1255  -0.3161   0.0000   0.2626   0.0087   0.0765   0.0639   0.3300   0.2917   0.0059   0.0000   0.0161   0.0527    0.195
    34   0.1382  -0.3480   0.0000   0.2584   0.0079   0.0696   0.0664   0.3053   0.2698   0.0051   0.0000   0.0183   0.0455    0.182
    35   0.1498  -0.3771   0.0000   0.2545   0.0069   0.0614   0.0681   0.2733   0.2415   0.0042   0.0000   0.0204   0.0371    0.166
    36   0.1598  -0.4024   0.0000   0.2511   0.0058   0.0518   0.0684   0.2339   0.2067   0.0031   0.0000   0.0217   0.0278    0.145
    37   0.1682  -0.4235   0.0000   0.2483   0.0047   0.0412   0.0667   0.1879   0.1661   0.0020   0.0000   0.0213   0.0187    0.122
    38   0.1747  -0.4398   0.0000   0.2461   0.0034   0.0297   0.0629   0.1369   0.1210   0.0010   0.0000   0.0186   0.0108    0.097
    39   0.1791  -0.4509   0.0000   0.2446   0.0020   0.0179   0.0576   0.0829   0.0732  -0.0002   0.0000   0.0128   0.0050    0.075
    40   0.1813  -0.4565   0.0000   0.2439   0.0007   0.0059   0.0536   0.0277   0.0245  -0.0010   0.0000   0.0046   0.0014    0.063
 ---------------------------------------------------------------
