 ---------------------------------------------------------------
 Surface and Strip Forces by surface

  Sref = 0.20900       Cref = 0.22950       Bref = 0.91440    
  Xref = 0.10920       Yref =  0.0000       Zref =  0.0000    

  Surface # 1     Wing                                    
     # Chordwise = 10   # Spanwise = 20     First strip =  1
     Surface area Ssurf =    0.104516     Ave. chord Cave =    0.228600

 Forces referred to Sref, Cref, Bref about Xref, Yref, Zref
 Standard axis orientation,  X fwd, Z down         
     CLsurf  =   0.17380     Clsurf  =  -0.03837
     CYsurf  =   0.00367     Cmsurf  =  -0.03249
     CDsurf  =   0.00528     Cnsurf  =  -0.00373
     CDisurf =   0.00528     CDvsurf =   0.00000

 Forces referred to Ssurf, Cave 
     CLsurf  =   0.34755     CDsurf  =   0.01056

 Strip Forces referred to Strip Area, Chord
    j     Xle      Yle      Zle      Chord    Area     c_cl     ai     cl_norm    cl       cd       cdv    cm_c/4     cm_LE   C.P.x/c
     1   0.0003   0.0007   0.0000   0.2539   0.0007   0.0926   0.0377   0.4297   0.3535   0.1405   0.0000  -0.0164  -0.0964    0.296
     2   0.0031   0.0063   0.0000   0.2533   0.0021   0.0926   0.0367   0.4431   0.3645   0.0264   0.0000  -0.0150  -0.0954    0.291
     3   0.0086   0.0174   0.0000   0.2521   0.0035   0.0926   0.0378   0.4462   0.3671   0.0207   0.0000  -0.0113  -0.0925    0.281
     4   0.0166   0.0337   0.0000   0.2503   0.0047   0.0928   0.0401   0.4506   0.3707   0.0183   0.0000  -0.0068  -0.0892    0.268
     5   0.0271   0.0548   0.0000   0.2479   0.0058   0.0930   0.0428   0.4562   0.3753   0.0161   0.0000  -0.0026  -0.0864    0.257
     6   0.0396   0.0801   0.0000   0.2451   0.0067   0.0932   0.0454   0.4623   0.3804   0.0141   0.0000   0.0009  -0.0844    0.248
     7   0.0539   0.1092   0.0000   0.2419   0.0074   0.0930   0.0479   0.4681   0.3851   0.0125   0.0000   0.0035  -0.0831    0.241
     8   0.0697   0.1411   0.0000   0.2383   0.0079   0.0925   0.0504   0.4724   0.3887   0.0112   0.0000   0.0056  -0.0820    0.236
     9   0.0866   0.1752   0.0000   0.2345   0.0082   0.0914   0.0530   0.4744   0.3903   0.0102   0.0000   0.0073  -0.0808    0.231
    10   0.1041   0.2107   0.0000   0.2306   0.0082   0.0896   0.0559   0.4730   0.3891   0.0093   0.0000   0.0090  -0.0790    0.227
    11   0.1218   0.2465   0.0000   0.2266   0.0081   0.0869   0.0594   0.4669   0.3841   0.0085   0.0000   0.0108  -0.0762    0.222
    12   0.1393   0.2820   0.0000   0.2227   0.0078   0.0831   0.0633   0.4547   0.3741   0.0077   0.0000   0.0130  -0.0721    0.215
    13   0.1562   0.3161   0.0000   0.2189   0.0073   0.0782   0.0677   0.4351   0.3579   0.0068   0.0000   0.0156  -0.0661    0.206
    14   0.1720   0.3480   0.0000   0.2153   0.0066   0.0718   0.0720   0.4062   0.3342   0.0057   0.0000   0.0187  -0.0579    0.194
    15   0.1863   0.3771   0.0000   0.2121   0.0058   0.0639   0.0756   0.3669   0.3018   0.0045   0.0000   0.0220  -0.0478    0.177
    16   0.1988   0.4024   0.0000   0.2093   0.0049   0.0543   0.0774   0.3166   0.2604   0.0031   0.0000   0.0247  -0.0361    0.155
    17   0.2093   0.4235   0.0000   0.2069   0.0039   0.0434   0.0767   0.2560   0.2106   0.0016   0.0000   0.0255  -0.0242    0.129
    18   0.2173   0.4398   0.0000   0.2051   0.0028   0.0315   0.0731   0.1872   0.1540   0.0003   0.0000   0.0230  -0.0137    0.100
    19   0.2228   0.4509   0.0000   0.2039   0.0017   0.0190   0.0672   0.1136   0.0934  -0.0008   0.0000   0.0164  -0.0062    0.075
    20   0.2256   0.4565   0.0000   0.2033   0.0006   0.0063   0.0625   0.0381   0.0313  -0.0016   0.0000   0.0059  -0.0016    0.061

  Surface # 2     Wing (YDUP)                             
     # Chordwise = 10   # Spanwise = 20     First strip = 21
     Surface area Ssurf =    0.104516     Ave. chord Cave =    0.228600

 Forces referred to Sref, Cref, Bref about Xref, Yref, Zref
 Standard axis orientation,  X fwd, Z down         
     CLsurf  =   0.17380     Clsurf  =   0.03837
     CYsurf  =  -0.00367     Cmsurf  =  -0.03249
     CDsurf  =   0.00528     Cnsurf  =   0.00373
     CDisurf =   0.00528     CDvsurf =   0.00000

 Forces referred to Ssurf, Cave 
     CLsurf  =   0.34755     CDsurf  =   0.01056

 Strip Forces referred to Strip Area, Chord
    j     Xle      Yle      Zle      Chord    Area     c_cl     ai     cl_norm    cl       cd       cdv    cm_c/4     cm_LE   C.P.x/c
    21   0.0003  -0.0007   0.0000   0.2539   0.0007   0.0926   0.0377   0.4297   0.3535   0.1405   0.0000  -0.0164   0.0964    0.296
    22   0.0031  -0.0063   0.0000   0.2533   0.0021   0.0926   0.0367   0.4431   0.3645   0.0264   0.0000  -0.0150   0.0954    0.291
    23   0.0086  -0.0174   0.0000   0.2521   0.0035   0.0926   0.0378   0.4462   0.3671   0.0207   0.0000  -0.0113   0.0925    0.281
    24   0.0166  -0.0337   0.0000   0.2503   0.0047   0.0928   0.0401   0.4506   0.3707   0.0183   0.0000  -0.0068   0.0892    0.268
    25   0.0271  -0.0548   0.0000   0.2479   0.0058   0.0930   0.0428   0.4562   0.3753   0.0161   0.0000  -0.0026   0.0864    0.257
    26   0.0396  -0.0801   0.0000   0.2451   0.0067   0.0932   0.0454   0.4623   0.3804   0.0141   0.0000   0.0009   0.0844    0.248
    27   0.0539  -0.1092   0.0000   0.2419   0.0074   0.0930   0.0479   0.4681   0.3851   0.0125   0.0000   0.0035   0.0831    0.241
    28   0.0697  -0.1411   0.0000   0.2383   0.0079   0.0925   0.0504   0.4724   0.3887   0.0112   0.0000   0.0056   0.0820    0.236
    29   0.0866  -0.1752   0.0000   0.2345   0.0082   0.0914   0.0530   0.4744   0.3903   0.0102   0.0000   0.0073   0.0808    0.231
    30   0.1041  -0.2107   0.0000   0.2306   0.0082   0.0896   0.0559   0.4730   0.3891   0.0093   0.0000   0.0090   0.0790    0.227
    31   0.1218  -0.2465   0.0000   0.2266   0.0081   0.0869   0.0594   0.4669   0.3841   0.0085   0.0000   0.0108   0.0762    0.222
    32   0.1393  -0.2820   0.0000   0.2227   0.0078   0.0831   0.0633   0.4547   0.3741   0.0077   0.0000   0.0130   0.0721    0.215
    33   0.1562  -0.3161   0.0000   0.2189   0.0073   0.0782   0.0677   0.4351   0.3579   0.0068   0.0000   0.0156   0.0661    0.206
    34   0.1720  -0.3480   0.0000   0.2153   0.0066   0.0718   0.0720   0.4062   0.3342   0.0057   0.0000   0.0187   0.0579    0.194
    35   0.1863  -0.3771   0.0000   0.2121   0.0058   0.0639   0.0756   0.3669   0.3018   0.0045   0.0000   0.0220   0.0478    0.177
    36   0.1988  -0.4024   0.0000   0.2093   0.0049   0.0543   0.0774   0.3166   0.2604   0.0031   0.0000   0.0247   0.0361    0.155
    37   0.2093  -0.4235   0.0000   0.2069   0.0039   0.0434   0.0767   0.2560   0.2106   0.0016   0.0000   0.0255   0.0242    0.129
    38   0.2173  -0.4398   0.0000   0.2051   0.0028   0.0315   0.0731   0.1872   0.1540   0.0003   0.0000   0.0230   0.0137    0.100
    39   0.2228  -0.4509   0.0000   0.2039   0.0017   0.0190   0.0672   0.1136   0.0934  -0.0008   0.0000   0.0164   0.0062    0.075
    40   0.2256  -0.4565   0.0000   0.2033   0.0006   0.0063   0.0625   0.0381   0.0313  -0.0016   0.0000   0.0059   0.0016    0.061
 ---------------------------------------------------------------
