 ---------------------------------------------------------------
 Surface and Strip Forces by surface

  Sref = 0.20650       Cref = 0.25400       Bref = 0.81280    
  Xref = 0.10920       Yref =  0.0000       Zref =  0.0000    

  Surface # 1     Wing                                    
     # Chordwise = 10   # Spanwise = 20     First strip =  1
     Surface area Ssurf =    0.103226     Ave. chord Cave =    0.254000

 Forces referred to Sref, Cref, Bref about Xref, Yref, Zref
 Standard axis orientation,  X fwd, Z down         
     CLsurf  =   0.17591     Clsurf  =  -0.03871
     CYsurf  =   0.00522     Cmsurf  =  -0.02042
     CDsurf  =   0.00674     Cnsurf  =  -0.00486
     CDisurf =   0.00674     CDvsurf =   0.00000

 Forces referred to Ssurf, Cave 
     CLsurf  =   0.35189     CDsurf  =   0.01349

 Strip Forces referred to Strip Area, Chord
    j     Xle      Yle      Zle      Chord    Area     c_cl     ai     cl_norm    cl       cd       cdv    cm_c/4     cm_LE   C.P.x/c
     1   0.0003   0.0006   0.0000   0.2540   0.0006   0.1042   0.0462   0.4767   0.3924   0.1936   0.0000  -0.0177  -0.1090    0.295
     2   0.0026   0.0056   0.0000   0.2540   0.0019   0.1042   0.0455   0.4964   0.4087   0.0348   0.0000  -0.0164  -0.1078    0.290
     3   0.0072   0.0155   0.0000   0.2540   0.0031   0.1043   0.0471   0.4979   0.4099   0.0266   0.0000  -0.0127  -0.1045    0.281
     4   0.0140   0.0299   0.0000   0.2540   0.0042   0.1045   0.0501   0.4994   0.4111   0.0236   0.0000  -0.0079  -0.1003    0.269
     5   0.0227   0.0487   0.0000   0.2540   0.0053   0.1048   0.0537   0.5012   0.4126   0.0209   0.0000  -0.0032  -0.0964    0.258
     6   0.0332   0.0712   0.0000   0.2540   0.0062   0.1050   0.0574   0.5026   0.4138   0.0186   0.0000   0.0008  -0.0930    0.248
     7   0.0452   0.0970   0.0000   0.2540   0.0069   0.1050   0.0612   0.5028   0.4140   0.0166   0.0000   0.0041  -0.0900    0.240
     8   0.0585   0.1254   0.0000   0.2540   0.0075   0.1046   0.0650   0.5008   0.4123   0.0151   0.0000   0.0069  -0.0871    0.233
     9   0.0726   0.1558   0.0000   0.2540   0.0079   0.1034   0.0690   0.4955   0.4079   0.0137   0.0000   0.0093  -0.0838    0.227
    10   0.0873   0.1873   0.0000   0.2540   0.0081   0.1014   0.0732   0.4860   0.4001   0.0126   0.0000   0.0117  -0.0799    0.221
    11   0.1022   0.2191   0.0000   0.2540   0.0081   0.0983   0.0776   0.4711   0.3878   0.0114   0.0000   0.0142  -0.0748    0.213
    12   0.1169   0.2506   0.0000   0.2540   0.0079   0.0938   0.0821   0.4498   0.3703   0.0102   0.0000   0.0170  -0.0683    0.204
    13   0.1310   0.2810   0.0000   0.2540   0.0075   0.0878   0.0863   0.4212   0.3467   0.0089   0.0000   0.0200  -0.0602    0.192
    14   0.1443   0.3094   0.0000   0.2540   0.0069   0.0802   0.0896   0.3846   0.3166   0.0074   0.0000   0.0230  -0.0507    0.177
    15   0.1563   0.3352   0.0000   0.2540   0.0062   0.0708   0.0916   0.3398   0.2797   0.0058   0.0000   0.0254  -0.0401    0.159
    16   0.1668   0.3577   0.0000   0.2540   0.0053   0.0599   0.0916   0.2874   0.2366   0.0041   0.0000   0.0266  -0.0293    0.138
    17   0.1755   0.3765   0.0000   0.2540   0.0042   0.0476   0.0893   0.2287   0.1883   0.0024   0.0000   0.0256  -0.0193    0.114
    18   0.1823   0.3909   0.0000   0.2540   0.0031   0.0344   0.0851   0.1655   0.1362   0.0009   0.0000   0.0218  -0.0110    0.090
    19   0.1869   0.4008   0.0000   0.2540   0.0019   0.0208   0.0797   0.0999   0.0822  -0.0006   0.0000   0.0147  -0.0052    0.071
    20   0.1892   0.4058   0.0000   0.2540   0.0006   0.0069   0.0763   0.0335   0.0276  -0.0016   0.0000   0.0052  -0.0015    0.061

  Surface # 2     Wing (YDUP)                             
     # Chordwise = 10   # Spanwise = 20     First strip = 21
     Surface area Ssurf =    0.103226     Ave. chord Cave =    0.254000

 Forces referred to Sref, Cref, Bref about Xref, Yref, Zref
 Standard axis orientation,  X fwd, Z down         
     CLsurf  =   0.17591     Clsurf  =   0.03871
     CYsurf  =  -0.00522     Cmsurf  =  -0.02042
     CDsurf  =   0.00674     Cnsurf  =   0.00486
     CDisurf =   0.00674     CDvsurf =   0.00000

 Forces referred to Ssurf, Cave 
     CLsurf  =   0.35189     CDsurf  =   0.01349

 Strip Forces referred to Strip Area, Chord
    j     Xle      Yle      Zle      Chord    Area     c_cl     ai     cl_norm    cl       cd       cdv    cm_c/4     cm_LE   C.P.x/c
    21   0.0003  -0.0006   0.0000   0.2540   0.0006   0.1042   0.0462   0.4767   0.3924   0.1936   0.0000  -0.0177   0.1090    0.295
    22   0.0026  -0.0056   0.0000   0.2540   0.0019   0.1042   0.0455   0.4964   0.4087   0.0348   0.0000  -0.0164   0.1078    0.290
    23   0.0072  -0.0155   0.0000   0.2540   0.0031   0.1043   0.0471   0.4979   0.4099   0.0266   0.0000  -0.0127   0.1045    0.281
    24   0.0140  -0.0299   0.0000   0.2540   0.0042   0.1045   0.0501   0.4994   0.4111   0.0236   0.0000  -0.0079   0.1003    0.269
    25   0.0227  -0.0487   0.0000   0.2540   0.0053   0.1048   0.0537   0.5012   0.4126   0.0209   0.0000  -0.0032   0.0964    0.258
    26   0.0332  -0.0712   0.0000   0.2540   0.0062   0.1050   0.0574   0.5026   0.4138   0.0186   0.0000   0.0008   0.0930    0.248
    27   0.0452  -0.0970   0.0000   0.2540   0.0069   0.1050   0.0612   0.5028   0.4140   0.0166   0.0000   0.0041   0.0900    0.240
    28   0.0585  -0.1254   0.0000   0.2540   0.0075   0.1046   0.0650   0.5008   0.4123   0.0151   0.0000   0.0069   0.0871    0.233
    29   0.0726  -0.1558   0.0000   0.2540   0.0079   0.1034   0.0690   0.4955   0.4079   0.0137   0.0000   0.0093   0.0838    0.227
    30   0.0873  -0.1873   0.0000   0.2540   0.0081   0.1014   0.0732   0.4860   0.4001   0.0126   0.0000   0.0117   0.0799    0.221
    31   0.1022  -0.2191   0.0000   0.2540   0.0081   0.0983   0.0776   0.4711   0.3878   0.0114   0.0000   0.0142   0.0748    0.213
    32   0.1169  -0.2506   0.0000   0.2540   0.0079   0.0938   0.0821   0.4498   0.3703   0.0102   0.0000   0.0170   0.0683    0.204
    33   0.1310  -0.2810   0.0000   0.2540   0.0075   0.0878   0.0863   0.4212   0.3467   0.0089   0.0000   0.0200   0.0602    0.192
    34   0.1443  -0.3094   0.0000   0.2540   0.0069   0.0802   0.0896   0.3846   0.3166   0.0074   0.0000   0.0230   0.0507    0.177
    35   0.1563  -0.3352   0.0000   0.2540   0.0062   0.0708   0.0916   0.3398   0.2797   0.0058   0.0000   0.0254   0.0401    0.159
    36   0.1668  -0.3577   0.0000   0.2540   0.0053   0.0599   0.0916   0.2874   0.2366   0.0041   0.0000   0.0266   0.0293    0.138
    37   0.1755  -0.3765   0.0000   0.2540   0.0042   0.0476   0.0893   0.2287   0.1883   0.0024   0.0000   0.0256   0.0193    0.114
    38   0.1823  -0.3909   0.0000   0.2540   0.0031   0.0344   0.0851   0.1655   0.1362   0.0009   0.0000   0.0218   0.0110    0.090
    39   0.1869  -0.4008   0.0000   0.2540   0.0019   0.0208   0.0797   0.0999   0.0822  -0.0006   0.0000   0.0147   0.0052    0.071
    40   0.1892  -0.4058   0.0000   0.2540   0.0006   0.0069   0.0763   0.0335   0.0276  -0.0016   0.0000   0.0052   0.0015    0.061
 ---------------------------------------------------------------
