 ---------------------------------------------------------------
 Surface and Strip Forces by surface

  Sref = 0.10840       Cref = 0.17500       Bref = 0.71120    
  Xref = 0.10920       Yref =  0.0000       Zref =  0.0000    

  Surface # 1     Wing                                    
     # Chordwise = 10   # Spanwise = 20     First strip =  1
     Surface area Ssurf =    0.054193     Ave. chord Cave =    0.152400

 Forces referred to Sref, Cref, Bref about Xref, Yref, Zref
 Standard axis orientation,  X fwd, Z down         
     CLsurf  =   0.33510     Clsurf  =  -0.06976
     CYsurf  =  -0.00482     Cmsurf  =  -0.01362
     CDsurf  =   0.01678     Cnsurf  =  -0.00841
     CDisurf =   0.01678     CDvsurf =   0.00000

 Forces referred to Ssurf, Cave 
     CLsurf  =   0.67027     CDsurf  =   0.03357

 Strip Forces referred to Strip Area, Chord
    j     Xle      Yle      Zle      Chord    Area     c_cl     ai     cl_norm    cl       cd       cdv    cm_c/4     cm_LE   C.P.x/c
     1   0.0003   0.0005   0.0000   0.2537   0.0006   0.1332   0.1018   0.5451   0.4828   0.3012   0.0000  -0.0112  -0.1271    0.273
     2   0.0025   0.0049   0.0000   0.2512   0.0016   0.1332   0.1019   0.5943   0.5263   0.0673   0.0000  -0.0103  -0.1274    0.270
     3   0.0069   0.0135   0.0000   0.2463   0.0026   0.1331   0.1018   0.6083   0.5388   0.0542   0.0000  -0.0075  -0.1272    0.264
     4   0.0133   0.0262   0.0000   0.2390   0.0035   0.1327   0.1015   0.6262   0.5547   0.0493   0.0000  -0.0038  -0.1273    0.257
     5   0.0216   0.0426   0.0000   0.2297   0.0042   0.1319   0.1009   0.6490   0.5748   0.0451   0.0000  -0.0001  -0.1282    0.250
     6   0.0316   0.0623   0.0000   0.2184   0.0046   0.1305   0.0998   0.6760   0.5987   0.0411   0.0000   0.0032  -0.1304    0.245
     7   0.0430   0.0849   0.0000   0.2055   0.0049   0.1281   0.0982   0.7066   0.6258   0.0375   0.0000   0.0058  -0.1339    0.241
     8   0.0556   0.1098   0.0000   0.1913   0.0049   0.1248   0.0961   0.7399   0.6553   0.0340   0.0000   0.0077  -0.1386    0.238
     9   0.0691   0.1363   0.0000   0.1761   0.0048   0.1202   0.0933   0.7752   0.6866   0.0306   0.0000   0.0091  -0.1441    0.237
    10   0.0830   0.1638   0.0000   0.1604   0.0045   0.1144   0.0902   0.8114   0.7187   0.0272   0.0000   0.0101  -0.1501    0.236
    11   0.0972   0.1918   0.0000   0.1444   0.0040   0.1075   0.0868   0.8473   0.7505   0.0235   0.0000   0.0109  -0.1563    0.235
    12   0.1111   0.2193   0.0000   0.1287   0.0035   0.0995   0.0836   0.8812   0.7804   0.0195   0.0000   0.0118  -0.1619    0.235
    13   0.1246   0.2458   0.0000   0.1135   0.0029   0.0906   0.0810   0.9103   0.8063   0.0152   0.0000   0.0131  -0.1663    0.234
    14   0.1372   0.2707   0.0000   0.0993   0.0024   0.0809   0.0799   0.9303   0.8240   0.0106   0.0000   0.0153  -0.1681    0.231
    15   0.1486   0.2933   0.0000   0.0864   0.0018   0.0706   0.0811   0.9336   0.8269   0.0057   0.0000   0.0189  -0.1653    0.227
    16   0.1586   0.3130   0.0000   0.0751   0.0014   0.0596   0.0857   0.9077   0.8039   0.0008   0.0000   0.0248  -0.1548    0.219
    17   0.1669   0.3294   0.0000   0.0658   0.0010   0.0479   0.0933   0.8336   0.7384  -0.0039   0.0000   0.0333  -0.1327    0.205
    18   0.1733   0.3421   0.0000   0.0585   0.0006   0.0352   0.1016   0.6891   0.6103  -0.0077   0.0000   0.0415  -0.0970    0.182
    19   0.1777   0.3507   0.0000   0.0536   0.0003   0.0215   0.1053   0.4606   0.4080  -0.0088   0.0000   0.0402  -0.0536    0.151
    20   0.1799   0.3551   0.0000   0.0511   0.0001   0.0072   0.1014   0.1626   0.1440  -0.0067   0.0000   0.0180  -0.0154    0.125

  Surface # 2     Wing (YDUP)                             
     # Chordwise = 10   # Spanwise = 20     First strip = 21
     Surface area Ssurf =    0.054193     Ave. chord Cave =    0.152400

 Forces referred to Sref, Cref, Bref about Xref, Yref, Zref
 Standard axis orientation,  X fwd, Z down         
     CLsurf  =   0.33510     Clsurf  =   0.06976
     CYsurf  =   0.00482     Cmsurf  =  -0.01362
     CDsurf  =   0.01678     Cnsurf  =   0.00841
     CDisurf =   0.01678     CDvsurf =   0.00000

 Forces referred to Ssurf, Cave 
     CLsurf  =   0.67027     CDsurf  =   0.03357

 Strip Forces referred to Strip Area, Chord
    j     Xle      Yle      Zle      Chord    Area     c_cl     ai     cl_norm    cl       cd       cdv    cm_c/4     cm_LE   C.P.x/c
    21   0.0003  -0.0005   0.0000   0.2537   0.0006   0.1332   0.1018   0.5451   0.4828   0.3012   0.0000  -0.0112   0.1271    0.273
    22   0.0025  -0.0049   0.0000   0.2512   0.0016   0.1332   0.1019   0.5943   0.5263   0.0673   0.0000  -0.0103   0.1274    0.270
    23   0.0069  -0.0135   0.0000   0.2463   0.0026   0.1331   0.1018   0.6083   0.5388   0.0542   0.0000  -0.0075   0.1272    0.264
    24   0.0133  -0.0262   0.0000   0.2390   0.0035   0.1327   0.1015   0.6262   0.5547   0.0493   0.0000  -0.0038   0.1273    0.257
    25   0.0216  -0.0426   0.0000   0.2297   0.0042   0.1319   0.1009   0.6490   0.5748   0.0451   0.0000  -0.0001   0.1282    0.250
    26   0.0316  -0.0623   0.0000   0.2184   0.0046   0.1305   0.0998   0.6760   0.5987   0.0411   0.0000   0.0032   0.1304    0.245
    27   0.0430  -0.0849   0.0000   0.2055   0.0049   0.1281   0.0982   0.7066   0.6258   0.0375   0.0000   0.0058   0.1339    0.241
    28   0.0556  -0.1098   0.0000   0.1913   0.0049   0.1248   0.0961   0.7399   0.6553   0.0340   0.0000   0.0077   0.1386    0.238
    29   0.0691  -0.1363   0.0000   0.1761   0.0048   0.1202   0.0933   0.7752   0.6866   0.0306   0.0000   0.0091   0.1441    0.237
    30   0.0830  -0.1638   0.0000   0.1604   0.0045   0.1144   0.0902   0.8114   0.7187   0.0272   0.0000   0.0101   0.1501    0.236
    31   0.0972  -0.1918   0.0000   0.1444   0.0040   0.1075   0.0868   0.8473   0.7505   0.0235   0.0000   0.0109   0.1563    0.235
    32   0.1111  -0.2193   0.0000   0.1287   0.0035   0.0995   0.0836   0.8812   0.7804   0.0195   0.0000   0.0118   0.1619    0.235
    33   0.1246  -0.2458   0.0000   0.1135   0.0029   0.0906   0.0810   0.9103   0.8063   0.0152   0.0000   0.0131   0.1663    0.234
    34   0.1372  -0.2707   0.0000   0.0993   0.0024   0.0809   0.0799   0.9303   0.8240   0.0106   0.0000   0.0153   0.1681    0.231
    35   0.1486  -0.2933   0.0000   0.0864   0.0018   0.0706   0.0811   0.9336   0.8269   0.0057   0.0000   0.0189   0.1653    0.227
    36   0.1586  -0.3130   0.0000   0.0751   0.0014   0.0596   0.0857   0.9077   0.8039   0.0008   0.0000   0.0248   0.1548    0.219
    37   0.1669  -0.3294   0.0000   0.0658   0.0010   0.0479   0.0933   0.8336   0.7384  -0.0039   0.0000   0.0333   0.1327    0.205
    38   0.1733  -0.3421   0.0000   0.0585   0.0006   0.0352   0.1016   0.6891   0.6103  -0.0077   0.0000   0.0415   0.0970    0.182
    39   0.1777  -0.3507   0.0000   0.0536   0.0003   0.0215   0.1053   0.4606   0.4080  -0.0088   0.0000   0.0402   0.0536    0.151
    40   0.1799  -0.3551   0.0000   0.0511   0.0001   0.0072   0.1014   0.1626   0.1440  -0.0067   0.0000   0.0180   0.0154    0.125
 ---------------------------------------------------------------
