 ---------------------------------------------------------------
 Surface and Strip Forces by surface

  Sref = 0.13940       Cref = 0.17500       Bref = 0.91440    
  Xref = 0.10920       Yref =  0.0000       Zref =  0.0000    

  Surface # 1     Wing                                    
     # Chordwise = 10   # Spanwise = 20     First strip =  1
     Surface area Ssurf =    0.069677     Ave. chord Cave =    0.152400

 Forces referred to Sref, Cref, Bref about Xref, Yref, Zref
 Standard axis orientation,  X fwd, Z down         
     CLsurf  =   0.26058     Clsurf  =  -0.05460
     CYsurf  =   0.00251     Cmsurf  =  -0.06429
     CDsurf  =   0.00806     Cnsurf  =  -0.00597
     CDisurf =   0.00806     CDvsurf =   0.00000

 Forces referred to Ssurf, Cave 
     CLsurf  =   0.52132     CDsurf  =   0.01612

 Strip Forces referred to Strip Area, Chord
    j     Xle      Yle      Zle      Chord    Area     c_cl     ai     cl_norm    cl       cd       cdv    cm_c/4     cm_LE   C.P.x/c
     1   0.0004   0.0007   0.0000   0.2537   0.0007   0.1029   0.0581   0.4717   0.3884   0.1722   0.0000  -0.0158  -0.1015    0.291
     2   0.0036   0.0063   0.0000   0.2512   0.0021   0.1028   0.0579   0.4954   0.4078   0.0372   0.0000  -0.0145  -0.1012    0.286
     3   0.0100   0.0174   0.0000   0.2463   0.0034   0.1028   0.0583   0.5061   0.4167   0.0303   0.0000  -0.0108  -0.0997    0.276
     4   0.0195   0.0337   0.0000   0.2390   0.0045   0.1026   0.0592   0.5212   0.4291   0.0271   0.0000  -0.0063  -0.0984    0.265
     5   0.0316   0.0548   0.0000   0.2297   0.0054   0.1022   0.0598   0.5407   0.4452   0.0240   0.0000  -0.0021  -0.0981    0.255
     6   0.0463   0.0801   0.0000   0.2184   0.0060   0.1013   0.0600   0.5639   0.4643   0.0211   0.0000   0.0013  -0.0993    0.247
     7   0.0630   0.1092   0.0000   0.2055   0.0063   0.0996   0.0596   0.5901   0.4858   0.0185   0.0000   0.0037  -0.1018    0.242
     8   0.0815   0.1411   0.0000   0.1913   0.0063   0.0971   0.0584   0.6182   0.5090   0.0161   0.0000   0.0052  -0.1054    0.240
     9   0.1012   0.1752   0.0000   0.1761   0.0061   0.0936   0.0565   0.6477   0.5332   0.0139   0.0000   0.0062  -0.1097    0.238
    10   0.1216   0.2107   0.0000   0.1604   0.0057   0.0891   0.0543   0.6776   0.5579   0.0116   0.0000   0.0068  -0.1144    0.238
    11   0.1424   0.2465   0.0000   0.1444   0.0052   0.0837   0.0519   0.7071   0.5822   0.0093   0.0000   0.0072  -0.1192    0.238
    12   0.1628   0.2820   0.0000   0.1287   0.0045   0.0775   0.0496   0.7352   0.6053   0.0069   0.0000   0.0076  -0.1238    0.237
    13   0.1825   0.3161   0.0000   0.1135   0.0038   0.0706   0.0479   0.7601   0.6258   0.0043   0.0000   0.0082  -0.1276    0.237
    14   0.2010   0.3480   0.0000   0.0993   0.0030   0.0633   0.0475   0.7789   0.6412   0.0017   0.0000   0.0094  -0.1299    0.235
    15   0.2177   0.3771   0.0000   0.0864   0.0024   0.0556   0.0494   0.7860   0.6472  -0.0010   0.0000   0.0116  -0.1291    0.232
    16   0.2324   0.4024   0.0000   0.0751   0.0018   0.0474   0.0547   0.7715   0.6352  -0.0036   0.0000   0.0158  -0.1228    0.225
    17   0.2445   0.4235   0.0000   0.0658   0.0012   0.0386   0.0637   0.7178   0.5910  -0.0061   0.0000   0.0233  -0.1068    0.211
    18   0.2540   0.4398   0.0000   0.0585   0.0008   0.0287   0.0735   0.6010   0.4948  -0.0084   0.0000   0.0328  -0.0778    0.184
    19   0.2604   0.4509   0.0000   0.0536   0.0004   0.0177   0.0771   0.4045   0.3330  -0.0088   0.0000   0.0359  -0.0403    0.142
    20   0.2636   0.4565   0.0000   0.0511   0.0001   0.0059   0.0705   0.1424   0.1172  -0.0057   0.0000   0.0173  -0.0101    0.102

  Surface # 2     Wing (YDUP)                             
     # Chordwise = 10   # Spanwise = 20     First strip = 21
     Surface area Ssurf =    0.069677     Ave. chord Cave =    0.152400

 Forces referred to Sref, Cref, Bref about Xref, Yref, Zref
 Standard axis orientation,  X fwd, Z down         
     CLsurf  =   0.26058     Clsurf  =   0.05460
     CYsurf  =  -0.00251     Cmsurf  =  -0.06429
     CDsurf  =   0.00806     Cnsurf  =   0.00597
     CDisurf =   0.00806     CDvsurf =   0.00000

 Forces referred to Ssurf, Cave 
     CLsurf  =   0.52132     CDsurf  =   0.01612

 Strip Forces referred to Strip Area, Chord
    j     Xle      Yle      Zle      Chord    Area     c_cl     ai     cl_norm    cl       cd       cdv    cm_c/4     cm_LE   C.P.x/c
    21   0.0004  -0.0007   0.0000   0.2537   0.0007   0.1029   0.0581   0.4717   0.3884   0.1722   0.0000  -0.0158   0.1015    0.291
    22   0.0036  -0.0063   0.0000   0.2512   0.0021   0.1028   0.0579   0.4954   0.4078   0.0372   0.0000  -0.0145   0.1012    0.286
    23   0.0100  -0.0174   0.0000   0.2463   0.0034   0.1028   0.0583   0.5061   0.4167   0.0303   0.0000  -0.0108   0.0997    0.276
    24   0.0195  -0.0337   0.0000   0.2390   0.0045   0.1026   0.0592   0.5212   0.4291   0.0271   0.0000  -0.0063   0.0984    0.265
    25   0.0316  -0.0548   0.0000   0.2297   0.0054   0.1022   0.0598   0.5407   0.4452   0.0240   0.0000  -0.0021   0.0981    0.255
    26   0.0463  -0.0801   0.0000   0.2184   0.0060   0.1013   0.0600   0.5639   0.4643   0.0211   0.0000   0.0013   0.0993    0.247
    27   0.0630  -0.1092   0.0000   0.2055   0.0063   0.0996   0.0596   0.5901   0.4858   0.0185   0.0000   0.0037   0.1018    0.242
    28   0.0815  -0.1411   0.0000   0.1913   0.0063   0.0971   0.0584   0.6182   0.5090   0.0161   0.0000   0.0052   0.1054    0.240
    29   0.1012  -0.1752   0.0000   0.1761   0.0061   0.0936   0.0565   0.6477   0.5332   0.0139   0.0000   0.0062   0.1097    0.238
    30   0.1216  -0.2107   0.0000   0.1604   0.0057   0.0891   0.0543   0.6776   0.5579   0.0116   0.0000   0.0068   0.1144    0.238
    31   0.1424  -0.2465   0.0000   0.1444   0.0052   0.0837   0.0519   0.7071   0.5822   0.0093   0.0000   0.0072   0.1192    0.238
    32   0.1628  -0.2820   0.0000   0.1287   0.0045   0.0775   0.0496   0.7352   0.6053   0.0069   0.0000   0.0076   0.1238    0.237
    33   0.1825  -0.3161   0.0000   0.1135   0.0038   0.0706   0.0479   0.7601   0.6258   0.0043   0.0000   0.0082   0.1276    0.237
    34   0.2010  -0.3480   0.0000   0.0993   0.0030   0.0633   0.0475   0.7789   0.6412   0.0017   0.0000   0.0094   0.1299    0.235
    35   0.2177  -0.3771   0.0000   0.0864   0.0024   0.0556   0.0494   0.7860   0.6472  -0.0010   0.0000   0.0116   0.1291    0.232
    36   0.2324  -0.4024   0.0000   0.0751   0.0018   0.0474   0.0547   0.7715   0.6352  -0.0036   0.0000   0.0158   0.1228    0.225
    37   0.2445  -0.4235   0.0000   0.0658   0.0012   0.0386   0.0637   0.7178   0.5910  -0.0061   0.0000   0.0233   0.1068    0.211
    38   0.2540  -0.4398   0.0000   0.0585   0.0008   0.0287   0.0735   0.6010   0.4948  -0.0084   0.0000   0.0328   0.0778    0.184
    39   0.2604  -0.4509   0.0000   0.0536   0.0004   0.0177   0.0771   0.4045   0.3330  -0.0088   0.0000   0.0359   0.0403    0.142
    40   0.2636  -0.4565   0.0000   0.0511   0.0001   0.0059   0.0705   0.1424   0.1172  -0.0057   0.0000   0.0173   0.0101    0.102
 ---------------------------------------------------------------
