 ---------------------------------------------------------------
 Surface and Strip Forces by surface

  Sref = 0.11150       Cref = 0.15750       Bref = 0.81280    
  Xref = 0.10920       Yref =  0.0000       Zref =  0.0000    

  Surface # 1     Wing                                    
     # Chordwise = 10   # Spanwise = 20     First strip =  1
     Surface area Ssurf =    0.055738     Ave. chord Cave =    0.137150

 Forces referred to Sref, Cref, Bref about Xref, Yref, Zref
 Standard axis orientation,  X fwd, Z down         
     CLsurf  =   0.32578     Clsurf  =  -0.06812
     CYsurf  =   0.00392     Cmsurf  =  -0.05631
     CDsurf  =   0.01269     Cnsurf  =  -0.00953
     CDisurf =   0.01269     CDvsurf =   0.00000

 Forces referred to Ssurf, Cave 
     CLsurf  =   0.65170     CDsurf  =   0.02539

 Strip Forces referred to Strip Area, Chord
    j     Xle      Yle      Zle      Chord    Area     c_cl     ai     cl_norm    cl       cd       cdv    cm_c/4     cm_LE   C.P.x/c
     1   0.0004   0.0006   0.0000   0.2283   0.0006   0.1155   0.0733   0.5733   0.4729   0.2608   0.0000  -0.0204  -0.1271    0.293
     2   0.0032   0.0056   0.0000   0.2261   0.0017   0.1155   0.0734   0.6156   0.5078   0.0583   0.0000  -0.0188  -0.1268    0.287
     3   0.0090   0.0155   0.0000   0.2216   0.0027   0.1155   0.0742   0.6298   0.5195   0.0477   0.0000  -0.0143  -0.1251    0.278
     4   0.0173   0.0299   0.0000   0.2151   0.0036   0.1153   0.0752   0.6491   0.5354   0.0425   0.0000  -0.0089  -0.1236    0.267
     5   0.0282   0.0487   0.0000   0.2067   0.0043   0.1148   0.0760   0.6737   0.5557   0.0377   0.0000  -0.0038  -0.1235    0.257
     6   0.0412   0.0712   0.0000   0.1965   0.0048   0.1137   0.0762   0.7030   0.5799   0.0332   0.0000   0.0002  -0.1250    0.250
     7   0.0562   0.0970   0.0000   0.1849   0.0050   0.1118   0.0755   0.7359   0.6070   0.0292   0.0000   0.0031  -0.1282    0.245
     8   0.0726   0.1254   0.0000   0.1721   0.0051   0.1090   0.0740   0.7713   0.6362   0.0255   0.0000   0.0050  -0.1326    0.242
     9   0.0901   0.1558   0.0000   0.1585   0.0049   0.1051   0.0717   0.8083   0.6667   0.0220   0.0000   0.0062  -0.1380    0.241
    10   0.1084   0.1873   0.0000   0.1443   0.0046   0.1000   0.0688   0.8459   0.6978   0.0185   0.0000   0.0070  -0.1439    0.240
    11   0.1268   0.2191   0.0000   0.1300   0.0041   0.0940   0.0658   0.8831   0.7284   0.0149   0.0000   0.0075  -0.1499    0.240
    12   0.1451   0.2506   0.0000   0.1158   0.0036   0.0870   0.0629   0.9185   0.7577   0.0111   0.0000   0.0080  -0.1556    0.239
    13   0.1626   0.2810   0.0000   0.1022   0.0030   0.0793   0.0608   0.9500   0.7836   0.0071   0.0000   0.0088  -0.1603    0.239
    14   0.1790   0.3094   0.0000   0.0894   0.0024   0.0711   0.0603   0.9738   0.8032   0.0030   0.0000   0.0103  -0.1631    0.237
    15   0.1940   0.3352   0.0000   0.0778   0.0019   0.0624   0.0626   0.9830   0.8108  -0.0012   0.0000   0.0131  -0.1622    0.234
    16   0.2070   0.3577   0.0000   0.0676   0.0014   0.0532   0.0693   0.9649   0.7959  -0.0053   0.0000   0.0185  -0.1542    0.227
    17   0.2179   0.3765   0.0000   0.0592   0.0010   0.0433   0.0805   0.8978   0.7405  -0.0093   0.0000   0.0277  -0.1343    0.213
    18   0.2262   0.3909   0.0000   0.0527   0.0006   0.0322   0.0929   0.7522   0.6205  -0.0127   0.0000   0.0394  -0.0983    0.187
    19   0.2320   0.4008   0.0000   0.0482   0.0004   0.0199   0.0989   0.5075   0.4186  -0.0135   0.0000   0.0430  -0.0520    0.147
    20   0.2348   0.4058   0.0000   0.0460   0.0001   0.0067   0.0938   0.1795   0.1480  -0.0087   0.0000   0.0207  -0.0135    0.110

  Surface # 2     Wing (YDUP)                             
     # Chordwise = 10   # Spanwise = 20     First strip = 21
     Surface area Ssurf =    0.055738     Ave. chord Cave =    0.137150

 Forces referred to Sref, Cref, Bref about Xref, Yref, Zref
 Standard axis orientation,  X fwd, Z down         
     CLsurf  =   0.32578     Clsurf  =   0.06812
     CYsurf  =  -0.00392     Cmsurf  =  -0.05631
     CDsurf  =   0.01269     Cnsurf  =   0.00953
     CDisurf =   0.01269     CDvsurf =   0.00000

 Forces referred to Ssurf, Cave 
     CLsurf  =   0.65170     CDsurf  =   0.02539

 Strip Forces referred to Strip Area, Chord
    j     Xle      Yle      Zle      Chord    Area     c_cl     ai     cl_norm    cl       cd       cdv    cm_c/4     cm_LE   C.P.x/c
    21   0.0004  -0.0006   0.0000   0.2283   0.0006   0.1155   0.0733   0.5733   0.4729   0.2608   0.0000  -0.0204   0.1271    0.293
    22   0.0032  -0.0056   0.0000   0.2261   0.0017   0.1155   0.0734   0.6156   0.5078   0.0583   0.0000  -0.0188   0.1268    0.287
    23   0.0090  -0.0155   0.0000   0.2216   0.0027   0.1155   0.0742   0.6298   0.5195   0.0477   0.0000  -0.0143   0.1251    0.278
    24   0.0173  -0.0299   0.0000   0.2151   0.0036   0.1153   0.0752   0.6491   0.5354   0.0425   0.0000  -0.0089   0.1236    0.267
    25   0.0282  -0.0487   0.0000   0.2067   0.0043   0.1148   0.0760   0.6737   0.5557   0.0377   0.0000  -0.0038   0.1235    0.257
    26   0.0412  -0.0712   0.0000   0.1965   0.0048   0.1137   0.0762   0.7030   0.5799   0.0332   0.0000   0.0002   0.1250    0.250
    27   0.0562  -0.0970   0.0000   0.1849   0.0050   0.1118   0.0755   0.7359   0.6070   0.0292   0.0000   0.0031   0.1282    0.245
    28   0.0726  -0.1254   0.0000   0.1721   0.0051   0.1090   0.0740   0.7713   0.6362   0.0255   0.0000   0.0050   0.1326    0.242
    29   0.0901  -0.1558   0.0000   0.1585   0.0049   0.1051   0.0717   0.8083   0.6667   0.0220   0.0000   0.0062   0.1380    0.241
    30   0.1084  -0.1873   0.0000   0.1443   0.0046   0.1000   0.0688   0.8459   0.6978   0.0185   0.0000   0.0070   0.1439    0.240
    31   0.1268  -0.2191   0.0000   0.1300   0.0041   0.0940   0.0658   0.8831   0.7284   0.0149   0.0000   0.0075   0.1499    0.240
    32   0.1451  -0.2506   0.0000   0.1158   0.0036   0.0870   0.0629   0.9185   0.7577   0.0111   0.0000   0.0080   0.1556    0.239
    33   0.1626  -0.2810   0.0000   0.1022   0.0030   0.0793   0.0608   0.9500   0.7836   0.0071   0.0000   0.0088   0.1603    0.239
    34   0.1790  -0.3094   0.0000   0.0894   0.0024   0.0711   0.0603   0.9738   0.8032   0.0030   0.0000   0.0103   0.1631    0.237
    35   0.1940  -0.3352   0.0000   0.0778   0.0019   0.0624   0.0626   0.9830   0.8108  -0.0012   0.0000   0.0131   0.1622    0.234
    36   0.2070  -0.3577   0.0000   0.0676   0.0014   0.0532   0.0693   0.9649   0.7959  -0.0053   0.0000   0.0185   0.1542    0.227
    37   0.2179  -0.3765   0.0000   0.0592   0.0010   0.0433   0.0805   0.8978   0.7405  -0.0093   0.0000   0.0277   0.1343    0.213
    38   0.2262  -0.3909   0.0000   0.0527   0.0006   0.0322   0.0929   0.7522   0.6205  -0.0127   0.0000   0.0394   0.0983    0.187
    39   0.2320  -0.4008   0.0000   0.0482   0.0004   0.0199   0.0989   0.5075   0.4186  -0.0135   0.0000   0.0430   0.0520    0.147
    40   0.2348  -0.4058   0.0000   0.0460   0.0001   0.0067   0.0938   0.1795   0.1480  -0.0087   0.0000   0.0207   0.0135    0.110
 ---------------------------------------------------------------
