 ---------------------------------------------------------------
 Surface and Strip Forces by surface

  Sref = 0.14450       Cref = 0.20320       Bref = 0.71120    
  Xref = 0.10920       Yref =  0.0000       Zref =  0.0000    

  Surface # 1     Wing                                    
     # Chordwise = 10   # Spanwise = 20     First strip =  1
     Surface area Ssurf =    0.072258     Ave. chord Cave =    0.203200

 Forces referred to Sref, Cref, Bref about Xref, Yref, Zref
 Standard axis orientation,  X fwd, Z down         
     CLsurf  =   0.25138     Clsurf  =  -0.05558
     CYsurf  =   0.01112     Cmsurf  =  -0.01194
     CDsurf  =   0.01256     Cnsurf  =  -0.00944
     CDisurf =   0.01256     CDvsurf =   0.00000

 Forces referred to Ssurf, Cave 
     CLsurf  =   0.50270     CDsurf  =   0.02512

 Strip Forces referred to Strip Area, Chord
    j     Xle      Yle      Zle      Chord    Area     c_cl     ai     cl_norm    cl       cd       cdv    cm_c/4     cm_LE   C.P.x/c
     1   0.0003   0.0005   0.0000   0.2032   0.0004   0.1170   0.0508   0.6473   0.5342   0.3257   0.0000  -0.0260  -0.1540    0.299
     2   0.0023   0.0049   0.0000   0.2032   0.0013   0.1170   0.0528   0.6939   0.5726   0.0637   0.0000  -0.0240  -0.1522    0.292
     3   0.0063   0.0135   0.0000   0.2032   0.0022   0.1172   0.0570   0.6976   0.5756   0.0498   0.0000  -0.0185  -0.1475    0.282
     4   0.0122   0.0262   0.0000   0.2032   0.0030   0.1176   0.0624   0.7011   0.5785   0.0438   0.0000  -0.0118  -0.1419    0.270
     5   0.0199   0.0426   0.0000   0.2032   0.0037   0.1181   0.0680   0.7053   0.5819   0.0384   0.0000  -0.0056  -0.1368    0.260
     6   0.0291   0.0623   0.0000   0.2032   0.0043   0.1186   0.0734   0.7089   0.5849   0.0340   0.0000  -0.0003  -0.1326    0.251
     7   0.0396   0.0849   0.0000   0.2032   0.0048   0.1188   0.0787   0.7107   0.5865   0.0305   0.0000   0.0039  -0.1290    0.243
     8   0.0512   0.1098   0.0000   0.2032   0.0052   0.1185   0.0840   0.7094   0.5854   0.0277   0.0000   0.0073  -0.1255    0.237
     9   0.0635   0.1363   0.0000   0.2032   0.0055   0.1175   0.0895   0.7036   0.5806   0.0254   0.0000   0.0104  -0.1216    0.232
    10   0.0764   0.1638   0.0000   0.2032   0.0057   0.1155   0.0955   0.6919   0.5709   0.0234   0.0000   0.0134  -0.1166    0.227
    11   0.0894   0.1918   0.0000   0.2032   0.0057   0.1122   0.1019   0.6727   0.5551   0.0215   0.0000   0.0166  -0.1101    0.220
    12   0.1023   0.2193   0.0000   0.2032   0.0055   0.1075   0.1086   0.6446   0.5319   0.0195   0.0000   0.0203  -0.1015    0.212
    13   0.1146   0.2458   0.0000   0.2032   0.0052   0.1011   0.1152   0.6060   0.5000   0.0173   0.0000   0.0244  -0.0906    0.201
    14   0.1262   0.2707   0.0000   0.2032   0.0048   0.0927   0.1210   0.5558   0.4586   0.0147   0.0000   0.0285  -0.0774    0.188
    15   0.1367   0.2933   0.0000   0.2032   0.0043   0.0822   0.1252   0.4935   0.4072   0.0118   0.0000   0.0322  -0.0625    0.171
    16   0.1459   0.3130   0.0000   0.2032   0.0037   0.0699   0.1271   0.4197   0.3463   0.0087   0.0000   0.0342  -0.0469    0.151
    17   0.1536   0.3294   0.0000   0.2032   0.0030   0.0559   0.1263   0.3357   0.2770   0.0056   0.0000   0.0334  -0.0320    0.129
    18   0.1595   0.3421   0.0000   0.2032   0.0022   0.0406   0.1229   0.2442   0.2015   0.0027   0.0000   0.0286  -0.0193    0.108
    19   0.1635   0.3507   0.0000   0.2032   0.0013   0.0246   0.1178   0.1481   0.1222   0.0000   0.0000   0.0195  -0.0097    0.090
    20   0.1655   0.3551   0.0000   0.2032   0.0004   0.0082   0.1143   0.0499   0.0412  -0.0023   0.0000   0.0069  -0.0029    0.082

  Surface # 2     Wing (YDUP)                             
     # Chordwise = 10   # Spanwise = 20     First strip = 21
     Surface area Ssurf =    0.072258     Ave. chord Cave =    0.203200

 Forces referred to Sref, Cref, Bref about Xref, Yref, Zref
 Standard axis orientation,  X fwd, Z down         
     CLsurf  =   0.25138     Clsurf  =   0.05558
     CYsurf  =  -0.01112     Cmsurf  =  -0.01194
     CDsurf  =   0.01256     Cnsurf  =   0.00944
     CDisurf =   0.01256     CDvsurf =   0.00000

 Forces referred to Ssurf, Cave 
     CLsurf  =   0.50270     CDsurf  =   0.02512

 Strip Forces referred to Strip Area, Chord
    j     Xle      Yle      Zle      Chord    Area     c_cl     ai     cl_norm    cl       cd       cdv    cm_c/4     cm_LE   C.P.x/c
    21   0.0003  -0.0005   0.0000   0.2032   0.0004   0.1170   0.0508   0.6473   0.5342   0.3257   0.0000  -0.0260   0.1540    0.299
    22   0.0023  -0.0049   0.0000   0.2032   0.0013   0.1170   0.0528   0.6939   0.5726   0.0637   0.0000  -0.0240   0.1522    0.292
    23   0.0063  -0.0135   0.0000   0.2032   0.0022   0.1172   0.0570   0.6976   0.5756   0.0498   0.0000  -0.0185   0.1475    0.282
    24   0.0122  -0.0262   0.0000   0.2032   0.0030   0.1176   0.0624   0.7011   0.5785   0.0438   0.0000  -0.0118   0.1419    0.270
    25   0.0199  -0.0426   0.0000   0.2032   0.0037   0.1181   0.0680   0.7053   0.5819   0.0384   0.0000  -0.0056   0.1368    0.260
    26   0.0291  -0.0623   0.0000   0.2032   0.0043   0.1186   0.0734   0.7089   0.5849   0.0340   0.0000  -0.0003   0.1326    0.251
    27   0.0396  -0.0849   0.0000   0.2032   0.0048   0.1188   0.0787   0.7107   0.5865   0.0305   0.0000   0.0039   0.1290    0.243
    28   0.0512  -0.1098   0.0000   0.2032   0.0052   0.1185   0.0840   0.7094   0.5854   0.0277   0.0000   0.0073   0.1255    0.237
    29   0.0635  -0.1363   0.0000   0.2032   0.0055   0.1175   0.0895   0.7036   0.5806   0.0254   0.0000   0.0104   0.1216    0.232
    30   0.0764  -0.1638   0.0000   0.2032   0.0057   0.1155   0.0955   0.6919   0.5709   0.0234   0.0000   0.0134   0.1166    0.227
    31   0.0894  -0.1918   0.0000   0.2032   0.0057   0.1122   0.1019   0.6727   0.5551   0.0215   0.0000   0.0166   0.1101    0.220
    32   0.1023  -0.2193   0.0000   0.2032   0.0055   0.1075   0.1086   0.6446   0.5319   0.0195   0.0000   0.0203   0.1015    0.212
    33   0.1146  -0.2458   0.0000   0.2032   0.0052   0.1011   0.1152   0.6060   0.5000   0.0173   0.0000   0.0244   0.0906    0.201
    34   0.1262  -0.2707   0.0000   0.2032   0.0048   0.0927   0.1210   0.5558   0.4586   0.0147   0.0000   0.0285   0.0774    0.188
    35   0.1367  -0.2933   0.0000   0.2032   0.0043   0.0822   0.1252   0.4935   0.4072   0.0118   0.0000   0.0322   0.0625    0.171
    36   0.1459  -0.3130   0.0000   0.2032   0.0037   0.0699   0.1271   0.4197   0.3463   0.0087   0.0000   0.0342   0.0469    0.151
    37   0.1536  -0.3294   0.0000   0.2032   0.0030   0.0559   0.1263   0.3357   0.2770   0.0056   0.0000   0.0334   0.0320    0.129
    38   0.1595  -0.3421   0.0000   0.2032   0.0022   0.0406   0.1229   0.2442   0.2015   0.0027   0.0000   0.0286   0.0193    0.108
    39   0.1635  -0.3507   0.0000   0.2032   0.0013   0.0246   0.1178   0.1481   0.1222   0.0000   0.0000   0.0195   0.0097    0.090
    40   0.1655  -0.3551   0.0000   0.2032   0.0004   0.0082   0.1143   0.0499   0.0412  -0.0023   0.0000   0.0069   0.0029    0.082
 ---------------------------------------------------------------
