 ---------------------------------------------------------------
 Surface and Strip Forces by surface

  Sref = 0.14860       Cref = 0.18670       Bref = 0.81280    
  Xref = 0.10920       Yref =  0.0000       Zref =  0.0000    

  Surface # 1     Wing                                    
     # Chordwise = 10   # Spanwise = 20     First strip =  1
     Surface area Ssurf =    0.074331     Ave. chord Cave =    0.182900

 Forces referred to Sref, Cref, Bref about Xref, Yref, Zref
 Standard axis orientation,  X fwd, Z down         
     CLsurf  =   0.24444     Clsurf  =  -0.05319
     CYsurf  =   0.00330     Cmsurf  =  -0.01210
     CDsurf  =   0.00924     Cnsurf  =  -0.00569
     CDisurf =   0.00924     CDvsurf =   0.00000

 Forces referred to Ssurf, Cave 
     CLsurf  =   0.48869     CDsurf  =   0.01847

 Strip Forces referred to Strip Area, Chord
    j     Xle      Yle      Zle      Chord    Area     c_cl     ai     cl_norm    cl       cd       cdv    cm_c/4     cm_LE   C.P.x/c
     1   0.0003   0.0006   0.0000   0.2285   0.0006   0.1078   0.0573   0.5116   0.4525   0.1881   0.0000  -0.0140  -0.1216    0.281
     2   0.0024   0.0056   0.0000   0.2273   0.0017   0.1077   0.0571   0.5342   0.4725   0.0407   0.0000  -0.0128  -0.1210    0.277
     3   0.0065   0.0155   0.0000   0.2251   0.0027   0.1078   0.0579   0.5407   0.4782   0.0326   0.0000  -0.0093  -0.1189    0.269
     4   0.0126   0.0299   0.0000   0.2219   0.0037   0.1078   0.0594   0.5492   0.4857   0.0290   0.0000  -0.0050  -0.1166    0.260
     5   0.0205   0.0487   0.0000   0.2177   0.0045   0.1076   0.0611   0.5597   0.4950   0.0258   0.0000  -0.0010  -0.1149    0.252
     6   0.0299   0.0712   0.0000   0.2126   0.0052   0.1073   0.0627   0.5715   0.5054   0.0231   0.0000   0.0023  -0.1142    0.245
     7   0.0408   0.0970   0.0000   0.2068   0.0056   0.1065   0.0641   0.5834   0.5160   0.0208   0.0000   0.0049  -0.1142    0.241
     8   0.0527   0.1254   0.0000   0.2004   0.0059   0.1051   0.0655   0.5944   0.5258   0.0189   0.0000   0.0068  -0.1145    0.237
     9   0.0655   0.1558   0.0000   0.1936   0.0060   0.1030   0.0669   0.6033   0.5336   0.0173   0.0000   0.0084  -0.1148    0.234
    10   0.0787   0.1873   0.0000   0.1865   0.0059   0.1000   0.0686   0.6086   0.5383   0.0160   0.0000   0.0099  -0.1145    0.232
    11   0.0921   0.2191   0.0000   0.1793   0.0057   0.0962   0.0710   0.6090   0.5386   0.0147   0.0000   0.0116  -0.1130    0.229
    12   0.1053   0.2506   0.0000   0.1722   0.0053   0.0914   0.0742   0.6024   0.5328   0.0135   0.0000   0.0136  -0.1098    0.224
    13   0.1181   0.2810   0.0000   0.1654   0.0049   0.0855   0.0785   0.5867   0.5189   0.0123   0.0000   0.0162  -0.1041    0.219
    14   0.1300   0.3094   0.0000   0.1590   0.0043   0.0783   0.0836   0.5590   0.4944   0.0109   0.0000   0.0197  -0.0953    0.210
    15   0.1409   0.3352   0.0000   0.1532   0.0037   0.0697   0.0889   0.5164   0.4567   0.0092   0.0000   0.0237  -0.0829    0.198
    16   0.1503   0.3577   0.0000   0.1481   0.0031   0.0595   0.0936   0.4564   0.4036   0.0073   0.0000   0.0277  -0.0671    0.181
    17   0.1582   0.3765   0.0000   0.1439   0.0024   0.0478   0.0962   0.3779   0.3342   0.0051   0.0000   0.0301  -0.0489    0.160
    18   0.1643   0.3909   0.0000   0.1407   0.0017   0.0349   0.0954   0.2823   0.2497   0.0029   0.0000   0.0287  -0.0308    0.135
    19   0.1684   0.4008   0.0000   0.1385   0.0010   0.0212   0.0911   0.1739   0.1538   0.0007   0.0000   0.0214  -0.0155    0.111
    20   0.1705   0.4058   0.0000   0.1373   0.0003   0.0071   0.0860   0.0588   0.0520  -0.0014   0.0000   0.0080  -0.0045    0.097

  Surface # 2     Wing (YDUP)                             
     # Chordwise = 10   # Spanwise = 20     First strip = 21
     Surface area Ssurf =    0.074331     Ave. chord Cave =    0.182900

 Forces referred to Sref, Cref, Bref about Xref, Yref, Zref
 Standard axis orientation,  X fwd, Z down         
     CLsurf  =   0.24444     Clsurf  =   0.05319
     CYsurf  =  -0.00330     Cmsurf  =  -0.01210
     CDsurf  =   0.00924     Cnsurf  =   0.00569
     CDisurf =   0.00924     CDvsurf =   0.00000

 Forces referred to Ssurf, Cave 
     CLsurf  =   0.48869     CDsurf  =   0.01847

 Strip Forces referred to Strip Area, Chord
    j     Xle      Yle      Zle      Chord    Area     c_cl     ai     cl_norm    cl       cd       cdv    cm_c/4     cm_LE   C.P.x/c
    21   0.0003  -0.0006   0.0000   0.2285   0.0006   0.1078   0.0573   0.5116   0.4525   0.1881   0.0000  -0.0140   0.1216    0.281
    22   0.0024  -0.0056   0.0000   0.2273   0.0017   0.1077   0.0571   0.5342   0.4725   0.0407   0.0000  -0.0128   0.1210    0.277
    23   0.0065  -0.0155   0.0000   0.2251   0.0027   0.1078   0.0579   0.5407   0.4782   0.0326   0.0000  -0.0093   0.1189    0.269
    24   0.0126  -0.0299   0.0000   0.2219   0.0037   0.1078   0.0594   0.5492   0.4857   0.0290   0.0000  -0.0050   0.1166    0.260
    25   0.0205  -0.0487   0.0000   0.2177   0.0045   0.1076   0.0611   0.5597   0.4950   0.0258   0.0000  -0.0010   0.1149    0.252
    26   0.0299  -0.0712   0.0000   0.2126   0.0052   0.1073   0.0627   0.5715   0.5054   0.0231   0.0000   0.0023   0.1142    0.245
    27   0.0408  -0.0970   0.0000   0.2068   0.0056   0.1065   0.0641   0.5834   0.5160   0.0208   0.0000   0.0049   0.1142    0.241
    28   0.0527  -0.1254   0.0000   0.2004   0.0059   0.1051   0.0655   0.5944   0.5258   0.0189   0.0000   0.0068   0.1145    0.237
    29   0.0655  -0.1558   0.0000   0.1936   0.0060   0.1030   0.0669   0.6033   0.5336   0.0173   0.0000   0.0084   0.1148    0.234
    30   0.0787  -0.1873   0.0000   0.1865   0.0059   0.1000   0.0686   0.6086   0.5383   0.0160   0.0000   0.0099   0.1145    0.232
    31   0.0921  -0.2191   0.0000   0.1793   0.0057   0.0962   0.0710   0.6090   0.5386   0.0147   0.0000   0.0116   0.1130    0.229
    32   0.1053  -0.2506   0.0000   0.1722   0.0053   0.0914   0.0742   0.6024   0.5328   0.0135   0.0000   0.0136   0.1098    0.224
    33   0.1181  -0.2810   0.0000   0.1654   0.0049   0.0855   0.0785   0.5867   0.5189   0.0123   0.0000   0.0162   0.1041    0.219
    34   0.1300  -0.3094   0.0000   0.1590   0.0043   0.0783   0.0836   0.5590   0.4944   0.0109   0.0000   0.0197   0.0953    0.210
    35   0.1409  -0.3352   0.0000   0.1532   0.0037   0.0697   0.0889   0.5164   0.4567   0.0092   0.0000   0.0237   0.0829    0.198
    36   0.1503  -0.3577   0.0000   0.1481   0.0031   0.0595   0.0936   0.4564   0.4036   0.0073   0.0000   0.0277   0.0671    0.181
    37   0.1582  -0.3765   0.0000   0.1439   0.0024   0.0478   0.0962   0.3779   0.3342   0.0051   0.0000   0.0301   0.0489    0.160
    38   0.1643  -0.3909   0.0000   0.1407   0.0017   0.0349   0.0954   0.2823   0.2497   0.0029   0.0000   0.0287   0.0308    0.135
    39   0.1684  -0.4008   0.0000   0.1385   0.0010   0.0212   0.0911   0.1739   0.1538   0.0007   0.0000   0.0214   0.0155    0.111
    40   0.1705  -0.4058   0.0000   0.1373   0.0003   0.0071   0.0860   0.0588   0.0520  -0.0014   0.0000   0.0080   0.0045    0.097
 ---------------------------------------------------------------
