 ---------------------------------------------------------------
 Surface and Strip Forces by surface

  Sref = 0.20650       Cref = 0.25400       Bref = 0.81280    
  Xref = 0.10920       Yref =  0.0000       Zref =  0.0000    

  Surface # 1     Wing                                    
     # Chordwise = 10   # Spanwise = 20     First strip =  1
     Surface area Ssurf =    0.103226     Ave. chord Cave =    0.254000

 Forces referred to Sref, Cref, Bref about Xref, Yref, Zref
 Standard axis orientation,  X fwd, Z down         
     CLsurf  =   0.17591     Clsurf  =  -0.03850
     CYsurf  =   0.00402     Cmsurf  =  -0.00717
     CDsurf  =   0.00665     Cnsurf  =  -0.00415
     CDisurf =   0.00665     CDvsurf =   0.00000

 Forces referred to Ssurf, Cave 
     CLsurf  =   0.35189     CDsurf  =   0.01330

 Strip Forces referred to Strip Area, Chord
    j     Xle      Yle      Zle      Chord    Area     c_cl     ai     cl_norm    cl       cd       cdv    cm_c/4     cm_LE   C.P.x/c
     1   0.0002   0.0006   0.0000   0.2540   0.0006   0.1058   0.0516   0.4544   0.4018   0.1651   0.0000  -0.0120  -0.1091    0.280
     2   0.0020   0.0056   0.0000   0.2540   0.0019   0.1057   0.0505   0.4696   0.4152   0.0316   0.0000  -0.0110  -0.1081    0.276
     3   0.0056   0.0155   0.0000   0.2540   0.0031   0.1058   0.0514   0.4706   0.4161   0.0244   0.0000  -0.0080  -0.1053    0.269
     4   0.0109   0.0299   0.0000   0.2540   0.0042   0.1059   0.0535   0.4714   0.4168   0.0217   0.0000  -0.0041  -0.1018    0.260
     5   0.0177   0.0487   0.0000   0.2540   0.0053   0.1060   0.0562   0.4723   0.4176   0.0195   0.0000  -0.0003  -0.0983    0.251
     6   0.0259   0.0712   0.0000   0.2540   0.0062   0.1060   0.0591   0.4725   0.4178   0.0175   0.0000   0.0030  -0.0952    0.243
     7   0.0353   0.0970   0.0000   0.2540   0.0069   0.1058   0.0622   0.4715   0.4169   0.0160   0.0000   0.0058  -0.0924    0.236
     8   0.0457   0.1254   0.0000   0.2540   0.0075   0.1050   0.0654   0.4683   0.4141   0.0147   0.0000   0.0081  -0.0895    0.230
     9   0.0567   0.1558   0.0000   0.2540   0.0079   0.1036   0.0688   0.4620   0.4085   0.0136   0.0000   0.0103  -0.0861    0.225
    10   0.0681   0.1873   0.0000   0.2540   0.0081   0.1013   0.0725   0.4517   0.3994   0.0126   0.0000   0.0124  -0.0820    0.219
    11   0.0798   0.2191   0.0000   0.2540   0.0081   0.0979   0.0763   0.4366   0.3861   0.0117   0.0000   0.0146  -0.0768    0.212
    12   0.0912   0.2506   0.0000   0.2540   0.0079   0.0932   0.0803   0.4157   0.3676   0.0107   0.0000   0.0170  -0.0702    0.204
    13   0.1022   0.2810   0.0000   0.2540   0.0075   0.0870   0.0840   0.3883   0.3434   0.0096   0.0000   0.0196  -0.0621    0.193
    14   0.1126   0.3094   0.0000   0.2540   0.0069   0.0793   0.0870   0.3539   0.3129   0.0083   0.0000   0.0221  -0.0526    0.179
    15   0.1220   0.3352   0.0000   0.2540   0.0062   0.0699   0.0888   0.3122   0.2761   0.0069   0.0000   0.0241  -0.0421    0.163
    16   0.1302   0.3577   0.0000   0.2540   0.0053   0.0591   0.0889   0.2639   0.2333   0.0053   0.0000   0.0249  -0.0313    0.143
    17   0.1370   0.3765   0.0000   0.2540   0.0042   0.0470   0.0869   0.2099   0.1856   0.0037   0.0000   0.0238  -0.0211    0.122
    18   0.1423   0.3909   0.0000   0.2540   0.0031   0.0340   0.0830   0.1518   0.1343   0.0021   0.0000   0.0201  -0.0125    0.100
    19   0.1459   0.4008   0.0000   0.2540   0.0019   0.0205   0.0779   0.0916   0.0810   0.0003   0.0000   0.0136  -0.0062    0.082
    20   0.1477   0.4058   0.0000   0.2540   0.0006   0.0068   0.0746   0.0307   0.0271  -0.0010   0.0000   0.0048  -0.0018    0.073

  Surface # 2     Wing (YDUP)                             
     # Chordwise = 10   # Spanwise = 20     First strip = 21
     Surface area Ssurf =    0.103226     Ave. chord Cave =    0.254000

 Forces referred to Sref, Cref, Bref about Xref, Yref, Zref
 Standard axis orientation,  X fwd, Z down         
     CLsurf  =   0.17591     Clsurf  =   0.03850
     CYsurf  =  -0.00402     Cmsurf  =  -0.00717
     CDsurf  =   0.00665     Cnsurf  =   0.00415
     CDisurf =   0.00665     CDvsurf =   0.00000

 Forces referred to Ssurf, Cave 
     CLsurf  =   0.35189     CDsurf  =   0.01330

 Strip Forces referred to Strip Area, Chord
    j     Xle      Yle      Zle      Chord    Area     c_cl     ai     cl_norm    cl       cd       cdv    cm_c/4     cm_LE   C.P.x/c
    21   0.0002  -0.0006   0.0000   0.2540   0.0006   0.1058   0.0516   0.4544   0.4018   0.1651   0.0000  -0.0120   0.1091    0.280
    22   0.0020  -0.0056   0.0000   0.2540   0.0019   0.1057   0.0505   0.4696   0.4152   0.0316   0.0000  -0.0110   0.1081    0.276
    23   0.0056  -0.0155   0.0000   0.2540   0.0031   0.1058   0.0514   0.4706   0.4161   0.0244   0.0000  -0.0080   0.1053    0.269
    24   0.0109  -0.0299   0.0000   0.2540   0.0042   0.1059   0.0535   0.4714   0.4168   0.0217   0.0000  -0.0041   0.1018    0.260
    25   0.0177  -0.0487   0.0000   0.2540   0.0053   0.1060   0.0562   0.4723   0.4176   0.0195   0.0000  -0.0003   0.0983    0.251
    26   0.0259  -0.0712   0.0000   0.2540   0.0062   0.1060   0.0591   0.4725   0.4178   0.0175   0.0000   0.0030   0.0952    0.243
    27   0.0353  -0.0970   0.0000   0.2540   0.0069   0.1058   0.0622   0.4715   0.4169   0.0160   0.0000   0.0058   0.0924    0.236
    28   0.0457  -0.1254   0.0000   0.2540   0.0075   0.1050   0.0654   0.4683   0.4141   0.0147   0.0000   0.0081   0.0895    0.230
    29   0.0567  -0.1558   0.0000   0.2540   0.0079   0.1036   0.0688   0.4620   0.4085   0.0136   0.0000   0.0103   0.0861    0.225
    30   0.0681  -0.1873   0.0000   0.2540   0.0081   0.1013   0.0725   0.4517   0.3994   0.0126   0.0000   0.0124   0.0820    0.219
    31   0.0798  -0.2191   0.0000   0.2540   0.0081   0.0979   0.0763   0.4366   0.3861   0.0117   0.0000   0.0146   0.0768    0.212
    32   0.0912  -0.2506   0.0000   0.2540   0.0079   0.0932   0.0803   0.4157   0.3676   0.0107   0.0000   0.0170   0.0702    0.204
    33   0.1022  -0.2810   0.0000   0.2540   0.0075   0.0870   0.0840   0.3883   0.3434   0.0096   0.0000   0.0196   0.0621    0.193
    34   0.1126  -0.3094   0.0000   0.2540   0.0069   0.0793   0.0870   0.3539   0.3129   0.0083   0.0000   0.0221   0.0526    0.179
    35   0.1220  -0.3352   0.0000   0.2540   0.0062   0.0699   0.0888   0.3122   0.2761   0.0069   0.0000   0.0241   0.0421    0.163
    36   0.1302  -0.3577   0.0000   0.2540   0.0053   0.0591   0.0889   0.2639   0.2333   0.0053   0.0000   0.0249   0.0313    0.143
    37   0.1370  -0.3765   0.0000   0.2540   0.0042   0.0470   0.0869   0.2099   0.1856   0.0037   0.0000   0.0238   0.0211    0.122
    38   0.1423  -0.3909   0.0000   0.2540   0.0031   0.0340   0.0830   0.1518   0.1343   0.0021   0.0000   0.0201   0.0125    0.100
    39   0.1459  -0.4008   0.0000   0.2540   0.0019   0.0205   0.0779   0.0916   0.0810   0.0003   0.0000   0.0136   0.0062    0.082
    40   0.1477  -0.4058   0.0000   0.2540   0.0006   0.0068   0.0746   0.0307   0.0271  -0.0010   0.0000   0.0048   0.0018    0.073
 ---------------------------------------------------------------
