 ---------------------------------------------------------------
 Surface and Strip Forces by surface

  Sref = 0.19510       Cref = 0.22640       Bref = 0.91440    
  Xref = 0.10920       Yref =  0.0000       Zref =  0.0000    

  Surface # 1     Wing                                    
     # Chordwise = 10   # Spanwise = 20     First strip =  1
     Surface area Ssurf =    0.097544     Ave. chord Cave =    0.213350

 Forces referred to Sref, Cref, Bref about Xref, Yref, Zref
 Standard axis orientation,  X fwd, Z down         
     CLsurf  =   0.18618     Clsurf  =  -0.04010
     CYsurf  =   0.00114     Cmsurf  =  -0.04574
     CDsurf  =   0.00570     Cnsurf  =  -0.00331
     CDisurf =   0.00570     CDvsurf =   0.00000

 Forces referred to Ssurf, Cave 
     CLsurf  =   0.37239     CDsurf  =   0.01140

 Strip Forces referred to Strip Area, Chord
    j     Xle      Yle      Zle      Chord    Area     c_cl     ai     cl_norm    cl       cd       cdv    cm_c/4     cm_LE   C.P.x/c
     1   0.0004   0.0007   0.0000   0.3045   0.0009   0.0983   0.0510   0.3789   0.3117   0.1388   0.0000  -0.0115  -0.0803    0.287
     2   0.0036   0.0063   0.0000   0.3023   0.0025   0.0983   0.0502   0.3941   0.3242   0.0258   0.0000  -0.0107  -0.0800    0.283
     3   0.0099   0.0174   0.0000   0.2978   0.0041   0.0983   0.0503   0.4005   0.3294   0.0200   0.0000  -0.0081  -0.0788    0.275
     4   0.0191   0.0337   0.0000   0.2913   0.0055   0.0982   0.0509   0.4093   0.3366   0.0181   0.0000  -0.0047  -0.0774    0.264
     5   0.0310   0.0548   0.0000   0.2829   0.0066   0.0979   0.0518   0.4206   0.3460   0.0163   0.0000  -0.0013  -0.0764    0.254
     6   0.0454   0.0801   0.0000   0.2727   0.0074   0.0973   0.0525   0.4339   0.3569   0.0146   0.0000   0.0016  -0.0762    0.245
     7   0.0618   0.1092   0.0000   0.2611   0.0080   0.0963   0.0531   0.4486   0.3690   0.0130   0.0000   0.0040  -0.0768    0.239
     8   0.0799   0.1411   0.0000   0.2483   0.0082   0.0946   0.0534   0.4638   0.3814   0.0116   0.0000   0.0057  -0.0779    0.235
     9   0.0992   0.1752   0.0000   0.2347   0.0082   0.0922   0.0537   0.4786   0.3936   0.0104   0.0000   0.0071  -0.0793    0.232
    10   0.1193   0.2107   0.0000   0.2205   0.0079   0.0891   0.0540   0.4919   0.4046   0.0092   0.0000   0.0083  -0.0806    0.230
    11   0.1396   0.2465   0.0000   0.2062   0.0074   0.0851   0.0546   0.5027   0.4135   0.0080   0.0000   0.0095  -0.0815    0.227
    12   0.1597   0.2820   0.0000   0.1920   0.0067   0.0802   0.0557   0.5092   0.4188   0.0069   0.0000   0.0109  -0.0814    0.224
    13   0.1790   0.3161   0.0000   0.1784   0.0059   0.0745   0.0578   0.5092   0.4188   0.0057   0.0000   0.0128  -0.0798    0.220
    14   0.1971   0.3480   0.0000   0.1656   0.0051   0.0678   0.0608   0.4997   0.4110   0.0044   0.0000   0.0154  -0.0757    0.212
    15   0.2135   0.3771   0.0000   0.1540   0.0042   0.0602   0.0647   0.4766   0.3920   0.0030   0.0000   0.0190  -0.0685    0.202
    16   0.2279   0.4024   0.0000   0.1438   0.0034   0.0513   0.0687   0.4353   0.3580   0.0015   0.0000   0.0233  -0.0573    0.185
    17   0.2398   0.4235   0.0000   0.1354   0.0025   0.0412   0.0714   0.3718   0.3058  -0.0002   0.0000   0.0271  -0.0427    0.161
    18   0.2490   0.4398   0.0000   0.1289   0.0018   0.0301   0.0709   0.2850   0.2344  -0.0015   0.0000   0.0279  -0.0265    0.131
    19   0.2553   0.4509   0.0000   0.1244   0.0010   0.0182   0.0663   0.1786   0.1469  -0.0022   0.0000   0.0221  -0.0125    0.099
    20   0.2585   0.4565   0.0000   0.1222   0.0003   0.0061   0.0599   0.0607   0.0499  -0.0024   0.0000   0.0086  -0.0033    0.078

  Surface # 2     Wing (YDUP)                             
     # Chordwise = 10   # Spanwise = 20     First strip = 21
     Surface area Ssurf =    0.097544     Ave. chord Cave =    0.213350

 Forces referred to Sref, Cref, Bref about Xref, Yref, Zref
 Standard axis orientation,  X fwd, Z down         
     CLsurf  =   0.18618     Clsurf  =   0.04010
     CYsurf  =  -0.00114     Cmsurf  =  -0.04574
     CDsurf  =   0.00570     Cnsurf  =   0.00331
     CDisurf =   0.00570     CDvsurf =   0.00000

 Forces referred to Ssurf, Cave 
     CLsurf  =   0.37239     CDsurf  =   0.01140

 Strip Forces referred to Strip Area, Chord
    j     Xle      Yle      Zle      Chord    Area     c_cl     ai     cl_norm    cl       cd       cdv    cm_c/4     cm_LE   C.P.x/c
    21   0.0004  -0.0007   0.0000   0.3045   0.0009   0.0983   0.0510   0.3789   0.3117   0.1388   0.0000  -0.0115   0.0803    0.287
    22   0.0036  -0.0063   0.0000   0.3023   0.0025   0.0983   0.0502   0.3941   0.3242   0.0258   0.0000  -0.0107   0.0800    0.283
    23   0.0099  -0.0174   0.0000   0.2978   0.0041   0.0983   0.0503   0.4005   0.3294   0.0200   0.0000  -0.0081   0.0788    0.275
    24   0.0191  -0.0337   0.0000   0.2913   0.0055   0.0982   0.0509   0.4093   0.3366   0.0181   0.0000  -0.0047   0.0774    0.264
    25   0.0310  -0.0548   0.0000   0.2829   0.0066   0.0979   0.0518   0.4206   0.3460   0.0163   0.0000  -0.0013   0.0764    0.254
    26   0.0454  -0.0801   0.0000   0.2727   0.0074   0.0973   0.0525   0.4339   0.3569   0.0146   0.0000   0.0016   0.0762    0.245
    27   0.0618  -0.1092   0.0000   0.2611   0.0080   0.0963   0.0531   0.4486   0.3690   0.0130   0.0000   0.0040   0.0768    0.239
    28   0.0799  -0.1411   0.0000   0.2483   0.0082   0.0946   0.0534   0.4638   0.3814   0.0116   0.0000   0.0057   0.0779    0.235
    29   0.0992  -0.1752   0.0000   0.2347   0.0082   0.0922   0.0537   0.4786   0.3936   0.0104   0.0000   0.0071   0.0793    0.232
    30   0.1193  -0.2107   0.0000   0.2205   0.0079   0.0891   0.0540   0.4919   0.4046   0.0092   0.0000   0.0083   0.0806    0.230
    31   0.1396  -0.2465   0.0000   0.2062   0.0074   0.0851   0.0546   0.5027   0.4135   0.0080   0.0000   0.0095   0.0815    0.227
    32   0.1597  -0.2820   0.0000   0.1920   0.0067   0.0802   0.0557   0.5092   0.4188   0.0069   0.0000   0.0109   0.0814    0.224
    33   0.1790  -0.3161   0.0000   0.1784   0.0059   0.0745   0.0578   0.5092   0.4188   0.0057   0.0000   0.0128   0.0798    0.220
    34   0.1971  -0.3480   0.0000   0.1656   0.0051   0.0678   0.0608   0.4997   0.4110   0.0044   0.0000   0.0154   0.0757    0.212
    35   0.2135  -0.3771   0.0000   0.1540   0.0042   0.0602   0.0647   0.4766   0.3920   0.0030   0.0000   0.0190   0.0685    0.202
    36   0.2279  -0.4024   0.0000   0.1438   0.0034   0.0513   0.0687   0.4353   0.3580   0.0015   0.0000   0.0233   0.0573    0.185
    37   0.2398  -0.4235   0.0000   0.1354   0.0025   0.0412   0.0714   0.3718   0.3058  -0.0002   0.0000   0.0271   0.0427    0.161
    38   0.2490  -0.4398   0.0000   0.1289   0.0018   0.0301   0.0709   0.2850   0.2344  -0.0015   0.0000   0.0279   0.0265    0.131
    39   0.2553  -0.4509   0.0000   0.1244   0.0010   0.0182   0.0663   0.1786   0.1469  -0.0022   0.0000   0.0221   0.0125    0.099
    40   0.2585  -0.4565   0.0000   0.1222   0.0003   0.0061   0.0599   0.0607   0.0499  -0.0024   0.0000   0.0086   0.0033    0.078
 ---------------------------------------------------------------
