 ---------------------------------------------------------------
 Surface and Strip Forces by surface

  Sref = 0.97500E-01   Cref = 0.15750       Bref = 0.71120    
  Xref = 0.10920       Yref =  0.0000       Zref =  0.0000    

  Surface # 1     Wing                                    
     # Chordwise = 10   # Spanwise = 20     First strip =  1
     Surface area Ssurf =    0.048771     Ave. chord Cave =    0.137150

 Forces referred to Sref, Cref, Bref about Xref, Yref, Zref
 Standard axis orientation,  X fwd, Z down         
     CLsurf  =   0.37256     Clsurf  =  -0.07823
     CYsurf  =   0.00779     Cmsurf  =  -0.08281
     CDsurf  =   0.01914     Cnsurf  =  -0.01478
     CDisurf =   0.01914     CDvsurf =   0.00000

 Forces referred to Ssurf, Cave 
     CLsurf  =   0.74480     CDsurf  =   0.03826

 Strip Forces referred to Strip Area, Chord
    j     Xle      Yle      Zle      Chord    Area     c_cl     ai     cl_norm    cl       cd       cdv    cm_c/4     cm_LE   C.P.x/c
     1   0.0004   0.0005   0.0000   0.2283   0.0005   0.1300   0.0907   0.6602   0.5003   0.4282   0.0000  -0.0298  -0.1407    0.310
     2   0.0035   0.0049   0.0000   0.2261   0.0015   0.1300   0.0913   0.7499   0.5683   0.0892   0.0000  -0.0281  -0.1404    0.299
     3   0.0096   0.0135   0.0000   0.2216   0.0024   0.1300   0.0928   0.7695   0.5831   0.0719   0.0000  -0.0228  -0.1385    0.289
     4   0.0185   0.0262   0.0000   0.2151   0.0031   0.1299   0.0947   0.7943   0.6019   0.0648   0.0000  -0.0161  -0.1364    0.277
     5   0.0301   0.0426   0.0000   0.2067   0.0037   0.1294   0.0962   0.8261   0.6260   0.0578   0.0000  -0.0095  -0.1357    0.265
     6   0.0440   0.0623   0.0000   0.1965   0.0042   0.1284   0.0970   0.8640   0.6547   0.0511   0.0000  -0.0041  -0.1368    0.256
     7   0.0599   0.0849   0.0000   0.1849   0.0044   0.1265   0.0968   0.9070   0.6873   0.0450   0.0000   0.0000  -0.1397    0.250
     8   0.0775   0.1098   0.0000   0.1721   0.0044   0.1236   0.0956   0.9537   0.7227   0.0392   0.0000   0.0030  -0.1442    0.246
     9   0.0962   0.1363   0.0000   0.1585   0.0043   0.1195   0.0935   1.0031   0.7601   0.0336   0.0000   0.0049  -0.1499    0.244
    10   0.1157   0.1638   0.0000   0.1443   0.0040   0.1141   0.0907   1.0541   0.7987   0.0281   0.0000   0.0063  -0.1564    0.242
    11   0.1353   0.1918   0.0000   0.1300   0.0036   0.1076   0.0876   1.1052   0.8374   0.0223   0.0000   0.0073  -0.1631    0.241
    12   0.1548   0.2193   0.0000   0.1158   0.0031   0.1000   0.0849   1.1546   0.8749   0.0161   0.0000   0.0082  -0.1696    0.241
    13   0.1735   0.2458   0.0000   0.1022   0.0026   0.0915   0.0831   1.1994   0.9089   0.0094   0.0000   0.0096  -0.1751    0.239
    14   0.1911   0.2707   0.0000   0.0894   0.0021   0.0823   0.0834   1.2346   0.9355   0.0023   0.0000   0.0119  -0.1783    0.237
    15   0.2070   0.2933   0.0000   0.0778   0.0016   0.0724   0.0873   1.2505   0.9476  -0.0053   0.0000   0.0161  -0.1770    0.233
    16   0.2209   0.3130   0.0000   0.0676   0.0012   0.0618   0.0962   1.2300   0.9321  -0.0133   0.0000   0.0239  -0.1672    0.224
    17   0.2325   0.3294   0.0000   0.0592   0.0009   0.0502   0.1098   1.1446   0.8673  -0.0217   0.0000   0.0365  -0.1436    0.208
    18   0.2414   0.3421   0.0000   0.0527   0.0006   0.0373   0.1234   0.9577   0.7257  -0.0291   0.0000   0.0511  -0.1029    0.180
    19   0.2475   0.3507   0.0000   0.0482   0.0003   0.0230   0.1292   0.6460   0.4895  -0.0305   0.0000   0.0538  -0.0533    0.140
    20   0.2506   0.3551   0.0000   0.0460   0.0001   0.0077   0.1245   0.2298   0.1741  -0.0194   0.0000   0.0250  -0.0138    0.106

  Surface # 2     Wing (YDUP)                             
     # Chordwise = 10   # Spanwise = 20     First strip = 21
     Surface area Ssurf =    0.048771     Ave. chord Cave =    0.137150

 Forces referred to Sref, Cref, Bref about Xref, Yref, Zref
 Standard axis orientation,  X fwd, Z down         
     CLsurf  =   0.37256     Clsurf  =   0.07823
     CYsurf  =  -0.00779     Cmsurf  =  -0.08281
     CDsurf  =   0.01914     Cnsurf  =   0.01478
     CDisurf =   0.01914     CDvsurf =   0.00000

 Forces referred to Ssurf, Cave 
     CLsurf  =   0.74480     CDsurf  =   0.03826

 Strip Forces referred to Strip Area, Chord
    j     Xle      Yle      Zle      Chord    Area     c_cl     ai     cl_norm    cl       cd       cdv    cm_c/4     cm_LE   C.P.x/c
    21   0.0004  -0.0005   0.0000   0.2283   0.0005   0.1300   0.0907   0.6602   0.5003   0.4282   0.0000  -0.0298   0.1407    0.310
    22   0.0035  -0.0049   0.0000   0.2261   0.0015   0.1300   0.0913   0.7499   0.5683   0.0892   0.0000  -0.0281   0.1404    0.299
    23   0.0096  -0.0135   0.0000   0.2216   0.0024   0.1300   0.0928   0.7695   0.5831   0.0719   0.0000  -0.0228   0.1385    0.289
    24   0.0185  -0.0262   0.0000   0.2151   0.0031   0.1299   0.0947   0.7943   0.6019   0.0648   0.0000  -0.0161   0.1364    0.277
    25   0.0301  -0.0426   0.0000   0.2067   0.0037   0.1294   0.0962   0.8261   0.6260   0.0578   0.0000  -0.0095   0.1357    0.265
    26   0.0440  -0.0623   0.0000   0.1965   0.0042   0.1284   0.0970   0.8640   0.6547   0.0511   0.0000  -0.0041   0.1368    0.256
    27   0.0599  -0.0849   0.0000   0.1849   0.0044   0.1265   0.0968   0.9070   0.6873   0.0450   0.0000   0.0000   0.1397    0.250
    28   0.0775  -0.1098   0.0000   0.1721   0.0044   0.1236   0.0956   0.9537   0.7227   0.0392   0.0000   0.0030   0.1442    0.246
    29   0.0962  -0.1363   0.0000   0.1585   0.0043   0.1195   0.0935   1.0031   0.7601   0.0336   0.0000   0.0049   0.1499    0.244
    30   0.1157  -0.1638   0.0000   0.1443   0.0040   0.1141   0.0907   1.0541   0.7987   0.0281   0.0000   0.0063   0.1564    0.242
    31   0.1353  -0.1918   0.0000   0.1300   0.0036   0.1076   0.0876   1.1052   0.8374   0.0223   0.0000   0.0073   0.1631    0.241
    32   0.1548  -0.2193   0.0000   0.1158   0.0031   0.1000   0.0849   1.1546   0.8749   0.0161   0.0000   0.0082   0.1696    0.241
    33   0.1735  -0.2458   0.0000   0.1022   0.0026   0.0915   0.0831   1.1994   0.9089   0.0094   0.0000   0.0096   0.1751    0.239
    34   0.1911  -0.2707   0.0000   0.0894   0.0021   0.0823   0.0834   1.2346   0.9355   0.0023   0.0000   0.0119   0.1783    0.237
    35   0.2070  -0.2933   0.0000   0.0778   0.0016   0.0724   0.0873   1.2505   0.9476  -0.0053   0.0000   0.0161   0.1770    0.233
    36   0.2209  -0.3130   0.0000   0.0676   0.0012   0.0618   0.0962   1.2300   0.9321  -0.0133   0.0000   0.0239   0.1672    0.224
    37   0.2325  -0.3294   0.0000   0.0592   0.0009   0.0502   0.1098   1.1446   0.8673  -0.0217   0.0000   0.0365   0.1436    0.208
    38   0.2414  -0.3421   0.0000   0.0527   0.0006   0.0373   0.1234   0.9577   0.7257  -0.0291   0.0000   0.0511   0.1029    0.180
    39   0.2475  -0.3507   0.0000   0.0482   0.0003   0.0230   0.1292   0.6460   0.4895  -0.0305   0.0000   0.0538   0.0533    0.140
    40   0.2506  -0.3551   0.0000   0.0460   0.0001   0.0077   0.1245   0.2298   0.1741  -0.0194   0.0000   0.0250   0.0138    0.106
 ---------------------------------------------------------------
