 ---------------------------------------------------------------
 Surface and Strip Forces by surface

  Sref = 0.15330       Cref = 0.19250       Bref = 0.91440    
  Xref = 0.10920       Yref =  0.0000       Zref =  0.0000    

  Surface # 1     Wing                                    
     # Chordwise = 10   # Spanwise = 20     First strip =  1
     Surface area Ssurf =    0.076650     Ave. chord Cave =    0.167650

 Forces referred to Sref, Cref, Bref about Xref, Yref, Zref
 Standard axis orientation,  X fwd, Z down         
     CLsurf  =   0.23695     Clsurf  =  -0.04999
     CYsurf  =   0.00334     Cmsurf  =  -0.08852
     CDsurf  =   0.00743     Cnsurf  =  -0.00578
     CDisurf =   0.00743     CDvsurf =   0.00000

 Forces referred to Ssurf, Cave 
     CLsurf  =   0.47390     CDsurf  =   0.01487

 Strip Forces referred to Strip Area, Chord
    j     Xle      Yle      Zle      Chord    Area     c_cl     ai     cl_norm    cl       cd       cdv    cm_c/4     cm_LE   C.P.x/c
     1   0.0005   0.0007   0.0000   0.2791   0.0008   0.1016   0.0555   0.4604   0.3465   0.1807   0.0000  -0.0185  -0.0897    0.303
     2   0.0044   0.0063   0.0000   0.2763   0.0023   0.1016   0.0549   0.4862   0.3659   0.0354   0.0000  -0.0173  -0.0894    0.297
     3   0.0122   0.0174   0.0000   0.2709   0.0037   0.1015   0.0555   0.4969   0.3740   0.0284   0.0000  -0.0135  -0.0879    0.286
     4   0.0236   0.0337   0.0000   0.2629   0.0049   0.1014   0.0566   0.5120   0.3853   0.0257   0.0000  -0.0087  -0.0862    0.273
     5   0.0383   0.0548   0.0000   0.2526   0.0059   0.1011   0.0577   0.5316   0.4001   0.0228   0.0000  -0.0042  -0.0854    0.260
     6   0.0561   0.0801   0.0000   0.2402   0.0066   0.1003   0.0584   0.5553   0.4179   0.0200   0.0000  -0.0004  -0.0859    0.251
     7   0.0764   0.1092   0.0000   0.2260   0.0069   0.0989   0.0584   0.5822   0.4381   0.0174   0.0000   0.0023  -0.0877    0.245
     8   0.0987   0.1411   0.0000   0.2104   0.0070   0.0966   0.0577   0.6115   0.4602   0.0150   0.0000   0.0042  -0.0906    0.241
     9   0.1226   0.1752   0.0000   0.1937   0.0068   0.0934   0.0564   0.6424   0.4834   0.0128   0.0000   0.0055  -0.0943    0.239
    10   0.1474   0.2107   0.0000   0.1764   0.0063   0.0892   0.0546   0.6742   0.5073   0.0105   0.0000   0.0063  -0.0984    0.238
    11   0.1724   0.2465   0.0000   0.1589   0.0057   0.0840   0.0526   0.7059   0.5312   0.0082   0.0000   0.0068  -0.1028    0.237
    12   0.1972   0.2820   0.0000   0.1416   0.0049   0.0781   0.0509   0.7365   0.5543   0.0057   0.0000   0.0074  -0.1069    0.237
    13   0.2211   0.3161   0.0000   0.1249   0.0041   0.0714   0.0497   0.7642   0.5751   0.0031   0.0000   0.0082  -0.1105    0.236
    14   0.2434   0.3480   0.0000   0.1093   0.0033   0.0642   0.0498   0.7859   0.5914   0.0003   0.0000   0.0095  -0.1127    0.234
    15   0.2637   0.3771   0.0000   0.0951   0.0026   0.0566   0.0523   0.7957   0.5988  -0.0026   0.0000   0.0120  -0.1121    0.230
    16   0.2815   0.4024   0.0000   0.0827   0.0019   0.0484   0.0581   0.7828   0.5891  -0.0057   0.0000   0.0167  -0.1061    0.222
    17   0.2962   0.4235   0.0000   0.0724   0.0014   0.0394   0.0671   0.7286   0.5483  -0.0090   0.0000   0.0248  -0.0911    0.205
    18   0.3076   0.4398   0.0000   0.0644   0.0009   0.0293   0.0756   0.6090   0.4583  -0.0120   0.0000   0.0347  -0.0646    0.174
    19   0.3154   0.4509   0.0000   0.0590   0.0005   0.0180   0.0772   0.4087   0.3076  -0.0125   0.0000   0.0371  -0.0319    0.129
    20   0.3193   0.4565   0.0000   0.0562   0.0002   0.0060   0.0695   0.1437   0.1081  -0.0077   0.0000   0.0175  -0.0075    0.088

  Surface # 2     Wing (YDUP)                             
     # Chordwise = 10   # Spanwise = 20     First strip = 21
     Surface area Ssurf =    0.076650     Ave. chord Cave =    0.167650

 Forces referred to Sref, Cref, Bref about Xref, Yref, Zref
 Standard axis orientation,  X fwd, Z down         
     CLsurf  =   0.23695     Clsurf  =   0.04999
     CYsurf  =  -0.00334     Cmsurf  =  -0.08852
     CDsurf  =   0.00743     Cnsurf  =   0.00578
     CDisurf =   0.00743     CDvsurf =   0.00000

 Forces referred to Ssurf, Cave 
     CLsurf  =   0.47390     CDsurf  =   0.01487

 Strip Forces referred to Strip Area, Chord
    j     Xle      Yle      Zle      Chord    Area     c_cl     ai     cl_norm    cl       cd       cdv    cm_c/4     cm_LE   C.P.x/c
    21   0.0005  -0.0007   0.0000   0.2791   0.0008   0.1016   0.0555   0.4604   0.3465   0.1807   0.0000  -0.0185   0.0897    0.303
    22   0.0044  -0.0063   0.0000   0.2763   0.0023   0.1016   0.0549   0.4862   0.3659   0.0354   0.0000  -0.0173   0.0894    0.297
    23   0.0122  -0.0174   0.0000   0.2709   0.0037   0.1015   0.0555   0.4969   0.3740   0.0284   0.0000  -0.0135   0.0879    0.286
    24   0.0236  -0.0337   0.0000   0.2629   0.0049   0.1014   0.0566   0.5120   0.3853   0.0257   0.0000  -0.0087   0.0862    0.273
    25   0.0383  -0.0548   0.0000   0.2526   0.0059   0.1011   0.0577   0.5316   0.4001   0.0228   0.0000  -0.0042   0.0854    0.260
    26   0.0561  -0.0801   0.0000   0.2402   0.0066   0.1003   0.0584   0.5553   0.4179   0.0200   0.0000  -0.0004   0.0859    0.251
    27   0.0764  -0.1092   0.0000   0.2260   0.0069   0.0989   0.0584   0.5822   0.4381   0.0174   0.0000   0.0023   0.0877    0.245
    28   0.0987  -0.1411   0.0000   0.2104   0.0070   0.0966   0.0577   0.6115   0.4602   0.0150   0.0000   0.0042   0.0906    0.241
    29   0.1226  -0.1752   0.0000   0.1937   0.0068   0.0934   0.0564   0.6424   0.4834   0.0128   0.0000   0.0055   0.0943    0.239
    30   0.1474  -0.2107   0.0000   0.1764   0.0063   0.0892   0.0546   0.6742   0.5073   0.0105   0.0000   0.0063   0.0984    0.238
    31   0.1724  -0.2465   0.0000   0.1589   0.0057   0.0840   0.0526   0.7059   0.5312   0.0082   0.0000   0.0068   0.1028    0.237
    32   0.1972  -0.2820   0.0000   0.1416   0.0049   0.0781   0.0509   0.7365   0.5543   0.0057   0.0000   0.0074   0.1069    0.237
    33   0.2211  -0.3161   0.0000   0.1249   0.0041   0.0714   0.0497   0.7642   0.5751   0.0031   0.0000   0.0082   0.1105    0.236
    34   0.2434  -0.3480   0.0000   0.1093   0.0033   0.0642   0.0498   0.7859   0.5914   0.0003   0.0000   0.0095   0.1127    0.234
    35   0.2637  -0.3771   0.0000   0.0951   0.0026   0.0566   0.0523   0.7957   0.5988  -0.0026   0.0000   0.0120   0.1121    0.230
    36   0.2815  -0.4024   0.0000   0.0827   0.0019   0.0484   0.0581   0.7828   0.5891  -0.0057   0.0000   0.0167   0.1061    0.222
    37   0.2962  -0.4235   0.0000   0.0724   0.0014   0.0394   0.0671   0.7286   0.5483  -0.0090   0.0000   0.0248   0.0911    0.205
    38   0.3076  -0.4398   0.0000   0.0644   0.0009   0.0293   0.0756   0.6090   0.4583  -0.0120   0.0000   0.0347   0.0646    0.174
    39   0.3154  -0.4509   0.0000   0.0590   0.0005   0.0180   0.0772   0.4087   0.3076  -0.0125   0.0000   0.0371   0.0319    0.129
    40   0.3193  -0.4565   0.0000   0.0562   0.0002   0.0060   0.0695   0.1437   0.1081  -0.0077   0.0000   0.0175   0.0075    0.088
 ---------------------------------------------------------------
