 ---------------------------------------------------------------
 Surface and Strip Forces by surface

  Sref = 0.18060       Cref = 0.25400       Bref = 0.71120    
  Xref = 0.10920       Yref =  0.0000       Zref =  0.0000    

  Surface # 1     Wing                                    
     # Chordwise = 10   # Spanwise = 20     First strip =  1
     Surface area Ssurf =    0.090322     Ave. chord Cave =    0.254000

 Forces referred to Sref, Cref, Bref about Xref, Yref, Zref
 Standard axis orientation,  X fwd, Z down         
     CLsurf  =   0.20113     Clsurf  =  -0.04374
     CYsurf  =   0.00560     Cmsurf  =  -0.00106
     CDsurf  =   0.00992     Cnsurf  =  -0.00607
     CDisurf =   0.00992     CDvsurf =   0.00000

 Forces referred to Ssurf, Cave 
     CLsurf  =   0.40216     CDsurf  =   0.01984

 Strip Forces referred to Strip Area, Chord
    j     Xle      Yle      Zle      Chord    Area     c_cl     ai     cl_norm    cl       cd       cdv    cm_c/4     cm_LE   C.P.x/c
     1   0.0002   0.0005   0.0000   0.2540   0.0006   0.1223   0.0711   0.5134   0.4544   0.2463   0.0000  -0.0119  -0.1243    0.276
     2   0.0018   0.0049   0.0000   0.2540   0.0017   0.1223   0.0704   0.5419   0.4796   0.0469   0.0000  -0.0109  -0.1234    0.273
     3   0.0049   0.0135   0.0000   0.2540   0.0027   0.1224   0.0715   0.5437   0.4811   0.0356   0.0000  -0.0079  -0.1206    0.266
     4   0.0095   0.0262   0.0000   0.2540   0.0037   0.1224   0.0737   0.5445   0.4818   0.0320   0.0000  -0.0039  -0.1169    0.258
     5   0.0155   0.0426   0.0000   0.2540   0.0046   0.1225   0.0766   0.5451   0.4823   0.0289   0.0000   0.0002  -0.1130    0.249
     6   0.0227   0.0623   0.0000   0.2540   0.0054   0.1223   0.0798   0.5447   0.4820   0.0263   0.0000   0.0040  -0.1093    0.242
     7   0.0309   0.0849   0.0000   0.2540   0.0060   0.1218   0.0833   0.5426   0.4802   0.0241   0.0000   0.0073  -0.1057    0.235
     8   0.0399   0.1098   0.0000   0.2540   0.0065   0.1206   0.0869   0.5379   0.4760   0.0222   0.0000   0.0103  -0.1019    0.228
     9   0.0496   0.1363   0.0000   0.2540   0.0069   0.1187   0.0908   0.5294   0.4684   0.0205   0.0000   0.0130  -0.0976    0.222
    10   0.0596   0.1638   0.0000   0.2540   0.0071   0.1157   0.0948   0.5162   0.4568   0.0190   0.0000   0.0156  -0.0923    0.216
    11   0.0698   0.1918   0.0000   0.2540   0.0071   0.1115   0.0990   0.4974   0.4401   0.0175   0.0000   0.0184  -0.0858    0.208
    12   0.0798   0.2193   0.0000   0.2540   0.0069   0.1058   0.1031   0.4720   0.4177   0.0159   0.0000   0.0212  -0.0779    0.199
    13   0.0895   0.2458   0.0000   0.2540   0.0065   0.0984   0.1068   0.4394   0.3888   0.0142   0.0000   0.0240  -0.0685    0.188
    14   0.0985   0.2707   0.0000   0.2540   0.0060   0.0894   0.1097   0.3991   0.3532   0.0123   0.0000   0.0265  -0.0578    0.175
    15   0.1067   0.2933   0.0000   0.2540   0.0054   0.0787   0.1113   0.3513   0.3108   0.0102   0.0000   0.0282  -0.0463    0.159
    16   0.1139   0.3130   0.0000   0.2540   0.0046   0.0664   0.1112   0.2964   0.2623   0.0079   0.0000   0.0284  -0.0346    0.142
    17   0.1199   0.3294   0.0000   0.2540   0.0037   0.0527   0.1092   0.2357   0.2086   0.0056   0.0000   0.0266  -0.0238    0.123
    18   0.1245   0.3421   0.0000   0.2540   0.0027   0.0382   0.1055   0.1708   0.1511   0.0033   0.0000   0.0220  -0.0147    0.105
    19   0.1276   0.3507   0.0000   0.2540   0.0017   0.0231   0.1010   0.1033   0.0914   0.0009   0.0000   0.0146  -0.0076    0.090
    20   0.1292   0.3551   0.0000   0.2540   0.0006   0.0077   0.0982   0.0347   0.0307  -0.0011   0.0000   0.0051  -0.0023    0.083

  Surface # 2     Wing (YDUP)                             
     # Chordwise = 10   # Spanwise = 20     First strip = 21
     Surface area Ssurf =    0.090322     Ave. chord Cave =    0.254000

 Forces referred to Sref, Cref, Bref about Xref, Yref, Zref
 Standard axis orientation,  X fwd, Z down         
     CLsurf  =   0.20113     Clsurf  =   0.04374
     CYsurf  =  -0.00560     Cmsurf  =  -0.00106
     CDsurf  =   0.00992     Cnsurf  =   0.00607
     CDisurf =   0.00992     CDvsurf =   0.00000

 Forces referred to Ssurf, Cave 
     CLsurf  =   0.40216     CDsurf  =   0.01984

 Strip Forces referred to Strip Area, Chord
    j     Xle      Yle      Zle      Chord    Area     c_cl     ai     cl_norm    cl       cd       cdv    cm_c/4     cm_LE   C.P.x/c
    21   0.0002  -0.0005   0.0000   0.2540   0.0006   0.1223   0.0711   0.5134   0.4544   0.2463   0.0000  -0.0119   0.1243    0.276
    22   0.0018  -0.0049   0.0000   0.2540   0.0017   0.1223   0.0704   0.5419   0.4796   0.0469   0.0000  -0.0109   0.1234    0.273
    23   0.0049  -0.0135   0.0000   0.2540   0.0027   0.1224   0.0715   0.5437   0.4811   0.0356   0.0000  -0.0079   0.1206    0.266
    24   0.0095  -0.0262   0.0000   0.2540   0.0037   0.1224   0.0737   0.5445   0.4818   0.0320   0.0000  -0.0039   0.1169    0.258
    25   0.0155  -0.0426   0.0000   0.2540   0.0046   0.1225   0.0766   0.5451   0.4823   0.0289   0.0000   0.0002   0.1130    0.249
    26   0.0227  -0.0623   0.0000   0.2540   0.0054   0.1223   0.0798   0.5447   0.4820   0.0263   0.0000   0.0040   0.1093    0.242
    27   0.0309  -0.0849   0.0000   0.2540   0.0060   0.1218   0.0833   0.5426   0.4802   0.0241   0.0000   0.0073   0.1057    0.235
    28   0.0399  -0.1098   0.0000   0.2540   0.0065   0.1206   0.0869   0.5379   0.4760   0.0222   0.0000   0.0103   0.1019    0.228
    29   0.0496  -0.1363   0.0000   0.2540   0.0069   0.1187   0.0908   0.5294   0.4684   0.0205   0.0000   0.0130   0.0976    0.222
    30   0.0596  -0.1638   0.0000   0.2540   0.0071   0.1157   0.0948   0.5162   0.4568   0.0190   0.0000   0.0156   0.0923    0.216
    31   0.0698  -0.1918   0.0000   0.2540   0.0071   0.1115   0.0990   0.4974   0.4401   0.0175   0.0000   0.0184   0.0858    0.208
    32   0.0798  -0.2193   0.0000   0.2540   0.0069   0.1058   0.1031   0.4720   0.4177   0.0159   0.0000   0.0212   0.0779    0.199
    33   0.0895  -0.2458   0.0000   0.2540   0.0065   0.0984   0.1068   0.4394   0.3888   0.0142   0.0000   0.0240   0.0685    0.188
    34   0.0985  -0.2707   0.0000   0.2540   0.0060   0.0894   0.1097   0.3991   0.3532   0.0123   0.0000   0.0265   0.0578    0.175
    35   0.1067  -0.2933   0.0000   0.2540   0.0054   0.0787   0.1113   0.3513   0.3108   0.0102   0.0000   0.0282   0.0463    0.159
    36   0.1139  -0.3130   0.0000   0.2540   0.0046   0.0664   0.1112   0.2964   0.2623   0.0079   0.0000   0.0284   0.0346    0.142
    37   0.1199  -0.3294   0.0000   0.2540   0.0037   0.0527   0.1092   0.2357   0.2086   0.0056   0.0000   0.0266   0.0238    0.123
    38   0.1245  -0.3421   0.0000   0.2540   0.0027   0.0382   0.1055   0.1708   0.1511   0.0033   0.0000   0.0220   0.0147    0.105
    39   0.1276  -0.3507   0.0000   0.2540   0.0017   0.0231   0.1010   0.1033   0.0914   0.0009   0.0000   0.0146   0.0076    0.090
    40   0.1292  -0.3551   0.0000   0.2540   0.0006   0.0077   0.0982   0.0347   0.0307  -0.0011   0.0000   0.0051   0.0023    0.083
 ---------------------------------------------------------------
