 ---------------------------------------------------------------
 Surface and Strip Forces by surface

  Sref = 0.16720       Cref = 0.18360       Bref = 0.91440    
  Xref = 0.10920       Yref =  0.0000       Zref =  0.0000    

  Surface # 1     Wing                                    
     # Chordwise = 10   # Spanwise = 20     First strip =  1
     Surface area Ssurf =    0.083622     Ave. chord Cave =    0.182900

 Forces referred to Sref, Cref, Bref about Xref, Yref, Zref
 Standard axis orientation,  X fwd, Z down         
     CLsurf  =   0.21725     Clsurf  =  -0.04888
     CYsurf  =   0.00827     Cmsurf  =  -0.06815
     CDsurf  =   0.00670     Cnsurf  =  -0.00636
     CDisurf =   0.00670     CDvsurf =   0.00000

 Forces referred to Ssurf, Cave 
     CLsurf  =   0.43439     CDsurf  =   0.01340

 Strip Forces referred to Strip Area, Chord
    j     Xle      Yle      Zle      Chord    Area     c_cl     ai     cl_norm    cl       cd       cdv    cm_c/4     cm_LE   C.P.x/c
     1   0.0004   0.0007   0.0000   0.2031   0.0006   0.0880   0.0225   0.5542   0.4172   0.1753   0.0000  -0.0274  -0.1164    0.316
     2   0.0038   0.0063   0.0000   0.2026   0.0017   0.0881   0.0240   0.5757   0.4333   0.0363   0.0000  -0.0247  -0.1144    0.307
     3   0.0104   0.0174   0.0000   0.2017   0.0028   0.0884   0.0283   0.5812   0.4375   0.0297   0.0000  -0.0183  -0.1096    0.292
     4   0.0202   0.0337   0.0000   0.2002   0.0038   0.0889   0.0334   0.5897   0.4439   0.0254   0.0000  -0.0112  -0.1048    0.275
     5   0.0328   0.0548   0.0000   0.1983   0.0046   0.0896   0.0382   0.6005   0.4520   0.0215   0.0000  -0.0054  -0.1015    0.262
     6   0.0480   0.0801   0.0000   0.1961   0.0053   0.0902   0.0422   0.6123   0.4609   0.0183   0.0000  -0.0010  -0.0996    0.252
     7   0.0654   0.1092   0.0000   0.1935   0.0059   0.0907   0.0456   0.6237   0.4695   0.0158   0.0000   0.0019  -0.0988    0.246
     8   0.0846   0.1411   0.0000   0.1907   0.0063   0.0907   0.0485   0.6334   0.4768   0.0140   0.0000   0.0040  -0.0985    0.242
     9   0.1051   0.1752   0.0000   0.1876   0.0065   0.0902   0.0516   0.6402   0.4819   0.0125   0.0000   0.0056  -0.0983    0.238
    10   0.1263   0.2107   0.0000   0.1845   0.0066   0.0890   0.0551   0.6429   0.4840   0.0114   0.0000   0.0070  -0.0974    0.235
    11   0.1478   0.2465   0.0000   0.1813   0.0065   0.0871   0.0595   0.6402   0.4819   0.0104   0.0000   0.0087  -0.0955    0.232
    12   0.1690   0.2820   0.0000   0.1782   0.0062   0.0842   0.0650   0.6301   0.4743   0.0094   0.0000   0.0109  -0.0920    0.227
    13   0.1895   0.3161   0.0000   0.1751   0.0058   0.0801   0.0717   0.6102   0.4593   0.0083   0.0000   0.0138  -0.0863    0.220
    14   0.2087   0.3480   0.0000   0.1723   0.0053   0.0746   0.0791   0.5775   0.4347   0.0070   0.0000   0.0178  -0.0776    0.209
    15   0.2261   0.3771   0.0000   0.1697   0.0046   0.0673   0.0861   0.5290   0.3982   0.0053   0.0000   0.0226  -0.0656    0.193
    16   0.2413   0.4024   0.0000   0.1675   0.0039   0.0580   0.0913   0.4625   0.3482   0.0032   0.0000   0.0276  -0.0507    0.171
    17   0.2539   0.4235   0.0000   0.1656   0.0031   0.0469   0.0930   0.3781   0.2846   0.0010   0.0000   0.0307  -0.0344    0.142
    18   0.2637   0.4398   0.0000   0.1641   0.0023   0.0342   0.0903   0.2788   0.2099  -0.0009   0.0000   0.0295  -0.0194    0.109
    19   0.2703   0.4509   0.0000   0.1632   0.0014   0.0207   0.0840   0.1699   0.1279  -0.0022   0.0000   0.0219  -0.0084    0.079
    20   0.2737   0.4565   0.0000   0.1627   0.0005   0.0069   0.0782   0.0571   0.0430  -0.0027   0.0000   0.0081  -0.0021    0.061

  Surface # 2     Wing (YDUP)                             
     # Chordwise = 10   # Spanwise = 20     First strip = 21
     Surface area Ssurf =    0.083622     Ave. chord Cave =    0.182900

 Forces referred to Sref, Cref, Bref about Xref, Yref, Zref
 Standard axis orientation,  X fwd, Z down         
     CLsurf  =   0.21725     Clsurf  =   0.04888
     CYsurf  =  -0.00827     Cmsurf  =  -0.06815
     CDsurf  =   0.00670     Cnsurf  =   0.00636
     CDisurf =   0.00670     CDvsurf =   0.00000

 Forces referred to Ssurf, Cave 
     CLsurf  =   0.43439     CDsurf  =   0.01340

 Strip Forces referred to Strip Area, Chord
    j     Xle      Yle      Zle      Chord    Area     c_cl     ai     cl_norm    cl       cd       cdv    cm_c/4     cm_LE   C.P.x/c
    21   0.0004  -0.0007   0.0000   0.2031   0.0006   0.0880   0.0225   0.5542   0.4172   0.1753   0.0000  -0.0274   0.1164    0.316
    22   0.0038  -0.0063   0.0000   0.2026   0.0017   0.0881   0.0240   0.5757   0.4333   0.0363   0.0000  -0.0247   0.1144    0.307
    23   0.0104  -0.0174   0.0000   0.2017   0.0028   0.0884   0.0283   0.5812   0.4375   0.0297   0.0000  -0.0183   0.1096    0.292
    24   0.0202  -0.0337   0.0000   0.2002   0.0038   0.0889   0.0334   0.5897   0.4439   0.0254   0.0000  -0.0112   0.1048    0.275
    25   0.0328  -0.0548   0.0000   0.1983   0.0046   0.0896   0.0382   0.6005   0.4520   0.0215   0.0000  -0.0054   0.1015    0.262
    26   0.0480  -0.0801   0.0000   0.1961   0.0053   0.0902   0.0422   0.6123   0.4609   0.0183   0.0000  -0.0010   0.0996    0.252
    27   0.0654  -0.1092   0.0000   0.1935   0.0059   0.0907   0.0456   0.6237   0.4695   0.0158   0.0000   0.0019   0.0988    0.246
    28   0.0846  -0.1411   0.0000   0.1907   0.0063   0.0907   0.0485   0.6334   0.4768   0.0140   0.0000   0.0040   0.0985    0.242
    29   0.1051  -0.1752   0.0000   0.1876   0.0065   0.0902   0.0516   0.6402   0.4819   0.0125   0.0000   0.0056   0.0983    0.238
    30   0.1263  -0.2107   0.0000   0.1845   0.0066   0.0890   0.0551   0.6429   0.4840   0.0114   0.0000   0.0070   0.0974    0.235
    31   0.1478  -0.2465   0.0000   0.1813   0.0065   0.0871   0.0595   0.6402   0.4819   0.0104   0.0000   0.0087   0.0955    0.232
    32   0.1690  -0.2820   0.0000   0.1782   0.0062   0.0842   0.0650   0.6301   0.4743   0.0094   0.0000   0.0109   0.0920    0.227
    33   0.1895  -0.3161   0.0000   0.1751   0.0058   0.0801   0.0717   0.6102   0.4593   0.0083   0.0000   0.0138   0.0863    0.220
    34   0.2087  -0.3480   0.0000   0.1723   0.0053   0.0746   0.0791   0.5775   0.4347   0.0070   0.0000   0.0178   0.0776    0.209
    35   0.2261  -0.3771   0.0000   0.1697   0.0046   0.0673   0.0861   0.5290   0.3982   0.0053   0.0000   0.0226   0.0656    0.193
    36   0.2413  -0.4024   0.0000   0.1675   0.0039   0.0580   0.0913   0.4625   0.3482   0.0032   0.0000   0.0276   0.0507    0.171
    37   0.2539  -0.4235   0.0000   0.1656   0.0031   0.0469   0.0930   0.3781   0.2846   0.0010   0.0000   0.0307   0.0344    0.142
    38   0.2637  -0.4398   0.0000   0.1641   0.0023   0.0342   0.0903   0.2788   0.2099  -0.0009   0.0000   0.0295   0.0194    0.109
    39   0.2703  -0.4509   0.0000   0.1632   0.0014   0.0207   0.0840   0.1699   0.1279  -0.0022   0.0000   0.0219   0.0084    0.079
    40   0.2737  -0.4565   0.0000   0.1627   0.0005   0.0069   0.0782   0.0571   0.0430  -0.0027   0.0000   0.0081   0.0021    0.061
 ---------------------------------------------------------------
