 ---------------------------------------------------------------
 Surface and Strip Forces by surface

  Sref = 0.13010       Cref = 0.16980       Bref = 0.81280    
  Xref = 0.10920       Yref =  0.0000       Zref =  0.0000    

  Surface # 1     Wing                                    
     # Chordwise = 10   # Spanwise = 20     First strip =  1
     Surface area Ssurf =    0.065024     Ave. chord Cave =    0.160000

 Forces referred to Sref, Cref, Bref about Xref, Yref, Zref
 Standard axis orientation,  X fwd, Z down         
     CLsurf  =   0.27920     Clsurf  =  -0.05987
     CYsurf  =   0.00206     Cmsurf  =  -0.01605
     CDsurf  =   0.01058     Cnsurf  =  -0.00664
     CDisurf =   0.01058     CDvsurf =   0.00000

 Forces referred to Ssurf, Cave 
     CLsurf  =   0.55863     CDsurf  =   0.02116

 Strip Forces referred to Strip Area, Chord
    j     Xle      Yle      Zle      Chord    Area     c_cl     ai     cl_norm    cl       cd       cdv    cm_c/4     cm_LE   C.P.x/c
     1   0.0003   0.0006   0.0000   0.2284   0.0006   0.1111   0.0655   0.5251   0.4645   0.2011   0.0000  -0.0138  -0.1236    0.280
     2   0.0025   0.0056   0.0000   0.2267   0.0017   0.1111   0.0654   0.5519   0.4883   0.0455   0.0000  -0.0125  -0.1232    0.276
     3   0.0069   0.0155   0.0000   0.2234   0.0027   0.1111   0.0659   0.5613   0.4966   0.0370   0.0000  -0.0091  -0.1217    0.268
     4   0.0134   0.0299   0.0000   0.2185   0.0036   0.1110   0.0667   0.5739   0.5078   0.0330   0.0000  -0.0048  -0.1202    0.259
     5   0.0218   0.0487   0.0000   0.2122   0.0044   0.1106   0.0676   0.5898   0.5218   0.0294   0.0000  -0.0008  -0.1197    0.252
     6   0.0319   0.0712   0.0000   0.2046   0.0050   0.1098   0.0681   0.6081   0.5380   0.0263   0.0000   0.0024  -0.1203    0.246
     7   0.0435   0.0970   0.0000   0.1958   0.0053   0.1085   0.0683   0.6279   0.5555   0.0236   0.0000   0.0048  -0.1220    0.241
     8   0.0562   0.1254   0.0000   0.1863   0.0055   0.1064   0.0681   0.6480   0.5733   0.0212   0.0000   0.0065  -0.1244    0.239
     9   0.0698   0.1558   0.0000   0.1760   0.0055   0.1035   0.0677   0.6672   0.5903   0.0192   0.0000   0.0078  -0.1270    0.237
    10   0.0840   0.1873   0.0000   0.1654   0.0053   0.0997   0.0674   0.6844   0.6055   0.0173   0.0000   0.0088  -0.1294    0.235
    11   0.0982   0.2191   0.0000   0.1546   0.0049   0.0950   0.0676   0.6979   0.6174   0.0155   0.0000   0.0099  -0.1311    0.234
    12   0.1124   0.2506   0.0000   0.1440   0.0045   0.0894   0.0686   0.7058   0.6244   0.0137   0.0000   0.0113  -0.1313    0.232
    13   0.1260   0.2810   0.0000   0.1337   0.0039   0.0830   0.0709   0.7053   0.6240   0.0120   0.0000   0.0133  -0.1294    0.229
    14   0.1387   0.3094   0.0000   0.1242   0.0034   0.0756   0.0749   0.6925   0.6127   0.0103   0.0000   0.0162  -0.1241    0.224
    15   0.1503   0.3352   0.0000   0.1154   0.0028   0.0672   0.0806   0.6621   0.5858   0.0085   0.0000   0.0204  -0.1141    0.215
    16   0.1604   0.3577   0.0000   0.1078   0.0022   0.0576   0.0874   0.6074   0.5374   0.0064   0.0000   0.0258  -0.0982    0.202
    17   0.1688   0.3765   0.0000   0.1015   0.0017   0.0466   0.0935   0.5221   0.4619   0.0041   0.0000   0.0313  -0.0761    0.182
    18   0.1753   0.3909   0.0000   0.0966   0.0012   0.0342   0.0966   0.4032   0.3567   0.0018   0.0000   0.0334  -0.0503    0.156
    19   0.1797   0.4008   0.0000   0.0933   0.0007   0.0208   0.0944   0.2544   0.2251  -0.0002   0.0000   0.0275  -0.0258    0.128
    20   0.1819   0.4058   0.0000   0.0916   0.0002   0.0070   0.0886   0.0869   0.0769  -0.0020   0.0000   0.0109  -0.0073    0.108

  Surface # 2     Wing (YDUP)                             
     # Chordwise = 10   # Spanwise = 20     First strip = 21
     Surface area Ssurf =    0.065024     Ave. chord Cave =    0.160000

 Forces referred to Sref, Cref, Bref about Xref, Yref, Zref
 Standard axis orientation,  X fwd, Z down         
     CLsurf  =   0.27920     Clsurf  =   0.05987
     CYsurf  =  -0.00206     Cmsurf  =  -0.01605
     CDsurf  =   0.01058     Cnsurf  =   0.00664
     CDisurf =   0.01058     CDvsurf =   0.00000

 Forces referred to Ssurf, Cave 
     CLsurf  =   0.55863     CDsurf  =   0.02116

 Strip Forces referred to Strip Area, Chord
    j     Xle      Yle      Zle      Chord    Area     c_cl     ai     cl_norm    cl       cd       cdv    cm_c/4     cm_LE   C.P.x/c
    21   0.0003  -0.0006   0.0000   0.2284   0.0006   0.1111   0.0655   0.5251   0.4645   0.2011   0.0000  -0.0138   0.1236    0.280
    22   0.0025  -0.0056   0.0000   0.2267   0.0017   0.1111   0.0654   0.5519   0.4883   0.0455   0.0000  -0.0125   0.1232    0.276
    23   0.0069  -0.0155   0.0000   0.2234   0.0027   0.1111   0.0659   0.5613   0.4966   0.0370   0.0000  -0.0091   0.1217    0.268
    24   0.0134  -0.0299   0.0000   0.2185   0.0036   0.1110   0.0667   0.5739   0.5078   0.0330   0.0000  -0.0048   0.1202    0.259
    25   0.0218  -0.0487   0.0000   0.2122   0.0044   0.1106   0.0676   0.5898   0.5218   0.0294   0.0000  -0.0008   0.1197    0.252
    26   0.0319  -0.0712   0.0000   0.2046   0.0050   0.1098   0.0681   0.6081   0.5380   0.0263   0.0000   0.0024   0.1203    0.246
    27   0.0435  -0.0970   0.0000   0.1958   0.0053   0.1085   0.0683   0.6279   0.5555   0.0236   0.0000   0.0048   0.1220    0.241
    28   0.0562  -0.1254   0.0000   0.1863   0.0055   0.1064   0.0681   0.6480   0.5733   0.0212   0.0000   0.0065   0.1244    0.239
    29   0.0698  -0.1558   0.0000   0.1760   0.0055   0.1035   0.0677   0.6672   0.5903   0.0192   0.0000   0.0078   0.1270    0.237
    30   0.0840  -0.1873   0.0000   0.1654   0.0053   0.0997   0.0674   0.6844   0.6055   0.0173   0.0000   0.0088   0.1294    0.235
    31   0.0982  -0.2191   0.0000   0.1546   0.0049   0.0950   0.0676   0.6979   0.6174   0.0155   0.0000   0.0099   0.1311    0.234
    32   0.1124  -0.2506   0.0000   0.1440   0.0045   0.0894   0.0686   0.7058   0.6244   0.0137   0.0000   0.0113   0.1313    0.232
    33   0.1260  -0.2810   0.0000   0.1337   0.0039   0.0830   0.0709   0.7053   0.6240   0.0120   0.0000   0.0133   0.1294    0.229
    34   0.1387  -0.3094   0.0000   0.1242   0.0034   0.0756   0.0749   0.6925   0.6127   0.0103   0.0000   0.0162   0.1241    0.224
    35   0.1503  -0.3352   0.0000   0.1154   0.0028   0.0672   0.0806   0.6621   0.5858   0.0085   0.0000   0.0204   0.1141    0.215
    36   0.1604  -0.3577   0.0000   0.1078   0.0022   0.0576   0.0874   0.6074   0.5374   0.0064   0.0000   0.0258   0.0982    0.202
    37   0.1688  -0.3765   0.0000   0.1015   0.0017   0.0466   0.0935   0.5221   0.4619   0.0041   0.0000   0.0313   0.0761    0.182
    38   0.1753  -0.3909   0.0000   0.0966   0.0012   0.0342   0.0966   0.4032   0.3567   0.0018   0.0000   0.0334   0.0503    0.156
    39   0.1797  -0.4008   0.0000   0.0933   0.0007   0.0208   0.0944   0.2544   0.2251  -0.0002   0.0000   0.0275   0.0258    0.128
    40   0.1819  -0.4058   0.0000   0.0916   0.0002   0.0070   0.0886   0.0869   0.0769  -0.0020   0.0000   0.0109   0.0073    0.108
 ---------------------------------------------------------------
