 ---------------------------------------------------------------
 Surface and Strip Forces by surface

  Sref = 0.23230       Cref = 0.25400       Bref = 0.91440    
  Xref = 0.10920       Yref =  0.0000       Zref =  0.0000    

  Surface # 1     Wing                                    
     # Chordwise = 10   # Spanwise = 20     First strip =  1
     Surface area Ssurf =    0.116129     Ave. chord Cave =    0.254000

 Forces referred to Sref, Cref, Bref about Xref, Yref, Zref
 Standard axis orientation,  X fwd, Z down         
     CLsurf  =   0.15637     Clsurf  =  -0.03442
     CYsurf  =   0.00300     Cmsurf  =  -0.01183
     CDsurf  =   0.00468     Cnsurf  =  -0.00298
     CDisurf =   0.00468     CDvsurf =   0.00000

 Forces referred to Ssurf, Cave 
     CLsurf  =   0.31279     CDsurf  =   0.00936

 Strip Forces referred to Strip Area, Chord
    j     Xle      Yle      Zle      Chord    Area     c_cl     ai     cl_norm    cl       cd       cdv    cm_c/4     cm_LE   C.P.x/c
     1   0.0003   0.0007   0.0000   0.2540   0.0007   0.0929   0.0389   0.4044   0.3574   0.1169   0.0000  -0.0117  -0.0969    0.283
     2   0.0023   0.0063   0.0000   0.2540   0.0021   0.0929   0.0375   0.4132   0.3652   0.0225   0.0000  -0.0105  -0.0958    0.279
     3   0.0063   0.0174   0.0000   0.2540   0.0035   0.0929   0.0382   0.4138   0.3657   0.0175   0.0000  -0.0075  -0.0930    0.271
     4   0.0123   0.0337   0.0000   0.2540   0.0048   0.0931   0.0401   0.4147   0.3665   0.0155   0.0000  -0.0038  -0.0896    0.260
     5   0.0199   0.0548   0.0000   0.2540   0.0059   0.0933   0.0426   0.4157   0.3674   0.0137   0.0000  -0.0003  -0.0866    0.251
     6   0.0292   0.0801   0.0000   0.2540   0.0069   0.0934   0.0453   0.4165   0.3681   0.0123   0.0000   0.0026  -0.0839    0.243
     7   0.0397   0.1092   0.0000   0.2540   0.0078   0.0933   0.0481   0.4162   0.3678   0.0111   0.0000   0.0050  -0.0817    0.237
     8   0.0514   0.1411   0.0000   0.2540   0.0084   0.0929   0.0509   0.4141   0.3660   0.0102   0.0000   0.0069  -0.0794    0.231
     9   0.0638   0.1752   0.0000   0.2540   0.0089   0.0918   0.0539   0.4094   0.3619   0.0095   0.0000   0.0086  -0.0769    0.226
    10   0.0767   0.2107   0.0000   0.2540   0.0091   0.0900   0.0571   0.4014   0.3547   0.0088   0.0000   0.0102  -0.0736    0.221
    11   0.0897   0.2465   0.0000   0.2540   0.0091   0.0872   0.0606   0.3891   0.3439   0.0082   0.0000   0.0120  -0.0694    0.215
    12   0.1026   0.2820   0.0000   0.2540   0.0089   0.0833   0.0643   0.3717   0.3285   0.0076   0.0000   0.0141  -0.0638    0.207
    13   0.1150   0.3161   0.0000   0.2540   0.0084   0.0781   0.0680   0.3484   0.3079   0.0069   0.0000   0.0164  -0.0568    0.197
    14   0.1267   0.3480   0.0000   0.2540   0.0078   0.0714   0.0711   0.3185   0.2815   0.0060   0.0000   0.0188  -0.0484    0.183
    15   0.1372   0.3771   0.0000   0.2540   0.0069   0.0632   0.0731   0.2818   0.2491   0.0049   0.0000   0.0209  -0.0388    0.166
    16   0.1465   0.4024   0.0000   0.2540   0.0059   0.0535   0.0734   0.2386   0.2108   0.0038   0.0000   0.0221  -0.0286    0.145
    17   0.1541   0.4235   0.0000   0.2540   0.0048   0.0425   0.0715   0.1898   0.1677   0.0026   0.0000   0.0217  -0.0190    0.121
    18   0.1601   0.4398   0.0000   0.2540   0.0035   0.0307   0.0674   0.1372   0.1212   0.0013   0.0000   0.0187  -0.0108    0.096
    19   0.1641   0.4509   0.0000   0.2540   0.0021   0.0185   0.0619   0.0826   0.0730   0.0000   0.0000   0.0128  -0.0050    0.074
    20   0.1661   0.4565   0.0000   0.2540   0.0007   0.0062   0.0581   0.0276   0.0244  -0.0009   0.0000   0.0046  -0.0014    0.063

  Surface # 2     Wing (YDUP)                             
     # Chordwise = 10   # Spanwise = 20     First strip = 21
     Surface area Ssurf =    0.116129     Ave. chord Cave =    0.254000

 Forces referred to Sref, Cref, Bref about Xref, Yref, Zref
 Standard axis orientation,  X fwd, Z down         
     CLsurf  =   0.15637     Clsurf  =   0.03442
     CYsurf  =  -0.00300     Cmsurf  =  -0.01183
     CDsurf  =   0.00468     Cnsurf  =   0.00298
     CDisurf =   0.00468     CDvsurf =   0.00000

 Forces referred to Ssurf, Cave 
     CLsurf  =   0.31279     CDsurf  =   0.00936

 Strip Forces referred to Strip Area, Chord
    j     Xle      Yle      Zle      Chord    Area     c_cl     ai     cl_norm    cl       cd       cdv    cm_c/4     cm_LE   C.P.x/c
    21   0.0003  -0.0007   0.0000   0.2540   0.0007   0.0929   0.0389   0.4044   0.3574   0.1169   0.0000  -0.0117   0.0969    0.283
    22   0.0023  -0.0063   0.0000   0.2540   0.0021   0.0929   0.0375   0.4132   0.3652   0.0225   0.0000  -0.0105   0.0958    0.279
    23   0.0063  -0.0174   0.0000   0.2540   0.0035   0.0929   0.0382   0.4138   0.3657   0.0175   0.0000  -0.0075   0.0930    0.271
    24   0.0123  -0.0337   0.0000   0.2540   0.0048   0.0931   0.0401   0.4147   0.3665   0.0155   0.0000  -0.0038   0.0896    0.260
    25   0.0199  -0.0548   0.0000   0.2540   0.0059   0.0933   0.0426   0.4157   0.3674   0.0137   0.0000  -0.0003   0.0866    0.251
    26   0.0292  -0.0801   0.0000   0.2540   0.0069   0.0934   0.0453   0.4165   0.3681   0.0123   0.0000   0.0026   0.0839    0.243
    27   0.0397  -0.1092   0.0000   0.2540   0.0078   0.0933   0.0481   0.4162   0.3678   0.0111   0.0000   0.0050   0.0817    0.237
    28   0.0514  -0.1411   0.0000   0.2540   0.0084   0.0929   0.0509   0.4141   0.3660   0.0102   0.0000   0.0069   0.0794    0.231
    29   0.0638  -0.1752   0.0000   0.2540   0.0089   0.0918   0.0539   0.4094   0.3619   0.0095   0.0000   0.0086   0.0769    0.226
    30   0.0767  -0.2107   0.0000   0.2540   0.0091   0.0900   0.0571   0.4014   0.3547   0.0088   0.0000   0.0102   0.0736    0.221
    31   0.0897  -0.2465   0.0000   0.2540   0.0091   0.0872   0.0606   0.3891   0.3439   0.0082   0.0000   0.0120   0.0694    0.215
    32   0.1026  -0.2820   0.0000   0.2540   0.0089   0.0833   0.0643   0.3717   0.3285   0.0076   0.0000   0.0141   0.0638    0.207
    33   0.1150  -0.3161   0.0000   0.2540   0.0084   0.0781   0.0680   0.3484   0.3079   0.0069   0.0000   0.0164   0.0568    0.197
    34   0.1267  -0.3480   0.0000   0.2540   0.0078   0.0714   0.0711   0.3185   0.2815   0.0060   0.0000   0.0188   0.0484    0.183
    35   0.1372  -0.3771   0.0000   0.2540   0.0069   0.0632   0.0731   0.2818   0.2491   0.0049   0.0000   0.0209   0.0388    0.166
    36   0.1465  -0.4024   0.0000   0.2540   0.0059   0.0535   0.0734   0.2386   0.2108   0.0038   0.0000   0.0221   0.0286    0.145
    37   0.1541  -0.4235   0.0000   0.2540   0.0048   0.0425   0.0715   0.1898   0.1677   0.0026   0.0000   0.0217   0.0190    0.121
    38   0.1601  -0.4398   0.0000   0.2540   0.0035   0.0307   0.0674   0.1372   0.1212   0.0013   0.0000   0.0187   0.0108    0.096
    39   0.1641  -0.4509   0.0000   0.2540   0.0021   0.0185   0.0619   0.0826   0.0730   0.0000   0.0000   0.0128   0.0050    0.074
    40   0.1661  -0.4565   0.0000   0.2540   0.0007   0.0062   0.0581   0.0276   0.0244  -0.0009   0.0000   0.0046   0.0014    0.063
 ---------------------------------------------------------------
