 ---------------------------------------------------------------
 Surface and Strip Forces by surface

  Sref = 0.11150       Cref = 0.14000       Bref = 0.91440    
  Xref = 0.10920       Yref =  0.0000       Zref =  0.0000    

  Surface # 1     Wing                                    
     # Chordwise = 10   # Spanwise = 20     First strip =  1
     Surface area Ssurf =    0.055733     Ave. chord Cave =    0.121900

 Forces referred to Sref, Cref, Bref about Xref, Yref, Zref
 Standard axis orientation,  X fwd, Z down         
     CLsurf  =   0.32578     Clsurf  =  -0.06834
     CYsurf  =   0.01137     Cmsurf  =  -0.12335
     CDsurf  =   0.01023     Cnsurf  =  -0.01102
     CDisurf =   0.01023     CDvsurf =   0.00000

 Forces referred to Ssurf, Cave 
     CLsurf  =   0.65176     CDsurf  =   0.02046

 Strip Forces referred to Strip Area, Chord
    j     Xle      Yle      Zle      Chord    Area     c_cl     ai     cl_norm    cl       cd       cdv    cm_c/4     cm_LE   C.P.x/c
     1   0.0005   0.0007   0.0000   0.2029   0.0006   0.1014   0.0499   0.6250   0.4716   0.2321   0.0000  -0.0290  -0.1280    0.311
     2   0.0042   0.0063   0.0000   0.2010   0.0017   0.1014   0.0512   0.6650   0.5018   0.0548   0.0000  -0.0262  -0.1268    0.302
     3   0.0116   0.0174   0.0000   0.1970   0.0027   0.1015   0.0541   0.6810   0.5139   0.0458   0.0000  -0.0194  -0.1233    0.288
     4   0.0224   0.0337   0.0000   0.1912   0.0036   0.1016   0.0574   0.7038   0.5311   0.0396   0.0000  -0.0118  -0.1204    0.272
     5   0.0365   0.0548   0.0000   0.1837   0.0043   0.1015   0.0600   0.7330   0.5532   0.0338   0.0000  -0.0055  -0.1195    0.260
     6   0.0534   0.0801   0.0000   0.1747   0.0048   0.1008   0.0612   0.7671   0.5789   0.0286   0.0000  -0.0010  -0.1209    0.252
     7   0.0727   0.1092   0.0000   0.1644   0.0050   0.0994   0.0610   0.8045   0.6071   0.0242   0.0000   0.0019  -0.1242    0.247
     8   0.0940   0.1411   0.0000   0.1530   0.0051   0.0969   0.0596   0.8439   0.6368   0.0202   0.0000   0.0036  -0.1288    0.244
     9   0.1167   0.1752   0.0000   0.1409   0.0049   0.0934   0.0573   0.8841   0.6671   0.0166   0.0000   0.0045  -0.1342    0.243
    10   0.1404   0.2107   0.0000   0.1283   0.0046   0.0888   0.0544   0.9242   0.6974   0.0130   0.0000   0.0050  -0.1399    0.243
    11   0.1642   0.2465   0.0000   0.1155   0.0041   0.0833   0.0514   0.9635   0.7271   0.0093   0.0000   0.0052  -0.1457    0.243
    12   0.1879   0.2820   0.0000   0.1029   0.0036   0.0771   0.0485   1.0010   0.7554   0.0056   0.0000   0.0054  -0.1513    0.243
    13   0.2106   0.3161   0.0000   0.0908   0.0030   0.0702   0.0463   1.0351   0.7811   0.0018   0.0000   0.0058  -0.1561    0.243
    14   0.2319   0.3480   0.0000   0.0794   0.0024   0.0631   0.0458   1.0630   0.8021  -0.0021   0.0000   0.0066  -0.1597    0.242
    15   0.2512   0.3771   0.0000   0.0691   0.0019   0.0556   0.0484   1.0788   0.8141  -0.0058   0.0000   0.0084  -0.1605    0.240
    16   0.2681   0.4024   0.0000   0.0601   0.0014   0.0480   0.0563   1.0704   0.8078  -0.0094   0.0000   0.0125  -0.1557    0.235
    17   0.2822   0.4235   0.0000   0.0526   0.0010   0.0397   0.0712   1.0134   0.7648  -0.0128   0.0000   0.0212  -0.1396    0.222
    18   0.2930   0.4398   0.0000   0.0468   0.0006   0.0302   0.0899   0.8668   0.6541  -0.0163   0.0000   0.0357  -0.1046    0.195
    19   0.3004   0.4509   0.0000   0.0428   0.0004   0.0189   0.1002   0.5938   0.4481  -0.0178   0.0000   0.0456  -0.0538    0.148
    20   0.3041   0.4565   0.0000   0.0409   0.0001   0.0064   0.0943   0.2109   0.1591  -0.0112   0.0000   0.0242  -0.0123    0.098

  Surface # 2     Wing (YDUP)                             
     # Chordwise = 10   # Spanwise = 20     First strip = 21
     Surface area Ssurf =    0.055733     Ave. chord Cave =    0.121900

 Forces referred to Sref, Cref, Bref about Xref, Yref, Zref
 Standard axis orientation,  X fwd, Z down         
     CLsurf  =   0.32578     Clsurf  =   0.06834
     CYsurf  =  -0.01137     Cmsurf  =  -0.12335
     CDsurf  =   0.01023     Cnsurf  =   0.01102
     CDisurf =   0.01023     CDvsurf =   0.00000

 Forces referred to Ssurf, Cave 
     CLsurf  =   0.65176     CDsurf  =   0.02046

 Strip Forces referred to Strip Area, Chord
    j     Xle      Yle      Zle      Chord    Area     c_cl     ai     cl_norm    cl       cd       cdv    cm_c/4     cm_LE   C.P.x/c
    21   0.0005  -0.0007   0.0000   0.2029   0.0006   0.1014   0.0499   0.6250   0.4716   0.2321   0.0000  -0.0290   0.1280    0.311
    22   0.0042  -0.0063   0.0000   0.2010   0.0017   0.1014   0.0512   0.6650   0.5018   0.0548   0.0000  -0.0262   0.1268    0.302
    23   0.0116  -0.0174   0.0000   0.1970   0.0027   0.1015   0.0541   0.6810   0.5139   0.0458   0.0000  -0.0194   0.1233    0.288
    24   0.0224  -0.0337   0.0000   0.1912   0.0036   0.1016   0.0574   0.7038   0.5311   0.0396   0.0000  -0.0118   0.1204    0.272
    25   0.0365  -0.0548   0.0000   0.1837   0.0043   0.1015   0.0600   0.7330   0.5532   0.0338   0.0000  -0.0055   0.1195    0.260
    26   0.0534  -0.0801   0.0000   0.1747   0.0048   0.1008   0.0612   0.7671   0.5789   0.0286   0.0000  -0.0010   0.1209    0.252
    27   0.0727  -0.1092   0.0000   0.1644   0.0050   0.0994   0.0610   0.8045   0.6071   0.0242   0.0000   0.0019   0.1242    0.247
    28   0.0940  -0.1411   0.0000   0.1530   0.0051   0.0969   0.0596   0.8439   0.6368   0.0202   0.0000   0.0036   0.1288    0.244
    29   0.1167  -0.1752   0.0000   0.1409   0.0049   0.0934   0.0573   0.8841   0.6671   0.0166   0.0000   0.0045   0.1342    0.243
    30   0.1404  -0.2107   0.0000   0.1283   0.0046   0.0888   0.0544   0.9242   0.6974   0.0130   0.0000   0.0050   0.1399    0.243
    31   0.1642  -0.2465   0.0000   0.1155   0.0041   0.0833   0.0514   0.9635   0.7271   0.0093   0.0000   0.0052   0.1457    0.243
    32   0.1879  -0.2820   0.0000   0.1029   0.0036   0.0771   0.0485   1.0010   0.7554   0.0056   0.0000   0.0054   0.1513    0.243
    33   0.2106  -0.3161   0.0000   0.0908   0.0030   0.0702   0.0463   1.0351   0.7811   0.0018   0.0000   0.0058   0.1561    0.243
    34   0.2319  -0.3480   0.0000   0.0794   0.0024   0.0631   0.0458   1.0630   0.8021  -0.0021   0.0000   0.0066   0.1597    0.242
    35   0.2512  -0.3771   0.0000   0.0691   0.0019   0.0556   0.0484   1.0788   0.8141  -0.0058   0.0000   0.0084   0.1605    0.240
    36   0.2681  -0.4024   0.0000   0.0601   0.0014   0.0480   0.0563   1.0704   0.8078  -0.0094   0.0000   0.0125   0.1557    0.235
    37   0.2822  -0.4235   0.0000   0.0526   0.0010   0.0397   0.0712   1.0134   0.7648  -0.0128   0.0000   0.0212   0.1396    0.222
    38   0.2930  -0.4398   0.0000   0.0468   0.0006   0.0302   0.0899   0.8668   0.6541  -0.0163   0.0000   0.0357   0.1046    0.195
    39   0.3004  -0.4509   0.0000   0.0428   0.0004   0.0189   0.1002   0.5938   0.4481  -0.0178   0.0000   0.0456   0.0538    0.148
    40   0.3041  -0.4565   0.0000   0.0409   0.0001   0.0064   0.0943   0.2109   0.1591  -0.0112   0.0000   0.0242   0.0123    0.098
 ---------------------------------------------------------------
