 ---------------------------------------------------------------
 Surface and Strip Forces by surface

  Sref = 0.16520       Cref = 0.20740       Bref = 0.81280    
  Xref = 0.10920       Yref =  0.0000       Zref =  0.0000    

  Surface # 1     Wing                                    
     # Chordwise = 10   # Spanwise = 20     First strip =  1
     Surface area Ssurf =    0.082580     Ave. chord Cave =    0.203200

 Forces referred to Sref, Cref, Bref about Xref, Yref, Zref
 Standard axis orientation,  X fwd, Z down         
     CLsurf  =   0.21988     Clsurf  =  -0.04826
     CYsurf  =   0.00592     Cmsurf  =  -0.05772
     CDsurf  =   0.00855     Cnsurf  =  -0.00653
     CDisurf =   0.00855     CDvsurf =   0.00000

 Forces referred to Ssurf, Cave 
     CLsurf  =   0.43987     CDsurf  =   0.01710

 Strip Forces referred to Strip Area, Chord
    j     Xle      Yle      Zle      Chord    Area     c_cl     ai     cl_norm    cl       cd       cdv    cm_c/4     cm_LE   C.P.x/c
     1   0.0004   0.0006   0.0000   0.2538   0.0006   0.1054   0.0499   0.5196   0.3913   0.2306   0.0000  -0.0231  -0.1069    0.309
     2   0.0036   0.0056   0.0000   0.2526   0.0019   0.1054   0.0497   0.5513   0.4152   0.0427   0.0000  -0.0216  -0.1061    0.302
     3   0.0099   0.0155   0.0000   0.2501   0.0031   0.1055   0.0515   0.5587   0.4208   0.0334   0.0000  -0.0173  -0.1034    0.291
     4   0.0192   0.0299   0.0000   0.2465   0.0041   0.1057   0.0543   0.5684   0.4281   0.0300   0.0000  -0.0117  -0.1001    0.277
     5   0.0311   0.0487   0.0000   0.2418   0.0050   0.1058   0.0573   0.5808   0.4374   0.0265   0.0000  -0.0063  -0.0975    0.264
     6   0.0456   0.0712   0.0000   0.2362   0.0057   0.1058   0.0601   0.5950   0.4482   0.0233   0.0000  -0.0019  -0.0959    0.254
     7   0.0621   0.0970   0.0000   0.2297   0.0062   0.1054   0.0625   0.6099   0.4594   0.0205   0.0000   0.0017  -0.0952    0.246
     8   0.0803   0.1254   0.0000   0.2226   0.0066   0.1044   0.0648   0.6241   0.4701   0.0181   0.0000   0.0044  -0.0951    0.241
     9   0.0997   0.1558   0.0000   0.2151   0.0067   0.1028   0.0670   0.6363   0.4792   0.0161   0.0000   0.0066  -0.0951    0.236
    10   0.1198   0.1873   0.0000   0.2072   0.0066   0.1003   0.0697   0.6450   0.4858   0.0143   0.0000   0.0086  -0.0947    0.232
    11   0.1402   0.2191   0.0000   0.1992   0.0063   0.0969   0.0729   0.6484   0.4883   0.0126   0.0000   0.0107  -0.0935    0.228
    12   0.1603   0.2506   0.0000   0.1913   0.0059   0.0925   0.0771   0.6443   0.4853   0.0109   0.0000   0.0133  -0.0906    0.223
    13   0.1797   0.2810   0.0000   0.1838   0.0054   0.0868   0.0822   0.6300   0.4745   0.0092   0.0000   0.0166  -0.0855    0.215
    14   0.1979   0.3094   0.0000   0.1767   0.0048   0.0797   0.0880   0.6022   0.4535   0.0071   0.0000   0.0208  -0.0775    0.204
    15   0.2144   0.3352   0.0000   0.1702   0.0041   0.0711   0.0935   0.5573   0.4197   0.0048   0.0000   0.0258  -0.0662    0.189
    16   0.2289   0.3577   0.0000   0.1646   0.0034   0.0607   0.0976   0.4927   0.3711   0.0022   0.0000   0.0306  -0.0519    0.168
    17   0.2408   0.3765   0.0000   0.1599   0.0027   0.0487   0.0989   0.4075   0.3069  -0.0003   0.0000   0.0334  -0.0361    0.141
    18   0.2501   0.3909   0.0000   0.1563   0.0019   0.0355   0.0966   0.3039   0.2289  -0.0023   0.0000   0.0317  -0.0211    0.112
    19   0.2564   0.4008   0.0000   0.1538   0.0011   0.0215   0.0910   0.1871   0.1409  -0.0034   0.0000   0.0233  -0.0097    0.084
    20   0.2596   0.4058   0.0000   0.1526   0.0004   0.0072   0.0858   0.0633   0.0477  -0.0036   0.0000   0.0086  -0.0026    0.069

  Surface # 2     Wing (YDUP)                             
     # Chordwise = 10   # Spanwise = 20     First strip = 21
     Surface area Ssurf =    0.082580     Ave. chord Cave =    0.203200

 Forces referred to Sref, Cref, Bref about Xref, Yref, Zref
 Standard axis orientation,  X fwd, Z down         
     CLsurf  =   0.21988     Clsurf  =   0.04826
     CYsurf  =  -0.00592     Cmsurf  =  -0.05772
     CDsurf  =   0.00855     Cnsurf  =   0.00653
     CDisurf =   0.00855     CDvsurf =   0.00000

 Forces referred to Ssurf, Cave 
     CLsurf  =   0.43987     CDsurf  =   0.01710

 Strip Forces referred to Strip Area, Chord
    j     Xle      Yle      Zle      Chord    Area     c_cl     ai     cl_norm    cl       cd       cdv    cm_c/4     cm_LE   C.P.x/c
    21   0.0004  -0.0006   0.0000   0.2538   0.0006   0.1054   0.0499   0.5196   0.3913   0.2306   0.0000  -0.0231   0.1069    0.309
    22   0.0036  -0.0056   0.0000   0.2526   0.0019   0.1054   0.0497   0.5513   0.4152   0.0427   0.0000  -0.0216   0.1061    0.302
    23   0.0099  -0.0155   0.0000   0.2501   0.0031   0.1055   0.0515   0.5587   0.4208   0.0334   0.0000  -0.0173   0.1034    0.291
    24   0.0192  -0.0299   0.0000   0.2465   0.0041   0.1057   0.0543   0.5684   0.4281   0.0300   0.0000  -0.0117   0.1001    0.277
    25   0.0311  -0.0487   0.0000   0.2418   0.0050   0.1058   0.0573   0.5808   0.4374   0.0265   0.0000  -0.0063   0.0975    0.264
    26   0.0456  -0.0712   0.0000   0.2362   0.0057   0.1058   0.0601   0.5950   0.4482   0.0233   0.0000  -0.0019   0.0959    0.254
    27   0.0621  -0.0970   0.0000   0.2297   0.0062   0.1054   0.0625   0.6099   0.4594   0.0205   0.0000   0.0017   0.0952    0.246
    28   0.0803  -0.1254   0.0000   0.2226   0.0066   0.1044   0.0648   0.6241   0.4701   0.0181   0.0000   0.0044   0.0951    0.241
    29   0.0997  -0.1558   0.0000   0.2151   0.0067   0.1028   0.0670   0.6363   0.4792   0.0161   0.0000   0.0066   0.0951    0.236
    30   0.1198  -0.1873   0.0000   0.2072   0.0066   0.1003   0.0697   0.6450   0.4858   0.0143   0.0000   0.0086   0.0947    0.232
    31   0.1402  -0.2191   0.0000   0.1992   0.0063   0.0969   0.0729   0.6484   0.4883   0.0126   0.0000   0.0107   0.0935    0.228
    32   0.1603  -0.2506   0.0000   0.1913   0.0059   0.0925   0.0771   0.6443   0.4853   0.0109   0.0000   0.0133   0.0906    0.223
    33   0.1797  -0.2810   0.0000   0.1838   0.0054   0.0868   0.0822   0.6300   0.4745   0.0092   0.0000   0.0166   0.0855    0.215
    34   0.1979  -0.3094   0.0000   0.1767   0.0048   0.0797   0.0880   0.6022   0.4535   0.0071   0.0000   0.0208   0.0775    0.204
    35   0.2144  -0.3352   0.0000   0.1702   0.0041   0.0711   0.0935   0.5573   0.4197   0.0048   0.0000   0.0258   0.0662    0.189
    36   0.2289  -0.3577   0.0000   0.1646   0.0034   0.0607   0.0976   0.4927   0.3711   0.0022   0.0000   0.0306   0.0519    0.168
    37   0.2408  -0.3765   0.0000   0.1599   0.0027   0.0487   0.0989   0.4075   0.3069  -0.0003   0.0000   0.0334   0.0361    0.141
    38   0.2501  -0.3909   0.0000   0.1563   0.0019   0.0355   0.0966   0.3039   0.2289  -0.0023   0.0000   0.0317   0.0211    0.112
    39   0.2564  -0.4008   0.0000   0.1538   0.0011   0.0215   0.0910   0.1871   0.1409  -0.0034   0.0000   0.0233   0.0097    0.084
    40   0.2596  -0.4058   0.0000   0.1526   0.0004   0.0072   0.0858   0.0633   0.0477  -0.0036   0.0000   0.0086   0.0026    0.069
 ---------------------------------------------------------------
