 ---------------------------------------------------------------
 Surface and Strip Forces by surface

  Sref = 0.14450       Cref = 0.18870       Bref = 0.81280    
  Xref = 0.10920       Yref =  0.0000       Zref =  0.0000    

  Surface # 1     Wing                                    
     # Chordwise = 10   # Spanwise = 20     First strip =  1
     Surface area Ssurf =    0.072258     Ave. chord Cave =    0.177800

 Forces referred to Sref, Cref, Bref about Xref, Yref, Zref
 Standard axis orientation,  X fwd, Z down         
     CLsurf  =   0.25138     Clsurf  =  -0.05384
     CYsurf  =   0.00074     Cmsurf  =  -0.02038
     CDsurf  =   0.00954     Cnsurf  =  -0.00533
     CDisurf =   0.00954     CDvsurf =   0.00000

 Forces referred to Ssurf, Cave 
     CLsurf  =   0.50270     CDsurf  =   0.01907

 Strip Forces referred to Strip Area, Chord
    j     Xle      Yle      Zle      Chord    Area     c_cl     ai     cl_norm    cl       cd       cdv    cm_c/4     cm_LE   C.P.x/c
     1   0.0003   0.0006   0.0000   0.2538   0.0006   0.1115   0.0667   0.4753   0.4203   0.1862   0.0000  -0.0111  -0.1100    0.276
     2   0.0026   0.0056   0.0000   0.2519   0.0019   0.1115   0.0664   0.4988   0.4412   0.0401   0.0000  -0.0102  -0.1099    0.273
     3   0.0071   0.0155   0.0000   0.2482   0.0030   0.1115   0.0667   0.5072   0.4486   0.0322   0.0000  -0.0073  -0.1088    0.266
     4   0.0137   0.0299   0.0000   0.2428   0.0040   0.1113   0.0672   0.5183   0.4584   0.0290   0.0000  -0.0037  -0.1076    0.258
     5   0.0223   0.0487   0.0000   0.2357   0.0049   0.1109   0.0678   0.5324   0.4708   0.0261   0.0000  -0.0002  -0.1071    0.250
     6   0.0326   0.0712   0.0000   0.2273   0.0055   0.1101   0.0682   0.5486   0.4852   0.0236   0.0000   0.0028  -0.1076    0.244
     7   0.0444   0.0970   0.0000   0.2176   0.0059   0.1088   0.0683   0.5663   0.5008   0.0213   0.0000   0.0051  -0.1089    0.240
     8   0.0574   0.1254   0.0000   0.2070   0.0061   0.1067   0.0682   0.5843   0.5168   0.0193   0.0000   0.0069  -0.1109    0.237
     9   0.0713   0.1558   0.0000   0.1956   0.0061   0.1037   0.0680   0.6016   0.5321   0.0175   0.0000   0.0083  -0.1131    0.234
    10   0.0857   0.1873   0.0000   0.1838   0.0058   0.0999   0.0679   0.6170   0.5457   0.0158   0.0000   0.0094  -0.1150    0.233
    11   0.1003   0.2191   0.0000   0.1718   0.0055   0.0952   0.0681   0.6290   0.5563   0.0142   0.0000   0.0106  -0.1163    0.231
    12   0.1147   0.2506   0.0000   0.1600   0.0050   0.0896   0.0691   0.6356   0.5622   0.0127   0.0000   0.0121  -0.1162    0.228
    13   0.1286   0.2810   0.0000   0.1486   0.0044   0.0830   0.0712   0.6343   0.5610   0.0111   0.0000   0.0142  -0.1140    0.225
    14   0.1416   0.3094   0.0000   0.1380   0.0038   0.0755   0.0747   0.6215   0.5496   0.0094   0.0000   0.0171  -0.1088    0.219
    15   0.1534   0.3352   0.0000   0.1283   0.0031   0.0668   0.0794   0.5923   0.5238   0.0076   0.0000   0.0211  -0.0993    0.210
    16   0.1637   0.3577   0.0000   0.1199   0.0025   0.0570   0.0848   0.5412   0.4786   0.0056   0.0000   0.0259  -0.0846    0.196
    17   0.1723   0.3765   0.0000   0.1128   0.0019   0.0459   0.0893   0.4632   0.4097   0.0034   0.0000   0.0303  -0.0650    0.176
    18   0.1789   0.3909   0.0000   0.1074   0.0013   0.0336   0.0909   0.3564   0.3152   0.0013   0.0000   0.0314  -0.0427    0.151
    19   0.1834   0.4008   0.0000   0.1037   0.0008   0.0204   0.0880   0.2243   0.1984  -0.0004   0.0000   0.0251  -0.0219    0.123
    20   0.1857   0.4058   0.0000   0.1018   0.0003   0.0068   0.0823   0.0765   0.0677  -0.0020   0.0000   0.0098  -0.0063    0.105

  Surface # 2     Wing (YDUP)                             
     # Chordwise = 10   # Spanwise = 20     First strip = 21
     Surface area Ssurf =    0.072258     Ave. chord Cave =    0.177800

 Forces referred to Sref, Cref, Bref about Xref, Yref, Zref
 Standard axis orientation,  X fwd, Z down         
     CLsurf  =   0.25138     Clsurf  =   0.05384
     CYsurf  =  -0.00074     Cmsurf  =  -0.02038
     CDsurf  =   0.00954     Cnsurf  =   0.00533
     CDisurf =   0.00954     CDvsurf =   0.00000

 Forces referred to Ssurf, Cave 
     CLsurf  =   0.50270     CDsurf  =   0.01907

 Strip Forces referred to Strip Area, Chord
    j     Xle      Yle      Zle      Chord    Area     c_cl     ai     cl_norm    cl       cd       cdv    cm_c/4     cm_LE   C.P.x/c
    21   0.0003  -0.0006   0.0000   0.2538   0.0006   0.1115   0.0667   0.4753   0.4203   0.1862   0.0000  -0.0111   0.1100    0.276
    22   0.0026  -0.0056   0.0000   0.2519   0.0019   0.1115   0.0664   0.4988   0.4412   0.0401   0.0000  -0.0102   0.1099    0.273
    23   0.0071  -0.0155   0.0000   0.2482   0.0030   0.1115   0.0667   0.5072   0.4486   0.0322   0.0000  -0.0073   0.1088    0.266
    24   0.0137  -0.0299   0.0000   0.2428   0.0040   0.1113   0.0672   0.5183   0.4584   0.0290   0.0000  -0.0037   0.1076    0.258
    25   0.0223  -0.0487   0.0000   0.2357   0.0049   0.1109   0.0678   0.5324   0.4708   0.0261   0.0000  -0.0002   0.1071    0.250
    26   0.0326  -0.0712   0.0000   0.2273   0.0055   0.1101   0.0682   0.5486   0.4852   0.0236   0.0000   0.0028   0.1076    0.244
    27   0.0444  -0.0970   0.0000   0.2176   0.0059   0.1088   0.0683   0.5663   0.5008   0.0213   0.0000   0.0051   0.1089    0.240
    28   0.0574  -0.1254   0.0000   0.2070   0.0061   0.1067   0.0682   0.5843   0.5168   0.0193   0.0000   0.0069   0.1109    0.237
    29   0.0713  -0.1558   0.0000   0.1956   0.0061   0.1037   0.0680   0.6016   0.5321   0.0175   0.0000   0.0083   0.1131    0.234
    30   0.0857  -0.1873   0.0000   0.1838   0.0058   0.0999   0.0679   0.6170   0.5457   0.0158   0.0000   0.0094   0.1150    0.233
    31   0.1003  -0.2191   0.0000   0.1718   0.0055   0.0952   0.0681   0.6290   0.5563   0.0142   0.0000   0.0106   0.1163    0.231
    32   0.1147  -0.2506   0.0000   0.1600   0.0050   0.0896   0.0691   0.6356   0.5622   0.0127   0.0000   0.0121   0.1162    0.228
    33   0.1286  -0.2810   0.0000   0.1486   0.0044   0.0830   0.0712   0.6343   0.5610   0.0111   0.0000   0.0142   0.1140    0.225
    34   0.1416  -0.3094   0.0000   0.1380   0.0038   0.0755   0.0747   0.6215   0.5496   0.0094   0.0000   0.0171   0.1088    0.219
    35   0.1534  -0.3352   0.0000   0.1283   0.0031   0.0668   0.0794   0.5923   0.5238   0.0076   0.0000   0.0211   0.0993    0.210
    36   0.1637  -0.3577   0.0000   0.1199   0.0025   0.0570   0.0848   0.5412   0.4786   0.0056   0.0000   0.0259   0.0846    0.196
    37   0.1723  -0.3765   0.0000   0.1128   0.0019   0.0459   0.0893   0.4632   0.4097   0.0034   0.0000   0.0303   0.0650    0.176
    38   0.1789  -0.3909   0.0000   0.1074   0.0013   0.0336   0.0909   0.3564   0.3152   0.0013   0.0000   0.0314   0.0427    0.151
    39   0.1834  -0.4008   0.0000   0.1037   0.0008   0.0204   0.0880   0.2243   0.1984  -0.0004   0.0000   0.0251   0.0219    0.123
    40   0.1857  -0.4058   0.0000   0.1018   0.0003   0.0068   0.0823   0.0765   0.0677  -0.0020   0.0000   0.0098   0.0063    0.105
 ---------------------------------------------------------------
