 ---------------------------------------------------------------
 Surface and Strip Forces by surface

  Sref = 0.13010       Cref = 0.21000       Bref = 0.71120    
  Xref = 0.10920       Yref =  0.0000       Zref =  0.0000    

  Surface # 1     Wing                                    
     # Chordwise = 10   # Spanwise = 20     First strip =  1
     Surface area Ssurf =    0.065039     Ave. chord Cave =    0.182900

 Forces referred to Sref, Cref, Bref about Xref, Yref, Zref
 Standard axis orientation,  X fwd, Z down         
     CLsurf  =   0.27920     Clsurf  =  -0.05830
     CYsurf  =  -0.00719     Cmsurf  =  -0.02479
     CDsurf  =   0.01401     Cnsurf  =  -0.00498
     CDisurf =   0.01401     CDvsurf =   0.00000

 Forces referred to Ssurf, Cave 
     CLsurf  =   0.55850     CDsurf  =   0.02801

 Strip Forces referred to Strip Area, Chord
    j     Xle      Yle      Zle      Chord    Area     c_cl     ai     cl_norm    cl       cd       cdv    cm_c/4     cm_LE   C.P.x/c
     1   0.0003   0.0005   0.0000   0.3044   0.0007   0.1330   0.0998   0.4563   0.4037   0.2592   0.0000  -0.0062  -0.1017    0.265
     2   0.0026   0.0049   0.0000   0.3014   0.0020   0.1330   0.1004   0.4950   0.4380   0.0539   0.0000  -0.0056  -0.1022    0.263
     3   0.0072   0.0135   0.0000   0.2955   0.0032   0.1329   0.1006   0.5066   0.4483   0.0423   0.0000  -0.0037  -0.1024    0.258
     4   0.0140   0.0262   0.0000   0.2868   0.0042   0.1326   0.1003   0.5213   0.4613   0.0390   0.0000  -0.0010  -0.1028    0.252
     5   0.0228   0.0426   0.0000   0.2756   0.0050   0.1318   0.0997   0.5401   0.4780   0.0362   0.0000   0.0018  -0.1038    0.246
     6   0.0334   0.0623   0.0000   0.2621   0.0056   0.1304   0.0987   0.5626   0.4978   0.0335   0.0000   0.0045  -0.1057    0.241
     7   0.0455   0.0849   0.0000   0.2466   0.0059   0.1281   0.0973   0.5882   0.5205   0.0310   0.0000   0.0068  -0.1085    0.237
     8   0.0588   0.1098   0.0000   0.2295   0.0059   0.1248   0.0954   0.6163   0.5454   0.0285   0.0000   0.0086  -0.1123    0.234
     9   0.0730   0.1363   0.0000   0.2114   0.0057   0.1204   0.0932   0.6464   0.5720   0.0261   0.0000   0.0100  -0.1167    0.232
    10   0.0877   0.1638   0.0000   0.1925   0.0054   0.1148   0.0906   0.6774   0.5994   0.0235   0.0000   0.0112  -0.1216    0.231
    11   0.1027   0.1918   0.0000   0.1733   0.0048   0.1080   0.0879   0.7083   0.6268   0.0206   0.0000   0.0122  -0.1266    0.230
    12   0.1174   0.2193   0.0000   0.1544   0.0042   0.1001   0.0852   0.7375   0.6526   0.0175   0.0000   0.0134  -0.1311    0.229
    13   0.1316   0.2458   0.0000   0.1363   0.0035   0.0912   0.0830   0.7624   0.6747   0.0140   0.0000   0.0149  -0.1344    0.228
    14   0.1449   0.2707   0.0000   0.1192   0.0028   0.0815   0.0819   0.7789   0.6893   0.0102   0.0000   0.0172  -0.1355    0.225
    15   0.1570   0.2933   0.0000   0.1037   0.0022   0.0710   0.0825   0.7803   0.6905   0.0060   0.0000   0.0209  -0.1324    0.220
    16   0.1676   0.3130   0.0000   0.0902   0.0016   0.0597   0.0853   0.7558   0.6688   0.0015   0.0000   0.0262  -0.1228    0.211
    17   0.1764   0.3294   0.0000   0.0790   0.0012   0.0477   0.0901   0.6904   0.6109  -0.0029   0.0000   0.0331  -0.1039    0.196
    18   0.1832   0.3421   0.0000   0.0703   0.0008   0.0348   0.0947   0.5671   0.5018  -0.0063   0.0000   0.0385  -0.0753    0.173
    19   0.1878   0.3507   0.0000   0.0644   0.0004   0.0212   0.0956   0.3771   0.3337  -0.0074   0.0000   0.0351  -0.0416    0.145
    20   0.1901   0.3551   0.0000   0.0614   0.0001   0.0071   0.0909   0.1328   0.1175  -0.0059   0.0000   0.0150  -0.0122    0.122

  Surface # 2     Wing (YDUP)                             
     # Chordwise = 10   # Spanwise = 20     First strip = 21
     Surface area Ssurf =    0.065039     Ave. chord Cave =    0.182900

 Forces referred to Sref, Cref, Bref about Xref, Yref, Zref
 Standard axis orientation,  X fwd, Z down         
     CLsurf  =   0.27920     Clsurf  =   0.05830
     CYsurf  =   0.00719     Cmsurf  =  -0.02479
     CDsurf  =   0.01401     Cnsurf  =   0.00498
     CDisurf =   0.01401     CDvsurf =   0.00000

 Forces referred to Ssurf, Cave 
     CLsurf  =   0.55850     CDsurf  =   0.02801

 Strip Forces referred to Strip Area, Chord
    j     Xle      Yle      Zle      Chord    Area     c_cl     ai     cl_norm    cl       cd       cdv    cm_c/4     cm_LE   C.P.x/c
    21   0.0003  -0.0005   0.0000   0.3044   0.0007   0.1330   0.0998   0.4563   0.4037   0.2592   0.0000  -0.0062   0.1017    0.265
    22   0.0026  -0.0049   0.0000   0.3014   0.0020   0.1330   0.1004   0.4950   0.4380   0.0539   0.0000  -0.0056   0.1022    0.263
    23   0.0072  -0.0135   0.0000   0.2955   0.0032   0.1329   0.1006   0.5066   0.4483   0.0423   0.0000  -0.0037   0.1024    0.258
    24   0.0140  -0.0262   0.0000   0.2868   0.0042   0.1326   0.1003   0.5213   0.4613   0.0390   0.0000  -0.0010   0.1028    0.252
    25   0.0228  -0.0426   0.0000   0.2756   0.0050   0.1318   0.0997   0.5401   0.4780   0.0362   0.0000   0.0018   0.1038    0.246
    26   0.0334  -0.0623   0.0000   0.2621   0.0056   0.1304   0.0987   0.5626   0.4978   0.0335   0.0000   0.0045   0.1057    0.241
    27   0.0455  -0.0849   0.0000   0.2466   0.0059   0.1281   0.0973   0.5882   0.5205   0.0310   0.0000   0.0068   0.1085    0.237
    28   0.0588  -0.1098   0.0000   0.2295   0.0059   0.1248   0.0954   0.6163   0.5454   0.0285   0.0000   0.0086   0.1123    0.234
    29   0.0730  -0.1363   0.0000   0.2114   0.0057   0.1204   0.0932   0.6464   0.5720   0.0261   0.0000   0.0100   0.1167    0.232
    30   0.0877  -0.1638   0.0000   0.1925   0.0054   0.1148   0.0906   0.6774   0.5994   0.0235   0.0000   0.0112   0.1216    0.231
    31   0.1027  -0.1918   0.0000   0.1733   0.0048   0.1080   0.0879   0.7083   0.6268   0.0206   0.0000   0.0122   0.1266    0.230
    32   0.1174  -0.2193   0.0000   0.1544   0.0042   0.1001   0.0852   0.7375   0.6526   0.0175   0.0000   0.0134   0.1311    0.229
    33   0.1316  -0.2458   0.0000   0.1363   0.0035   0.0912   0.0830   0.7624   0.6747   0.0140   0.0000   0.0149   0.1344    0.228
    34   0.1449  -0.2707   0.0000   0.1192   0.0028   0.0815   0.0819   0.7789   0.6893   0.0102   0.0000   0.0172   0.1355    0.225
    35   0.1570  -0.2933   0.0000   0.1037   0.0022   0.0710   0.0825   0.7803   0.6905   0.0060   0.0000   0.0209   0.1324    0.220
    36   0.1676  -0.3130   0.0000   0.0902   0.0016   0.0597   0.0853   0.7558   0.6688   0.0015   0.0000   0.0262   0.1228    0.211
    37   0.1764  -0.3294   0.0000   0.0790   0.0012   0.0477   0.0901   0.6904   0.6109  -0.0029   0.0000   0.0331   0.1039    0.196
    38   0.1832  -0.3421   0.0000   0.0703   0.0008   0.0348   0.0947   0.5671   0.5018  -0.0063   0.0000   0.0385   0.0753    0.173
    39   0.1878  -0.3507   0.0000   0.0644   0.0004   0.0212   0.0956   0.3771   0.3337  -0.0074   0.0000   0.0351   0.0416    0.145
    40   0.1901  -0.3551   0.0000   0.0614   0.0001   0.0071   0.0909   0.1328   0.1175  -0.0059   0.0000   0.0150   0.0122    0.122
 ---------------------------------------------------------------
