 ---------------------------------------------------------------
 Surface and Strip Forces by surface

  Sref = 0.15900       Cref = 0.20760       Bref = 0.81280    
  Xref = 0.10920       Yref =  0.0000       Zref =  0.0000    

  Surface # 1     Wing                                    
     # Chordwise = 10   # Spanwise = 20     First strip =  1
     Surface area Ssurf =    0.079492     Ave. chord Cave =    0.195600

 Forces referred to Sref, Cref, Bref about Xref, Yref, Zref
 Standard axis orientation,  X fwd, Z down         
     CLsurf  =   0.22846     Clsurf  =  -0.04913
     CYsurf  =   0.00161     Cmsurf  =  -0.04371
     CDsurf  =   0.00881     Cnsurf  =  -0.00512
     CDisurf =   0.00881     CDvsurf =   0.00000

 Forces referred to Ssurf, Cave 
     CLsurf  =   0.45696     CDsurf  =   0.01762

 Strip Forces referred to Strip Area, Chord
    j     Xle      Yle      Zle      Chord    Area     c_cl     ai     cl_norm    cl       cd       cdv    cm_c/4     cm_LE   C.P.x/c
     1   0.0004   0.0006   0.0000   0.2791   0.0007   0.1106   0.0643   0.4560   0.3755   0.2038   0.0000  -0.0144  -0.0986    0.288
     2   0.0032   0.0056   0.0000   0.2771   0.0021   0.1106   0.0638   0.4825   0.3973   0.0393   0.0000  -0.0135  -0.0984    0.284
     3   0.0088   0.0155   0.0000   0.2730   0.0033   0.1106   0.0641   0.4908   0.4041   0.0307   0.0000  -0.0105  -0.0971    0.276
     4   0.0170   0.0299   0.0000   0.2671   0.0044   0.1105   0.0649   0.5017   0.4131   0.0278   0.0000  -0.0065  -0.0955    0.266
     5   0.0277   0.0487   0.0000   0.2593   0.0054   0.1101   0.0659   0.5158   0.4247   0.0251   0.0000  -0.0026  -0.0945    0.256
     6   0.0406   0.0712   0.0000   0.2500   0.0061   0.1095   0.0668   0.5322   0.4382   0.0225   0.0000   0.0009  -0.0944    0.248
     7   0.0552   0.0970   0.0000   0.2394   0.0065   0.1083   0.0674   0.5502   0.4530   0.0202   0.0000   0.0037  -0.0951    0.242
     8   0.0714   0.1254   0.0000   0.2277   0.0067   0.1064   0.0678   0.5688   0.4683   0.0181   0.0000   0.0058  -0.0965    0.238
     9   0.0887   0.1558   0.0000   0.2152   0.0067   0.1037   0.0681   0.5869   0.4833   0.0162   0.0000   0.0076  -0.0981    0.234
    10   0.1066   0.1873   0.0000   0.2022   0.0064   0.1001   0.0684   0.6033   0.4968   0.0144   0.0000   0.0090  -0.0997    0.232
    11   0.1248   0.2191   0.0000   0.1890   0.0060   0.0956   0.0692   0.6165   0.5076   0.0127   0.0000   0.0106  -0.1007    0.229
    12   0.1427   0.2506   0.0000   0.1760   0.0055   0.0901   0.0706   0.6243   0.5140   0.0109   0.0000   0.0124  -0.1005    0.226
    13   0.1600   0.2810   0.0000   0.1635   0.0048   0.0837   0.0731   0.6241   0.5139   0.0091   0.0000   0.0147  -0.0983    0.221
    14   0.1762   0.3094   0.0000   0.1518   0.0041   0.0761   0.0768   0.6122   0.5041   0.0071   0.0000   0.0180  -0.0933    0.214
    15   0.1908   0.3352   0.0000   0.1412   0.0034   0.0675   0.0815   0.5836   0.4805   0.0049   0.0000   0.0224  -0.0843    0.203
    16   0.2037   0.3577   0.0000   0.1319   0.0027   0.0575   0.0863   0.5329   0.4388   0.0025   0.0000   0.0276  -0.0708    0.187
    17   0.2144   0.3765   0.0000   0.1241   0.0021   0.0462   0.0898   0.4554   0.3749   0.0001   0.0000   0.0320  -0.0532    0.165
    18   0.2226   0.3909   0.0000   0.1182   0.0014   0.0338   0.0901   0.3496   0.2878  -0.0019   0.0000   0.0326  -0.0338    0.137
    19   0.2282   0.4008   0.0000   0.1141   0.0008   0.0205   0.0861   0.2197   0.1809  -0.0031   0.0000   0.0257  -0.0166    0.108
    20   0.2310   0.4058   0.0000   0.1121   0.0003   0.0068   0.0803   0.0750   0.0617  -0.0033   0.0000   0.0099  -0.0046    0.089

  Surface # 2     Wing (YDUP)                             
     # Chordwise = 10   # Spanwise = 20     First strip = 21
     Surface area Ssurf =    0.079492     Ave. chord Cave =    0.195600

 Forces referred to Sref, Cref, Bref about Xref, Yref, Zref
 Standard axis orientation,  X fwd, Z down         
     CLsurf  =   0.22846     Clsurf  =   0.04913
     CYsurf  =  -0.00161     Cmsurf  =  -0.04371
     CDsurf  =   0.00881     Cnsurf  =   0.00512
     CDisurf =   0.00881     CDvsurf =   0.00000

 Forces referred to Ssurf, Cave 
     CLsurf  =   0.45696     CDsurf  =   0.01762

 Strip Forces referred to Strip Area, Chord
    j     Xle      Yle      Zle      Chord    Area     c_cl     ai     cl_norm    cl       cd       cdv    cm_c/4     cm_LE   C.P.x/c
    21   0.0004  -0.0006   0.0000   0.2791   0.0007   0.1106   0.0643   0.4560   0.3755   0.2038   0.0000  -0.0144   0.0986    0.288
    22   0.0032  -0.0056   0.0000   0.2771   0.0021   0.1106   0.0638   0.4825   0.3973   0.0393   0.0000  -0.0135   0.0984    0.284
    23   0.0088  -0.0155   0.0000   0.2730   0.0033   0.1106   0.0641   0.4908   0.4041   0.0307   0.0000  -0.0105   0.0971    0.276
    24   0.0170  -0.0299   0.0000   0.2671   0.0044   0.1105   0.0649   0.5017   0.4131   0.0278   0.0000  -0.0065   0.0955    0.266
    25   0.0277  -0.0487   0.0000   0.2593   0.0054   0.1101   0.0659   0.5158   0.4247   0.0251   0.0000  -0.0026   0.0945    0.256
    26   0.0406  -0.0712   0.0000   0.2500   0.0061   0.1095   0.0668   0.5322   0.4382   0.0225   0.0000   0.0009   0.0944    0.248
    27   0.0552  -0.0970   0.0000   0.2394   0.0065   0.1083   0.0674   0.5502   0.4530   0.0202   0.0000   0.0037   0.0951    0.242
    28   0.0714  -0.1254   0.0000   0.2277   0.0067   0.1064   0.0678   0.5688   0.4683   0.0181   0.0000   0.0058   0.0965    0.238
    29   0.0887  -0.1558   0.0000   0.2152   0.0067   0.1037   0.0681   0.5869   0.4833   0.0162   0.0000   0.0076   0.0981    0.234
    30   0.1066  -0.1873   0.0000   0.2022   0.0064   0.1001   0.0684   0.6033   0.4968   0.0144   0.0000   0.0090   0.0997    0.232
    31   0.1248  -0.2191   0.0000   0.1890   0.0060   0.0956   0.0692   0.6165   0.5076   0.0127   0.0000   0.0106   0.1007    0.229
    32   0.1427  -0.2506   0.0000   0.1760   0.0055   0.0901   0.0706   0.6243   0.5140   0.0109   0.0000   0.0124   0.1005    0.226
    33   0.1600  -0.2810   0.0000   0.1635   0.0048   0.0837   0.0731   0.6241   0.5139   0.0091   0.0000   0.0147   0.0983    0.221
    34   0.1762  -0.3094   0.0000   0.1518   0.0041   0.0761   0.0768   0.6122   0.5041   0.0071   0.0000   0.0180   0.0933    0.214
    35   0.1908  -0.3352   0.0000   0.1412   0.0034   0.0675   0.0815   0.5836   0.4805   0.0049   0.0000   0.0224   0.0843    0.203
    36   0.2037  -0.3577   0.0000   0.1319   0.0027   0.0575   0.0863   0.5329   0.4388   0.0025   0.0000   0.0276   0.0708    0.187
    37   0.2144  -0.3765   0.0000   0.1241   0.0021   0.0462   0.0898   0.4554   0.3749   0.0001   0.0000   0.0320   0.0532    0.165
    38   0.2226  -0.3909   0.0000   0.1182   0.0014   0.0338   0.0901   0.3496   0.2878  -0.0019   0.0000   0.0326   0.0338    0.137
    39   0.2282  -0.4008   0.0000   0.1141   0.0008   0.0205   0.0861   0.2197   0.1809  -0.0031   0.0000   0.0257   0.0166    0.108
    40   0.2310  -0.4058   0.0000   0.1121   0.0003   0.0068   0.0803   0.0750   0.0617  -0.0033   0.0000   0.0099   0.0046    0.089
 ---------------------------------------------------------------
