 ---------------------------------------------------------------
 Surface and Strip Forces by surface

  Sref = 0.18580       Cref = 0.22950       Bref = 0.81280    
  Xref = 0.10920       Yref =  0.0000       Zref =  0.0000    

  Surface # 1     Wing                                    
     # Chordwise = 10   # Spanwise = 20     First strip =  1
     Surface area Ssurf =    0.092903     Ave. chord Cave =    0.228600

 Forces referred to Sref, Cref, Bref about Xref, Yref, Zref
 Standard axis orientation,  X fwd, Z down         
     CLsurf  =   0.19550     Clsurf  =  -0.04290
     CYsurf  =   0.00464     Cmsurf  =  -0.02703
     CDsurf  =   0.00750     Cnsurf  =  -0.00507
     CDisurf =   0.00750     CDvsurf =   0.00000

 Forces referred to Ssurf, Cave 
     CLsurf  =   0.39099     CDsurf  =   0.01500

 Strip Forces referred to Strip Area, Chord
    j     Xle      Yle      Zle      Chord    Area     c_cl     ai     cl_norm    cl       cd       cdv    cm_c/4     cm_LE   C.P.x/c
     1   0.0003   0.0006   0.0000   0.2539   0.0006   0.1053   0.0502   0.4808   0.3958   0.1983   0.0000  -0.0175  -0.1085    0.294
     2   0.0028   0.0056   0.0000   0.2533   0.0019   0.1053   0.0496   0.5030   0.4142   0.0369   0.0000  -0.0162  -0.1076    0.289
     3   0.0077   0.0155   0.0000   0.2521   0.0031   0.1054   0.0508   0.5069   0.4173   0.0285   0.0000  -0.0126  -0.1048    0.280
     4   0.0149   0.0299   0.0000   0.2503   0.0042   0.1055   0.0532   0.5117   0.4213   0.0255   0.0000  -0.0079  -0.1014    0.269
     5   0.0242   0.0487   0.0000   0.2479   0.0051   0.1057   0.0561   0.5177   0.4262   0.0226   0.0000  -0.0033  -0.0983    0.258
     6   0.0354   0.0712   0.0000   0.2451   0.0059   0.1057   0.0590   0.5241   0.4315   0.0201   0.0000   0.0006  -0.0960    0.249
     7   0.0483   0.0970   0.0000   0.2419   0.0066   0.1054   0.0619   0.5299   0.4363   0.0180   0.0000   0.0038  -0.0941    0.241
     8   0.0624   0.1254   0.0000   0.2383   0.0070   0.1046   0.0648   0.5340   0.4397   0.0162   0.0000   0.0064  -0.0925    0.236
     9   0.0775   0.1558   0.0000   0.2345   0.0073   0.1031   0.0678   0.5353   0.4408   0.0147   0.0000   0.0086  -0.0907    0.230
    10   0.0932   0.1873   0.0000   0.2306   0.0073   0.1009   0.0713   0.5326   0.4385   0.0134   0.0000   0.0108  -0.0882    0.225
    11   0.1090   0.2191   0.0000   0.2266   0.0072   0.0976   0.0752   0.5243   0.4317   0.0122   0.0000   0.0131  -0.0846    0.220
    12   0.1247   0.2506   0.0000   0.2227   0.0069   0.0931   0.0795   0.5091   0.4192   0.0109   0.0000   0.0158  -0.0794    0.212
    13   0.1398   0.2810   0.0000   0.2189   0.0064   0.0872   0.0841   0.4853   0.3996   0.0096   0.0000   0.0190  -0.0722    0.203
    14   0.1539   0.3094   0.0000   0.2153   0.0059   0.0798   0.0884   0.4514   0.3717   0.0080   0.0000   0.0224  -0.0628    0.190
    15   0.1668   0.3352   0.0000   0.2121   0.0051   0.0707   0.0917   0.4063   0.3345   0.0062   0.0000   0.0258  -0.0515    0.173
    16   0.1780   0.3577   0.0000   0.2093   0.0043   0.0600   0.0933   0.3496   0.2878   0.0043   0.0000   0.0281  -0.0390    0.152
    17   0.1873   0.3765   0.0000   0.2069   0.0034   0.0479   0.0924   0.2823   0.2324   0.0025   0.0000   0.0283  -0.0265    0.128
    18   0.1945   0.3909   0.0000   0.2051   0.0025   0.0347   0.0889   0.2066   0.1701   0.0008   0.0000   0.0250  -0.0155    0.103
    19   0.1994   0.4008   0.0000   0.2039   0.0015   0.0210   0.0835   0.1256   0.1034  -0.0008   0.0000   0.0174  -0.0074    0.082
    20   0.2019   0.4058   0.0000   0.2033   0.0005   0.0070   0.0794   0.0423   0.0348  -0.0019   0.0000   0.0063  -0.0021    0.070

  Surface # 2     Wing (YDUP)                             
     # Chordwise = 10   # Spanwise = 20     First strip = 21
     Surface area Ssurf =    0.092903     Ave. chord Cave =    0.228600

 Forces referred to Sref, Cref, Bref about Xref, Yref, Zref
 Standard axis orientation,  X fwd, Z down         
     CLsurf  =   0.19550     Clsurf  =   0.04290
     CYsurf  =  -0.00464     Cmsurf  =  -0.02703
     CDsurf  =   0.00750     Cnsurf  =   0.00507
     CDisurf =   0.00750     CDvsurf =   0.00000

 Forces referred to Ssurf, Cave 
     CLsurf  =   0.39099     CDsurf  =   0.01500

 Strip Forces referred to Strip Area, Chord
    j     Xle      Yle      Zle      Chord    Area     c_cl     ai     cl_norm    cl       cd       cdv    cm_c/4     cm_LE   C.P.x/c
    21   0.0003  -0.0006   0.0000   0.2539   0.0006   0.1053   0.0502   0.4808   0.3958   0.1983   0.0000  -0.0175   0.1085    0.294
    22   0.0028  -0.0056   0.0000   0.2533   0.0019   0.1053   0.0496   0.5030   0.4142   0.0369   0.0000  -0.0162   0.1076    0.289
    23   0.0077  -0.0155   0.0000   0.2521   0.0031   0.1054   0.0508   0.5069   0.4173   0.0285   0.0000  -0.0126   0.1048    0.280
    24   0.0149  -0.0299   0.0000   0.2503   0.0042   0.1055   0.0532   0.5117   0.4213   0.0255   0.0000  -0.0079   0.1014    0.269
    25   0.0242  -0.0487   0.0000   0.2479   0.0051   0.1057   0.0561   0.5177   0.4262   0.0226   0.0000  -0.0033   0.0983    0.258
    26   0.0354  -0.0712   0.0000   0.2451   0.0059   0.1057   0.0590   0.5241   0.4315   0.0201   0.0000   0.0006   0.0960    0.249
    27   0.0483  -0.0970   0.0000   0.2419   0.0066   0.1054   0.0619   0.5299   0.4363   0.0180   0.0000   0.0038   0.0941    0.241
    28   0.0624  -0.1254   0.0000   0.2383   0.0070   0.1046   0.0648   0.5340   0.4397   0.0162   0.0000   0.0064   0.0925    0.236
    29   0.0775  -0.1558   0.0000   0.2345   0.0073   0.1031   0.0678   0.5353   0.4408   0.0147   0.0000   0.0086   0.0907    0.230
    30   0.0932  -0.1873   0.0000   0.2306   0.0073   0.1009   0.0713   0.5326   0.4385   0.0134   0.0000   0.0108   0.0882    0.225
    31   0.1090  -0.2191   0.0000   0.2266   0.0072   0.0976   0.0752   0.5243   0.4317   0.0122   0.0000   0.0131   0.0846    0.220
    32   0.1247  -0.2506   0.0000   0.2227   0.0069   0.0931   0.0795   0.5091   0.4192   0.0109   0.0000   0.0158   0.0794    0.212
    33   0.1398  -0.2810   0.0000   0.2189   0.0064   0.0872   0.0841   0.4853   0.3996   0.0096   0.0000   0.0190   0.0722    0.203
    34   0.1539  -0.3094   0.0000   0.2153   0.0059   0.0798   0.0884   0.4514   0.3717   0.0080   0.0000   0.0224   0.0628    0.190
    35   0.1668  -0.3352   0.0000   0.2121   0.0051   0.0707   0.0917   0.4063   0.3345   0.0062   0.0000   0.0258   0.0515    0.173
    36   0.1780  -0.3577   0.0000   0.2093   0.0043   0.0600   0.0933   0.3496   0.2878   0.0043   0.0000   0.0281   0.0390    0.152
    37   0.1873  -0.3765   0.0000   0.2069   0.0034   0.0479   0.0924   0.2823   0.2324   0.0025   0.0000   0.0283   0.0265    0.128
    38   0.1945  -0.3909   0.0000   0.2051   0.0025   0.0347   0.0889   0.2066   0.1701   0.0008   0.0000   0.0250   0.0155    0.103
    39   0.1994  -0.4008   0.0000   0.2039   0.0015   0.0210   0.0835   0.1256   0.1034  -0.0008   0.0000   0.0174   0.0074    0.082
    40   0.2019  -0.4058   0.0000   0.2033   0.0005   0.0070   0.0794   0.0423   0.0348  -0.0019   0.0000   0.0063   0.0021    0.070
 ---------------------------------------------------------------
