 ---------------------------------------------------------------
 Surface and Strip Forces by surface

  Sref = 0.17880       Cref = 0.25250       Bref = 0.71120    
  Xref = 0.10920       Yref =  0.0000       Zref =  0.0000    

  Surface # 1     Wing                                    
     # Chordwise = 10   # Spanwise = 20     First strip =  1
     Surface area Ssurf =    0.089416     Ave. chord Cave =    0.251450

 Forces referred to Sref, Cref, Bref about Xref, Yref, Zref
 Standard axis orientation,  X fwd, Z down         
     CLsurf  =   0.20316     Clsurf  =  -0.04410
     CYsurf  =   0.00465     Cmsurf  =  -0.02002
     CDsurf  =   0.01019     Cnsurf  =  -0.00630
     CDisurf =   0.01019     CDvsurf =   0.00000

 Forces referred to Ssurf, Cave 
     CLsurf  =   0.40624     CDsurf  =   0.02037

 Strip Forces referred to Strip Area, Chord
    j     Xle      Yle      Zle      Chord    Area     c_cl     ai     cl_norm    cl       cd       cdv    cm_c/4     cm_LE   C.P.x/c
     1   0.0003   0.0005   0.0000   0.2793   0.0006   0.1231   0.0740   0.4960   0.4087   0.2809   0.0000  -0.0154  -0.1121    0.288
     2   0.0025   0.0049   0.0000   0.2786   0.0018   0.1231   0.0732   0.5328   0.4391   0.0499   0.0000  -0.0144  -0.1114    0.283
     3   0.0068   0.0135   0.0000   0.2773   0.0030   0.1231   0.0740   0.5375   0.4429   0.0370   0.0000  -0.0114  -0.1092    0.276
     4   0.0132   0.0262   0.0000   0.2753   0.0040   0.1231   0.0758   0.5420   0.4467   0.0334   0.0000  -0.0071  -0.1061    0.266
     5   0.0215   0.0426   0.0000   0.2727   0.0049   0.1231   0.0783   0.5474   0.4511   0.0303   0.0000  -0.0026  -0.1030    0.256
     6   0.0315   0.0623   0.0000   0.2696   0.0057   0.1228   0.0810   0.5529   0.4556   0.0274   0.0000   0.0015  -0.1002    0.247
     7   0.0429   0.0849   0.0000   0.2661   0.0063   0.1221   0.0839   0.5575   0.4594   0.0248   0.0000   0.0052  -0.0977    0.239
     8   0.0555   0.1098   0.0000   0.2621   0.0068   0.1208   0.0870   0.5601   0.4616   0.0225   0.0000   0.0084  -0.0953    0.232
     9   0.0689   0.1363   0.0000   0.2580   0.0070   0.1186   0.0902   0.5594   0.4610   0.0204   0.0000   0.0114  -0.0924    0.225
    10   0.0828   0.1638   0.0000   0.2536   0.0071   0.1155   0.0938   0.5541   0.4566   0.0185   0.0000   0.0143  -0.0888    0.219
    11   0.0970   0.1918   0.0000   0.2493   0.0069   0.1111   0.0976   0.5427   0.4472   0.0167   0.0000   0.0173  -0.0840    0.211
    12   0.1109   0.2193   0.0000   0.2449   0.0066   0.1053   0.1016   0.5239   0.4317   0.0148   0.0000   0.0205  -0.0777    0.202
    13   0.1243   0.2458   0.0000   0.2408   0.0062   0.0980   0.1054   0.4961   0.4088   0.0127   0.0000   0.0239  -0.0695    0.192
    14   0.1369   0.2707   0.0000   0.2368   0.0056   0.0891   0.1086   0.4584   0.3777   0.0105   0.0000   0.0272  -0.0596    0.178
    15   0.1483   0.2933   0.0000   0.2333   0.0049   0.0784   0.1108   0.4100   0.3378   0.0081   0.0000   0.0299  -0.0483    0.161
    16   0.1583   0.3130   0.0000   0.2302   0.0042   0.0662   0.1112   0.3510   0.2892   0.0056   0.0000   0.0312  -0.0364    0.142
    17   0.1666   0.3294   0.0000   0.2276   0.0033   0.0527   0.1096   0.2826   0.2329   0.0033   0.0000   0.0300  -0.0249    0.121
    18   0.1730   0.3421   0.0000   0.2256   0.0024   0.0382   0.1061   0.2066   0.1703   0.0012   0.0000   0.0254  -0.0150    0.101
    19   0.1773   0.3507   0.0000   0.2243   0.0015   0.0230   0.1013   0.1258   0.1037  -0.0008   0.0000   0.0172  -0.0075    0.084
    20   0.1795   0.3551   0.0000   0.2236   0.0005   0.0077   0.0981   0.0425   0.0350  -0.0022   0.0000   0.0061  -0.0022    0.076

  Surface # 2     Wing (YDUP)                             
     # Chordwise = 10   # Spanwise = 20     First strip = 21
     Surface area Ssurf =    0.089416     Ave. chord Cave =    0.251450

 Forces referred to Sref, Cref, Bref about Xref, Yref, Zref
 Standard axis orientation,  X fwd, Z down         
     CLsurf  =   0.20316     Clsurf  =   0.04410
     CYsurf  =  -0.00465     Cmsurf  =  -0.02002
     CDsurf  =   0.01019     Cnsurf  =   0.00630
     CDisurf =   0.01019     CDvsurf =   0.00000

 Forces referred to Ssurf, Cave 
     CLsurf  =   0.40624     CDsurf  =   0.02037

 Strip Forces referred to Strip Area, Chord
    j     Xle      Yle      Zle      Chord    Area     c_cl     ai     cl_norm    cl       cd       cdv    cm_c/4     cm_LE   C.P.x/c
    21   0.0003  -0.0005   0.0000   0.2793   0.0006   0.1231   0.0740   0.4960   0.4087   0.2809   0.0000  -0.0154   0.1121    0.288
    22   0.0025  -0.0049   0.0000   0.2786   0.0018   0.1231   0.0732   0.5328   0.4391   0.0499   0.0000  -0.0144   0.1114    0.283
    23   0.0068  -0.0135   0.0000   0.2773   0.0030   0.1231   0.0740   0.5375   0.4429   0.0370   0.0000  -0.0114   0.1092    0.276
    24   0.0132  -0.0262   0.0000   0.2753   0.0040   0.1231   0.0758   0.5420   0.4467   0.0334   0.0000  -0.0071   0.1061    0.266
    25   0.0215  -0.0426   0.0000   0.2727   0.0049   0.1231   0.0783   0.5474   0.4511   0.0303   0.0000  -0.0026   0.1030    0.256
    26   0.0315  -0.0623   0.0000   0.2696   0.0057   0.1228   0.0810   0.5529   0.4556   0.0274   0.0000   0.0015   0.1002    0.247
    27   0.0429  -0.0849   0.0000   0.2661   0.0063   0.1221   0.0839   0.5575   0.4594   0.0248   0.0000   0.0052   0.0977    0.239
    28   0.0555  -0.1098   0.0000   0.2621   0.0068   0.1208   0.0870   0.5601   0.4616   0.0225   0.0000   0.0084   0.0953    0.232
    29   0.0689  -0.1363   0.0000   0.2580   0.0070   0.1186   0.0902   0.5594   0.4610   0.0204   0.0000   0.0114   0.0924    0.225
    30   0.0828  -0.1638   0.0000   0.2536   0.0071   0.1155   0.0938   0.5541   0.4566   0.0185   0.0000   0.0143   0.0888    0.219
    31   0.0970  -0.1918   0.0000   0.2493   0.0069   0.1111   0.0976   0.5427   0.4472   0.0167   0.0000   0.0173   0.0840    0.211
    32   0.1109  -0.2193   0.0000   0.2449   0.0066   0.1053   0.1016   0.5239   0.4317   0.0148   0.0000   0.0205   0.0777    0.202
    33   0.1243  -0.2458   0.0000   0.2408   0.0062   0.0980   0.1054   0.4961   0.4088   0.0127   0.0000   0.0239   0.0695    0.192
    34   0.1369  -0.2707   0.0000   0.2368   0.0056   0.0891   0.1086   0.4584   0.3777   0.0105   0.0000   0.0272   0.0596    0.178
    35   0.1483  -0.2933   0.0000   0.2333   0.0049   0.0784   0.1108   0.4100   0.3378   0.0081   0.0000   0.0299   0.0483    0.161
    36   0.1583  -0.3130   0.0000   0.2302   0.0042   0.0662   0.1112   0.3510   0.2892   0.0056   0.0000   0.0312   0.0364    0.142
    37   0.1666  -0.3294   0.0000   0.2276   0.0033   0.0527   0.1096   0.2826   0.2329   0.0033   0.0000   0.0300   0.0249    0.121
    38   0.1730  -0.3421   0.0000   0.2256   0.0024   0.0382   0.1061   0.2066   0.1703   0.0012   0.0000   0.0254   0.0150    0.101
    39   0.1773  -0.3507   0.0000   0.2243   0.0015   0.0230   0.1013   0.1258   0.1037  -0.0008   0.0000   0.0172   0.0075    0.084
    40   0.1795  -0.3551   0.0000   0.2236   0.0005   0.0077   0.0981   0.0425   0.0350  -0.0022   0.0000   0.0061   0.0022    0.076
 ---------------------------------------------------------------
