 ---------------------------------------------------------------
 Surface and Strip Forces by surface

  Sref = 0.14630       Cref = 0.16980       Bref = 0.91440    
  Xref = 0.10920       Yref =  0.0000       Zref =  0.0000    

  Surface # 1     Wing                                    
     # Chordwise = 10   # Spanwise = 20     First strip =  1
     Surface area Ssurf =    0.073152     Ave. chord Cave =    0.160000

 Forces referred to Sref, Cref, Bref about Xref, Yref, Zref
 Standard axis orientation,  X fwd, Z down         
     CLsurf  =   0.24829     Clsurf  =  -0.05374
     CYsurf  =   0.00448     Cmsurf  =  -0.05721
     CDsurf  =   0.00756     Cnsurf  =  -0.00592
     CDisurf =   0.00756     CDvsurf =   0.00000

 Forces referred to Ssurf, Cave 
     CLsurf  =   0.49656     CDsurf  =   0.01512

 Strip Forces referred to Strip Area, Chord
    j     Xle      Yle      Zle      Chord    Area     c_cl     ai     cl_norm    cl       cd       cdv    cm_c/4     cm_LE   C.P.x/c
     1   0.0004   0.0007   0.0000   0.2284   0.0006   0.0970   0.0465   0.4966   0.4088   0.1668   0.0000  -0.0186  -0.1097    0.295
     2   0.0034   0.0063   0.0000   0.2267   0.0019   0.0970   0.0463   0.5180   0.4265   0.0362   0.0000  -0.0169  -0.1089    0.290
     3   0.0094   0.0174   0.0000   0.2234   0.0031   0.0970   0.0476   0.5269   0.4338   0.0295   0.0000  -0.0125  -0.1065    0.279
     4   0.0182   0.0337   0.0000   0.2185   0.0041   0.0971   0.0494   0.5394   0.4441   0.0260   0.0000  -0.0073  -0.1041    0.266
     5   0.0296   0.0548   0.0000   0.2122   0.0049   0.0970   0.0512   0.5555   0.4573   0.0226   0.0000  -0.0027  -0.1029    0.256
     6   0.0434   0.0801   0.0000   0.2046   0.0056   0.0965   0.0525   0.5741   0.4727   0.0197   0.0000   0.0008  -0.1031    0.248
     7   0.0591   0.1092   0.0000   0.1958   0.0060   0.0956   0.0531   0.5943   0.4893   0.0172   0.0000   0.0033  -0.1044    0.243
     8   0.0764   0.1411   0.0000   0.1863   0.0062   0.0940   0.0533   0.6148   0.5061   0.0151   0.0000   0.0049  -0.1066    0.240
     9   0.0949   0.1752   0.0000   0.1760   0.0061   0.0916   0.0532   0.6345   0.5224   0.0132   0.0000   0.0061  -0.1091    0.238
    10   0.1140   0.2107   0.0000   0.1654   0.0059   0.0885   0.0530   0.6525   0.5372   0.0116   0.0000   0.0069  -0.1115    0.237
    11   0.1335   0.2465   0.0000   0.1546   0.0055   0.0846   0.0533   0.6673   0.5494   0.0100   0.0000   0.0078  -0.1134    0.236
    12   0.1526   0.2820   0.0000   0.1440   0.0050   0.0799   0.0545   0.6773   0.5576   0.0085   0.0000   0.0089  -0.1142    0.234
    13   0.1711   0.3161   0.0000   0.1337   0.0044   0.0745   0.0569   0.6800   0.5598   0.0071   0.0000   0.0105  -0.1133    0.231
    14   0.1884   0.3480   0.0000   0.1242   0.0038   0.0683   0.0612   0.6717   0.5530   0.0057   0.0000   0.0130  -0.1095    0.226
    15   0.2041   0.3771   0.0000   0.1154   0.0031   0.0612   0.0675   0.6470   0.5327   0.0042   0.0000   0.0170  -0.1016    0.218
    16   0.2179   0.4024   0.0000   0.1078   0.0025   0.0528   0.0751   0.5983   0.4926   0.0024   0.0000   0.0226  -0.0878    0.204
    17   0.2293   0.4235   0.0000   0.1015   0.0019   0.0430   0.0822   0.5180   0.4265   0.0003   0.0000   0.0290  -0.0677    0.182
    18   0.2381   0.4398   0.0000   0.0966   0.0013   0.0318   0.0854   0.4019   0.3309  -0.0017   0.0000   0.0328  -0.0434    0.151
    19   0.2441   0.4509   0.0000   0.0933   0.0008   0.0194   0.0825   0.2539   0.2090  -0.0028   0.0000   0.0282  -0.0208    0.115
    20   0.2471   0.4565   0.0000   0.0916   0.0003   0.0065   0.0754   0.0866   0.0713  -0.0030   0.0000   0.0115  -0.0054    0.089

  Surface # 2     Wing (YDUP)                             
     # Chordwise = 10   # Spanwise = 20     First strip = 21
     Surface area Ssurf =    0.073152     Ave. chord Cave =    0.160000

 Forces referred to Sref, Cref, Bref about Xref, Yref, Zref
 Standard axis orientation,  X fwd, Z down         
     CLsurf  =   0.24829     Clsurf  =   0.05374
     CYsurf  =  -0.00448     Cmsurf  =  -0.05721
     CDsurf  =   0.00756     Cnsurf  =   0.00592
     CDisurf =   0.00756     CDvsurf =   0.00000

 Forces referred to Ssurf, Cave 
     CLsurf  =   0.49656     CDsurf  =   0.01512

 Strip Forces referred to Strip Area, Chord
    j     Xle      Yle      Zle      Chord    Area     c_cl     ai     cl_norm    cl       cd       cdv    cm_c/4     cm_LE   C.P.x/c
    21   0.0004  -0.0007   0.0000   0.2284   0.0006   0.0970   0.0465   0.4966   0.4088   0.1668   0.0000  -0.0186   0.1097    0.295
    22   0.0034  -0.0063   0.0000   0.2267   0.0019   0.0970   0.0463   0.5180   0.4265   0.0362   0.0000  -0.0169   0.1089    0.290
    23   0.0094  -0.0174   0.0000   0.2234   0.0031   0.0970   0.0476   0.5269   0.4338   0.0295   0.0000  -0.0125   0.1065    0.279
    24   0.0182  -0.0337   0.0000   0.2185   0.0041   0.0971   0.0494   0.5394   0.4441   0.0260   0.0000  -0.0073   0.1041    0.266
    25   0.0296  -0.0548   0.0000   0.2122   0.0049   0.0970   0.0512   0.5555   0.4573   0.0226   0.0000  -0.0027   0.1029    0.256
    26   0.0434  -0.0801   0.0000   0.2046   0.0056   0.0965   0.0525   0.5741   0.4727   0.0197   0.0000   0.0008   0.1031    0.248
    27   0.0591  -0.1092   0.0000   0.1958   0.0060   0.0956   0.0531   0.5943   0.4893   0.0172   0.0000   0.0033   0.1044    0.243
    28   0.0764  -0.1411   0.0000   0.1863   0.0062   0.0940   0.0533   0.6148   0.5061   0.0151   0.0000   0.0049   0.1066    0.240
    29   0.0949  -0.1752   0.0000   0.1760   0.0061   0.0916   0.0532   0.6345   0.5224   0.0132   0.0000   0.0061   0.1091    0.238
    30   0.1140  -0.2107   0.0000   0.1654   0.0059   0.0885   0.0530   0.6525   0.5372   0.0116   0.0000   0.0069   0.1115    0.237
    31   0.1335  -0.2465   0.0000   0.1546   0.0055   0.0846   0.0533   0.6673   0.5494   0.0100   0.0000   0.0078   0.1134    0.236
    32   0.1526  -0.2820   0.0000   0.1440   0.0050   0.0799   0.0545   0.6773   0.5576   0.0085   0.0000   0.0089   0.1142    0.234
    33   0.1711  -0.3161   0.0000   0.1337   0.0044   0.0745   0.0569   0.6800   0.5598   0.0071   0.0000   0.0105   0.1133    0.231
    34   0.1884  -0.3480   0.0000   0.1242   0.0038   0.0683   0.0612   0.6717   0.5530   0.0057   0.0000   0.0130   0.1095    0.226
    35   0.2041  -0.3771   0.0000   0.1154   0.0031   0.0612   0.0675   0.6470   0.5327   0.0042   0.0000   0.0170   0.1016    0.218
    36   0.2179  -0.4024   0.0000   0.1078   0.0025   0.0528   0.0751   0.5983   0.4926   0.0024   0.0000   0.0226   0.0878    0.204
    37   0.2293  -0.4235   0.0000   0.1015   0.0019   0.0430   0.0822   0.5180   0.4265   0.0003   0.0000   0.0290   0.0677    0.182
    38   0.2381  -0.4398   0.0000   0.0966   0.0013   0.0318   0.0854   0.4019   0.3309  -0.0017   0.0000   0.0328   0.0434    0.151
    39   0.2441  -0.4509   0.0000   0.0933   0.0008   0.0194   0.0825   0.2539   0.2090  -0.0028   0.0000   0.0282   0.0208    0.115
    40   0.2471  -0.4565   0.0000   0.0916   0.0003   0.0065   0.0754   0.0866   0.0713  -0.0030   0.0000   0.0115   0.0054    0.089
 ---------------------------------------------------------------
