 ---------------------------------------------------------------
 Surface and Strip Forces by surface

  Sref = 0.13940       Cref = 0.17500       Bref = 0.91440    
  Xref = 0.10920       Yref =  0.0000       Zref =  0.0000    

  Surface # 1     Wing                                    
     # Chordwise = 10   # Spanwise = 20     First strip =  1
     Surface area Ssurf =    0.069677     Ave. chord Cave =    0.152400

 Forces referred to Sref, Cref, Bref about Xref, Yref, Zref
 Standard axis orientation,  X fwd, Z down         
     CLsurf  =   0.26058     Clsurf  =  -0.05428
     CYsurf  =   0.00023     Cmsurf  =  -0.03353
     CDsurf  =   0.00793     Cnsurf  =  -0.00517
     CDisurf =   0.00793     CDvsurf =   0.00000

 Forces referred to Ssurf, Cave 
     CLsurf  =   0.52132     CDsurf  =   0.01587

 Strip Forces referred to Strip Area, Chord
    j     Xle      Yle      Zle      Chord    Area     c_cl     ai     cl_norm    cl       cd       cdv    cm_c/4     cm_LE   C.P.x/c
     1   0.0003   0.0007   0.0000   0.2537   0.0007   0.1042   0.0613   0.4485   0.3966   0.1476   0.0000  -0.0103  -0.1020    0.276
     2   0.0030   0.0063   0.0000   0.2512   0.0021   0.1041   0.0613   0.4675   0.4134   0.0340   0.0000  -0.0092  -0.1019    0.272
     3   0.0083   0.0174   0.0000   0.2463   0.0034   0.1041   0.0614   0.4774   0.4221   0.0280   0.0000  -0.0063  -0.1011    0.265
     4   0.0160   0.0337   0.0000   0.2390   0.0045   0.1038   0.0616   0.4912   0.4343   0.0251   0.0000  -0.0027  -0.1005    0.256
     5   0.0260   0.0548   0.0000   0.2297   0.0054   0.1032   0.0616   0.5088   0.4499   0.0224   0.0000   0.0006  -0.1010    0.249
     6   0.0381   0.0801   0.0000   0.2184   0.0060   0.1021   0.0612   0.5297   0.4683   0.0200   0.0000   0.0033  -0.1026    0.243
     7   0.0519   0.1092   0.0000   0.2055   0.0063   0.1003   0.0602   0.5530   0.4890   0.0179   0.0000   0.0051  -0.1055    0.239
     8   0.0670   0.1411   0.0000   0.1913   0.0063   0.0975   0.0586   0.5782   0.5112   0.0159   0.0000   0.0064  -0.1094    0.238
     9   0.0832   0.1752   0.0000   0.1761   0.0061   0.0938   0.0565   0.6043   0.5343   0.0140   0.0000   0.0071  -0.1138    0.237
    10   0.1001   0.2107   0.0000   0.1604   0.0057   0.0891   0.0540   0.6308   0.5577   0.0120   0.0000   0.0075  -0.1186    0.236
    11   0.1171   0.2465   0.0000   0.1444   0.0052   0.0835   0.0513   0.6566   0.5806   0.0101   0.0000   0.0079  -0.1234    0.236
    12   0.1340   0.2820   0.0000   0.1287   0.0045   0.0771   0.0488   0.6809   0.6020   0.0080   0.0000   0.0082  -0.1279    0.236
    13   0.1502   0.3161   0.0000   0.1135   0.0038   0.0701   0.0468   0.7019   0.6205   0.0058   0.0000   0.0088  -0.1315    0.236
    14   0.1653   0.3480   0.0000   0.0993   0.0030   0.0626   0.0460   0.7167   0.6337   0.0036   0.0000   0.0098  -0.1334    0.235
    15   0.1791   0.3771   0.0000   0.0864   0.0024   0.0547   0.0473   0.7204   0.6370   0.0015   0.0000   0.0118  -0.1323    0.231
    16   0.1912   0.4024   0.0000   0.0751   0.0018   0.0465   0.0516   0.7039   0.6223  -0.0005   0.0000   0.0156  -0.1255    0.225
    17   0.2012   0.4235   0.0000   0.0658   0.0012   0.0376   0.0593   0.6517   0.5762  -0.0024   0.0000   0.0220  -0.1094    0.212
    18   0.2089   0.4398   0.0000   0.0585   0.0008   0.0279   0.0680   0.5436   0.4807  -0.0039   0.0000   0.0300  -0.0807    0.188
    19   0.2142   0.4509   0.0000   0.0536   0.0004   0.0172   0.0717   0.3652   0.3229  -0.0043   0.0000   0.0321  -0.0433    0.150
    20   0.2169   0.4565   0.0000   0.0511   0.0001   0.0057   0.0658   0.1284   0.1135  -0.0032   0.0000   0.0154  -0.0115    0.114

  Surface # 2     Wing (YDUP)                             
     # Chordwise = 10   # Spanwise = 20     First strip = 21
     Surface area Ssurf =    0.069677     Ave. chord Cave =    0.152400

 Forces referred to Sref, Cref, Bref about Xref, Yref, Zref
 Standard axis orientation,  X fwd, Z down         
     CLsurf  =   0.26058     Clsurf  =   0.05428
     CYsurf  =  -0.00023     Cmsurf  =  -0.03353
     CDsurf  =   0.00793     Cnsurf  =   0.00517
     CDisurf =   0.00793     CDvsurf =   0.00000

 Forces referred to Ssurf, Cave 
     CLsurf  =   0.52132     CDsurf  =   0.01587

 Strip Forces referred to Strip Area, Chord
    j     Xle      Yle      Zle      Chord    Area     c_cl     ai     cl_norm    cl       cd       cdv    cm_c/4     cm_LE   C.P.x/c
    21   0.0003  -0.0007   0.0000   0.2537   0.0007   0.1042   0.0613   0.4485   0.3966   0.1476   0.0000  -0.0103   0.1020    0.276
    22   0.0030  -0.0063   0.0000   0.2512   0.0021   0.1041   0.0613   0.4675   0.4134   0.0340   0.0000  -0.0092   0.1019    0.272
    23   0.0083  -0.0174   0.0000   0.2463   0.0034   0.1041   0.0614   0.4774   0.4221   0.0280   0.0000  -0.0063   0.1011    0.265
    24   0.0160  -0.0337   0.0000   0.2390   0.0045   0.1038   0.0616   0.4912   0.4343   0.0251   0.0000  -0.0027   0.1005    0.256
    25   0.0260  -0.0548   0.0000   0.2297   0.0054   0.1032   0.0616   0.5088   0.4499   0.0224   0.0000   0.0006   0.1010    0.249
    26   0.0381  -0.0801   0.0000   0.2184   0.0060   0.1021   0.0612   0.5297   0.4683   0.0200   0.0000   0.0033   0.1026    0.243
    27   0.0519  -0.1092   0.0000   0.2055   0.0063   0.1003   0.0602   0.5530   0.4890   0.0179   0.0000   0.0051   0.1055    0.239
    28   0.0670  -0.1411   0.0000   0.1913   0.0063   0.0975   0.0586   0.5782   0.5112   0.0159   0.0000   0.0064   0.1094    0.238
    29   0.0832  -0.1752   0.0000   0.1761   0.0061   0.0938   0.0565   0.6043   0.5343   0.0140   0.0000   0.0071   0.1138    0.237
    30   0.1001  -0.2107   0.0000   0.1604   0.0057   0.0891   0.0540   0.6308   0.5577   0.0120   0.0000   0.0075   0.1186    0.236
    31   0.1171  -0.2465   0.0000   0.1444   0.0052   0.0835   0.0513   0.6566   0.5806   0.0101   0.0000   0.0079   0.1234    0.236
    32   0.1340  -0.2820   0.0000   0.1287   0.0045   0.0771   0.0488   0.6809   0.6020   0.0080   0.0000   0.0082   0.1279    0.236
    33   0.1502  -0.3161   0.0000   0.1135   0.0038   0.0701   0.0468   0.7019   0.6205   0.0058   0.0000   0.0088   0.1315    0.236
    34   0.1653  -0.3480   0.0000   0.0993   0.0030   0.0626   0.0460   0.7167   0.6337   0.0036   0.0000   0.0098   0.1334    0.235
    35   0.1791  -0.3771   0.0000   0.0864   0.0024   0.0547   0.0473   0.7204   0.6370   0.0015   0.0000   0.0118   0.1323    0.231
    36   0.1912  -0.4024   0.0000   0.0751   0.0018   0.0465   0.0516   0.7039   0.6223  -0.0005   0.0000   0.0156   0.1255    0.225
    37   0.2012  -0.4235   0.0000   0.0658   0.0012   0.0376   0.0593   0.6517   0.5762  -0.0024   0.0000   0.0220   0.1094    0.212
    38   0.2089  -0.4398   0.0000   0.0585   0.0008   0.0279   0.0680   0.5436   0.4807  -0.0039   0.0000   0.0300   0.0807    0.188
    39   0.2142  -0.4509   0.0000   0.0536   0.0004   0.0172   0.0717   0.3652   0.3229  -0.0043   0.0000   0.0321   0.0433    0.150
    40   0.2169  -0.4565   0.0000   0.0511   0.0001   0.0057   0.0658   0.1284   0.1135  -0.0032   0.0000   0.0154   0.0115    0.114
 ---------------------------------------------------------------
