 ---------------------------------------------------------------
 Surface and Strip Forces by surface

  Sref = 0.11560       Cref = 0.15090       Bref = 0.81280    
  Xref = 0.10920       Yref =  0.0000       Zref =  0.0000    

  Surface # 1     Wing                                    
     # Chordwise = 10   # Spanwise = 20     First strip =  1
     Surface area Ssurf =    0.057810     Ave. chord Cave =    0.142250

 Forces referred to Sref, Cref, Bref about Xref, Yref, Zref
 Standard axis orientation,  X fwd, Z down         
     CLsurf  =   0.31422     Clsurf  =  -0.06834
     CYsurf  =   0.01161     Cmsurf  =  -0.09083
     CDsurf  =   0.01222     Cnsurf  =  -0.01132
     CDisurf =   0.01222     CDvsurf =   0.00000

 Forces referred to Ssurf, Cave 
     CLsurf  =   0.62834     CDsurf  =   0.02443

 Strip Forces referred to Strip Area, Chord
    j     Xle      Yle      Zle      Chord    Area     c_cl     ai     cl_norm    cl       cd       cdv    cm_c/4     cm_LE   C.P.x/c
     1   0.0004   0.0006   0.0000   0.2030   0.0005   0.1070   0.0503   0.6494   0.4904   0.2852   0.0000  -0.0309  -0.1362    0.313
     2   0.0037   0.0056   0.0000   0.2015   0.0015   0.1070   0.0520   0.6986   0.5276   0.0621   0.0000  -0.0284  -0.1349    0.304
     3   0.0101   0.0155   0.0000   0.1986   0.0024   0.1071   0.0554   0.7124   0.5379   0.0510   0.0000  -0.0218  -0.1313    0.291
     4   0.0195   0.0299   0.0000   0.1942   0.0032   0.1074   0.0593   0.7313   0.5522   0.0446   0.0000  -0.0143  -0.1277    0.276
     5   0.0318   0.0487   0.0000   0.1886   0.0039   0.1075   0.0628   0.7554   0.5704   0.0385   0.0000  -0.0076  -0.1257    0.263
     6   0.0465   0.0712   0.0000   0.1818   0.0044   0.1073   0.0652   0.7833   0.5915   0.0331   0.0000  -0.0025  -0.1256    0.254
     7   0.0633   0.0970   0.0000   0.1741   0.0047   0.1065   0.0666   0.8132   0.6140   0.0286   0.0000   0.0010  -0.1272    0.248
     8   0.0818   0.1254   0.0000   0.1656   0.0049   0.1049   0.0672   0.8436   0.6371   0.0247   0.0000   0.0033  -0.1299    0.245
     9   0.1016   0.1558   0.0000   0.1565   0.0049   0.1026   0.0673   0.8732   0.6594   0.0213   0.0000   0.0049  -0.1331    0.243
    10   0.1222   0.1873   0.0000   0.1470   0.0047   0.0993   0.0674   0.9004   0.6799   0.0183   0.0000   0.0061  -0.1363    0.241
    11   0.1429   0.2191   0.0000   0.1375   0.0044   0.0952   0.0681   0.9237   0.6975   0.0154   0.0000   0.0073  -0.1389    0.240
    12   0.1635   0.2506   0.0000   0.1280   0.0040   0.0902   0.0699   0.9406   0.7103   0.0126   0.0000   0.0087  -0.1402    0.238
    13   0.1833   0.2810   0.0000   0.1189   0.0035   0.0844   0.0737   0.9480   0.7159   0.0099   0.0000   0.0108  -0.1396    0.235
    14   0.2018   0.3094   0.0000   0.1104   0.0030   0.0777   0.0801   0.9407   0.7103   0.0072   0.0000   0.0142  -0.1355    0.230
    15   0.2186   0.3352   0.0000   0.1027   0.0025   0.0699   0.0894   0.9104   0.6875   0.0042   0.0000   0.0196  -0.1261    0.221
    16   0.2333   0.3577   0.0000   0.0959   0.0020   0.0606   0.1007   0.8463   0.6391   0.0007   0.0000   0.0276  -0.1093    0.207
    17   0.2456   0.3765   0.0000   0.0903   0.0015   0.0496   0.1112   0.7363   0.5560  -0.0034   0.0000   0.0370  -0.0841    0.183
    18   0.2550   0.3909   0.0000   0.0859   0.0010   0.0367   0.1166   0.5739   0.4334  -0.0073   0.0000   0.0430  -0.0536    0.151
    19   0.2614   0.4008   0.0000   0.0830   0.0006   0.0225   0.1145   0.3643   0.2751  -0.0088   0.0000   0.0374  -0.0254    0.114
    20   0.2647   0.4058   0.0000   0.0815   0.0002   0.0075   0.1076   0.1250   0.0944  -0.0071   0.0000   0.0152  -0.0066    0.089

  Surface # 2     Wing (YDUP)                             
     # Chordwise = 10   # Spanwise = 20     First strip = 21
     Surface area Ssurf =    0.057810     Ave. chord Cave =    0.142250

 Forces referred to Sref, Cref, Bref about Xref, Yref, Zref
 Standard axis orientation,  X fwd, Z down         
     CLsurf  =   0.31422     Clsurf  =   0.06834
     CYsurf  =  -0.01161     Cmsurf  =  -0.09083
     CDsurf  =   0.01222     Cnsurf  =   0.01132
     CDisurf =   0.01222     CDvsurf =   0.00000

 Forces referred to Ssurf, Cave 
     CLsurf  =   0.62834     CDsurf  =   0.02443

 Strip Forces referred to Strip Area, Chord
    j     Xle      Yle      Zle      Chord    Area     c_cl     ai     cl_norm    cl       cd       cdv    cm_c/4     cm_LE   C.P.x/c
    21   0.0004  -0.0006   0.0000   0.2030   0.0005   0.1070   0.0503   0.6494   0.4904   0.2852   0.0000  -0.0309   0.1362    0.313
    22   0.0037  -0.0056   0.0000   0.2015   0.0015   0.1070   0.0520   0.6986   0.5276   0.0621   0.0000  -0.0284   0.1349    0.304
    23   0.0101  -0.0155   0.0000   0.1986   0.0024   0.1071   0.0554   0.7124   0.5379   0.0510   0.0000  -0.0218   0.1313    0.291
    24   0.0195  -0.0299   0.0000   0.1942   0.0032   0.1074   0.0593   0.7313   0.5522   0.0446   0.0000  -0.0143   0.1277    0.276
    25   0.0318  -0.0487   0.0000   0.1886   0.0039   0.1075   0.0628   0.7554   0.5704   0.0385   0.0000  -0.0076   0.1257    0.263
    26   0.0465  -0.0712   0.0000   0.1818   0.0044   0.1073   0.0652   0.7833   0.5915   0.0331   0.0000  -0.0025   0.1256    0.254
    27   0.0633  -0.0970   0.0000   0.1741   0.0047   0.1065   0.0666   0.8132   0.6140   0.0286   0.0000   0.0010   0.1272    0.248
    28   0.0818  -0.1254   0.0000   0.1656   0.0049   0.1049   0.0672   0.8436   0.6371   0.0247   0.0000   0.0033   0.1299    0.245
    29   0.1016  -0.1558   0.0000   0.1565   0.0049   0.1026   0.0673   0.8732   0.6594   0.0213   0.0000   0.0049   0.1331    0.243
    30   0.1222  -0.1873   0.0000   0.1470   0.0047   0.0993   0.0674   0.9004   0.6799   0.0183   0.0000   0.0061   0.1363    0.241
    31   0.1429  -0.2191   0.0000   0.1375   0.0044   0.0952   0.0681   0.9237   0.6975   0.0154   0.0000   0.0073   0.1389    0.240
    32   0.1635  -0.2506   0.0000   0.1280   0.0040   0.0902   0.0699   0.9406   0.7103   0.0126   0.0000   0.0087   0.1402    0.238
    33   0.1833  -0.2810   0.0000   0.1189   0.0035   0.0844   0.0737   0.9480   0.7159   0.0099   0.0000   0.0108   0.1396    0.235
    34   0.2018  -0.3094   0.0000   0.1104   0.0030   0.0777   0.0801   0.9407   0.7103   0.0072   0.0000   0.0142   0.1355    0.230
    35   0.2186  -0.3352   0.0000   0.1027   0.0025   0.0699   0.0894   0.9104   0.6875   0.0042   0.0000   0.0196   0.1261    0.221
    36   0.2333  -0.3577   0.0000   0.0959   0.0020   0.0606   0.1007   0.8463   0.6391   0.0007   0.0000   0.0276   0.1093    0.207
    37   0.2456  -0.3765   0.0000   0.0903   0.0015   0.0496   0.1112   0.7363   0.5560  -0.0034   0.0000   0.0370   0.0841    0.183
    38   0.2550  -0.3909   0.0000   0.0859   0.0010   0.0367   0.1166   0.5739   0.4334  -0.0073   0.0000   0.0430   0.0536    0.151
    39   0.2614  -0.4008   0.0000   0.0830   0.0006   0.0225   0.1145   0.3643   0.2751  -0.0088   0.0000   0.0374   0.0254    0.114
    40   0.2647  -0.4058   0.0000   0.0815   0.0002   0.0075   0.1076   0.1250   0.0944  -0.0071   0.0000   0.0152   0.0066    0.089
 ---------------------------------------------------------------
