 ---------------------------------------------------------------
 Surface and Strip Forces by surface

  Sref = 0.12390       Cref = 0.17500       Bref = 0.81280    
  Xref = 0.10920       Yref =  0.0000       Zref =  0.0000    

  Surface # 1     Wing                                    
     # Chordwise = 10   # Spanwise = 20     First strip =  1
     Surface area Ssurf =    0.061935     Ave. chord Cave =    0.152400

 Forces referred to Sref, Cref, Bref about Xref, Yref, Zref
 Standard axis orientation,  X fwd, Z down         
     CLsurf  =   0.29318     Clsurf  =  -0.06107
     CYsurf  =  -0.00134     Cmsurf  =  -0.02490
     CDsurf  =   0.01126     Cnsurf  =  -0.00654
     CDisurf =   0.01126     CDvsurf =   0.00000

 Forces referred to Ssurf, Cave 
     CLsurf  =   0.58649     CDsurf  =   0.02252

 Strip Forces referred to Strip Area, Chord
    j     Xle      Yle      Zle      Chord    Area     c_cl     ai     cl_norm    cl       cd       cdv    cm_c/4     cm_LE   C.P.x/c
     1   0.0003   0.0006   0.0000   0.2537   0.0006   0.1169   0.0777   0.4944   0.4374   0.2054   0.0000  -0.0108  -0.1132    0.275
     2   0.0027   0.0056   0.0000   0.2512   0.0019   0.1169   0.0777   0.5235   0.4631   0.0467   0.0000  -0.0098  -0.1133    0.271
     3   0.0076   0.0155   0.0000   0.2463   0.0030   0.1168   0.0778   0.5350   0.4733   0.0380   0.0000  -0.0070  -0.1128    0.265
     4   0.0146   0.0299   0.0000   0.2390   0.0040   0.1165   0.0778   0.5505   0.4871   0.0344   0.0000  -0.0033  -0.1125    0.257
     5   0.0238   0.0487   0.0000   0.2297   0.0048   0.1158   0.0775   0.5703   0.5046   0.0311   0.0000   0.0002  -0.1131    0.250
     6   0.0348   0.0712   0.0000   0.2184   0.0053   0.1145   0.0768   0.5938   0.5254   0.0280   0.0000   0.0031  -0.1150    0.244
     7   0.0474   0.0970   0.0000   0.2055   0.0056   0.1125   0.0756   0.6203   0.5488   0.0253   0.0000   0.0053  -0.1181    0.240
     8   0.0613   0.1254   0.0000   0.1913   0.0056   0.1094   0.0738   0.6490   0.5742   0.0227   0.0000   0.0069  -0.1223    0.238
     9   0.0762   0.1558   0.0000   0.1761   0.0055   0.1054   0.0714   0.6792   0.6009   0.0202   0.0000   0.0079  -0.1273    0.237
    10   0.0916   0.1873   0.0000   0.1604   0.0051   0.1002   0.0687   0.7099   0.6280   0.0177   0.0000   0.0085  -0.1327    0.236
    11   0.1071   0.2191   0.0000   0.1444   0.0046   0.0940   0.0657   0.7401   0.6548   0.0150   0.0000   0.0090  -0.1381    0.236
    12   0.1225   0.2506   0.0000   0.1287   0.0040   0.0869   0.0628   0.7685   0.6799   0.0122   0.0000   0.0096  -0.1431    0.236
    13   0.1374   0.2810   0.0000   0.1135   0.0033   0.0791   0.0606   0.7931   0.7016   0.0092   0.0000   0.0104  -0.1471    0.235
    14   0.1513   0.3094   0.0000   0.0993   0.0027   0.0706   0.0597   0.8102   0.7168   0.0061   0.0000   0.0119  -0.1490    0.233
    15   0.1639   0.3352   0.0000   0.0864   0.0021   0.0617   0.0610   0.8137   0.7199   0.0029   0.0000   0.0146  -0.1472    0.230
    16   0.1749   0.3577   0.0000   0.0751   0.0016   0.0523   0.0655   0.7931   0.7017  -0.0001   0.0000   0.0194  -0.1388    0.222
    17   0.1841   0.3765   0.0000   0.0658   0.0011   0.0422   0.0733   0.7313   0.6470  -0.0030   0.0000   0.0268  -0.1199    0.209
    18   0.1911   0.3909   0.0000   0.0585   0.0007   0.0311   0.0819   0.6071   0.5371  -0.0053   0.0000   0.0350  -0.0880    0.185
    19   0.1960   0.4008   0.0000   0.0536   0.0004   0.0191   0.0856   0.4067   0.3598  -0.0060   0.0000   0.0357  -0.0479    0.151
    20   0.1984   0.4058   0.0000   0.0511   0.0001   0.0064   0.0805   0.1433   0.1268  -0.0045   0.0000   0.0165  -0.0132    0.120

  Surface # 2     Wing (YDUP)                             
     # Chordwise = 10   # Spanwise = 20     First strip = 21
     Surface area Ssurf =    0.061935     Ave. chord Cave =    0.152400

 Forces referred to Sref, Cref, Bref about Xref, Yref, Zref
 Standard axis orientation,  X fwd, Z down         
     CLsurf  =   0.29318     Clsurf  =   0.06107
     CYsurf  =   0.00134     Cmsurf  =  -0.02490
     CDsurf  =   0.01126     Cnsurf  =   0.00654
     CDisurf =   0.01126     CDvsurf =   0.00000

 Forces referred to Ssurf, Cave 
     CLsurf  =   0.58649     CDsurf  =   0.02252

 Strip Forces referred to Strip Area, Chord
    j     Xle      Yle      Zle      Chord    Area     c_cl     ai     cl_norm    cl       cd       cdv    cm_c/4     cm_LE   C.P.x/c
    21   0.0003  -0.0006   0.0000   0.2537   0.0006   0.1169   0.0777   0.4944   0.4374   0.2054   0.0000  -0.0108   0.1132    0.275
    22   0.0027  -0.0056   0.0000   0.2512   0.0019   0.1169   0.0777   0.5235   0.4631   0.0467   0.0000  -0.0098   0.1133    0.271
    23   0.0076  -0.0155   0.0000   0.2463   0.0030   0.1168   0.0778   0.5350   0.4733   0.0380   0.0000  -0.0070   0.1128    0.265
    24   0.0146  -0.0299   0.0000   0.2390   0.0040   0.1165   0.0778   0.5505   0.4871   0.0344   0.0000  -0.0033   0.1125    0.257
    25   0.0238  -0.0487   0.0000   0.2297   0.0048   0.1158   0.0775   0.5703   0.5046   0.0311   0.0000   0.0002   0.1131    0.250
    26   0.0348  -0.0712   0.0000   0.2184   0.0053   0.1145   0.0768   0.5938   0.5254   0.0280   0.0000   0.0031   0.1150    0.244
    27   0.0474  -0.0970   0.0000   0.2055   0.0056   0.1125   0.0756   0.6203   0.5488   0.0253   0.0000   0.0053   0.1181    0.240
    28   0.0613  -0.1254   0.0000   0.1913   0.0056   0.1094   0.0738   0.6490   0.5742   0.0227   0.0000   0.0069   0.1223    0.238
    29   0.0762  -0.1558   0.0000   0.1761   0.0055   0.1054   0.0714   0.6792   0.6009   0.0202   0.0000   0.0079   0.1273    0.237
    30   0.0916  -0.1873   0.0000   0.1604   0.0051   0.1002   0.0687   0.7099   0.6280   0.0177   0.0000   0.0085   0.1327    0.236
    31   0.1071  -0.2191   0.0000   0.1444   0.0046   0.0940   0.0657   0.7401   0.6548   0.0150   0.0000   0.0090   0.1381    0.236
    32   0.1225  -0.2506   0.0000   0.1287   0.0040   0.0869   0.0628   0.7685   0.6799   0.0122   0.0000   0.0096   0.1431    0.236
    33   0.1374  -0.2810   0.0000   0.1135   0.0033   0.0791   0.0606   0.7931   0.7016   0.0092   0.0000   0.0104   0.1471    0.235
    34   0.1513  -0.3094   0.0000   0.0993   0.0027   0.0706   0.0597   0.8102   0.7168   0.0061   0.0000   0.0119   0.1490    0.233
    35   0.1639  -0.3352   0.0000   0.0864   0.0021   0.0617   0.0610   0.8137   0.7199   0.0029   0.0000   0.0146   0.1472    0.230
    36   0.1749  -0.3577   0.0000   0.0751   0.0016   0.0523   0.0655   0.7931   0.7017  -0.0001   0.0000   0.0194   0.1388    0.222
    37   0.1841  -0.3765   0.0000   0.0658   0.0011   0.0422   0.0733   0.7313   0.6470  -0.0030   0.0000   0.0268   0.1199    0.209
    38   0.1911  -0.3909   0.0000   0.0585   0.0007   0.0311   0.0819   0.6071   0.5371  -0.0053   0.0000   0.0350   0.0880    0.185
    39   0.1960  -0.4008   0.0000   0.0536   0.0004   0.0191   0.0856   0.4067   0.3598  -0.0060   0.0000   0.0357   0.0479    0.151
    40   0.1984  -0.4058   0.0000   0.0511   0.0001   0.0064   0.0805   0.1433   0.1268  -0.0045   0.0000   0.0165   0.0132    0.120
 ---------------------------------------------------------------
