 ---------------------------------------------------------------
 Surface and Strip Forces by surface

  Sref = 0.14450       Cref = 0.18870       Bref = 0.81280    
  Xref = 0.10920       Yref =  0.0000       Zref =  0.0000    

  Surface # 1     Wing                                    
     # Chordwise = 10   # Spanwise = 20     First strip =  1
     Surface area Ssurf =    0.072258     Ave. chord Cave =    0.177800

 Forces referred to Sref, Cref, Bref about Xref, Yref, Zref
 Standard axis orientation,  X fwd, Z down         
     CLsurf  =   0.25138     Clsurf  =  -0.05415
     CYsurf  =   0.00295     Cmsurf  =  -0.04562
     CDsurf  =   0.00967     Cnsurf  =  -0.00623
     CDisurf =   0.00967     CDvsurf =   0.00000

 Forces referred to Ssurf, Cave 
     CLsurf  =   0.50270     CDsurf  =   0.01934

 Strip Forces referred to Strip Area, Chord
    j     Xle      Yle      Zle      Chord    Area     c_cl     ai     cl_norm    cl       cd       cdv    cm_c/4     cm_LE   C.P.x/c
     1   0.0004   0.0006   0.0000   0.2538   0.0006   0.1101   0.0626   0.4984   0.4105   0.2172   0.0000  -0.0171  -0.1096    0.292
     2   0.0031   0.0056   0.0000   0.2519   0.0019   0.1101   0.0623   0.5280   0.4349   0.0438   0.0000  -0.0159  -0.1092    0.287
     3   0.0087   0.0155   0.0000   0.2482   0.0030   0.1101   0.0630   0.5372   0.4425   0.0348   0.0000  -0.0123  -0.1075    0.278
     4   0.0168   0.0299   0.0000   0.2428   0.0040   0.1100   0.0642   0.5495   0.4527   0.0313   0.0000  -0.0077  -0.1056    0.267
     5   0.0273   0.0487   0.0000   0.2357   0.0049   0.1098   0.0655   0.5652   0.4656   0.0279   0.0000  -0.0033  -0.1044    0.257
     6   0.0399   0.0712   0.0000   0.2273   0.0055   0.1091   0.0666   0.5836   0.4807   0.0249   0.0000   0.0004  -0.1044    0.249
     7   0.0543   0.0970   0.0000   0.2176   0.0059   0.1080   0.0673   0.6037   0.4972   0.0222   0.0000   0.0033  -0.1054    0.243
     8   0.0703   0.1254   0.0000   0.2070   0.0061   0.1061   0.0677   0.6243   0.5142   0.0197   0.0000   0.0055  -0.1071    0.239
     9   0.0872   0.1558   0.0000   0.1956   0.0061   0.1035   0.0678   0.6444   0.5308   0.0176   0.0000   0.0071  -0.1092    0.237
    10   0.1049   0.1873   0.0000   0.1838   0.0058   0.0999   0.0681   0.6626   0.5458   0.0156   0.0000   0.0085  -0.1112    0.234
    11   0.1227   0.2191   0.0000   0.1718   0.0055   0.0954   0.0688   0.6774   0.5580   0.0136   0.0000   0.0099  -0.1126    0.232
    12   0.1404   0.2506   0.0000   0.1600   0.0050   0.0901   0.0703   0.6866   0.5656   0.0117   0.0000   0.0116  -0.1127    0.230
    13   0.1573   0.2810   0.0000   0.1486   0.0044   0.0837   0.0730   0.6874   0.5662   0.0098   0.0000   0.0139  -0.1108    0.226
    14   0.1733   0.3094   0.0000   0.1380   0.0038   0.0764   0.0772   0.6758   0.5566   0.0077   0.0000   0.0172  -0.1057    0.219
    15   0.1877   0.3352   0.0000   0.1283   0.0031   0.0679   0.0828   0.6462   0.5323   0.0055   0.0000   0.0218  -0.0963    0.209
    16   0.2003   0.3577   0.0000   0.1199   0.0025   0.0581   0.0889   0.5922   0.4878   0.0029   0.0000   0.0276  -0.0816    0.194
    17   0.2108   0.3765   0.0000   0.1128   0.0019   0.0469   0.0938   0.5080   0.4184   0.0002   0.0000   0.0329  -0.0619    0.171
    18   0.2189   0.3909   0.0000   0.1074   0.0013   0.0343   0.0953   0.3913   0.3223  -0.0021   0.0000   0.0346  -0.0396    0.143
    19   0.2245   0.4008   0.0000   0.1037   0.0008   0.0208   0.0918   0.2464   0.2029  -0.0033   0.0000   0.0279  -0.0195    0.113
    20   0.2272   0.4058   0.0000   0.1018   0.0003   0.0070   0.0858   0.0842   0.0693  -0.0036   0.0000   0.0109  -0.0054    0.093

  Surface # 2     Wing (YDUP)                             
     # Chordwise = 10   # Spanwise = 20     First strip = 21
     Surface area Ssurf =    0.072258     Ave. chord Cave =    0.177800

 Forces referred to Sref, Cref, Bref about Xref, Yref, Zref
 Standard axis orientation,  X fwd, Z down         
     CLsurf  =   0.25138     Clsurf  =   0.05415
     CYsurf  =  -0.00295     Cmsurf  =  -0.04562
     CDsurf  =   0.00967     Cnsurf  =   0.00623
     CDisurf =   0.00967     CDvsurf =   0.00000

 Forces referred to Ssurf, Cave 
     CLsurf  =   0.50270     CDsurf  =   0.01934

 Strip Forces referred to Strip Area, Chord
    j     Xle      Yle      Zle      Chord    Area     c_cl     ai     cl_norm    cl       cd       cdv    cm_c/4     cm_LE   C.P.x/c
    21   0.0004  -0.0006   0.0000   0.2538   0.0006   0.1101   0.0626   0.4984   0.4105   0.2172   0.0000  -0.0171   0.1096    0.292
    22   0.0031  -0.0056   0.0000   0.2519   0.0019   0.1101   0.0623   0.5280   0.4349   0.0438   0.0000  -0.0159   0.1092    0.287
    23   0.0087  -0.0155   0.0000   0.2482   0.0030   0.1101   0.0630   0.5372   0.4425   0.0348   0.0000  -0.0123   0.1075    0.278
    24   0.0168  -0.0299   0.0000   0.2428   0.0040   0.1100   0.0642   0.5495   0.4527   0.0313   0.0000  -0.0077   0.1056    0.267
    25   0.0273  -0.0487   0.0000   0.2357   0.0049   0.1098   0.0655   0.5652   0.4656   0.0279   0.0000  -0.0033   0.1044    0.257
    26   0.0399  -0.0712   0.0000   0.2273   0.0055   0.1091   0.0666   0.5836   0.4807   0.0249   0.0000   0.0004   0.1044    0.249
    27   0.0543  -0.0970   0.0000   0.2176   0.0059   0.1080   0.0673   0.6037   0.4972   0.0222   0.0000   0.0033   0.1054    0.243
    28   0.0703  -0.1254   0.0000   0.2070   0.0061   0.1061   0.0677   0.6243   0.5142   0.0197   0.0000   0.0055   0.1071    0.239
    29   0.0872  -0.1558   0.0000   0.1956   0.0061   0.1035   0.0678   0.6444   0.5308   0.0176   0.0000   0.0071   0.1092    0.237
    30   0.1049  -0.1873   0.0000   0.1838   0.0058   0.0999   0.0681   0.6626   0.5458   0.0156   0.0000   0.0085   0.1112    0.234
    31   0.1227  -0.2191   0.0000   0.1718   0.0055   0.0954   0.0688   0.6774   0.5580   0.0136   0.0000   0.0099   0.1126    0.232
    32   0.1404  -0.2506   0.0000   0.1600   0.0050   0.0901   0.0703   0.6866   0.5656   0.0117   0.0000   0.0116   0.1127    0.230
    33   0.1573  -0.2810   0.0000   0.1486   0.0044   0.0837   0.0730   0.6874   0.5662   0.0098   0.0000   0.0139   0.1108    0.226
    34   0.1733  -0.3094   0.0000   0.1380   0.0038   0.0764   0.0772   0.6758   0.5566   0.0077   0.0000   0.0172   0.1057    0.219
    35   0.1877  -0.3352   0.0000   0.1283   0.0031   0.0679   0.0828   0.6462   0.5323   0.0055   0.0000   0.0218   0.0963    0.209
    36   0.2003  -0.3577   0.0000   0.1199   0.0025   0.0581   0.0889   0.5922   0.4878   0.0029   0.0000   0.0276   0.0816    0.194
    37   0.2108  -0.3765   0.0000   0.1128   0.0019   0.0469   0.0938   0.5080   0.4184   0.0002   0.0000   0.0329   0.0619    0.171
    38   0.2189  -0.3909   0.0000   0.1074   0.0013   0.0343   0.0953   0.3913   0.3223  -0.0021   0.0000   0.0346   0.0396    0.143
    39   0.2245  -0.4008   0.0000   0.1037   0.0008   0.0208   0.0918   0.2464   0.2029  -0.0033   0.0000   0.0279   0.0195    0.113
    40   0.2272  -0.4058   0.0000   0.1018   0.0003   0.0070   0.0858   0.0842   0.0693  -0.0036   0.0000   0.0109   0.0054    0.093
 ---------------------------------------------------------------
