 ---------------------------------------------------------------
 Surface and Strip Forces by surface

  Sref = 0.20650       Cref = 0.25400       Bref = 0.81280    
  Xref = 0.10920       Yref =  0.0000       Zref =  0.0000    

  Surface # 1     Wing                                    
     # Chordwise = 10   # Spanwise = 20     First strip =  1
     Surface area Ssurf =    0.103226     Ave. chord Cave =    0.254000

 Forces referred to Sref, Cref, Bref about Xref, Yref, Zref
 Standard axis orientation,  X fwd, Z down         
     CLsurf  =   0.17591     Clsurf  =  -0.03895
     CYsurf  =   0.00663     Cmsurf  =  -0.03504
     CDsurf  =   0.00683     Cnsurf  =  -0.00576
     CDisurf =   0.00683     CDvsurf =   0.00000

 Forces referred to Ssurf, Cave 
     CLsurf  =   0.35189     CDsurf  =   0.01366

 Strip Forces referred to Strip Area, Chord
    j     Xle      Yle      Zle      Chord    Area     c_cl     ai     cl_norm    cl       cd       cdv    cm_c/4     cm_LE   C.P.x/c
     1   0.0004   0.0006   0.0000   0.2540   0.0006   0.1023   0.0396   0.5080   0.3824   0.2172   0.0000  -0.0234  -0.1075    0.311
     2   0.0032   0.0056   0.0000   0.2540   0.0019   0.1024   0.0396   0.5330   0.4012   0.0375   0.0000  -0.0218  -0.1061    0.304
     3   0.0089   0.0155   0.0000   0.2540   0.0031   0.1025   0.0423   0.5351   0.4028   0.0287   0.0000  -0.0173  -0.1024    0.293
     4   0.0173   0.0299   0.0000   0.2540   0.0042   0.1029   0.0464   0.5375   0.4046   0.0255   0.0000  -0.0115  -0.0977    0.278
     5   0.0281   0.0487   0.0000   0.2540   0.0053   0.1034   0.0510   0.5406   0.4069   0.0224   0.0000  -0.0060  -0.0934    0.265
     6   0.0411   0.0712   0.0000   0.2540   0.0062   0.1039   0.0556   0.5436   0.4092   0.0197   0.0000  -0.0014  -0.0898    0.253
     7   0.0560   0.0970   0.0000   0.2540   0.0069   0.1042   0.0600   0.5454   0.4105   0.0174   0.0000   0.0023  -0.0868    0.244
     8   0.0724   0.1254   0.0000   0.2540   0.0075   0.1040   0.0644   0.5449   0.4102   0.0155   0.0000   0.0054  -0.0840    0.237
     9   0.0899   0.1558   0.0000   0.2540   0.0079   0.1032   0.0690   0.5409   0.4072   0.0139   0.0000   0.0081  -0.0810    0.230
    10   0.1081   0.1873   0.0000   0.2540   0.0081   0.1015   0.0739   0.5323   0.4007   0.0126   0.0000   0.0107  -0.0773    0.223
    11   0.1265   0.2191   0.0000   0.2540   0.0081   0.0987   0.0790   0.5177   0.3897   0.0112   0.0000   0.0135  -0.0724    0.215
    12   0.1447   0.2506   0.0000   0.2540   0.0079   0.0946   0.0841   0.4959   0.3733   0.0099   0.0000   0.0167  -0.0662    0.205
    13   0.1622   0.2810   0.0000   0.2540   0.0075   0.0888   0.0889   0.4658   0.3506   0.0083   0.0000   0.0201  -0.0583    0.193
    14   0.1786   0.3094   0.0000   0.2540   0.0069   0.0812   0.0928   0.4263   0.3209   0.0066   0.0000   0.0236  -0.0488    0.176
    15   0.1935   0.3352   0.0000   0.2540   0.0062   0.0719   0.0949   0.3774   0.2841   0.0047   0.0000   0.0266  -0.0383    0.156
    16   0.2065   0.3577   0.0000   0.2540   0.0053   0.0608   0.0949   0.3196   0.2406   0.0028   0.0000   0.0282  -0.0275    0.133
    17   0.2173   0.3765   0.0000   0.2540   0.0042   0.0484   0.0924   0.2544   0.1915   0.0011   0.0000   0.0274  -0.0175    0.107
    18   0.2257   0.3909   0.0000   0.2540   0.0031   0.0350   0.0877   0.1841   0.1386  -0.0004   0.0000   0.0234  -0.0096    0.081
    19   0.2314   0.4008   0.0000   0.2540   0.0019   0.0211   0.0819   0.1112   0.0837  -0.0016   0.0000   0.0159  -0.0042    0.060
    20   0.2342   0.4058   0.0000   0.2540   0.0006   0.0070   0.0784   0.0373   0.0281  -0.0022   0.0000   0.0056  -0.0011    0.051

  Surface # 2     Wing (YDUP)                             
     # Chordwise = 10   # Spanwise = 20     First strip = 21
     Surface area Ssurf =    0.103226     Ave. chord Cave =    0.254000

 Forces referred to Sref, Cref, Bref about Xref, Yref, Zref
 Standard axis orientation,  X fwd, Z down         
     CLsurf  =   0.17591     Clsurf  =   0.03895
     CYsurf  =  -0.00663     Cmsurf  =  -0.03504
     CDsurf  =   0.00683     Cnsurf  =   0.00576
     CDisurf =   0.00683     CDvsurf =   0.00000

 Forces referred to Ssurf, Cave 
     CLsurf  =   0.35189     CDsurf  =   0.01366

 Strip Forces referred to Strip Area, Chord
    j     Xle      Yle      Zle      Chord    Area     c_cl     ai     cl_norm    cl       cd       cdv    cm_c/4     cm_LE   C.P.x/c
    21   0.0004  -0.0006   0.0000   0.2540   0.0006   0.1023   0.0396   0.5080   0.3824   0.2172   0.0000  -0.0234   0.1075    0.311
    22   0.0032  -0.0056   0.0000   0.2540   0.0019   0.1024   0.0396   0.5330   0.4012   0.0375   0.0000  -0.0218   0.1061    0.304
    23   0.0089  -0.0155   0.0000   0.2540   0.0031   0.1025   0.0423   0.5351   0.4028   0.0287   0.0000  -0.0173   0.1024    0.293
    24   0.0173  -0.0299   0.0000   0.2540   0.0042   0.1029   0.0464   0.5375   0.4046   0.0255   0.0000  -0.0115   0.0977    0.278
    25   0.0281  -0.0487   0.0000   0.2540   0.0053   0.1034   0.0510   0.5406   0.4069   0.0224   0.0000  -0.0060   0.0934    0.265
    26   0.0411  -0.0712   0.0000   0.2540   0.0062   0.1039   0.0556   0.5436   0.4092   0.0197   0.0000  -0.0014   0.0898    0.253
    27   0.0560  -0.0970   0.0000   0.2540   0.0069   0.1042   0.0600   0.5454   0.4105   0.0174   0.0000   0.0023   0.0868    0.244
    28   0.0724  -0.1254   0.0000   0.2540   0.0075   0.1040   0.0644   0.5449   0.4102   0.0155   0.0000   0.0054   0.0840    0.237
    29   0.0899  -0.1558   0.0000   0.2540   0.0079   0.1032   0.0690   0.5409   0.4072   0.0139   0.0000   0.0081   0.0810    0.230
    30   0.1081  -0.1873   0.0000   0.2540   0.0081   0.1015   0.0739   0.5323   0.4007   0.0126   0.0000   0.0107   0.0773    0.223
    31   0.1265  -0.2191   0.0000   0.2540   0.0081   0.0987   0.0790   0.5177   0.3897   0.0112   0.0000   0.0135   0.0724    0.215
    32   0.1447  -0.2506   0.0000   0.2540   0.0079   0.0946   0.0841   0.4959   0.3733   0.0099   0.0000   0.0167   0.0662    0.205
    33   0.1622  -0.2810   0.0000   0.2540   0.0075   0.0888   0.0889   0.4658   0.3506   0.0083   0.0000   0.0201   0.0583    0.193
    34   0.1786  -0.3094   0.0000   0.2540   0.0069   0.0812   0.0928   0.4263   0.3209   0.0066   0.0000   0.0236   0.0488    0.176
    35   0.1935  -0.3352   0.0000   0.2540   0.0062   0.0719   0.0949   0.3774   0.2841   0.0047   0.0000   0.0266   0.0383    0.156
    36   0.2065  -0.3577   0.0000   0.2540   0.0053   0.0608   0.0949   0.3196   0.2406   0.0028   0.0000   0.0282   0.0275    0.133
    37   0.2173  -0.3765   0.0000   0.2540   0.0042   0.0484   0.0924   0.2544   0.1915   0.0011   0.0000   0.0274   0.0175    0.107
    38   0.2257  -0.3909   0.0000   0.2540   0.0031   0.0350   0.0877   0.1841   0.1386  -0.0004   0.0000   0.0234   0.0096    0.081
    39   0.2314  -0.4008   0.0000   0.2540   0.0019   0.0211   0.0819   0.1112   0.0837  -0.0016   0.0000   0.0159   0.0042    0.060
    40   0.2342  -0.4058   0.0000   0.2540   0.0006   0.0070   0.0784   0.0373   0.0281  -0.0022   0.0000   0.0056   0.0011    0.051
 ---------------------------------------------------------------
