 ---------------------------------------------------------------
 Surface and Strip Forces by surface

  Sref = 0.13630       Cref = 0.19250       Bref = 0.81280    
  Xref = 0.10920       Yref =  0.0000       Zref =  0.0000    

  Surface # 1     Wing                                    
     # Chordwise = 10   # Spanwise = 20     First strip =  1
     Surface area Ssurf =    0.068133     Ave. chord Cave =    0.167650

 Forces referred to Sref, Cref, Bref about Xref, Yref, Zref
 Standard axis orientation,  X fwd, Z down         
     CLsurf  =   0.26650     Clsurf  =  -0.05560
     CYsurf  =  -0.00244     Cmsurf  =  -0.02874
     CDsurf  =   0.01024     Cnsurf  =  -0.00519
     CDisurf =   0.01024     CDvsurf =   0.00000

 Forces referred to Ssurf, Cave 
     CLsurf  =   0.53314     CDsurf  =   0.02048

 Strip Forces referred to Strip Area, Chord
    j     Xle      Yle      Zle      Chord    Area     c_cl     ai     cl_norm    cl       cd       cdv    cm_c/4     cm_LE   C.P.x/c
     1   0.0003   0.0006   0.0000   0.2791   0.0007   0.1167   0.0771   0.4499   0.3979   0.1899   0.0000  -0.0085  -0.1010    0.271
     2   0.0028   0.0056   0.0000   0.2763   0.0021   0.1167   0.0773   0.4755   0.4205   0.0413   0.0000  -0.0077  -0.1013    0.268
     3   0.0078   0.0155   0.0000   0.2709   0.0033   0.1166   0.0774   0.4859   0.4297   0.0333   0.0000  -0.0054  -0.1010    0.262
     4   0.0150   0.0299   0.0000   0.2629   0.0044   0.1163   0.0773   0.4999   0.4421   0.0303   0.0000  -0.0023  -0.1009    0.255
     5   0.0244   0.0487   0.0000   0.2526   0.0052   0.1157   0.0769   0.5178   0.4579   0.0277   0.0000   0.0009  -0.1016    0.248
     6   0.0357   0.0712   0.0000   0.2402   0.0058   0.1144   0.0762   0.5391   0.4768   0.0252   0.0000   0.0035  -0.1033    0.243
     7   0.0487   0.0970   0.0000   0.2260   0.0061   0.1124   0.0751   0.5633   0.4982   0.0229   0.0000   0.0056  -0.1061    0.239
     8   0.0629   0.1254   0.0000   0.2104   0.0062   0.1094   0.0735   0.5896   0.5215   0.0207   0.0000   0.0072  -0.1098    0.236
     9   0.0781   0.1558   0.0000   0.1937   0.0060   0.1054   0.0713   0.6174   0.5461   0.0186   0.0000   0.0082  -0.1143    0.235
    10   0.0939   0.1873   0.0000   0.1764   0.0056   0.1004   0.0689   0.6459   0.5712   0.0164   0.0000   0.0090  -0.1191    0.234
    11   0.1099   0.2191   0.0000   0.1589   0.0051   0.0943   0.0662   0.6741   0.5961   0.0141   0.0000   0.0096  -0.1240    0.234
    12   0.1257   0.2506   0.0000   0.1416   0.0044   0.0872   0.0636   0.7006   0.6196   0.0116   0.0000   0.0102  -0.1286    0.233
    13   0.1409   0.2810   0.0000   0.1249   0.0037   0.0794   0.0616   0.7234   0.6397   0.0089   0.0000   0.0112  -0.1321    0.232
    14   0.1551   0.3094   0.0000   0.1093   0.0030   0.0709   0.0608   0.7390   0.6536   0.0061   0.0000   0.0128  -0.1337    0.230
    15   0.1681   0.3352   0.0000   0.0951   0.0023   0.0619   0.0618   0.7416   0.6558   0.0032   0.0000   0.0156  -0.1316    0.226
    16   0.1794   0.3577   0.0000   0.0827   0.0017   0.0523   0.0656   0.7212   0.6378   0.0002   0.0000   0.0202  -0.1234    0.218
    17   0.1888   0.3765   0.0000   0.0724   0.0012   0.0421   0.0719   0.6627   0.5861  -0.0026   0.0000   0.0270  -0.1057    0.204
    18   0.1960   0.3909   0.0000   0.0644   0.0008   0.0309   0.0785   0.5478   0.4844  -0.0049   0.0000   0.0339  -0.0769    0.180
    19   0.2010   0.4008   0.0000   0.0590   0.0004   0.0189   0.0805   0.3656   0.3234  -0.0055   0.0000   0.0333  -0.0418    0.147
    20   0.2035   0.4058   0.0000   0.0562   0.0001   0.0063   0.0751   0.1286   0.1137  -0.0042   0.0000   0.0150  -0.0117    0.118

  Surface # 2     Wing (YDUP)                             
     # Chordwise = 10   # Spanwise = 20     First strip = 21
     Surface area Ssurf =    0.068133     Ave. chord Cave =    0.167650

 Forces referred to Sref, Cref, Bref about Xref, Yref, Zref
 Standard axis orientation,  X fwd, Z down         
     CLsurf  =   0.26650     Clsurf  =   0.05560
     CYsurf  =   0.00244     Cmsurf  =  -0.02874
     CDsurf  =   0.01024     Cnsurf  =   0.00519
     CDisurf =   0.01024     CDvsurf =   0.00000

 Forces referred to Ssurf, Cave 
     CLsurf  =   0.53314     CDsurf  =   0.02048

 Strip Forces referred to Strip Area, Chord
    j     Xle      Yle      Zle      Chord    Area     c_cl     ai     cl_norm    cl       cd       cdv    cm_c/4     cm_LE   C.P.x/c
    21   0.0003  -0.0006   0.0000   0.2791   0.0007   0.1167   0.0771   0.4499   0.3979   0.1899   0.0000  -0.0085   0.1010    0.271
    22   0.0028  -0.0056   0.0000   0.2763   0.0021   0.1167   0.0773   0.4755   0.4205   0.0413   0.0000  -0.0077   0.1013    0.268
    23   0.0078  -0.0155   0.0000   0.2709   0.0033   0.1166   0.0774   0.4859   0.4297   0.0333   0.0000  -0.0054   0.1010    0.262
    24   0.0150  -0.0299   0.0000   0.2629   0.0044   0.1163   0.0773   0.4999   0.4421   0.0303   0.0000  -0.0023   0.1009    0.255
    25   0.0244  -0.0487   0.0000   0.2526   0.0052   0.1157   0.0769   0.5178   0.4579   0.0277   0.0000   0.0009   0.1016    0.248
    26   0.0357  -0.0712   0.0000   0.2402   0.0058   0.1144   0.0762   0.5391   0.4768   0.0252   0.0000   0.0035   0.1033    0.243
    27   0.0487  -0.0970   0.0000   0.2260   0.0061   0.1124   0.0751   0.5633   0.4982   0.0229   0.0000   0.0056   0.1061    0.239
    28   0.0629  -0.1254   0.0000   0.2104   0.0062   0.1094   0.0735   0.5896   0.5215   0.0207   0.0000   0.0072   0.1098    0.236
    29   0.0781  -0.1558   0.0000   0.1937   0.0060   0.1054   0.0713   0.6174   0.5461   0.0186   0.0000   0.0082   0.1143    0.235
    30   0.0939  -0.1873   0.0000   0.1764   0.0056   0.1004   0.0689   0.6459   0.5712   0.0164   0.0000   0.0090   0.1191    0.234
    31   0.1099  -0.2191   0.0000   0.1589   0.0051   0.0943   0.0662   0.6741   0.5961   0.0141   0.0000   0.0096   0.1240    0.234
    32   0.1257  -0.2506   0.0000   0.1416   0.0044   0.0872   0.0636   0.7006   0.6196   0.0116   0.0000   0.0102   0.1286    0.233
    33   0.1409  -0.2810   0.0000   0.1249   0.0037   0.0794   0.0616   0.7234   0.6397   0.0089   0.0000   0.0112   0.1321    0.232
    34   0.1551  -0.3094   0.0000   0.1093   0.0030   0.0709   0.0608   0.7390   0.6536   0.0061   0.0000   0.0128   0.1337    0.230
    35   0.1681  -0.3352   0.0000   0.0951   0.0023   0.0619   0.0618   0.7416   0.6558   0.0032   0.0000   0.0156   0.1316    0.226
    36   0.1794  -0.3577   0.0000   0.0827   0.0017   0.0523   0.0656   0.7212   0.6378   0.0002   0.0000   0.0202   0.1234    0.218
    37   0.1888  -0.3765   0.0000   0.0724   0.0012   0.0421   0.0719   0.6627   0.5861  -0.0026   0.0000   0.0270   0.1057    0.204
    38   0.1960  -0.3909   0.0000   0.0644   0.0008   0.0309   0.0785   0.5478   0.4844  -0.0049   0.0000   0.0339   0.0769    0.180
    39   0.2010  -0.4008   0.0000   0.0590   0.0004   0.0189   0.0805   0.3656   0.3234  -0.0055   0.0000   0.0333   0.0418    0.147
    40   0.2035  -0.4058   0.0000   0.0562   0.0001   0.0063   0.0751   0.1286   0.1137  -0.0042   0.0000   0.0150   0.0117    0.118
 ---------------------------------------------------------------
