 ---------------------------------------------------------------
 Surface and Strip Forces by surface

  Sref = 0.14450       Cref = 0.18870       Bref = 0.81280    
  Xref = 0.10920       Yref =  0.0000       Zref =  0.0000    

  Surface # 1     Wing                                    
     # Chordwise = 10   # Spanwise = 20     First strip =  1
     Surface area Ssurf =    0.072258     Ave. chord Cave =    0.177800

 Forces referred to Sref, Cref, Bref about Xref, Yref, Zref
 Standard axis orientation,  X fwd, Z down         
     CLsurf  =   0.25138     Clsurf  =  -0.05448
     CYsurf  =   0.00551     Cmsurf  =  -0.07328
     CDsurf  =   0.00980     Cnsurf  =  -0.00742
     CDisurf =   0.00980     CDvsurf =   0.00000

 Forces referred to Ssurf, Cave 
     CLsurf  =   0.50270     CDsurf  =   0.01959

 Strip Forces referred to Strip Area, Chord
    j     Xle      Yle      Zle      Chord    Area     c_cl     ai     cl_norm    cl       cd       cdv    cm_c/4     cm_LE   C.P.x/c
     1   0.0004   0.0006   0.0000   0.2538   0.0006   0.1085   0.0577   0.5314   0.4004   0.2440   0.0000  -0.0231  -0.1079    0.308
     2   0.0038   0.0056   0.0000   0.2519   0.0019   0.1085   0.0576   0.5683   0.4283   0.0471   0.0000  -0.0216  -0.1074    0.300
     3   0.0104   0.0155   0.0000   0.2482   0.0030   0.1086   0.0590   0.5787   0.4361   0.0374   0.0000  -0.0173  -0.1051    0.290
     4   0.0201   0.0299   0.0000   0.2428   0.0040   0.1086   0.0611   0.5926   0.4466   0.0336   0.0000  -0.0117  -0.1026    0.276
     5   0.0327   0.0487   0.0000   0.2357   0.0049   0.1085   0.0633   0.6106   0.4601   0.0298   0.0000  -0.0064  -0.1009    0.264
     6   0.0478   0.0712   0.0000   0.2273   0.0055   0.1081   0.0650   0.6317   0.4761   0.0262   0.0000  -0.0020  -0.1004    0.254
     7   0.0651   0.0970   0.0000   0.2176   0.0059   0.1072   0.0663   0.6549   0.4935   0.0231   0.0000   0.0014  -0.1011    0.247
     8   0.0842   0.1254   0.0000   0.2070   0.0061   0.1056   0.0671   0.6789   0.5116   0.0202   0.0000   0.0039  -0.1026    0.242
     9   0.1045   0.1558   0.0000   0.1956   0.0061   0.1032   0.0676   0.7025   0.5294   0.0177   0.0000   0.0058  -0.1047    0.239
    10   0.1257   0.1873   0.0000   0.1838   0.0058   0.0999   0.0683   0.7242   0.5457   0.0153   0.0000   0.0073  -0.1067    0.237
    11   0.1470   0.2191   0.0000   0.1718   0.0055   0.0957   0.0693   0.7424   0.5595   0.0131   0.0000   0.0088  -0.1083    0.234
    12   0.1682   0.2506   0.0000   0.1600   0.0050   0.0905   0.0713   0.7549   0.5689   0.0109   0.0000   0.0106  -0.1086    0.231
    13   0.1885   0.2810   0.0000   0.1486   0.0044   0.0845   0.0747   0.7584   0.5716   0.0086   0.0000   0.0131  -0.1071    0.227
    14   0.2076   0.3094   0.0000   0.1380   0.0038   0.0773   0.0798   0.7484   0.5640   0.0061   0.0000   0.0168  -0.1024    0.220
    15   0.2249   0.3352   0.0000   0.1283   0.0031   0.0690   0.0865   0.7184   0.5414   0.0033   0.0000   0.0220  -0.0933    0.209
    16   0.2400   0.3577   0.0000   0.1199   0.0025   0.0592   0.0936   0.6606   0.4979   0.0002   0.0000   0.0288  -0.0787    0.192
    17   0.2526   0.3765   0.0000   0.1128   0.0019   0.0479   0.0990   0.5681   0.4281  -0.0031   0.0000   0.0353  -0.0588    0.168
    18   0.2623   0.3909   0.0000   0.1074   0.0013   0.0351   0.1003   0.4383   0.3303  -0.0058   0.0000   0.0377  -0.0366    0.136
    19   0.2689   0.4008   0.0000   0.1037   0.0008   0.0213   0.0963   0.2762   0.2081  -0.0067   0.0000   0.0307  -0.0172    0.103
    20   0.2723   0.4058   0.0000   0.1018   0.0003   0.0071   0.0898   0.0945   0.0712  -0.0055   0.0000   0.0120  -0.0045    0.081

  Surface # 2     Wing (YDUP)                             
     # Chordwise = 10   # Spanwise = 20     First strip = 21
     Surface area Ssurf =    0.072258     Ave. chord Cave =    0.177800

 Forces referred to Sref, Cref, Bref about Xref, Yref, Zref
 Standard axis orientation,  X fwd, Z down         
     CLsurf  =   0.25138     Clsurf  =   0.05448
     CYsurf  =  -0.00551     Cmsurf  =  -0.07328
     CDsurf  =   0.00980     Cnsurf  =   0.00742
     CDisurf =   0.00980     CDvsurf =   0.00000

 Forces referred to Ssurf, Cave 
     CLsurf  =   0.50270     CDsurf  =   0.01959

 Strip Forces referred to Strip Area, Chord
    j     Xle      Yle      Zle      Chord    Area     c_cl     ai     cl_norm    cl       cd       cdv    cm_c/4     cm_LE   C.P.x/c
    21   0.0004  -0.0006   0.0000   0.2538   0.0006   0.1085   0.0577   0.5314   0.4004   0.2440   0.0000  -0.0231   0.1079    0.308
    22   0.0038  -0.0056   0.0000   0.2519   0.0019   0.1085   0.0576   0.5683   0.4283   0.0471   0.0000  -0.0216   0.1074    0.300
    23   0.0104  -0.0155   0.0000   0.2482   0.0030   0.1086   0.0590   0.5787   0.4361   0.0374   0.0000  -0.0173   0.1051    0.290
    24   0.0201  -0.0299   0.0000   0.2428   0.0040   0.1086   0.0611   0.5926   0.4466   0.0336   0.0000  -0.0117   0.1026    0.276
    25   0.0327  -0.0487   0.0000   0.2357   0.0049   0.1085   0.0633   0.6106   0.4601   0.0298   0.0000  -0.0064   0.1009    0.264
    26   0.0478  -0.0712   0.0000   0.2273   0.0055   0.1081   0.0650   0.6317   0.4761   0.0262   0.0000  -0.0020   0.1004    0.254
    27   0.0651  -0.0970   0.0000   0.2176   0.0059   0.1072   0.0663   0.6549   0.4935   0.0231   0.0000   0.0014   0.1011    0.247
    28   0.0842  -0.1254   0.0000   0.2070   0.0061   0.1056   0.0671   0.6789   0.5116   0.0202   0.0000   0.0039   0.1026    0.242
    29   0.1045  -0.1558   0.0000   0.1956   0.0061   0.1032   0.0676   0.7025   0.5294   0.0177   0.0000   0.0058   0.1047    0.239
    30   0.1257  -0.1873   0.0000   0.1838   0.0058   0.0999   0.0683   0.7242   0.5457   0.0153   0.0000   0.0073   0.1067    0.237
    31   0.1470  -0.2191   0.0000   0.1718   0.0055   0.0957   0.0693   0.7424   0.5595   0.0131   0.0000   0.0088   0.1083    0.234
    32   0.1682  -0.2506   0.0000   0.1600   0.0050   0.0905   0.0713   0.7549   0.5689   0.0109   0.0000   0.0106   0.1086    0.231
    33   0.1885  -0.2810   0.0000   0.1486   0.0044   0.0845   0.0747   0.7584   0.5716   0.0086   0.0000   0.0131   0.1071    0.227
    34   0.2076  -0.3094   0.0000   0.1380   0.0038   0.0773   0.0798   0.7484   0.5640   0.0061   0.0000   0.0168   0.1024    0.220
    35   0.2249  -0.3352   0.0000   0.1283   0.0031   0.0690   0.0865   0.7184   0.5414   0.0033   0.0000   0.0220   0.0933    0.209
    36   0.2400  -0.3577   0.0000   0.1199   0.0025   0.0592   0.0936   0.6606   0.4979   0.0002   0.0000   0.0288   0.0787    0.192
    37   0.2526  -0.3765   0.0000   0.1128   0.0019   0.0479   0.0990   0.5681   0.4281  -0.0031   0.0000   0.0353   0.0588    0.168
    38   0.2623  -0.3909   0.0000   0.1074   0.0013   0.0351   0.1003   0.4383   0.3303  -0.0058   0.0000   0.0377   0.0366    0.136
    39   0.2689  -0.4008   0.0000   0.1037   0.0008   0.0213   0.0963   0.2762   0.2081  -0.0067   0.0000   0.0307   0.0172    0.103
    40   0.2723  -0.4058   0.0000   0.1018   0.0003   0.0071   0.0898   0.0945   0.0712  -0.0055   0.0000   0.0120   0.0045    0.081
 ---------------------------------------------------------------
