 ---------------------------------------------------------------
 Surface and Strip Forces by surface

  Sref = 0.16260       Cref = 0.18870       Bref = 0.91440    
  Xref = 0.10920       Yref =  0.0000       Zref =  0.0000    

  Surface # 1     Wing                                    
     # Chordwise = 10   # Spanwise = 20     First strip =  1
     Surface area Ssurf =    0.081290     Ave. chord Cave =    0.177800

 Forces referred to Sref, Cref, Bref about Xref, Yref, Zref
 Standard axis orientation,  X fwd, Z down         
     CLsurf  =   0.22340     Clsurf  =  -0.04828
     CYsurf  =   0.00300     Cmsurf  =  -0.05297
     CDsurf  =   0.00681     Cnsurf  =  -0.00481
     CDisurf =   0.00681     CDvsurf =   0.00000

 Forces referred to Ssurf, Cave 
     CLsurf  =   0.44685     CDsurf  =   0.01362

 Strip Forces referred to Strip Area, Chord
    j     Xle      Yle      Zle      Chord    Area     c_cl     ai     cl_norm    cl       cd       cdv    cm_c/4     cm_LE   C.P.x/c
     1   0.0004   0.0007   0.0000   0.2538   0.0007   0.0975   0.0485   0.4499   0.3703   0.1553   0.0000  -0.0159  -0.0981    0.293
     2   0.0035   0.0063   0.0000   0.2519   0.0021   0.0975   0.0479   0.4687   0.3857   0.0318   0.0000  -0.0146  -0.0975    0.288
     3   0.0096   0.0174   0.0000   0.2482   0.0034   0.0975   0.0486   0.4765   0.3921   0.0256   0.0000  -0.0109  -0.0956    0.278
     4   0.0185   0.0337   0.0000   0.2428   0.0046   0.0974   0.0499   0.4875   0.4012   0.0228   0.0000  -0.0064  -0.0936    0.266
     5   0.0301   0.0548   0.0000   0.2357   0.0055   0.0973   0.0513   0.5016   0.4128   0.0201   0.0000  -0.0023  -0.0924    0.256
     6   0.0440   0.0801   0.0000   0.2273   0.0062   0.0968   0.0524   0.5180   0.4263   0.0176   0.0000   0.0010  -0.0924    0.248
     7   0.0600   0.1092   0.0000   0.2176   0.0067   0.0958   0.0530   0.5360   0.4411   0.0155   0.0000   0.0035  -0.0934    0.242
     8   0.0776   0.1411   0.0000   0.2070   0.0069   0.0942   0.0533   0.5544   0.4562   0.0137   0.0000   0.0052  -0.0952    0.239
     9   0.0963   0.1752   0.0000   0.1956   0.0068   0.0919   0.0533   0.5722   0.4709   0.0121   0.0000   0.0064  -0.0973    0.236
    10   0.1158   0.2107   0.0000   0.1838   0.0066   0.0887   0.0534   0.5884   0.4842   0.0106   0.0000   0.0074  -0.0993    0.235
    11   0.1355   0.2465   0.0000   0.1718   0.0061   0.0848   0.0538   0.6016   0.4951   0.0093   0.0000   0.0084  -0.1008    0.233
    12   0.1550   0.2820   0.0000   0.1600   0.0056   0.0801   0.0550   0.6103   0.5022   0.0079   0.0000   0.0096  -0.1012    0.231
    13   0.1737   0.3161   0.0000   0.1486   0.0049   0.0746   0.0574   0.6119   0.5036   0.0066   0.0000   0.0113  -0.1000    0.227
    14   0.1913   0.3480   0.0000   0.1380   0.0042   0.0682   0.0612   0.6030   0.4963   0.0052   0.0000   0.0140  -0.0960    0.222
    15   0.2073   0.3771   0.0000   0.1283   0.0035   0.0608   0.0666   0.5787   0.4762   0.0037   0.0000   0.0178  -0.0882    0.213
    16   0.2212   0.4024   0.0000   0.1199   0.0028   0.0523   0.0728   0.5325   0.4383   0.0020   0.0000   0.0230  -0.0754    0.197
    17   0.2328   0.4235   0.0000   0.1128   0.0021   0.0424   0.0780   0.4586   0.3774   0.0001   0.0000   0.0284  -0.0573    0.175
    18   0.2417   0.4398   0.0000   0.1074   0.0015   0.0311   0.0796   0.3540   0.2913  -0.0017   0.0000   0.0310  -0.0363    0.144
    19   0.2478   0.4509   0.0000   0.1037   0.0009   0.0189   0.0759   0.2228   0.1834  -0.0026   0.0000   0.0258  -0.0173    0.109
    20   0.2509   0.4565   0.0000   0.1018   0.0003   0.0063   0.0690   0.0759   0.0625  -0.0027   0.0000   0.0103  -0.0045    0.085

  Surface # 2     Wing (YDUP)                             
     # Chordwise = 10   # Spanwise = 20     First strip = 21
     Surface area Ssurf =    0.081290     Ave. chord Cave =    0.177800

 Forces referred to Sref, Cref, Bref about Xref, Yref, Zref
 Standard axis orientation,  X fwd, Z down         
     CLsurf  =   0.22340     Clsurf  =   0.04828
     CYsurf  =  -0.00300     Cmsurf  =  -0.05297
     CDsurf  =   0.00681     Cnsurf  =   0.00481
     CDisurf =   0.00681     CDvsurf =   0.00000

 Forces referred to Ssurf, Cave 
     CLsurf  =   0.44685     CDsurf  =   0.01362

 Strip Forces referred to Strip Area, Chord
    j     Xle      Yle      Zle      Chord    Area     c_cl     ai     cl_norm    cl       cd       cdv    cm_c/4     cm_LE   C.P.x/c
    21   0.0004  -0.0007   0.0000   0.2538   0.0007   0.0975   0.0485   0.4499   0.3703   0.1553   0.0000  -0.0159   0.0981    0.293
    22   0.0035  -0.0063   0.0000   0.2519   0.0021   0.0975   0.0479   0.4687   0.3857   0.0318   0.0000  -0.0146   0.0975    0.288
    23   0.0096  -0.0174   0.0000   0.2482   0.0034   0.0975   0.0486   0.4765   0.3921   0.0256   0.0000  -0.0109   0.0956    0.278
    24   0.0185  -0.0337   0.0000   0.2428   0.0046   0.0974   0.0499   0.4875   0.4012   0.0228   0.0000  -0.0064   0.0936    0.266
    25   0.0301  -0.0548   0.0000   0.2357   0.0055   0.0973   0.0513   0.5016   0.4128   0.0201   0.0000  -0.0023   0.0924    0.256
    26   0.0440  -0.0801   0.0000   0.2273   0.0062   0.0968   0.0524   0.5180   0.4263   0.0176   0.0000   0.0010   0.0924    0.248
    27   0.0600  -0.1092   0.0000   0.2176   0.0067   0.0958   0.0530   0.5360   0.4411   0.0155   0.0000   0.0035   0.0934    0.242
    28   0.0776  -0.1411   0.0000   0.2070   0.0069   0.0942   0.0533   0.5544   0.4562   0.0137   0.0000   0.0052   0.0952    0.239
    29   0.0963  -0.1752   0.0000   0.1956   0.0068   0.0919   0.0533   0.5722   0.4709   0.0121   0.0000   0.0064   0.0973    0.236
    30   0.1158  -0.2107   0.0000   0.1838   0.0066   0.0887   0.0534   0.5884   0.4842   0.0106   0.0000   0.0074   0.0993    0.235
    31   0.1355  -0.2465   0.0000   0.1718   0.0061   0.0848   0.0538   0.6016   0.4951   0.0093   0.0000   0.0084   0.1008    0.233
    32   0.1550  -0.2820   0.0000   0.1600   0.0056   0.0801   0.0550   0.6103   0.5022   0.0079   0.0000   0.0096   0.1012    0.231
    33   0.1737  -0.3161   0.0000   0.1486   0.0049   0.0746   0.0574   0.6119   0.5036   0.0066   0.0000   0.0113   0.1000    0.227
    34   0.1913  -0.3480   0.0000   0.1380   0.0042   0.0682   0.0612   0.6030   0.4963   0.0052   0.0000   0.0140   0.0960    0.222
    35   0.2073  -0.3771   0.0000   0.1283   0.0035   0.0608   0.0666   0.5787   0.4762   0.0037   0.0000   0.0178   0.0882    0.213
    36   0.2212  -0.4024   0.0000   0.1199   0.0028   0.0523   0.0728   0.5325   0.4383   0.0020   0.0000   0.0230   0.0754    0.197
    37   0.2328  -0.4235   0.0000   0.1128   0.0021   0.0424   0.0780   0.4586   0.3774   0.0001   0.0000   0.0284   0.0573    0.175
    38   0.2417  -0.4398   0.0000   0.1074   0.0015   0.0311   0.0796   0.3540   0.2913  -0.0017   0.0000   0.0310   0.0363    0.144
    39   0.2478  -0.4509   0.0000   0.1037   0.0009   0.0189   0.0759   0.2228   0.1834  -0.0026   0.0000   0.0258   0.0173    0.109
    40   0.2509  -0.4565   0.0000   0.1018   0.0003   0.0063   0.0690   0.0759   0.0625  -0.0027   0.0000   0.0103   0.0045    0.085
 ---------------------------------------------------------------
