 ---------------------------------------------------------------
 Surface and Strip Forces by surface

  Sref = 0.11380       Cref = 0.16980       Bref = 0.71120    
  Xref = 0.10920       Yref =  0.0000       Zref =  0.0000    

  Surface # 1     Wing                                    
     # Chordwise = 10   # Spanwise = 20     First strip =  1
     Surface area Ssurf =    0.056896     Ave. chord Cave =    0.160000

 Forces referred to Sref, Cref, Bref about Xref, Yref, Zref
 Standard axis orientation,  X fwd, Z down         
     CLsurf  =   0.31919     Clsurf  =  -0.06898
     CYsurf  =   0.00890     Cmsurf  =  -0.06822
     CDsurf  =   0.01619     Cnsurf  =  -0.01220
     CDisurf =   0.01619     CDvsurf =   0.00000

 Forces referred to Ssurf, Cave 
     CLsurf  =   0.63843     CDsurf  =   0.03239

 Strip Forces referred to Strip Area, Chord
    j     Xle      Yle      Zle      Chord    Area     c_cl     ai     cl_norm    cl       cd       cdv    cm_c/4     cm_LE   C.P.x/c
     1   0.0004   0.0005   0.0000   0.2284   0.0005   0.1238   0.0746   0.6420   0.4855   0.3876   0.0000  -0.0294  -0.1368    0.311
     2   0.0033   0.0049   0.0000   0.2267   0.0015   0.1239   0.0755   0.7153   0.5410   0.0771   0.0000  -0.0276  -0.1362    0.301
     3   0.0091   0.0135   0.0000   0.2234   0.0024   0.1239   0.0777   0.7300   0.5521   0.0612   0.0000  -0.0225  -0.1337    0.291
     4   0.0177   0.0262   0.0000   0.2185   0.0032   0.1240   0.0805   0.7483   0.5660   0.0550   0.0000  -0.0158  -0.1307    0.278
     5   0.0287   0.0426   0.0000   0.2122   0.0038   0.1239   0.0832   0.7716   0.5836   0.0489   0.0000  -0.0094  -0.1288    0.266
     6   0.0420   0.0623   0.0000   0.2046   0.0043   0.1234   0.0855   0.7989   0.6042   0.0432   0.0000  -0.0039  -0.1283    0.257
     7   0.0572   0.0849   0.0000   0.1958   0.0047   0.1223   0.0870   0.8286   0.6267   0.0381   0.0000   0.0003  -0.1292    0.250
     8   0.0740   0.1098   0.0000   0.1863   0.0048   0.1205   0.0880   0.8594   0.6500   0.0336   0.0000   0.0034  -0.1312    0.245
     9   0.0918   0.1363   0.0000   0.1760   0.0048   0.1177   0.0887   0.8896   0.6728   0.0295   0.0000   0.0059  -0.1338    0.241
    10   0.1104   0.1638   0.0000   0.1654   0.0046   0.1139   0.0895   0.9174   0.6939   0.0257   0.0000   0.0079  -0.1363    0.239
    11   0.1292   0.1918   0.0000   0.1546   0.0043   0.1091   0.0910   0.9408   0.7115   0.0220   0.0000   0.0098  -0.1381    0.236
    12   0.1478   0.2193   0.0000   0.1440   0.0039   0.1032   0.0935   0.9567   0.7236   0.0184   0.0000   0.0122  -0.1385    0.233
    13   0.1656   0.2458   0.0000   0.1337   0.0034   0.0962   0.0979   0.9612   0.7269   0.0146   0.0000   0.0155  -0.1363    0.229
    14   0.1824   0.2707   0.0000   0.1242   0.0030   0.0881   0.1043   0.9482   0.7172   0.0105   0.0000   0.0203  -0.1303    0.222
    15   0.1976   0.2933   0.0000   0.1154   0.0024   0.0785   0.1126   0.9099   0.6882   0.0060   0.0000   0.0269  -0.1186    0.211
    16   0.2109   0.3130   0.0000   0.1078   0.0020   0.0673   0.1215   0.8367   0.6328   0.0008   0.0000   0.0353  -0.1002    0.194
    17   0.2219   0.3294   0.0000   0.1015   0.0015   0.0545   0.1286   0.7200   0.5445  -0.0045   0.0000   0.0432  -0.0754    0.171
    18   0.2305   0.3421   0.0000   0.0966   0.0010   0.0400   0.1313   0.5565   0.4209  -0.0089   0.0000   0.0458  -0.0478    0.141
    19   0.2363   0.3507   0.0000   0.0933   0.0006   0.0243   0.1283   0.3519   0.2662  -0.0105   0.0000   0.0370  -0.0234    0.111
    20   0.2392   0.3551   0.0000   0.0916   0.0002   0.0081   0.1227   0.1211   0.0916  -0.0088   0.0000   0.0144  -0.0065    0.092

  Surface # 2     Wing (YDUP)                             
     # Chordwise = 10   # Spanwise = 20     First strip = 21
     Surface area Ssurf =    0.056896     Ave. chord Cave =    0.160000

 Forces referred to Sref, Cref, Bref about Xref, Yref, Zref
 Standard axis orientation,  X fwd, Z down         
     CLsurf  =   0.31919     Clsurf  =   0.06898
     CYsurf  =  -0.00890     Cmsurf  =  -0.06822
     CDsurf  =   0.01619     Cnsurf  =   0.01220
     CDisurf =   0.01619     CDvsurf =   0.00000

 Forces referred to Ssurf, Cave 
     CLsurf  =   0.63843     CDsurf  =   0.03239

 Strip Forces referred to Strip Area, Chord
    j     Xle      Yle      Zle      Chord    Area     c_cl     ai     cl_norm    cl       cd       cdv    cm_c/4     cm_LE   C.P.x/c
    21   0.0004  -0.0005   0.0000   0.2284   0.0005   0.1238   0.0746   0.6420   0.4855   0.3876   0.0000  -0.0294   0.1368    0.311
    22   0.0033  -0.0049   0.0000   0.2267   0.0015   0.1239   0.0755   0.7153   0.5410   0.0771   0.0000  -0.0276   0.1362    0.301
    23   0.0091  -0.0135   0.0000   0.2234   0.0024   0.1239   0.0777   0.7300   0.5521   0.0612   0.0000  -0.0225   0.1337    0.291
    24   0.0177  -0.0262   0.0000   0.2185   0.0032   0.1240   0.0805   0.7483   0.5660   0.0550   0.0000  -0.0158   0.1307    0.278
    25   0.0287  -0.0426   0.0000   0.2122   0.0038   0.1239   0.0832   0.7716   0.5836   0.0489   0.0000  -0.0094   0.1288    0.266
    26   0.0420  -0.0623   0.0000   0.2046   0.0043   0.1234   0.0855   0.7989   0.6042   0.0432   0.0000  -0.0039   0.1283    0.257
    27   0.0572  -0.0849   0.0000   0.1958   0.0047   0.1223   0.0870   0.8286   0.6267   0.0381   0.0000   0.0003   0.1292    0.250
    28   0.0740  -0.1098   0.0000   0.1863   0.0048   0.1205   0.0880   0.8594   0.6500   0.0336   0.0000   0.0034   0.1312    0.245
    29   0.0918  -0.1363   0.0000   0.1760   0.0048   0.1177   0.0887   0.8896   0.6728   0.0295   0.0000   0.0059   0.1338    0.241
    30   0.1104  -0.1638   0.0000   0.1654   0.0046   0.1139   0.0895   0.9174   0.6939   0.0257   0.0000   0.0079   0.1363    0.239
    31   0.1292  -0.1918   0.0000   0.1546   0.0043   0.1091   0.0910   0.9408   0.7115   0.0220   0.0000   0.0098   0.1381    0.236
    32   0.1478  -0.2193   0.0000   0.1440   0.0039   0.1032   0.0935   0.9567   0.7236   0.0184   0.0000   0.0122   0.1385    0.233
    33   0.1656  -0.2458   0.0000   0.1337   0.0034   0.0962   0.0979   0.9612   0.7269   0.0146   0.0000   0.0155   0.1363    0.229
    34   0.1824  -0.2707   0.0000   0.1242   0.0030   0.0881   0.1043   0.9482   0.7172   0.0105   0.0000   0.0203   0.1303    0.222
    35   0.1976  -0.2933   0.0000   0.1154   0.0024   0.0785   0.1126   0.9099   0.6882   0.0060   0.0000   0.0269   0.1186    0.211
    36   0.2109  -0.3130   0.0000   0.1078   0.0020   0.0673   0.1215   0.8367   0.6328   0.0008   0.0000   0.0353   0.1002    0.194
    37   0.2219  -0.3294   0.0000   0.1015   0.0015   0.0545   0.1286   0.7200   0.5445  -0.0045   0.0000   0.0432   0.0754    0.171
    38   0.2305  -0.3421   0.0000   0.0966   0.0010   0.0400   0.1313   0.5565   0.4209  -0.0089   0.0000   0.0458   0.0478    0.141
    39   0.2363  -0.3507   0.0000   0.0933   0.0006   0.0243   0.1283   0.3519   0.2662  -0.0105   0.0000   0.0370   0.0234    0.111
    40   0.2392  -0.3551   0.0000   0.0916   0.0002   0.0081   0.1227   0.1211   0.0916  -0.0088   0.0000   0.0144   0.0065    0.092
 ---------------------------------------------------------------
