 ---------------------------------------------------------------
 Surface and Strip Forces by surface

  Sref = 0.25550       Cref = 0.27940       Bref = 0.91440    
  Xref = 0.10920       Yref =  0.0000       Zref =  0.0000    

  Surface # 1     Wing                                    
     # Chordwise = 10   # Spanwise = 20     First strip =  1
     Surface area Ssurf =    0.127742     Ave. chord Cave =    0.279400

 Forces referred to Sref, Cref, Bref about Xref, Yref, Zref
 Standard axis orientation,  X fwd, Z down         
     CLsurf  =   0.14217     Clsurf  =  -0.03130
     CYsurf  =   0.00323     Cmsurf  =  -0.02282
     CDsurf  =   0.00432     Cnsurf  =  -0.00307
     CDisurf =   0.00432     CDvsurf =   0.00000

 Forces referred to Ssurf, Cave 
     CLsurf  =   0.28436     CDsurf  =   0.00865

 Strip Forces referred to Strip Area, Chord
    j     Xle      Yle      Zle      Chord    Area     c_cl     ai     cl_norm    cl       cd       cdv    cm_c/4     cm_LE   C.P.x/c
     1   0.0003   0.0007   0.0000   0.2794   0.0008   0.0927   0.0382   0.3919   0.3223   0.1319   0.0000  -0.0147  -0.0885    0.296
     2   0.0029   0.0063   0.0000   0.2794   0.0023   0.0927   0.0364   0.4023   0.3309   0.0228   0.0000  -0.0135  -0.0874    0.291
     3   0.0081   0.0174   0.0000   0.2794   0.0038   0.0927   0.0371   0.4030   0.3315   0.0173   0.0000  -0.0103  -0.0845    0.281
     4   0.0157   0.0337   0.0000   0.2794   0.0052   0.0929   0.0393   0.4040   0.3323   0.0154   0.0000  -0.0062  -0.0809    0.269
     5   0.0255   0.0548   0.0000   0.2794   0.0065   0.0931   0.0421   0.4053   0.3334   0.0136   0.0000  -0.0022  -0.0775    0.257
     6   0.0374   0.0801   0.0000   0.2794   0.0076   0.0934   0.0451   0.4064   0.3343   0.0120   0.0000   0.0011  -0.0747    0.247
     7   0.0509   0.1092   0.0000   0.2794   0.0085   0.0934   0.0481   0.4065   0.3344   0.0107   0.0000   0.0039  -0.0722    0.238
     8   0.0658   0.1411   0.0000   0.2794   0.0093   0.0930   0.0512   0.4049   0.3331   0.0096   0.0000   0.0061  -0.0699    0.232
     9   0.0817   0.1752   0.0000   0.2794   0.0097   0.0920   0.0544   0.4007   0.3296   0.0088   0.0000   0.0081  -0.0673    0.225
    10   0.0982   0.2107   0.0000   0.2794   0.0100   0.0902   0.0578   0.3931   0.3234   0.0080   0.0000   0.0100  -0.0641    0.219
    11   0.1150   0.2465   0.0000   0.2794   0.0100   0.0875   0.0614   0.3812   0.3136   0.0073   0.0000   0.0121  -0.0600    0.211
    12   0.1315   0.2820   0.0000   0.2794   0.0097   0.0836   0.0651   0.3641   0.2995   0.0065   0.0000   0.0144  -0.0547    0.202
    13   0.1474   0.3161   0.0000   0.2794   0.0093   0.0782   0.0685   0.3410   0.2805   0.0056   0.0000   0.0169  -0.0482    0.190
    14   0.1623   0.3480   0.0000   0.2794   0.0085   0.0714   0.0712   0.3113   0.2560   0.0046   0.0000   0.0194  -0.0403    0.174
    15   0.1758   0.3771   0.0000   0.2794   0.0076   0.0630   0.0725   0.2748   0.2260   0.0035   0.0000   0.0215  -0.0316    0.155
    16   0.1877   0.4024   0.0000   0.2794   0.0065   0.0532   0.0721   0.2320   0.1908   0.0024   0.0000   0.0227  -0.0226    0.131
    17   0.1975   0.4235   0.0000   0.2794   0.0052   0.0422   0.0694   0.1841   0.1514   0.0013   0.0000   0.0220  -0.0143    0.105
    18   0.2051   0.4398   0.0000   0.2794   0.0038   0.0304   0.0648   0.1328   0.1092   0.0002   0.0000   0.0188  -0.0077    0.078
    19   0.2103   0.4509   0.0000   0.2794   0.0023   0.0183   0.0591   0.0798   0.0657  -0.0008   0.0000   0.0128  -0.0033    0.056
    20   0.2129   0.4565   0.0000   0.2794   0.0008   0.0061   0.0555   0.0267   0.0219  -0.0014   0.0000   0.0045  -0.0008    0.044

  Surface # 2     Wing (YDUP)                             
     # Chordwise = 10   # Spanwise = 20     First strip = 21
     Surface area Ssurf =    0.127742     Ave. chord Cave =    0.279400

 Forces referred to Sref, Cref, Bref about Xref, Yref, Zref
 Standard axis orientation,  X fwd, Z down         
     CLsurf  =   0.14217     Clsurf  =   0.03130
     CYsurf  =  -0.00323     Cmsurf  =  -0.02282
     CDsurf  =   0.00432     Cnsurf  =   0.00307
     CDisurf =   0.00432     CDvsurf =   0.00000

 Forces referred to Ssurf, Cave 
     CLsurf  =   0.28436     CDsurf  =   0.00865

 Strip Forces referred to Strip Area, Chord
    j     Xle      Yle      Zle      Chord    Area     c_cl     ai     cl_norm    cl       cd       cdv    cm_c/4     cm_LE   C.P.x/c
    21   0.0003  -0.0007   0.0000   0.2794   0.0008   0.0927   0.0382   0.3919   0.3223   0.1319   0.0000  -0.0147   0.0885    0.296
    22   0.0029  -0.0063   0.0000   0.2794   0.0023   0.0927   0.0364   0.4023   0.3309   0.0228   0.0000  -0.0135   0.0874    0.291
    23   0.0081  -0.0174   0.0000   0.2794   0.0038   0.0927   0.0371   0.4030   0.3315   0.0173   0.0000  -0.0103   0.0845    0.281
    24   0.0157  -0.0337   0.0000   0.2794   0.0052   0.0929   0.0393   0.4040   0.3323   0.0154   0.0000  -0.0062   0.0809    0.269
    25   0.0255  -0.0548   0.0000   0.2794   0.0065   0.0931   0.0421   0.4053   0.3334   0.0136   0.0000  -0.0022   0.0775    0.257
    26   0.0374  -0.0801   0.0000   0.2794   0.0076   0.0934   0.0451   0.4064   0.3343   0.0120   0.0000   0.0011   0.0747    0.247
    27   0.0509  -0.1092   0.0000   0.2794   0.0085   0.0934   0.0481   0.4065   0.3344   0.0107   0.0000   0.0039   0.0722    0.238
    28   0.0658  -0.1411   0.0000   0.2794   0.0093   0.0930   0.0512   0.4049   0.3331   0.0096   0.0000   0.0061   0.0699    0.232
    29   0.0817  -0.1752   0.0000   0.2794   0.0097   0.0920   0.0544   0.4007   0.3296   0.0088   0.0000   0.0081   0.0673    0.225
    30   0.0982  -0.2107   0.0000   0.2794   0.0100   0.0902   0.0578   0.3931   0.3234   0.0080   0.0000   0.0100   0.0641    0.219
    31   0.1150  -0.2465   0.0000   0.2794   0.0100   0.0875   0.0614   0.3812   0.3136   0.0073   0.0000   0.0121   0.0600    0.211
    32   0.1315  -0.2820   0.0000   0.2794   0.0097   0.0836   0.0651   0.3641   0.2995   0.0065   0.0000   0.0144   0.0547    0.202
    33   0.1474  -0.3161   0.0000   0.2794   0.0093   0.0782   0.0685   0.3410   0.2805   0.0056   0.0000   0.0169   0.0482    0.190
    34   0.1623  -0.3480   0.0000   0.2794   0.0085   0.0714   0.0712   0.3113   0.2560   0.0046   0.0000   0.0194   0.0403    0.174
    35   0.1758  -0.3771   0.0000   0.2794   0.0076   0.0630   0.0725   0.2748   0.2260   0.0035   0.0000   0.0215   0.0316    0.155
    36   0.1877  -0.4024   0.0000   0.2794   0.0065   0.0532   0.0721   0.2320   0.1908   0.0024   0.0000   0.0227   0.0226    0.131
    37   0.1975  -0.4235   0.0000   0.2794   0.0052   0.0422   0.0694   0.1841   0.1514   0.0013   0.0000   0.0220   0.0143    0.105
    38   0.2051  -0.4398   0.0000   0.2794   0.0038   0.0304   0.0648   0.1328   0.1092   0.0002   0.0000   0.0188   0.0077    0.078
    39   0.2103  -0.4509   0.0000   0.2794   0.0023   0.0183   0.0591   0.0798   0.0657  -0.0008   0.0000   0.0128   0.0033    0.056
    40   0.2129  -0.4565   0.0000   0.2794   0.0008   0.0061   0.0555   0.0267   0.0219  -0.0014   0.0000   0.0045   0.0008    0.044
 ---------------------------------------------------------------
