 ---------------------------------------------------------------
 Surface and Strip Forces by surface

  Sref = 0.20440       Cref = 0.22820       Bref = 0.91440    
  Xref = 0.10920       Yref =  0.0000       Zref =  0.0000    

  Surface # 1     Wing                                    
     # Chordwise = 10   # Spanwise = 20     First strip =  1
     Surface area Ssurf =    0.102184     Ave. chord Cave =    0.223500

 Forces referred to Sref, Cref, Bref about Xref, Yref, Zref
 Standard axis orientation,  X fwd, Z down         
     CLsurf  =   0.17771     Clsurf  =  -0.03881
     CYsurf  =   0.00247     Cmsurf  =  -0.03839
     CDsurf  =   0.00541     Cnsurf  =  -0.00348
     CDisurf =   0.00541     CDvsurf =   0.00000

 Forces referred to Ssurf, Cave 
     CLsurf  =   0.35548     CDsurf  =   0.01083

 Strip Forces referred to Strip Area, Chord
    j     Xle      Yle      Zle      Chord    Area     c_cl     ai     cl_norm    cl       cd       cdv    cm_c/4     cm_LE   C.P.x/c
     1   0.0004   0.0007   0.0000   0.2792   0.0008   0.0953   0.0446   0.4014   0.3302   0.1389   0.0000  -0.0139  -0.0877    0.292
     2   0.0033   0.0063   0.0000   0.2779   0.0023   0.0952   0.0435   0.4155   0.3418   0.0258   0.0000  -0.0128  -0.0871    0.287
     3   0.0092   0.0174   0.0000   0.2751   0.0038   0.0952   0.0439   0.4203   0.3457   0.0201   0.0000  -0.0097  -0.0852    0.278
     4   0.0178   0.0337   0.0000   0.2712   0.0051   0.0953   0.0452   0.4268   0.3511   0.0180   0.0000  -0.0058  -0.0828    0.266
     5   0.0289   0.0548   0.0000   0.2660   0.0062   0.0952   0.0469   0.4352   0.3580   0.0160   0.0000  -0.0020  -0.0809    0.256
     6   0.0423   0.0801   0.0000   0.2598   0.0071   0.0950   0.0485   0.4448   0.3659   0.0142   0.0000   0.0012  -0.0798    0.247
     7   0.0576   0.1092   0.0000   0.2527   0.0077   0.0944   0.0501   0.4547   0.3741   0.0126   0.0000   0.0037  -0.0794    0.240
     8   0.0744   0.1411   0.0000   0.2449   0.0081   0.0934   0.0515   0.4641   0.3818   0.0113   0.0000   0.0056  -0.0793    0.235
     9   0.0924   0.1752   0.0000   0.2365   0.0083   0.0917   0.0530   0.4718   0.3881   0.0101   0.0000   0.0072  -0.0793    0.231
    10   0.1111   0.2107   0.0000   0.2279   0.0081   0.0892   0.0547   0.4769   0.3923   0.0091   0.0000   0.0087  -0.0789    0.228
    11   0.1300   0.2465   0.0000   0.2191   0.0078   0.0860   0.0569   0.4780   0.3932   0.0082   0.0000   0.0102  -0.0777    0.224
    12   0.1487   0.2820   0.0000   0.2105   0.0073   0.0818   0.0598   0.4735   0.3895   0.0073   0.0000   0.0121  -0.0752    0.219
    13   0.1667   0.3161   0.0000   0.2021   0.0067   0.0766   0.0633   0.4615   0.3797   0.0063   0.0000   0.0145  -0.0709    0.212
    14   0.1835   0.3480   0.0000   0.1943   0.0059   0.0701   0.0673   0.4398   0.3618   0.0052   0.0000   0.0176  -0.0643    0.201
    15   0.1988   0.3771   0.0000   0.1872   0.0051   0.0623   0.0712   0.4058   0.3338   0.0040   0.0000   0.0211  -0.0550    0.187
    16   0.2122   0.4024   0.0000   0.1810   0.0042   0.0531   0.0741   0.3577   0.2943   0.0025   0.0000   0.0245  -0.0432    0.167
    17   0.2233   0.4235   0.0000   0.1758   0.0033   0.0425   0.0747   0.2951   0.2427   0.0011   0.0000   0.0264  -0.0301    0.141
    18   0.2319   0.4398   0.0000   0.1719   0.0024   0.0309   0.0721   0.2194   0.1805  -0.0002   0.0000   0.0249  -0.0177    0.112
    19   0.2378   0.4509   0.0000   0.1691   0.0014   0.0186   0.0665   0.1345   0.1107  -0.0012   0.0000   0.0184  -0.0081    0.084
    20   0.2407   0.4565   0.0000   0.1678   0.0005   0.0062   0.0611   0.0453   0.0373  -0.0018   0.0000   0.0068  -0.0022    0.067

  Surface # 2     Wing (YDUP)                             
     # Chordwise = 10   # Spanwise = 20     First strip = 21
     Surface area Ssurf =    0.102184     Ave. chord Cave =    0.223500

 Forces referred to Sref, Cref, Bref about Xref, Yref, Zref
 Standard axis orientation,  X fwd, Z down         
     CLsurf  =   0.17771     Clsurf  =   0.03881
     CYsurf  =  -0.00247     Cmsurf  =  -0.03839
     CDsurf  =   0.00541     Cnsurf  =   0.00348
     CDisurf =   0.00541     CDvsurf =   0.00000

 Forces referred to Ssurf, Cave 
     CLsurf  =   0.35548     CDsurf  =   0.01083

 Strip Forces referred to Strip Area, Chord
    j     Xle      Yle      Zle      Chord    Area     c_cl     ai     cl_norm    cl       cd       cdv    cm_c/4     cm_LE   C.P.x/c
    21   0.0004  -0.0007   0.0000   0.2792   0.0008   0.0953   0.0446   0.4014   0.3302   0.1389   0.0000  -0.0139   0.0877    0.292
    22   0.0033  -0.0063   0.0000   0.2779   0.0023   0.0952   0.0435   0.4155   0.3418   0.0258   0.0000  -0.0128   0.0871    0.287
    23   0.0092  -0.0174   0.0000   0.2751   0.0038   0.0952   0.0439   0.4203   0.3457   0.0201   0.0000  -0.0097   0.0852    0.278
    24   0.0178  -0.0337   0.0000   0.2712   0.0051   0.0953   0.0452   0.4268   0.3511   0.0180   0.0000  -0.0058   0.0828    0.266
    25   0.0289  -0.0548   0.0000   0.2660   0.0062   0.0952   0.0469   0.4352   0.3580   0.0160   0.0000  -0.0020   0.0809    0.256
    26   0.0423  -0.0801   0.0000   0.2598   0.0071   0.0950   0.0485   0.4448   0.3659   0.0142   0.0000   0.0012   0.0798    0.247
    27   0.0576  -0.1092   0.0000   0.2527   0.0077   0.0944   0.0501   0.4547   0.3741   0.0126   0.0000   0.0037   0.0794    0.240
    28   0.0744  -0.1411   0.0000   0.2449   0.0081   0.0934   0.0515   0.4641   0.3818   0.0113   0.0000   0.0056   0.0793    0.235
    29   0.0924  -0.1752   0.0000   0.2365   0.0083   0.0917   0.0530   0.4718   0.3881   0.0101   0.0000   0.0072   0.0793    0.231
    30   0.1111  -0.2107   0.0000   0.2279   0.0081   0.0892   0.0547   0.4769   0.3923   0.0091   0.0000   0.0087   0.0789    0.228
    31   0.1300  -0.2465   0.0000   0.2191   0.0078   0.0860   0.0569   0.4780   0.3932   0.0082   0.0000   0.0102   0.0777    0.224
    32   0.1487  -0.2820   0.0000   0.2105   0.0073   0.0818   0.0598   0.4735   0.3895   0.0073   0.0000   0.0121   0.0752    0.219
    33   0.1667  -0.3161   0.0000   0.2021   0.0067   0.0766   0.0633   0.4615   0.3797   0.0063   0.0000   0.0145   0.0709    0.212
    34   0.1835  -0.3480   0.0000   0.1943   0.0059   0.0701   0.0673   0.4398   0.3618   0.0052   0.0000   0.0176   0.0643    0.201
    35   0.1988  -0.3771   0.0000   0.1872   0.0051   0.0623   0.0712   0.4058   0.3338   0.0040   0.0000   0.0211   0.0550    0.187
    36   0.2122  -0.4024   0.0000   0.1810   0.0042   0.0531   0.0741   0.3577   0.2943   0.0025   0.0000   0.0245   0.0432    0.167
    37   0.2233  -0.4235   0.0000   0.1758   0.0033   0.0425   0.0747   0.2951   0.2427   0.0011   0.0000   0.0264   0.0301    0.141
    38   0.2319  -0.4398   0.0000   0.1719   0.0024   0.0309   0.0721   0.2194   0.1805  -0.0002   0.0000   0.0249   0.0177    0.112
    39   0.2378  -0.4509   0.0000   0.1691   0.0014   0.0186   0.0665   0.1345   0.1107  -0.0012   0.0000   0.0184   0.0081    0.084
    40   0.2407  -0.4565   0.0000   0.1678   0.0005   0.0062   0.0611   0.0453   0.0373  -0.0018   0.0000   0.0068   0.0022    0.067
 ---------------------------------------------------------------
