 ---------------------------------------------------------------
 Surface and Strip Forces by surface

  Sref = 0.17880       Cref = 0.25250       Bref = 0.71120    
  Xref = 0.10920       Yref =  0.0000       Zref =  0.0000    

  Surface # 1     Wing                                    
     # Chordwise = 10   # Spanwise = 20     First strip =  1
     Surface area Ssurf =    0.089416     Ave. chord Cave =    0.251450

 Forces referred to Sref, Cref, Bref about Xref, Yref, Zref
 Standard axis orientation,  X fwd, Z down         
     CLsurf  =   0.20316     Clsurf  =  -0.04391
     CYsurf  =   0.00303     Cmsurf  =  -0.00657
     CDsurf  =   0.01005     Cnsurf  =  -0.00530
     CDisurf =   0.01005     CDvsurf =   0.00000

 Forces referred to Ssurf, Cave 
     CLsurf  =   0.40624     CDsurf  =   0.02009

 Strip Forces referred to Strip Area, Chord
    j     Xle      Yle      Zle      Chord    Area     c_cl     ai     cl_norm    cl       cd       cdv    cm_c/4     cm_LE   C.P.x/c
     1   0.0002   0.0005   0.0000   0.2793   0.0006   0.1245   0.0786   0.4738   0.4192   0.2389   0.0000  -0.0091  -0.1118    0.272
     2   0.0020   0.0049   0.0000   0.2786   0.0018   0.1245   0.0778   0.5025   0.4445   0.0454   0.0000  -0.0084  -0.1113    0.269
     3   0.0055   0.0135   0.0000   0.2773   0.0030   0.1244   0.0781   0.5064   0.4480   0.0343   0.0000  -0.0060  -0.1096    0.263
     4   0.0106   0.0262   0.0000   0.2753   0.0040   0.1244   0.0792   0.5103   0.4515   0.0310   0.0000  -0.0026  -0.1071    0.256
     5   0.0172   0.0426   0.0000   0.2727   0.0049   0.1242   0.0809   0.5147   0.4554   0.0284   0.0000   0.0011  -0.1046    0.248
     6   0.0251   0.0623   0.0000   0.2696   0.0057   0.1237   0.0828   0.5190   0.4592   0.0259   0.0000   0.0044  -0.1023    0.240
     7   0.0342   0.0849   0.0000   0.2661   0.0063   0.1228   0.0850   0.5223   0.4621   0.0238   0.0000   0.0075  -0.1001    0.234
     8   0.0443   0.1098   0.0000   0.2621   0.0068   0.1212   0.0875   0.5235   0.4632   0.0219   0.0000   0.0102  -0.0978    0.228
     9   0.0550   0.1363   0.0000   0.2580   0.0070   0.1188   0.0901   0.5216   0.4615   0.0202   0.0000   0.0127  -0.0950    0.223
    10   0.0661   0.1638   0.0000   0.2536   0.0071   0.1154   0.0930   0.5154   0.4560   0.0187   0.0000   0.0151  -0.0914    0.217
    11   0.0773   0.1918   0.0000   0.2493   0.0069   0.1107   0.0963   0.5036   0.4456   0.0171   0.0000   0.0177  -0.0866    0.210
    12   0.0884   0.2193   0.0000   0.2449   0.0066   0.1048   0.0997   0.4850   0.4291   0.0155   0.0000   0.0205  -0.0802    0.202
    13   0.0991   0.2458   0.0000   0.2408   0.0062   0.0973   0.1030   0.4584   0.4056   0.0138   0.0000   0.0233  -0.0721    0.193
    14   0.1092   0.2707   0.0000   0.2368   0.0056   0.0883   0.1059   0.4228   0.3741   0.0119   0.0000   0.0261  -0.0622    0.180
    15   0.1183   0.2933   0.0000   0.2333   0.0049   0.0776   0.1079   0.3777   0.3341   0.0098   0.0000   0.0282  -0.0510    0.166
    16   0.1262   0.3130   0.0000   0.2302   0.0042   0.0655   0.1084   0.3231   0.2858   0.0076   0.0000   0.0291  -0.0390    0.148
    17   0.1328   0.3294   0.0000   0.2276   0.0033   0.0521   0.1071   0.2600   0.2300   0.0053   0.0000   0.0278  -0.0273    0.129
    18   0.1379   0.3421   0.0000   0.2256   0.0024   0.0377   0.1039   0.1901   0.1682   0.0031   0.0000   0.0234  -0.0170    0.111
    19   0.1414   0.3507   0.0000   0.2243   0.0015   0.0228   0.0994   0.1157   0.1023   0.0007   0.0000   0.0159  -0.0089    0.095
    20   0.1432   0.3551   0.0000   0.2236   0.0005   0.0076   0.0963   0.0390   0.0345  -0.0013   0.0000   0.0056  -0.0027    0.087

  Surface # 2     Wing (YDUP)                             
     # Chordwise = 10   # Spanwise = 20     First strip = 21
     Surface area Ssurf =    0.089416     Ave. chord Cave =    0.251450

 Forces referred to Sref, Cref, Bref about Xref, Yref, Zref
 Standard axis orientation,  X fwd, Z down         
     CLsurf  =   0.20316     Clsurf  =   0.04391
     CYsurf  =  -0.00303     Cmsurf  =  -0.00657
     CDsurf  =   0.01005     Cnsurf  =   0.00530
     CDisurf =   0.01005     CDvsurf =   0.00000

 Forces referred to Ssurf, Cave 
     CLsurf  =   0.40624     CDsurf  =   0.02009

 Strip Forces referred to Strip Area, Chord
    j     Xle      Yle      Zle      Chord    Area     c_cl     ai     cl_norm    cl       cd       cdv    cm_c/4     cm_LE   C.P.x/c
    21   0.0002  -0.0005   0.0000   0.2793   0.0006   0.1245   0.0786   0.4738   0.4192   0.2389   0.0000  -0.0091   0.1118    0.272
    22   0.0020  -0.0049   0.0000   0.2786   0.0018   0.1245   0.0778   0.5025   0.4445   0.0454   0.0000  -0.0084   0.1113    0.269
    23   0.0055  -0.0135   0.0000   0.2773   0.0030   0.1244   0.0781   0.5064   0.4480   0.0343   0.0000  -0.0060   0.1096    0.263
    24   0.0106  -0.0262   0.0000   0.2753   0.0040   0.1244   0.0792   0.5103   0.4515   0.0310   0.0000  -0.0026   0.1071    0.256
    25   0.0172  -0.0426   0.0000   0.2727   0.0049   0.1242   0.0809   0.5147   0.4554   0.0284   0.0000   0.0011   0.1046    0.248
    26   0.0251  -0.0623   0.0000   0.2696   0.0057   0.1237   0.0828   0.5190   0.4592   0.0259   0.0000   0.0044   0.1023    0.240
    27   0.0342  -0.0849   0.0000   0.2661   0.0063   0.1228   0.0850   0.5223   0.4621   0.0238   0.0000   0.0075   0.1001    0.234
    28   0.0443  -0.1098   0.0000   0.2621   0.0068   0.1212   0.0875   0.5235   0.4632   0.0219   0.0000   0.0102   0.0978    0.228
    29   0.0550  -0.1363   0.0000   0.2580   0.0070   0.1188   0.0901   0.5216   0.4615   0.0202   0.0000   0.0127   0.0950    0.223
    30   0.0661  -0.1638   0.0000   0.2536   0.0071   0.1154   0.0930   0.5154   0.4560   0.0187   0.0000   0.0151   0.0914    0.217
    31   0.0773  -0.1918   0.0000   0.2493   0.0069   0.1107   0.0963   0.5036   0.4456   0.0171   0.0000   0.0177   0.0866    0.210
    32   0.0884  -0.2193   0.0000   0.2449   0.0066   0.1048   0.0997   0.4850   0.4291   0.0155   0.0000   0.0205   0.0802    0.202
    33   0.0991  -0.2458   0.0000   0.2408   0.0062   0.0973   0.1030   0.4584   0.4056   0.0138   0.0000   0.0233   0.0721    0.193
    34   0.1092  -0.2707   0.0000   0.2368   0.0056   0.0883   0.1059   0.4228   0.3741   0.0119   0.0000   0.0261   0.0622    0.180
    35   0.1183  -0.2933   0.0000   0.2333   0.0049   0.0776   0.1079   0.3777   0.3341   0.0098   0.0000   0.0282   0.0510    0.166
    36   0.1262  -0.3130   0.0000   0.2302   0.0042   0.0655   0.1084   0.3231   0.2858   0.0076   0.0000   0.0291   0.0390    0.148
    37   0.1328  -0.3294   0.0000   0.2276   0.0033   0.0521   0.1071   0.2600   0.2300   0.0053   0.0000   0.0278   0.0273    0.129
    38   0.1379  -0.3421   0.0000   0.2256   0.0024   0.0377   0.1039   0.1901   0.1682   0.0031   0.0000   0.0234   0.0170    0.111
    39   0.1414  -0.3507   0.0000   0.2243   0.0015   0.0228   0.0994   0.1157   0.1023   0.0007   0.0000   0.0159   0.0089    0.095
    40   0.1432  -0.3551   0.0000   0.2236   0.0005   0.0076   0.0963   0.0390   0.0345  -0.0013   0.0000   0.0056   0.0027    0.087
 ---------------------------------------------------------------
