 ---------------------------------------------------------------
 Surface and Strip Forces by surface

  Sref = 0.20440       Cref = 0.22820       Bref = 0.91440    
  Xref = 0.10920       Yref =  0.0000       Zref =  0.0000    

  Surface # 1     Wing                                    
     # Chordwise = 10   # Spanwise = 20     First strip =  1
     Surface area Ssurf =    0.102184     Ave. chord Cave =    0.223500

 Forces referred to Sref, Cref, Bref about Xref, Yref, Zref
 Standard axis orientation,  X fwd, Z down         
     CLsurf  =   0.17771     Clsurf  =  -0.03906
     CYsurf  =   0.00374     Cmsurf  =  -0.05683
     CDsurf  =   0.00549     Cnsurf  =  -0.00416
     CDisurf =   0.00549     CDvsurf =   0.00000

 Forces referred to Ssurf, Cave 
     CLsurf  =   0.35548     CDsurf  =   0.01098

 Strip Forces referred to Strip Area, Chord
    j     Xle      Yle      Zle      Chord    Area     c_cl     ai     cl_norm    cl       cd       cdv    cm_c/4     cm_LE   C.P.x/c
     1   0.0004   0.0007   0.0000   0.2792   0.0008   0.0938   0.0407   0.4297   0.3231   0.1562   0.0000  -0.0187  -0.0866    0.308
     2   0.0040   0.0063   0.0000   0.2779   0.0023   0.0938   0.0396   0.4473   0.3363   0.0278   0.0000  -0.0174  -0.0858    0.302
     3   0.0111   0.0174   0.0000   0.2751   0.0038   0.0938   0.0405   0.4527   0.3404   0.0217   0.0000  -0.0137  -0.0834    0.290
     4   0.0215   0.0337   0.0000   0.2712   0.0051   0.0939   0.0426   0.4603   0.3461   0.0194   0.0000  -0.0089  -0.0805    0.276
     5   0.0350   0.0548   0.0000   0.2660   0.0062   0.0941   0.0449   0.4702   0.3535   0.0171   0.0000  -0.0044  -0.0782    0.262
     6   0.0512   0.0801   0.0000   0.2598   0.0071   0.0940   0.0472   0.4816   0.3620   0.0150   0.0000  -0.0007  -0.0768    0.252
     7   0.0697   0.1092   0.0000   0.2527   0.0077   0.0937   0.0492   0.4935   0.3710   0.0131   0.0000   0.0022  -0.0762    0.244
     8   0.0901   0.1411   0.0000   0.2449   0.0081   0.0929   0.0510   0.5050   0.3797   0.0116   0.0000   0.0044  -0.0761    0.238
     9   0.1119   0.1752   0.0000   0.2365   0.0083   0.0914   0.0528   0.5148   0.3871   0.0102   0.0000   0.0062  -0.0762    0.234
    10   0.1345   0.2107   0.0000   0.2279   0.0081   0.0892   0.0549   0.5219   0.3924   0.0091   0.0000   0.0078  -0.0759    0.230
    11   0.1574   0.2465   0.0000   0.2191   0.0078   0.0863   0.0575   0.5248   0.3945   0.0080   0.0000   0.0095  -0.0750    0.226
    12   0.1800   0.2820   0.0000   0.2105   0.0073   0.0823   0.0609   0.5216   0.3922   0.0069   0.0000   0.0115  -0.0727    0.221
    13   0.2018   0.3161   0.0000   0.2021   0.0067   0.0773   0.0651   0.5102   0.3836   0.0057   0.0000   0.0142  -0.0687    0.213
    14   0.2222   0.3480   0.0000   0.1943   0.0059   0.0711   0.0698   0.4879   0.3668   0.0044   0.0000   0.0176  -0.0622    0.202
    15   0.2407   0.3771   0.0000   0.1872   0.0051   0.0633   0.0743   0.4515   0.3395   0.0029   0.0000   0.0217  -0.0530    0.186
    16   0.2569   0.4024   0.0000   0.1810   0.0042   0.0541   0.0775   0.3990   0.3000   0.0012   0.0000   0.0258  -0.0412    0.164
    17   0.2704   0.4235   0.0000   0.1758   0.0033   0.0434   0.0781   0.3295   0.2477  -0.0005   0.0000   0.0283  -0.0281    0.136
    18   0.2808   0.4398   0.0000   0.1719   0.0024   0.0315   0.0751   0.2451   0.1843  -0.0018   0.0000   0.0270  -0.0158    0.103
    19   0.2879   0.4509   0.0000   0.1691   0.0014   0.0190   0.0690   0.1503   0.1130  -0.0025   0.0000   0.0200  -0.0068    0.073
    20   0.2915   0.4565   0.0000   0.1678   0.0005   0.0063   0.0634   0.0507   0.0381  -0.0026   0.0000   0.0074  -0.0017    0.055

  Surface # 2     Wing (YDUP)                             
     # Chordwise = 10   # Spanwise = 20     First strip = 21
     Surface area Ssurf =    0.102184     Ave. chord Cave =    0.223500

 Forces referred to Sref, Cref, Bref about Xref, Yref, Zref
 Standard axis orientation,  X fwd, Z down         
     CLsurf  =   0.17771     Clsurf  =   0.03906
     CYsurf  =  -0.00374     Cmsurf  =  -0.05683
     CDsurf  =   0.00549     Cnsurf  =   0.00416
     CDisurf =   0.00549     CDvsurf =   0.00000

 Forces referred to Ssurf, Cave 
     CLsurf  =   0.35548     CDsurf  =   0.01098

 Strip Forces referred to Strip Area, Chord
    j     Xle      Yle      Zle      Chord    Area     c_cl     ai     cl_norm    cl       cd       cdv    cm_c/4     cm_LE   C.P.x/c
    21   0.0004  -0.0007   0.0000   0.2792   0.0008   0.0938   0.0407   0.4297   0.3231   0.1562   0.0000  -0.0187   0.0866    0.308
    22   0.0040  -0.0063   0.0000   0.2779   0.0023   0.0938   0.0396   0.4473   0.3363   0.0278   0.0000  -0.0174   0.0858    0.302
    23   0.0111  -0.0174   0.0000   0.2751   0.0038   0.0938   0.0405   0.4527   0.3404   0.0217   0.0000  -0.0137   0.0834    0.290
    24   0.0215  -0.0337   0.0000   0.2712   0.0051   0.0939   0.0426   0.4603   0.3461   0.0194   0.0000  -0.0089   0.0805    0.276
    25   0.0350  -0.0548   0.0000   0.2660   0.0062   0.0941   0.0449   0.4702   0.3535   0.0171   0.0000  -0.0044   0.0782    0.262
    26   0.0512  -0.0801   0.0000   0.2598   0.0071   0.0940   0.0472   0.4816   0.3620   0.0150   0.0000  -0.0007   0.0768    0.252
    27   0.0697  -0.1092   0.0000   0.2527   0.0077   0.0937   0.0492   0.4935   0.3710   0.0131   0.0000   0.0022   0.0762    0.244
    28   0.0901  -0.1411   0.0000   0.2449   0.0081   0.0929   0.0510   0.5050   0.3797   0.0116   0.0000   0.0044   0.0761    0.238
    29   0.1119  -0.1752   0.0000   0.2365   0.0083   0.0914   0.0528   0.5148   0.3871   0.0102   0.0000   0.0062   0.0762    0.234
    30   0.1345  -0.2107   0.0000   0.2279   0.0081   0.0892   0.0549   0.5219   0.3924   0.0091   0.0000   0.0078   0.0759    0.230
    31   0.1574  -0.2465   0.0000   0.2191   0.0078   0.0863   0.0575   0.5248   0.3945   0.0080   0.0000   0.0095   0.0750    0.226
    32   0.1800  -0.2820   0.0000   0.2105   0.0073   0.0823   0.0609   0.5216   0.3922   0.0069   0.0000   0.0115   0.0727    0.221
    33   0.2018  -0.3161   0.0000   0.2021   0.0067   0.0773   0.0651   0.5102   0.3836   0.0057   0.0000   0.0142   0.0687    0.213
    34   0.2222  -0.3480   0.0000   0.1943   0.0059   0.0711   0.0698   0.4879   0.3668   0.0044   0.0000   0.0176   0.0622    0.202
    35   0.2407  -0.3771   0.0000   0.1872   0.0051   0.0633   0.0743   0.4515   0.3395   0.0029   0.0000   0.0217   0.0530    0.186
    36   0.2569  -0.4024   0.0000   0.1810   0.0042   0.0541   0.0775   0.3990   0.3000   0.0012   0.0000   0.0258   0.0412    0.164
    37   0.2704  -0.4235   0.0000   0.1758   0.0033   0.0434   0.0781   0.3295   0.2477  -0.0005   0.0000   0.0283   0.0281    0.136
    38   0.2808  -0.4398   0.0000   0.1719   0.0024   0.0315   0.0751   0.2451   0.1843  -0.0018   0.0000   0.0270   0.0158    0.103
    39   0.2879  -0.4509   0.0000   0.1691   0.0014   0.0190   0.0690   0.1503   0.1130  -0.0025   0.0000   0.0200   0.0068    0.073
    40   0.2915  -0.4565   0.0000   0.1678   0.0005   0.0063   0.0634   0.0507   0.0381  -0.0026   0.0000   0.0074   0.0017    0.055
 ---------------------------------------------------------------
