 ---------------------------------------------------------------
 Surface and Strip Forces by surface

  Sref = 0.15900       Cref = 0.22820       Bref = 0.71120    
  Xref = 0.10920       Yref =  0.0000       Zref =  0.0000    

  Surface # 1     Wing                                    
     # Chordwise = 10   # Spanwise = 20     First strip =  1
     Surface area Ssurf =    0.079477     Ave. chord Cave =    0.223500

 Forces referred to Sref, Cref, Bref about Xref, Yref, Zref
 Standard axis orientation,  X fwd, Z down         
     CLsurf  =   0.22846     Clsurf  =  -0.04965
     CYsurf  =   0.00509     Cmsurf  =  -0.04581
     CDsurf  =   0.01160     Cnsurf  =  -0.00770
     CDisurf =   0.01160     CDvsurf =   0.00000

 Forces referred to Ssurf, Cave 
     CLsurf  =   0.45705     CDsurf  =   0.02322

 Strip Forces referred to Strip Area, Chord
    j     Xle      Yle      Zle      Chord    Area     c_cl     ai     cl_norm    cl       cd       cdv    cm_c/4     cm_LE   C.P.x/c
     1   0.0004   0.0005   0.0000   0.2792   0.0006   0.1230   0.0734   0.5310   0.4005   0.3243   0.0000  -0.0217  -0.1102    0.304
     2   0.0032   0.0049   0.0000   0.2779   0.0018   0.1230   0.0731   0.5818   0.4389   0.0569   0.0000  -0.0206  -0.1097    0.297
     3   0.0089   0.0135   0.0000   0.2751   0.0029   0.1230   0.0743   0.5904   0.4453   0.0425   0.0000  -0.0170  -0.1077    0.288
     4   0.0172   0.0262   0.0000   0.2712   0.0040   0.1230   0.0763   0.6000   0.4526   0.0386   0.0000  -0.0120  -0.1049    0.276
     5   0.0279   0.0426   0.0000   0.2660   0.0048   0.1230   0.0788   0.6121   0.4617   0.0349   0.0000  -0.0068  -0.1023    0.265
     6   0.0409   0.0623   0.0000   0.2598   0.0055   0.1226   0.0814   0.6258   0.4721   0.0314   0.0000  -0.0020  -0.1004    0.254
     7   0.0557   0.0849   0.0000   0.2527   0.0060   0.1219   0.0840   0.6401   0.4828   0.0281   0.0000   0.0020  -0.0991    0.246
     8   0.0720   0.1098   0.0000   0.2449   0.0063   0.1204   0.0865   0.6535   0.4929   0.0252   0.0000   0.0055  -0.0982    0.239
     9   0.0894   0.1363   0.0000   0.2365   0.0064   0.1182   0.0892   0.6645   0.5013   0.0225   0.0000   0.0085  -0.0974    0.233
    10   0.1075   0.1638   0.0000   0.2279   0.0063   0.1150   0.0922   0.6715   0.5065   0.0200   0.0000   0.0114  -0.0960    0.228
    11   0.1257   0.1918   0.0000   0.2191   0.0061   0.1107   0.0958   0.6724   0.5072   0.0176   0.0000   0.0144  -0.0935    0.222
    12   0.1438   0.2193   0.0000   0.2105   0.0057   0.1050   0.1000   0.6649   0.5015   0.0151   0.0000   0.0179  -0.0894    0.214
    13   0.1612   0.2458   0.0000   0.2021   0.0052   0.0979   0.1046   0.6461   0.4874   0.0124   0.0000   0.0220  -0.0829    0.205
    14   0.1775   0.2707   0.0000   0.1943   0.0046   0.0893   0.1094   0.6131   0.4625   0.0095   0.0000   0.0266  -0.0738    0.192
    15   0.1923   0.2933   0.0000   0.1872   0.0040   0.0790   0.1134   0.5631   0.4248   0.0063   0.0000   0.0314  -0.0619    0.176
    16   0.2053   0.3130   0.0000   0.1810   0.0033   0.0670   0.1159   0.4944   0.3729   0.0029   0.0000   0.0351  -0.0480    0.156
    17   0.2160   0.3294   0.0000   0.1758   0.0026   0.0535   0.1159   0.4069   0.3069  -0.0002   0.0000   0.0362  -0.0333    0.132
    18   0.2243   0.3421   0.0000   0.1719   0.0018   0.0388   0.1132   0.3028   0.2284  -0.0026   0.0000   0.0327  -0.0199    0.107
    19   0.2300   0.3507   0.0000   0.1691   0.0011   0.0235   0.1081   0.1865   0.1407  -0.0040   0.0000   0.0232  -0.0097    0.085
    20   0.2328   0.3551   0.0000   0.1678   0.0004   0.0078   0.1040   0.0634   0.0478  -0.0045   0.0000   0.0084  -0.0028    0.075

  Surface # 2     Wing (YDUP)                             
     # Chordwise = 10   # Spanwise = 20     First strip = 21
     Surface area Ssurf =    0.079477     Ave. chord Cave =    0.223500

 Forces referred to Sref, Cref, Bref about Xref, Yref, Zref
 Standard axis orientation,  X fwd, Z down         
     CLsurf  =   0.22846     Clsurf  =   0.04965
     CYsurf  =  -0.00509     Cmsurf  =  -0.04581
     CDsurf  =   0.01160     Cnsurf  =   0.00770
     CDisurf =   0.01160     CDvsurf =   0.00000

 Forces referred to Ssurf, Cave 
     CLsurf  =   0.45705     CDsurf  =   0.02322

 Strip Forces referred to Strip Area, Chord
    j     Xle      Yle      Zle      Chord    Area     c_cl     ai     cl_norm    cl       cd       cdv    cm_c/4     cm_LE   C.P.x/c
    21   0.0004  -0.0005   0.0000   0.2792   0.0006   0.1230   0.0734   0.5310   0.4005   0.3243   0.0000  -0.0217   0.1102    0.304
    22   0.0032  -0.0049   0.0000   0.2779   0.0018   0.1230   0.0731   0.5818   0.4389   0.0569   0.0000  -0.0206   0.1097    0.297
    23   0.0089  -0.0135   0.0000   0.2751   0.0029   0.1230   0.0743   0.5904   0.4453   0.0425   0.0000  -0.0170   0.1077    0.288
    24   0.0172  -0.0262   0.0000   0.2712   0.0040   0.1230   0.0763   0.6000   0.4526   0.0386   0.0000  -0.0120   0.1049    0.276
    25   0.0279  -0.0426   0.0000   0.2660   0.0048   0.1230   0.0788   0.6121   0.4617   0.0349   0.0000  -0.0068   0.1023    0.265
    26   0.0409  -0.0623   0.0000   0.2598   0.0055   0.1226   0.0814   0.6258   0.4721   0.0314   0.0000  -0.0020   0.1004    0.254
    27   0.0557  -0.0849   0.0000   0.2527   0.0060   0.1219   0.0840   0.6401   0.4828   0.0281   0.0000   0.0020   0.0991    0.246
    28   0.0720  -0.1098   0.0000   0.2449   0.0063   0.1204   0.0865   0.6535   0.4929   0.0252   0.0000   0.0055   0.0982    0.239
    29   0.0894  -0.1363   0.0000   0.2365   0.0064   0.1182   0.0892   0.6645   0.5013   0.0225   0.0000   0.0085   0.0974    0.233
    30   0.1075  -0.1638   0.0000   0.2279   0.0063   0.1150   0.0922   0.6715   0.5065   0.0200   0.0000   0.0114   0.0960    0.228
    31   0.1257  -0.1918   0.0000   0.2191   0.0061   0.1107   0.0958   0.6724   0.5072   0.0176   0.0000   0.0144   0.0935    0.222
    32   0.1438  -0.2193   0.0000   0.2105   0.0057   0.1050   0.1000   0.6649   0.5015   0.0151   0.0000   0.0179   0.0894    0.214
    33   0.1612  -0.2458   0.0000   0.2021   0.0052   0.0979   0.1046   0.6461   0.4874   0.0124   0.0000   0.0220   0.0829    0.205
    34   0.1775  -0.2707   0.0000   0.1943   0.0046   0.0893   0.1094   0.6131   0.4625   0.0095   0.0000   0.0266   0.0738    0.192
    35   0.1923  -0.2933   0.0000   0.1872   0.0040   0.0790   0.1134   0.5631   0.4248   0.0063   0.0000   0.0314   0.0619    0.176
    36   0.2053  -0.3130   0.0000   0.1810   0.0033   0.0670   0.1159   0.4944   0.3729   0.0029   0.0000   0.0351   0.0480    0.156
    37   0.2160  -0.3294   0.0000   0.1758   0.0026   0.0535   0.1159   0.4069   0.3069  -0.0002   0.0000   0.0362   0.0333    0.132
    38   0.2243  -0.3421   0.0000   0.1719   0.0018   0.0388   0.1132   0.3028   0.2284  -0.0026   0.0000   0.0327   0.0199    0.107
    39   0.2300  -0.3507   0.0000   0.1691   0.0011   0.0235   0.1081   0.1865   0.1407  -0.0040   0.0000   0.0232   0.0097    0.085
    40   0.2328  -0.3551   0.0000   0.1678   0.0004   0.0078   0.1040   0.0634   0.0478  -0.0045   0.0000   0.0084   0.0028    0.075
 ---------------------------------------------------------------
