 ---------------------------------------------------------------
 Surface and Strip Forces by surface

  Sref = 0.10840       Cref = 0.17500       Bref = 0.71120    
  Xref = 0.10920       Yref =  0.0000       Zref =  0.0000    

  Surface # 1     Wing                                    
     # Chordwise = 10   # Spanwise = 20     First strip =  1
     Surface area Ssurf =    0.054193     Ave. chord Cave =    0.152400

 Forces referred to Sref, Cref, Bref about Xref, Yref, Zref
 Standard axis orientation,  X fwd, Z down         
     CLsurf  =   0.33510     Clsurf  =  -0.07013
     CYsurf  =  -0.00083     Cmsurf  =  -0.04482
     CDsurf  =   0.01701     Cnsurf  =  -0.00985
     CDisurf =   0.01701     CDvsurf =   0.00000

 Forces referred to Ssurf, Cave 
     CLsurf  =   0.67027     CDsurf  =   0.03403

 Strip Forces referred to Strip Area, Chord
    j     Xle      Yle      Zle      Chord    Area     c_cl     ai     cl_norm    cl       cd       cdv    cm_c/4     cm_LE   C.P.x/c
     1   0.0003   0.0005   0.0000   0.2537   0.0006   0.1318   0.0976   0.5673   0.4684   0.3496   0.0000  -0.0182  -0.1265    0.289
     2   0.0030   0.0049   0.0000   0.2512   0.0016   0.1318   0.0976   0.6293   0.5196   0.0729   0.0000  -0.0171  -0.1266    0.283
     3   0.0082   0.0135   0.0000   0.2463   0.0026   0.1317   0.0978   0.6448   0.5324   0.0580   0.0000  -0.0137  -0.1258    0.276
     4   0.0160   0.0262   0.0000   0.2390   0.0035   0.1314   0.0981   0.6643   0.5485   0.0527   0.0000  -0.0090  -0.1250    0.266
     5   0.0259   0.0426   0.0000   0.2297   0.0042   0.1307   0.0982   0.6892   0.5691   0.0478   0.0000  -0.0042  -0.1252    0.257
     6   0.0380   0.0623   0.0000   0.2184   0.0046   0.1295   0.0978   0.7190   0.5938   0.0431   0.0000  -0.0001  -0.1267    0.250
     7   0.0517   0.0849   0.0000   0.2055   0.0049   0.1273   0.0969   0.7530   0.6218   0.0388   0.0000   0.0032  -0.1296    0.245
     8   0.0669   0.1098   0.0000   0.1913   0.0049   0.1242   0.0954   0.7902   0.6525   0.0347   0.0000   0.0056  -0.1338    0.241
     9   0.0830   0.1363   0.0000   0.1761   0.0048   0.1199   0.0932   0.8297   0.6851   0.0307   0.0000   0.0074  -0.1391    0.239
    10   0.0998   0.1638   0.0000   0.1604   0.0045   0.1144   0.0905   0.8704   0.7188   0.0266   0.0000   0.0086  -0.1449    0.238
    11   0.1168   0.1918   0.0000   0.1444   0.0040   0.1077   0.0875   0.9112   0.7525   0.0222   0.0000   0.0097  -0.1510    0.237
    12   0.1336   0.2193   0.0000   0.1287   0.0035   0.1000   0.0848   0.9503   0.7847   0.0176   0.0000   0.0108  -0.1567    0.236
    13   0.1497   0.2458   0.0000   0.1135   0.0029   0.0913   0.0828   0.9847   0.8131   0.0125   0.0000   0.0122  -0.1612    0.235
    14   0.1649   0.2707   0.0000   0.0993   0.0024   0.0818   0.0825   1.0098   0.8338   0.0070   0.0000   0.0146  -0.1634    0.232
    15   0.1786   0.2933   0.0000   0.0864   0.0018   0.0716   0.0848   1.0173   0.8400   0.0011   0.0000   0.0187  -0.1610    0.228
    16   0.1907   0.3130   0.0000   0.0751   0.0014   0.0607   0.0907   0.9931   0.8201  -0.0051   0.0000   0.0256  -0.1507    0.219
    17   0.2006   0.3294   0.0000   0.0658   0.0010   0.0489   0.0998   0.9157   0.7561  -0.0113   0.0000   0.0356  -0.1284    0.203
    18   0.2084   0.3421   0.0000   0.0585   0.0006   0.0360   0.1088   0.7592   0.6269  -0.0163   0.0000   0.0457  -0.0924    0.177
    19   0.2136   0.3507   0.0000   0.0536   0.0003   0.0221   0.1123   0.5085   0.4199  -0.0173   0.0000   0.0450  -0.0494    0.143
    20   0.2163   0.3551   0.0000   0.0511   0.0001   0.0074   0.1077   0.1799   0.1486  -0.0115   0.0000   0.0202  -0.0136    0.114

  Surface # 2     Wing (YDUP)                             
     # Chordwise = 10   # Spanwise = 20     First strip = 21
     Surface area Ssurf =    0.054193     Ave. chord Cave =    0.152400

 Forces referred to Sref, Cref, Bref about Xref, Yref, Zref
 Standard axis orientation,  X fwd, Z down         
     CLsurf  =   0.33510     Clsurf  =   0.07013
     CYsurf  =   0.00083     Cmsurf  =  -0.04482
     CDsurf  =   0.01701     Cnsurf  =   0.00985
     CDisurf =   0.01701     CDvsurf =   0.00000

 Forces referred to Ssurf, Cave 
     CLsurf  =   0.67027     CDsurf  =   0.03403

 Strip Forces referred to Strip Area, Chord
    j     Xle      Yle      Zle      Chord    Area     c_cl     ai     cl_norm    cl       cd       cdv    cm_c/4     cm_LE   C.P.x/c
    21   0.0003  -0.0005   0.0000   0.2537   0.0006   0.1318   0.0976   0.5673   0.4684   0.3496   0.0000  -0.0182   0.1265    0.289
    22   0.0030  -0.0049   0.0000   0.2512   0.0016   0.1318   0.0976   0.6293   0.5196   0.0729   0.0000  -0.0171   0.1266    0.283
    23   0.0082  -0.0135   0.0000   0.2463   0.0026   0.1317   0.0978   0.6448   0.5324   0.0580   0.0000  -0.0137   0.1258    0.276
    24   0.0160  -0.0262   0.0000   0.2390   0.0035   0.1314   0.0981   0.6643   0.5485   0.0527   0.0000  -0.0090   0.1250    0.266
    25   0.0259  -0.0426   0.0000   0.2297   0.0042   0.1307   0.0982   0.6892   0.5691   0.0478   0.0000  -0.0042   0.1252    0.257
    26   0.0380  -0.0623   0.0000   0.2184   0.0046   0.1295   0.0978   0.7190   0.5938   0.0431   0.0000  -0.0001   0.1267    0.250
    27   0.0517  -0.0849   0.0000   0.2055   0.0049   0.1273   0.0969   0.7530   0.6218   0.0388   0.0000   0.0032   0.1296    0.245
    28   0.0669  -0.1098   0.0000   0.1913   0.0049   0.1242   0.0954   0.7902   0.6525   0.0347   0.0000   0.0056   0.1338    0.241
    29   0.0830  -0.1363   0.0000   0.1761   0.0048   0.1199   0.0932   0.8297   0.6851   0.0307   0.0000   0.0074   0.1391    0.239
    30   0.0998  -0.1638   0.0000   0.1604   0.0045   0.1144   0.0905   0.8704   0.7188   0.0266   0.0000   0.0086   0.1449    0.238
    31   0.1168  -0.1918   0.0000   0.1444   0.0040   0.1077   0.0875   0.9112   0.7525   0.0222   0.0000   0.0097   0.1510    0.237
    32   0.1336  -0.2193   0.0000   0.1287   0.0035   0.1000   0.0848   0.9503   0.7847   0.0176   0.0000   0.0108   0.1567    0.236
    33   0.1497  -0.2458   0.0000   0.1135   0.0029   0.0913   0.0828   0.9847   0.8131   0.0125   0.0000   0.0122   0.1612    0.235
    34   0.1649  -0.2707   0.0000   0.0993   0.0024   0.0818   0.0825   1.0098   0.8338   0.0070   0.0000   0.0146   0.1634    0.232
    35   0.1786  -0.2933   0.0000   0.0864   0.0018   0.0716   0.0848   1.0173   0.8400   0.0011   0.0000   0.0187   0.1610    0.228
    36   0.1907  -0.3130   0.0000   0.0751   0.0014   0.0607   0.0907   0.9931   0.8201  -0.0051   0.0000   0.0256   0.1507    0.219
    37   0.2006  -0.3294   0.0000   0.0658   0.0010   0.0489   0.0998   0.9157   0.7561  -0.0113   0.0000   0.0356   0.1284    0.203
    38   0.2084  -0.3421   0.0000   0.0585   0.0006   0.0360   0.1088   0.7592   0.6269  -0.0163   0.0000   0.0457   0.0924    0.177
    39   0.2136  -0.3507   0.0000   0.0536   0.0003   0.0221   0.1123   0.5085   0.4199  -0.0173   0.0000   0.0450   0.0494    0.143
    40   0.2163  -0.3551   0.0000   0.0511   0.0001   0.0074   0.1077   0.1799   0.1486  -0.0115   0.0000   0.0202   0.0136    0.114
 ---------------------------------------------------------------
