 ---------------------------------------------------------------
 Surface and Strip Forces by surface

  Sref = 0.11920       Cref = 0.19250       Bref = 0.71120    
  Xref = 0.10920       Yref =  0.0000       Zref =  0.0000    

  Surface # 1     Wing                                    
     # Chordwise = 10   # Spanwise = 20     First strip =  1
     Surface area Ssurf =    0.059616     Ave. chord Cave =    0.167650

 Forces referred to Sref, Cref, Bref about Xref, Yref, Zref
 Standard axis orientation,  X fwd, Z down         
     CLsurf  =   0.30473     Clsurf  =  -0.06354
     CYsurf  =  -0.00620     Cmsurf  =  -0.02047
     CDsurf  =   0.01527     Cnsurf  =  -0.00651
     CDisurf =   0.01527     CDvsurf =   0.00000

 Forces referred to Ssurf, Cave 
     CLsurf  =   0.60930     CDsurf  =   0.03054

 Strip Forces referred to Strip Area, Chord
    j     Xle      Yle      Zle      Chord    Area     c_cl     ai     cl_norm    cl       cd       cdv    cm_c/4     cm_LE   C.P.x/c
     1   0.0003   0.0005   0.0000   0.2791   0.0006   0.1331   0.1009   0.4969   0.4399   0.2782   0.0000  -0.0085  -0.1133    0.269
     2   0.0026   0.0049   0.0000   0.2763   0.0018   0.1331   0.1012   0.5402   0.4782   0.0598   0.0000  -0.0078  -0.1137    0.266
     3   0.0071   0.0135   0.0000   0.2709   0.0029   0.1330   0.1012   0.5529   0.4894   0.0476   0.0000  -0.0055  -0.1137    0.261
     4   0.0137   0.0262   0.0000   0.2629   0.0038   0.1327   0.1009   0.5690   0.5037   0.0436   0.0000  -0.0024  -0.1140    0.255
     5   0.0222   0.0426   0.0000   0.2526   0.0046   0.1319   0.1002   0.5896   0.5219   0.0402   0.0000   0.0009  -0.1149    0.248
     6   0.0325   0.0623   0.0000   0.2402   0.0051   0.1304   0.0992   0.6141   0.5436   0.0370   0.0000   0.0038  -0.1170    0.243
     7   0.0442   0.0849   0.0000   0.2260   0.0054   0.1281   0.0977   0.6419   0.5683   0.0339   0.0000   0.0063  -0.1201    0.239
     8   0.0572   0.1098   0.0000   0.2104   0.0054   0.1248   0.0957   0.6725   0.5953   0.0310   0.0000   0.0082  -0.1243    0.236
     9   0.0710   0.1363   0.0000   0.1937   0.0053   0.1203   0.0932   0.7049   0.6240   0.0282   0.0000   0.0096  -0.1292    0.235
    10   0.0854   0.1638   0.0000   0.1764   0.0049   0.1146   0.0904   0.7384   0.6536   0.0252   0.0000   0.0107  -0.1346    0.234
    11   0.0999   0.1918   0.0000   0.1589   0.0044   0.1078   0.0874   0.7716   0.6831   0.0220   0.0000   0.0116  -0.1401    0.233
    12   0.1143   0.2193   0.0000   0.1416   0.0038   0.0999   0.0844   0.8030   0.7108   0.0185   0.0000   0.0127  -0.1452    0.232
    13   0.1281   0.2458   0.0000   0.1249   0.0032   0.0910   0.0821   0.8298   0.7346   0.0146   0.0000   0.0141  -0.1490    0.231
    14   0.1411   0.2707   0.0000   0.1093   0.0026   0.0812   0.0810   0.8479   0.7506   0.0104   0.0000   0.0163  -0.1503    0.228
    15   0.1528   0.2933   0.0000   0.0951   0.0020   0.0708   0.0819   0.8501   0.7526   0.0059   0.0000   0.0200  -0.1474    0.223
    16   0.1631   0.3130   0.0000   0.0827   0.0015   0.0597   0.0855   0.8249   0.7302   0.0012   0.0000   0.0256  -0.1373    0.215
    17   0.1716   0.3294   0.0000   0.0724   0.0011   0.0478   0.0916   0.7553   0.6686  -0.0033   0.0000   0.0333  -0.1169    0.200
    18   0.1782   0.3421   0.0000   0.0644   0.0007   0.0350   0.0978   0.6222   0.5508  -0.0070   0.0000   0.0400  -0.0850    0.177
    19   0.1827   0.3507   0.0000   0.0590   0.0004   0.0213   0.0999   0.4147   0.3671  -0.0081   0.0000   0.0375  -0.0469    0.148
    20   0.1850   0.3551   0.0000   0.0562   0.0001   0.0071   0.0955   0.1462   0.1294  -0.0063   0.0000   0.0164  -0.0136    0.123

  Surface # 2     Wing (YDUP)                             
     # Chordwise = 10   # Spanwise = 20     First strip = 21
     Surface area Ssurf =    0.059616     Ave. chord Cave =    0.167650

 Forces referred to Sref, Cref, Bref about Xref, Yref, Zref
 Standard axis orientation,  X fwd, Z down         
     CLsurf  =   0.30473     Clsurf  =   0.06354
     CYsurf  =   0.00620     Cmsurf  =  -0.02047
     CDsurf  =   0.01527     Cnsurf  =   0.00651
     CDisurf =   0.01527     CDvsurf =   0.00000

 Forces referred to Ssurf, Cave 
     CLsurf  =   0.60930     CDsurf  =   0.03054

 Strip Forces referred to Strip Area, Chord
    j     Xle      Yle      Zle      Chord    Area     c_cl     ai     cl_norm    cl       cd       cdv    cm_c/4     cm_LE   C.P.x/c
    21   0.0003  -0.0005   0.0000   0.2791   0.0006   0.1331   0.1009   0.4969   0.4399   0.2782   0.0000  -0.0085   0.1133    0.269
    22   0.0026  -0.0049   0.0000   0.2763   0.0018   0.1331   0.1012   0.5402   0.4782   0.0598   0.0000  -0.0078   0.1137    0.266
    23   0.0071  -0.0135   0.0000   0.2709   0.0029   0.1330   0.1012   0.5529   0.4894   0.0476   0.0000  -0.0055   0.1137    0.261
    24   0.0137  -0.0262   0.0000   0.2629   0.0038   0.1327   0.1009   0.5690   0.5037   0.0436   0.0000  -0.0024   0.1140    0.255
    25   0.0222  -0.0426   0.0000   0.2526   0.0046   0.1319   0.1002   0.5896   0.5219   0.0402   0.0000   0.0009   0.1149    0.248
    26   0.0325  -0.0623   0.0000   0.2402   0.0051   0.1304   0.0992   0.6141   0.5436   0.0370   0.0000   0.0038   0.1170    0.243
    27   0.0442  -0.0849   0.0000   0.2260   0.0054   0.1281   0.0977   0.6419   0.5683   0.0339   0.0000   0.0063   0.1201    0.239
    28   0.0572  -0.1098   0.0000   0.2104   0.0054   0.1248   0.0957   0.6725   0.5953   0.0310   0.0000   0.0082   0.1243    0.236
    29   0.0710  -0.1363   0.0000   0.1937   0.0053   0.1203   0.0932   0.7049   0.6240   0.0282   0.0000   0.0096   0.1292    0.235
    30   0.0854  -0.1638   0.0000   0.1764   0.0049   0.1146   0.0904   0.7384   0.6536   0.0252   0.0000   0.0107   0.1346    0.234
    31   0.0999  -0.1918   0.0000   0.1589   0.0044   0.1078   0.0874   0.7716   0.6831   0.0220   0.0000   0.0116   0.1401    0.233
    32   0.1143  -0.2193   0.0000   0.1416   0.0038   0.0999   0.0844   0.8030   0.7108   0.0185   0.0000   0.0127   0.1452    0.232
    33   0.1281  -0.2458   0.0000   0.1249   0.0032   0.0910   0.0821   0.8298   0.7346   0.0146   0.0000   0.0141   0.1490    0.231
    34   0.1411  -0.2707   0.0000   0.1093   0.0026   0.0812   0.0810   0.8479   0.7506   0.0104   0.0000   0.0163   0.1503    0.228
    35   0.1528  -0.2933   0.0000   0.0951   0.0020   0.0708   0.0819   0.8501   0.7526   0.0059   0.0000   0.0200   0.1474    0.223
    36   0.1631  -0.3130   0.0000   0.0827   0.0015   0.0597   0.0855   0.8249   0.7302   0.0012   0.0000   0.0256   0.1373    0.215
    37   0.1716  -0.3294   0.0000   0.0724   0.0011   0.0478   0.0916   0.7553   0.6686  -0.0033   0.0000   0.0333   0.1169    0.200
    38   0.1782  -0.3421   0.0000   0.0644   0.0007   0.0350   0.0978   0.6222   0.5508  -0.0070   0.0000   0.0400   0.0850    0.177
    39   0.1827  -0.3507   0.0000   0.0590   0.0004   0.0213   0.0999   0.4147   0.3671  -0.0081   0.0000   0.0375   0.0469    0.148
    40   0.1850  -0.3551   0.0000   0.0562   0.0001   0.0071   0.0955   0.1462   0.1294  -0.0063   0.0000   0.0164   0.0136    0.123
 ---------------------------------------------------------------
