 ---------------------------------------------------------------
 Surface and Strip Forces by surface

  Sref = 0.13010       Cref = 0.15090       Bref = 0.91440    
  Xref = 0.10920       Yref =  0.0000       Zref =  0.0000    

  Surface # 1     Wing                                    
     # Chordwise = 10   # Spanwise = 20     First strip =  1
     Surface area Ssurf =    0.065037     Ave. chord Cave =    0.142250

 Forces referred to Sref, Cref, Bref about Xref, Yref, Zref
 Standard axis orientation,  X fwd, Z down         
     CLsurf  =   0.27920     Clsurf  =  -0.06094
     CYsurf  =   0.00982     Cmsurf  =  -0.10477
     CDsurf  =   0.00861     Cnsurf  =  -0.00872
     CDisurf =   0.00861     CDvsurf =   0.00000

 Forces referred to Ssurf, Cave 
     CLsurf  =   0.55852     CDsurf  =   0.01723

 Strip Forces referred to Strip Area, Chord
    j     Xle      Yle      Zle      Chord    Area     c_cl     ai     cl_norm    cl       cd       cdv    cm_c/4     cm_LE   C.P.x/c
     1   0.0005   0.0007   0.0000   0.2030   0.0006   0.0947   0.0377   0.5902   0.4448   0.2029   0.0000  -0.0280  -0.1216    0.313
     2   0.0041   0.0063   0.0000   0.2015   0.0017   0.0948   0.0389   0.6212   0.4682   0.0456   0.0000  -0.0253  -0.1201    0.304
     3   0.0112   0.0174   0.0000   0.1986   0.0027   0.0949   0.0423   0.6330   0.4771   0.0378   0.0000  -0.0187  -0.1162    0.289
     4   0.0217   0.0337   0.0000   0.1942   0.0036   0.0952   0.0462   0.6500   0.4899   0.0326   0.0000  -0.0115  -0.1127    0.273
     5   0.0353   0.0548   0.0000   0.1886   0.0044   0.0954   0.0495   0.6718   0.5063   0.0277   0.0000  -0.0054  -0.1109    0.261
     6   0.0516   0.0801   0.0000   0.1818   0.0050   0.0953   0.0517   0.6968   0.5252   0.0235   0.0000  -0.0010  -0.1110    0.252
     7   0.0703   0.1092   0.0000   0.1741   0.0053   0.0946   0.0528   0.7235   0.5453   0.0200   0.0000   0.0018  -0.1127    0.247
     8   0.0909   0.1411   0.0000   0.1656   0.0055   0.0933   0.0531   0.7503   0.5655   0.0171   0.0000   0.0036  -0.1153    0.244
     9   0.1128   0.1752   0.0000   0.1565   0.0055   0.0911   0.0530   0.7762   0.5850   0.0146   0.0000   0.0048  -0.1184    0.242
    10   0.1357   0.2107   0.0000   0.1470   0.0053   0.0882   0.0528   0.8000   0.6029   0.0124   0.0000   0.0056  -0.1214    0.241
    11   0.1587   0.2465   0.0000   0.1375   0.0049   0.0845   0.0531   0.8203   0.6182   0.0103   0.0000   0.0063  -0.1239    0.240
    12   0.1816   0.2820   0.0000   0.1280   0.0045   0.0801   0.0544   0.8355   0.6297   0.0084   0.0000   0.0073  -0.1254    0.238
    13   0.2035   0.3161   0.0000   0.1189   0.0039   0.0751   0.0574   0.8429   0.6353   0.0065   0.0000   0.0088  -0.1253    0.236
    14   0.2241   0.3480   0.0000   0.1104   0.0034   0.0693   0.0628   0.8383   0.6318   0.0047   0.0000   0.0113  -0.1224    0.232
    15   0.2428   0.3771   0.0000   0.1027   0.0028   0.0626   0.0712   0.8146   0.6139   0.0028   0.0000   0.0155  -0.1151    0.225
    16   0.2591   0.4024   0.0000   0.0959   0.0022   0.0546   0.0822   0.7614   0.5739   0.0004   0.0000   0.0223  -0.1009    0.211
    17   0.2727   0.4235   0.0000   0.0903   0.0017   0.0450   0.0929   0.6665   0.5023  -0.0025   0.0000   0.0311  -0.0785    0.188
    18   0.2832   0.4398   0.0000   0.0859   0.0012   0.0335   0.0988   0.5217   0.3932  -0.0054   0.0000   0.0379  -0.0500    0.154
    19   0.2903   0.4509   0.0000   0.0830   0.0007   0.0205   0.0966   0.3314   0.2498  -0.0067   0.0000   0.0343  -0.0231    0.113
    20   0.2939   0.4565   0.0000   0.0815   0.0002   0.0069   0.0887   0.1134   0.0854  -0.0053   0.0000   0.0144  -0.0056    0.082

  Surface # 2     Wing (YDUP)                             
     # Chordwise = 10   # Spanwise = 20     First strip = 21
     Surface area Ssurf =    0.065037     Ave. chord Cave =    0.142250

 Forces referred to Sref, Cref, Bref about Xref, Yref, Zref
 Standard axis orientation,  X fwd, Z down         
     CLsurf  =   0.27920     Clsurf  =   0.06094
     CYsurf  =  -0.00982     Cmsurf  =  -0.10477
     CDsurf  =   0.00861     Cnsurf  =   0.00872
     CDisurf =   0.00861     CDvsurf =   0.00000

 Forces referred to Ssurf, Cave 
     CLsurf  =   0.55852     CDsurf  =   0.01723

 Strip Forces referred to Strip Area, Chord
    j     Xle      Yle      Zle      Chord    Area     c_cl     ai     cl_norm    cl       cd       cdv    cm_c/4     cm_LE   C.P.x/c
    21   0.0005  -0.0007   0.0000   0.2030   0.0006   0.0947   0.0377   0.5902   0.4448   0.2029   0.0000  -0.0280   0.1216    0.313
    22   0.0041  -0.0063   0.0000   0.2015   0.0017   0.0948   0.0389   0.6212   0.4682   0.0456   0.0000  -0.0253   0.1201    0.304
    23   0.0112  -0.0174   0.0000   0.1986   0.0027   0.0949   0.0423   0.6330   0.4771   0.0378   0.0000  -0.0187   0.1162    0.289
    24   0.0217  -0.0337   0.0000   0.1942   0.0036   0.0952   0.0462   0.6500   0.4899   0.0326   0.0000  -0.0115   0.1127    0.273
    25   0.0353  -0.0548   0.0000   0.1886   0.0044   0.0954   0.0495   0.6718   0.5063   0.0277   0.0000  -0.0054   0.1109    0.261
    26   0.0516  -0.0801   0.0000   0.1818   0.0050   0.0953   0.0517   0.6968   0.5252   0.0235   0.0000  -0.0010   0.1110    0.252
    27   0.0703  -0.1092   0.0000   0.1741   0.0053   0.0946   0.0528   0.7235   0.5453   0.0200   0.0000   0.0018   0.1127    0.247
    28   0.0909  -0.1411   0.0000   0.1656   0.0055   0.0933   0.0531   0.7503   0.5655   0.0171   0.0000   0.0036   0.1153    0.244
    29   0.1128  -0.1752   0.0000   0.1565   0.0055   0.0911   0.0530   0.7762   0.5850   0.0146   0.0000   0.0048   0.1184    0.242
    30   0.1357  -0.2107   0.0000   0.1470   0.0053   0.0882   0.0528   0.8000   0.6029   0.0124   0.0000   0.0056   0.1214    0.241
    31   0.1587  -0.2465   0.0000   0.1375   0.0049   0.0845   0.0531   0.8203   0.6182   0.0103   0.0000   0.0063   0.1239    0.240
    32   0.1816  -0.2820   0.0000   0.1280   0.0045   0.0801   0.0544   0.8355   0.6297   0.0084   0.0000   0.0073   0.1254    0.238
    33   0.2035  -0.3161   0.0000   0.1189   0.0039   0.0751   0.0574   0.8429   0.6353   0.0065   0.0000   0.0088   0.1253    0.236
    34   0.2241  -0.3480   0.0000   0.1104   0.0034   0.0693   0.0628   0.8383   0.6318   0.0047   0.0000   0.0113   0.1224    0.232
    35   0.2428  -0.3771   0.0000   0.1027   0.0028   0.0626   0.0712   0.8146   0.6139   0.0028   0.0000   0.0155   0.1151    0.225
    36   0.2591  -0.4024   0.0000   0.0959   0.0022   0.0546   0.0822   0.7614   0.5739   0.0004   0.0000   0.0223   0.1009    0.211
    37   0.2727  -0.4235   0.0000   0.0903   0.0017   0.0450   0.0929   0.6665   0.5023  -0.0025   0.0000   0.0311   0.0785    0.188
    38   0.2832  -0.4398   0.0000   0.0859   0.0012   0.0335   0.0988   0.5217   0.3932  -0.0054   0.0000   0.0379   0.0500    0.154
    39   0.2903  -0.4509   0.0000   0.0830   0.0007   0.0205   0.0966   0.3314   0.2498  -0.0067   0.0000   0.0343   0.0231    0.113
    40   0.2939  -0.4565   0.0000   0.0815   0.0002   0.0069   0.0887   0.1134   0.0854  -0.0053   0.0000   0.0144   0.0056    0.082
 ---------------------------------------------------------------
