 ---------------------------------------------------------------
 Surface and Strip Forces by surface

  Sref = 0.19820       Cref = 0.24890       Bref = 0.81280    
  Xref = 0.10920       Yref =  0.0000       Zref =  0.0000    

  Surface # 1     Wing                                    
     # Chordwise = 10   # Spanwise = 20     First strip =  1
     Surface area Ssurf =    0.099101     Ave. chord Cave =    0.243850

 Forces referred to Sref, Cref, Bref about Xref, Yref, Zref
 Standard axis orientation,  X fwd, Z down         
     CLsurf  =   0.18327     Clsurf  =  -0.03952
     CYsurf  =   0.00071     Cmsurf  =  -0.01775
     CDsurf  =   0.00696     Cnsurf  =  -0.00330
     CDisurf =   0.00696     CDvsurf =   0.00000

 Forces referred to Ssurf, Cave 
     CLsurf  =   0.36654     CDsurf  =   0.01392

 Strip Forces referred to Strip Area, Chord
    j     Xle      Yle      Zle      Chord    Area     c_cl     ai     cl_norm    cl       cd       cdv    cm_c/4     cm_LE   C.P.x/c
     1   0.0003   0.0006   0.0000   0.3046   0.0008   0.1100   0.0633   0.3927   0.3472   0.1578   0.0000  -0.0073  -0.0893    0.271
     2   0.0025   0.0056   0.0000   0.3031   0.0023   0.1100   0.0626   0.4092   0.3617   0.0301   0.0000  -0.0066  -0.0891    0.268
     3   0.0068   0.0155   0.0000   0.3002   0.0037   0.1100   0.0626   0.4139   0.3658   0.0230   0.0000  -0.0046  -0.0881    0.263
     4   0.0131   0.0299   0.0000   0.2958   0.0049   0.1098   0.0631   0.4197   0.3710   0.0209   0.0000  -0.0018  -0.0866    0.255
     5   0.0214   0.0487   0.0000   0.2902   0.0060   0.1095   0.0639   0.4270   0.3774   0.0191   0.0000   0.0012  -0.0854    0.247
     6   0.0313   0.0712   0.0000   0.2834   0.0069   0.1090   0.0648   0.4351   0.3846   0.0175   0.0000   0.0038  -0.0845    0.240
     7   0.0426   0.0970   0.0000   0.2757   0.0075   0.1079   0.0658   0.4432   0.3918   0.0160   0.0000   0.0062  -0.0840    0.234
     8   0.0551   0.1254   0.0000   0.2672   0.0079   0.1063   0.0669   0.4505   0.3982   0.0147   0.0000   0.0081  -0.0836    0.230
     9   0.0684   0.1558   0.0000   0.2581   0.0080   0.1039   0.0682   0.4561   0.4031   0.0135   0.0000   0.0099  -0.0831    0.225
    10   0.0822   0.1873   0.0000   0.2486   0.0079   0.1006   0.0697   0.4587   0.4054   0.0124   0.0000   0.0116  -0.0820    0.221
    11   0.0962   0.2191   0.0000   0.2391   0.0076   0.0964   0.0715   0.4570   0.4040   0.0113   0.0000   0.0134  -0.0800    0.217
    12   0.1100   0.2506   0.0000   0.2296   0.0071   0.0911   0.0739   0.4497   0.3975   0.0102   0.0000   0.0155  -0.0766    0.211
    13   0.1233   0.2810   0.0000   0.2205   0.0065   0.0846   0.0766   0.4350   0.3845   0.0091   0.0000   0.0179  -0.0714    0.203
    14   0.1358   0.3094   0.0000   0.2120   0.0058   0.0768   0.0795   0.4110   0.3633   0.0078   0.0000   0.0207  -0.0640    0.193
    15   0.1471   0.3352   0.0000   0.2043   0.0050   0.0677   0.0821   0.3761   0.3325   0.0064   0.0000   0.0235  -0.0544    0.179
    16   0.1570   0.3577   0.0000   0.1975   0.0041   0.0573   0.0837   0.3292   0.2910   0.0048   0.0000   0.0256  -0.0429    0.162
    17   0.1653   0.3765   0.0000   0.1919   0.0032   0.0457   0.0835   0.2701   0.2388   0.0032   0.0000   0.0261  -0.0306    0.141
    18   0.1716   0.3909   0.0000   0.1875   0.0023   0.0331   0.0810   0.2004   0.1772   0.0016   0.0000   0.0234  -0.0190    0.118
    19   0.1759   0.4008   0.0000   0.1846   0.0014   0.0200   0.0762   0.1230   0.1087   0.0000   0.0000   0.0166  -0.0096    0.097
    20   0.1781   0.4058   0.0000   0.1831   0.0005   0.0067   0.0719   0.0415   0.0367  -0.0013   0.0000   0.0060  -0.0028    0.086

  Surface # 2     Wing (YDUP)                             
     # Chordwise = 10   # Spanwise = 20     First strip = 21
     Surface area Ssurf =    0.099101     Ave. chord Cave =    0.243850

 Forces referred to Sref, Cref, Bref about Xref, Yref, Zref
 Standard axis orientation,  X fwd, Z down         
     CLsurf  =   0.18327     Clsurf  =   0.03952
     CYsurf  =  -0.00071     Cmsurf  =  -0.01775
     CDsurf  =   0.00696     Cnsurf  =   0.00330
     CDisurf =   0.00696     CDvsurf =   0.00000

 Forces referred to Ssurf, Cave 
     CLsurf  =   0.36654     CDsurf  =   0.01392

 Strip Forces referred to Strip Area, Chord
    j     Xle      Yle      Zle      Chord    Area     c_cl     ai     cl_norm    cl       cd       cdv    cm_c/4     cm_LE   C.P.x/c
    21   0.0003  -0.0006   0.0000   0.3046   0.0008   0.1100   0.0633   0.3927   0.3472   0.1578   0.0000  -0.0073   0.0893    0.271
    22   0.0025  -0.0056   0.0000   0.3031   0.0023   0.1100   0.0626   0.4092   0.3617   0.0301   0.0000  -0.0066   0.0891    0.268
    23   0.0068  -0.0155   0.0000   0.3002   0.0037   0.1100   0.0626   0.4139   0.3658   0.0230   0.0000  -0.0046   0.0881    0.263
    24   0.0131  -0.0299   0.0000   0.2958   0.0049   0.1098   0.0631   0.4197   0.3710   0.0209   0.0000  -0.0018   0.0866    0.255
    25   0.0214  -0.0487   0.0000   0.2902   0.0060   0.1095   0.0639   0.4270   0.3774   0.0191   0.0000   0.0012   0.0854    0.247
    26   0.0313  -0.0712   0.0000   0.2834   0.0069   0.1090   0.0648   0.4351   0.3846   0.0175   0.0000   0.0038   0.0845    0.240
    27   0.0426  -0.0970   0.0000   0.2757   0.0075   0.1079   0.0658   0.4432   0.3918   0.0160   0.0000   0.0062   0.0840    0.234
    28   0.0551  -0.1254   0.0000   0.2672   0.0079   0.1063   0.0669   0.4505   0.3982   0.0147   0.0000   0.0081   0.0836    0.230
    29   0.0684  -0.1558   0.0000   0.2581   0.0080   0.1039   0.0682   0.4561   0.4031   0.0135   0.0000   0.0099   0.0831    0.225
    30   0.0822  -0.1873   0.0000   0.2486   0.0079   0.1006   0.0697   0.4587   0.4054   0.0124   0.0000   0.0116   0.0820    0.221
    31   0.0962  -0.2191   0.0000   0.2391   0.0076   0.0964   0.0715   0.4570   0.4040   0.0113   0.0000   0.0134   0.0800    0.217
    32   0.1100  -0.2506   0.0000   0.2296   0.0071   0.0911   0.0739   0.4497   0.3975   0.0102   0.0000   0.0155   0.0766    0.211
    33   0.1233  -0.2810   0.0000   0.2205   0.0065   0.0846   0.0766   0.4350   0.3845   0.0091   0.0000   0.0179   0.0714    0.203
    34   0.1358  -0.3094   0.0000   0.2120   0.0058   0.0768   0.0795   0.4110   0.3633   0.0078   0.0000   0.0207   0.0640    0.193
    35   0.1471  -0.3352   0.0000   0.2043   0.0050   0.0677   0.0821   0.3761   0.3325   0.0064   0.0000   0.0235   0.0544    0.179
    36   0.1570  -0.3577   0.0000   0.1975   0.0041   0.0573   0.0837   0.3292   0.2910   0.0048   0.0000   0.0256   0.0429    0.162
    37   0.1653  -0.3765   0.0000   0.1919   0.0032   0.0457   0.0835   0.2701   0.2388   0.0032   0.0000   0.0261   0.0306    0.141
    38   0.1716  -0.3909   0.0000   0.1875   0.0023   0.0331   0.0810   0.2004   0.1772   0.0016   0.0000   0.0234   0.0190    0.118
    39   0.1759  -0.4008   0.0000   0.1846   0.0014   0.0200   0.0762   0.1230   0.1087   0.0000   0.0000   0.0166   0.0096    0.097
    40   0.1781  -0.4058   0.0000   0.1831   0.0005   0.0067   0.0719   0.0415   0.0367  -0.0013   0.0000   0.0060   0.0028    0.086
 ---------------------------------------------------------------
