 ---------------------------------------------------------------
 Surface and Strip Forces by surface

  Sref = 0.15900       Cref = 0.22820       Bref = 0.71120    
  Xref = 0.10920       Yref =  0.0000       Zref =  0.0000    

  Surface # 1     Wing                                    
     # Chordwise = 10   # Spanwise = 20     First strip =  1
     Surface area Ssurf =    0.079477     Ave. chord Cave =    0.223500

 Forces referred to Sref, Cref, Bref about Xref, Yref, Zref
 Standard axis orientation,  X fwd, Z down         
     CLsurf  =   0.22846     Clsurf  =  -0.04939
     CYsurf  =   0.00285     Cmsurf  =  -0.02742
     CDsurf  =   0.01147     Cnsurf  =  -0.00637
     CDisurf =   0.01147     CDvsurf =   0.00000

 Forces referred to Ssurf, Cave 
     CLsurf  =   0.45705     CDsurf  =   0.02294

 Strip Forces referred to Strip Area, Chord
    j     Xle      Yle      Zle      Chord    Area     c_cl     ai     cl_norm    cl       cd       cdv    cm_c/4     cm_LE   C.P.x/c
     1   0.0003   0.0005   0.0000   0.2792   0.0006   0.1245   0.0788   0.4994   0.4116   0.2880   0.0000  -0.0153  -0.1113    0.287
     2   0.0027   0.0049   0.0000   0.2779   0.0018   0.1245   0.0783   0.5400   0.4450   0.0530   0.0000  -0.0144  -0.1110    0.282
     3   0.0074   0.0135   0.0000   0.2751   0.0029   0.1245   0.0788   0.5474   0.4512   0.0399   0.0000  -0.0115  -0.1094    0.275
     4   0.0143   0.0262   0.0000   0.2712   0.0040   0.1244   0.0800   0.5558   0.4581   0.0362   0.0000  -0.0073  -0.1072    0.266
     5   0.0232   0.0426   0.0000   0.2660   0.0048   0.1242   0.0817   0.5662   0.4667   0.0329   0.0000  -0.0030  -0.1051    0.256
     6   0.0340   0.0623   0.0000   0.2598   0.0055   0.1237   0.0835   0.5779   0.4763   0.0298   0.0000   0.0010  -0.1036    0.248
     7   0.0463   0.0849   0.0000   0.2527   0.0060   0.1227   0.0853   0.5898   0.4861   0.0270   0.0000   0.0045  -0.1026    0.241
     8   0.0598   0.1098   0.0000   0.2449   0.0063   0.1210   0.0872   0.6007   0.4951   0.0245   0.0000   0.0075  -0.1018    0.235
     9   0.0743   0.1363   0.0000   0.2365   0.0064   0.1185   0.0893   0.6094   0.5022   0.0223   0.0000   0.0102  -0.1010    0.230
    10   0.0893   0.1638   0.0000   0.2279   0.0063   0.1149   0.0917   0.6142   0.5062   0.0201   0.0000   0.0128  -0.0995    0.225
    11   0.1045   0.1918   0.0000   0.2191   0.0061   0.1103   0.0946   0.6133   0.5054   0.0181   0.0000   0.0155  -0.0969    0.219
    12   0.1195   0.2193   0.0000   0.2105   0.0057   0.1044   0.0981   0.6047   0.4983   0.0159   0.0000   0.0185  -0.0926    0.213
    13   0.1340   0.2458   0.0000   0.2021   0.0052   0.0971   0.1020   0.5859   0.4829   0.0137   0.0000   0.0221  -0.0861    0.204
    14   0.1475   0.2707   0.0000   0.1943   0.0046   0.0883   0.1061   0.5546   0.4571   0.0112   0.0000   0.0261  -0.0769    0.193
    15   0.1598   0.2933   0.0000   0.1872   0.0040   0.0779   0.1096   0.5083   0.4189   0.0084   0.0000   0.0301  -0.0650    0.178
    16   0.1706   0.3130   0.0000   0.1810   0.0033   0.0660   0.1119   0.4456   0.3672   0.0056   0.0000   0.0331  -0.0510    0.160
    17   0.1795   0.3294   0.0000   0.1758   0.0026   0.0527   0.1121   0.3663   0.3019   0.0028   0.0000   0.0337  -0.0362    0.138
    18   0.1864   0.3421   0.0000   0.1719   0.0018   0.0383   0.1097   0.2724   0.2245   0.0004   0.0000   0.0302  -0.0224    0.116
    19   0.1911   0.3507   0.0000   0.1691   0.0011   0.0231   0.1051   0.1677   0.1382  -0.0016   0.0000   0.0213  -0.0113    0.096
    20   0.1935   0.3551   0.0000   0.1678   0.0004   0.0077   0.1011   0.0569   0.0469  -0.0030   0.0000   0.0077  -0.0033    0.086

  Surface # 2     Wing (YDUP)                             
     # Chordwise = 10   # Spanwise = 20     First strip = 21
     Surface area Ssurf =    0.079477     Ave. chord Cave =    0.223500

 Forces referred to Sref, Cref, Bref about Xref, Yref, Zref
 Standard axis orientation,  X fwd, Z down         
     CLsurf  =   0.22846     Clsurf  =   0.04939
     CYsurf  =  -0.00285     Cmsurf  =  -0.02742
     CDsurf  =   0.01147     Cnsurf  =   0.00637
     CDisurf =   0.01147     CDvsurf =   0.00000

 Forces referred to Ssurf, Cave 
     CLsurf  =   0.45705     CDsurf  =   0.02294

 Strip Forces referred to Strip Area, Chord
    j     Xle      Yle      Zle      Chord    Area     c_cl     ai     cl_norm    cl       cd       cdv    cm_c/4     cm_LE   C.P.x/c
    21   0.0003  -0.0005   0.0000   0.2792   0.0006   0.1245   0.0788   0.4994   0.4116   0.2880   0.0000  -0.0153   0.1113    0.287
    22   0.0027  -0.0049   0.0000   0.2779   0.0018   0.1245   0.0783   0.5400   0.4450   0.0530   0.0000  -0.0144   0.1110    0.282
    23   0.0074  -0.0135   0.0000   0.2751   0.0029   0.1245   0.0788   0.5474   0.4512   0.0399   0.0000  -0.0115   0.1094    0.275
    24   0.0143  -0.0262   0.0000   0.2712   0.0040   0.1244   0.0800   0.5558   0.4581   0.0362   0.0000  -0.0073   0.1072    0.266
    25   0.0232  -0.0426   0.0000   0.2660   0.0048   0.1242   0.0817   0.5662   0.4667   0.0329   0.0000  -0.0030   0.1051    0.256
    26   0.0340  -0.0623   0.0000   0.2598   0.0055   0.1237   0.0835   0.5779   0.4763   0.0298   0.0000   0.0010   0.1036    0.248
    27   0.0463  -0.0849   0.0000   0.2527   0.0060   0.1227   0.0853   0.5898   0.4861   0.0270   0.0000   0.0045   0.1026    0.241
    28   0.0598  -0.1098   0.0000   0.2449   0.0063   0.1210   0.0872   0.6007   0.4951   0.0245   0.0000   0.0075   0.1018    0.235
    29   0.0743  -0.1363   0.0000   0.2365   0.0064   0.1185   0.0893   0.6094   0.5022   0.0223   0.0000   0.0102   0.1010    0.230
    30   0.0893  -0.1638   0.0000   0.2279   0.0063   0.1149   0.0917   0.6142   0.5062   0.0201   0.0000   0.0128   0.0995    0.225
    31   0.1045  -0.1918   0.0000   0.2191   0.0061   0.1103   0.0946   0.6133   0.5054   0.0181   0.0000   0.0155   0.0969    0.219
    32   0.1195  -0.2193   0.0000   0.2105   0.0057   0.1044   0.0981   0.6047   0.4983   0.0159   0.0000   0.0185   0.0926    0.213
    33   0.1340  -0.2458   0.0000   0.2021   0.0052   0.0971   0.1020   0.5859   0.4829   0.0137   0.0000   0.0221   0.0861    0.204
    34   0.1475  -0.2707   0.0000   0.1943   0.0046   0.0883   0.1061   0.5546   0.4571   0.0112   0.0000   0.0261   0.0769    0.193
    35   0.1598  -0.2933   0.0000   0.1872   0.0040   0.0779   0.1096   0.5083   0.4189   0.0084   0.0000   0.0301   0.0650    0.178
    36   0.1706  -0.3130   0.0000   0.1810   0.0033   0.0660   0.1119   0.4456   0.3672   0.0056   0.0000   0.0331   0.0510    0.160
    37   0.1795  -0.3294   0.0000   0.1758   0.0026   0.0527   0.1121   0.3663   0.3019   0.0028   0.0000   0.0337   0.0362    0.138
    38   0.1864  -0.3421   0.0000   0.1719   0.0018   0.0383   0.1097   0.2724   0.2245   0.0004   0.0000   0.0302   0.0224    0.116
    39   0.1911  -0.3507   0.0000   0.1691   0.0011   0.0231   0.1051   0.1677   0.1382  -0.0016   0.0000   0.0213   0.0113    0.096
    40   0.1935  -0.3551   0.0000   0.1678   0.0004   0.0077   0.1011   0.0569   0.0469  -0.0030   0.0000   0.0077   0.0033    0.086
 ---------------------------------------------------------------
