 ---------------------------------------------------------------
 Surface and Strip Forces by surface

  Sref = 0.18580       Cref = 0.20740       Bref = 0.91440    
  Xref = 0.10920       Yref =  0.0000       Zref =  0.0000    

  Surface # 1     Wing                                    
     # Chordwise = 10   # Spanwise = 20     First strip =  1
     Surface area Ssurf =    0.092903     Ave. chord Cave =    0.203200

 Forces referred to Sref, Cref, Bref about Xref, Yref, Zref
 Standard axis orientation,  X fwd, Z down         
     CLsurf  =   0.19550     Clsurf  =  -0.04285
     CYsurf  =   0.00337     Cmsurf  =  -0.04179
     CDsurf  =   0.00594     Cnsurf  =  -0.00414
     CDisurf =   0.00594     CDvsurf =   0.00000

 Forces referred to Ssurf, Cave 
     CLsurf  =   0.39099     CDsurf  =   0.01189

 Strip Forces referred to Strip Area, Chord
    j     Xle      Yle      Zle      Chord    Area     c_cl     ai     cl_norm    cl       cd       cdv    cm_c/4     cm_LE   C.P.x/c
     1   0.0004   0.0007   0.0000   0.2538   0.0007   0.0944   0.0422   0.4374   0.3599   0.1461   0.0000  -0.0161  -0.0967    0.295
     2   0.0033   0.0063   0.0000   0.2526   0.0021   0.0944   0.0414   0.4531   0.3728   0.0286   0.0000  -0.0148  -0.0959    0.290
     3   0.0091   0.0174   0.0000   0.2501   0.0034   0.0945   0.0423   0.4585   0.3772   0.0227   0.0000  -0.0111  -0.0936    0.279
     4   0.0176   0.0337   0.0000   0.2465   0.0046   0.0946   0.0441   0.4660   0.3834   0.0201   0.0000  -0.0066  -0.0909    0.267
     5   0.0286   0.0548   0.0000   0.2418   0.0056   0.0946   0.0461   0.4755   0.3913   0.0177   0.0000  -0.0025  -0.0889    0.256
     6   0.0418   0.0801   0.0000   0.2362   0.0064   0.0945   0.0480   0.4865   0.4003   0.0155   0.0000   0.0009  -0.0878    0.248
     7   0.0570   0.1092   0.0000   0.2297   0.0070   0.0940   0.0497   0.4978   0.4096   0.0137   0.0000   0.0035  -0.0876    0.242
     8   0.0736   0.1411   0.0000   0.2226   0.0074   0.0930   0.0511   0.5085   0.4184   0.0123   0.0000   0.0054  -0.0878    0.237
     9   0.0914   0.1752   0.0000   0.2151   0.0075   0.0914   0.0526   0.5174   0.4257   0.0110   0.0000   0.0069  -0.0881    0.234
    10   0.1099   0.2107   0.0000   0.2072   0.0074   0.0890   0.0544   0.5236   0.4308   0.0099   0.0000   0.0082  -0.0880    0.231
    11   0.1287   0.2465   0.0000   0.1992   0.0071   0.0859   0.0567   0.5255   0.4324   0.0090   0.0000   0.0097  -0.0870    0.228
    12   0.1472   0.2820   0.0000   0.1913   0.0067   0.0819   0.0598   0.5216   0.4291   0.0080   0.0000   0.0115  -0.0847    0.223
    13   0.1650   0.3161   0.0000   0.1838   0.0061   0.0768   0.0638   0.5097   0.4194   0.0070   0.0000   0.0139  -0.0804    0.217
    14   0.1816   0.3480   0.0000   0.1767   0.0054   0.0706   0.0685   0.4873   0.4009   0.0059   0.0000   0.0170  -0.0735    0.207
    15   0.1968   0.3771   0.0000   0.1702   0.0046   0.0630   0.0734   0.4514   0.3714   0.0046   0.0000   0.0209  -0.0635    0.194
    16   0.2100   0.4024   0.0000   0.1646   0.0038   0.0539   0.0773   0.3996   0.3288   0.0030   0.0000   0.0249  -0.0505    0.174
    17   0.2210   0.4235   0.0000   0.1599   0.0030   0.0433   0.0789   0.3308   0.2722   0.0014   0.0000   0.0276  -0.0357    0.149
    18   0.2295   0.4398   0.0000   0.1563   0.0021   0.0316   0.0769   0.2467   0.2030  -0.0001   0.0000   0.0266  -0.0212    0.119
    19   0.2353   0.4509   0.0000   0.1538   0.0013   0.0191   0.0715   0.1515   0.1247  -0.0012   0.0000   0.0200  -0.0098    0.090
    20   0.2382   0.4565   0.0000   0.1526   0.0004   0.0064   0.0657   0.0511   0.0420  -0.0019   0.0000   0.0075  -0.0026    0.072

  Surface # 2     Wing (YDUP)                             
     # Chordwise = 10   # Spanwise = 20     First strip = 21
     Surface area Ssurf =    0.092903     Ave. chord Cave =    0.203200

 Forces referred to Sref, Cref, Bref about Xref, Yref, Zref
 Standard axis orientation,  X fwd, Z down         
     CLsurf  =   0.19550     Clsurf  =   0.04285
     CYsurf  =  -0.00337     Cmsurf  =  -0.04179
     CDsurf  =   0.00594     Cnsurf  =   0.00414
     CDisurf =   0.00594     CDvsurf =   0.00000

 Forces referred to Ssurf, Cave 
     CLsurf  =   0.39099     CDsurf  =   0.01189

 Strip Forces referred to Strip Area, Chord
    j     Xle      Yle      Zle      Chord    Area     c_cl     ai     cl_norm    cl       cd       cdv    cm_c/4     cm_LE   C.P.x/c
    21   0.0004  -0.0007   0.0000   0.2538   0.0007   0.0944   0.0422   0.4374   0.3599   0.1461   0.0000  -0.0161   0.0967    0.295
    22   0.0033  -0.0063   0.0000   0.2526   0.0021   0.0944   0.0414   0.4531   0.3728   0.0286   0.0000  -0.0148   0.0959    0.290
    23   0.0091  -0.0174   0.0000   0.2501   0.0034   0.0945   0.0423   0.4585   0.3772   0.0227   0.0000  -0.0111   0.0936    0.279
    24   0.0176  -0.0337   0.0000   0.2465   0.0046   0.0946   0.0441   0.4660   0.3834   0.0201   0.0000  -0.0066   0.0909    0.267
    25   0.0286  -0.0548   0.0000   0.2418   0.0056   0.0946   0.0461   0.4755   0.3913   0.0177   0.0000  -0.0025   0.0889    0.256
    26   0.0418  -0.0801   0.0000   0.2362   0.0064   0.0945   0.0480   0.4865   0.4003   0.0155   0.0000   0.0009   0.0878    0.248
    27   0.0570  -0.1092   0.0000   0.2297   0.0070   0.0940   0.0497   0.4978   0.4096   0.0137   0.0000   0.0035   0.0876    0.242
    28   0.0736  -0.1411   0.0000   0.2226   0.0074   0.0930   0.0511   0.5085   0.4184   0.0123   0.0000   0.0054   0.0878    0.237
    29   0.0914  -0.1752   0.0000   0.2151   0.0075   0.0914   0.0526   0.5174   0.4257   0.0110   0.0000   0.0069   0.0881    0.234
    30   0.1099  -0.2107   0.0000   0.2072   0.0074   0.0890   0.0544   0.5236   0.4308   0.0099   0.0000   0.0082   0.0880    0.231
    31   0.1287  -0.2465   0.0000   0.1992   0.0071   0.0859   0.0567   0.5255   0.4324   0.0090   0.0000   0.0097   0.0870    0.228
    32   0.1472  -0.2820   0.0000   0.1913   0.0067   0.0819   0.0598   0.5216   0.4291   0.0080   0.0000   0.0115   0.0847    0.223
    33   0.1650  -0.3161   0.0000   0.1838   0.0061   0.0768   0.0638   0.5097   0.4194   0.0070   0.0000   0.0139   0.0804    0.217
    34   0.1816  -0.3480   0.0000   0.1767   0.0054   0.0706   0.0685   0.4873   0.4009   0.0059   0.0000   0.0170   0.0735    0.207
    35   0.1968  -0.3771   0.0000   0.1702   0.0046   0.0630   0.0734   0.4514   0.3714   0.0046   0.0000   0.0209   0.0635    0.194
    36   0.2100  -0.4024   0.0000   0.1646   0.0038   0.0539   0.0773   0.3996   0.3288   0.0030   0.0000   0.0249   0.0505    0.174
    37   0.2210  -0.4235   0.0000   0.1599   0.0030   0.0433   0.0789   0.3308   0.2722   0.0014   0.0000   0.0276   0.0357    0.149
    38   0.2295  -0.4398   0.0000   0.1563   0.0021   0.0316   0.0769   0.2467   0.2030  -0.0001   0.0000   0.0266   0.0212    0.119
    39   0.2353  -0.4509   0.0000   0.1538   0.0013   0.0191   0.0715   0.1515   0.1247  -0.0012   0.0000   0.0200   0.0098    0.090
    40   0.2382  -0.4565   0.0000   0.1526   0.0004   0.0064   0.0657   0.0511   0.0420  -0.0019   0.0000   0.0075   0.0026    0.072
 ---------------------------------------------------------------
