 ---------------------------------------------------------------
 Surface and Strip Forces by surface

  Sref = 0.12650       Cref = 0.18870       Bref = 0.71120    
  Xref = 0.10920       Yref =  0.0000       Zref =  0.0000    

  Surface # 1     Wing                                    
     # Chordwise = 10   # Spanwise = 20     First strip =  1
     Surface area Ssurf =    0.063226     Ave. chord Cave =    0.177800

 Forces referred to Sref, Cref, Bref about Xref, Yref, Zref
 Standard axis orientation,  X fwd, Z down         
     CLsurf  =   0.28715     Clsurf  =  -0.06160
     CYsurf  =   0.00221     Cmsurf  =  -0.03602
     CDsurf  =   0.01442     Cnsurf  =  -0.00830
     CDisurf =   0.01442     CDvsurf =   0.00000

 Forces referred to Ssurf, Cave 
     CLsurf  =   0.57452     CDsurf  =   0.02885

 Strip Forces referred to Strip Area, Chord
    j     Xle      Yle      Zle      Chord    Area     c_cl     ai     cl_norm    cl       cd       cdv    cm_c/4     cm_LE   C.P.x/c
     1   0.0003   0.0005   0.0000   0.2538   0.0006   0.1264   0.0841   0.5520   0.4554   0.3205   0.0000  -0.0183  -0.1239    0.290
     2   0.0028   0.0049   0.0000   0.2519   0.0016   0.1264   0.0840   0.6034   0.4978   0.0637   0.0000  -0.0172  -0.1238    0.285
     3   0.0078   0.0135   0.0000   0.2482   0.0026   0.1264   0.0846   0.6149   0.5073   0.0498   0.0000  -0.0138  -0.1223    0.277
     4   0.0150   0.0262   0.0000   0.2428   0.0035   0.1262   0.0856   0.6291   0.5190   0.0451   0.0000  -0.0091  -0.1206    0.267
     5   0.0244   0.0426   0.0000   0.2357   0.0043   0.1259   0.0868   0.6470   0.5338   0.0408   0.0000  -0.0043  -0.1195    0.258
     6   0.0357   0.0623   0.0000   0.2273   0.0048   0.1251   0.0877   0.6678   0.5510   0.0367   0.0000  -0.0001  -0.1194    0.250
     7   0.0487   0.0849   0.0000   0.2176   0.0052   0.1237   0.0885   0.6906   0.5698   0.0331   0.0000   0.0033  -0.1204    0.244
     8   0.0629   0.1098   0.0000   0.2070   0.0053   0.1215   0.0889   0.7141   0.5892   0.0298   0.0000   0.0061  -0.1221    0.240
     9   0.0782   0.1363   0.0000   0.1956   0.0053   0.1184   0.0892   0.7370   0.6081   0.0268   0.0000   0.0083  -0.1241    0.236
    10   0.0940   0.1638   0.0000   0.1838   0.0051   0.1143   0.0897   0.7577   0.6251   0.0239   0.0000   0.0102  -0.1260    0.234
    11   0.1099   0.1918   0.0000   0.1718   0.0048   0.1091   0.0907   0.7742   0.6388   0.0211   0.0000   0.0122  -0.1271    0.231
    12   0.1257   0.2193   0.0000   0.1600   0.0043   0.1028   0.0925   0.7840   0.6469   0.0182   0.0000   0.0146  -0.1267    0.227
    13   0.1410   0.2458   0.0000   0.1486   0.0038   0.0954   0.0956   0.7836   0.6465   0.0152   0.0000   0.0177  -0.1238    0.223
    14   0.1552   0.2707   0.0000   0.1380   0.0033   0.0867   0.1001   0.7683   0.6339   0.0120   0.0000   0.0219  -0.1173    0.215
    15   0.1682   0.2933   0.0000   0.1283   0.0027   0.0768   0.1058   0.7321   0.6040   0.0084   0.0000   0.0274  -0.1060    0.205
    16   0.1795   0.3130   0.0000   0.1199   0.0022   0.0654   0.1118   0.6683   0.5513   0.0046   0.0000   0.0336  -0.0892    0.189
    17   0.1889   0.3294   0.0000   0.1128   0.0016   0.0526   0.1163   0.5712   0.4713   0.0006   0.0000   0.0388  -0.0675    0.168
    18   0.1961   0.3421   0.0000   0.1074   0.0011   0.0384   0.1176   0.4392   0.3624  -0.0027   0.0000   0.0391  -0.0437    0.142
    19   0.2011   0.3507   0.0000   0.1037   0.0007   0.0233   0.1146   0.2768   0.2283  -0.0045   0.0000   0.0306  -0.0223    0.116
    20   0.2036   0.3551   0.0000   0.1018   0.0002   0.0078   0.1095   0.0949   0.0783  -0.0051   0.0000   0.0117  -0.0064    0.100

  Surface # 2     Wing (YDUP)                             
     # Chordwise = 10   # Spanwise = 20     First strip = 21
     Surface area Ssurf =    0.063226     Ave. chord Cave =    0.177800

 Forces referred to Sref, Cref, Bref about Xref, Yref, Zref
 Standard axis orientation,  X fwd, Z down         
     CLsurf  =   0.28715     Clsurf  =   0.06160
     CYsurf  =  -0.00221     Cmsurf  =  -0.03602
     CDsurf  =   0.01442     Cnsurf  =   0.00830
     CDisurf =   0.01442     CDvsurf =   0.00000

 Forces referred to Ssurf, Cave 
     CLsurf  =   0.57452     CDsurf  =   0.02885

 Strip Forces referred to Strip Area, Chord
    j     Xle      Yle      Zle      Chord    Area     c_cl     ai     cl_norm    cl       cd       cdv    cm_c/4     cm_LE   C.P.x/c
    21   0.0003  -0.0005   0.0000   0.2538   0.0006   0.1264   0.0841   0.5520   0.4554   0.3205   0.0000  -0.0183   0.1239    0.290
    22   0.0028  -0.0049   0.0000   0.2519   0.0016   0.1264   0.0840   0.6034   0.4978   0.0637   0.0000  -0.0172   0.1238    0.285
    23   0.0078  -0.0135   0.0000   0.2482   0.0026   0.1264   0.0846   0.6149   0.5073   0.0498   0.0000  -0.0138   0.1223    0.277
    24   0.0150  -0.0262   0.0000   0.2428   0.0035   0.1262   0.0856   0.6291   0.5190   0.0451   0.0000  -0.0091   0.1206    0.267
    25   0.0244  -0.0426   0.0000   0.2357   0.0043   0.1259   0.0868   0.6470   0.5338   0.0408   0.0000  -0.0043   0.1195    0.258
    26   0.0357  -0.0623   0.0000   0.2273   0.0048   0.1251   0.0877   0.6678   0.5510   0.0367   0.0000  -0.0001   0.1194    0.250
    27   0.0487  -0.0849   0.0000   0.2176   0.0052   0.1237   0.0885   0.6906   0.5698   0.0331   0.0000   0.0033   0.1204    0.244
    28   0.0629  -0.1098   0.0000   0.2070   0.0053   0.1215   0.0889   0.7141   0.5892   0.0298   0.0000   0.0061   0.1221    0.240
    29   0.0782  -0.1363   0.0000   0.1956   0.0053   0.1184   0.0892   0.7370   0.6081   0.0268   0.0000   0.0083   0.1241    0.236
    30   0.0940  -0.1638   0.0000   0.1838   0.0051   0.1143   0.0897   0.7577   0.6251   0.0239   0.0000   0.0102   0.1260    0.234
    31   0.1099  -0.1918   0.0000   0.1718   0.0048   0.1091   0.0907   0.7742   0.6388   0.0211   0.0000   0.0122   0.1271    0.231
    32   0.1257  -0.2193   0.0000   0.1600   0.0043   0.1028   0.0925   0.7840   0.6469   0.0182   0.0000   0.0146   0.1267    0.227
    33   0.1410  -0.2458   0.0000   0.1486   0.0038   0.0954   0.0956   0.7836   0.6465   0.0152   0.0000   0.0177   0.1238    0.223
    34   0.1552  -0.2707   0.0000   0.1380   0.0033   0.0867   0.1001   0.7683   0.6339   0.0120   0.0000   0.0219   0.1173    0.215
    35   0.1682  -0.2933   0.0000   0.1283   0.0027   0.0768   0.1058   0.7321   0.6040   0.0084   0.0000   0.0274   0.1060    0.205
    36   0.1795  -0.3130   0.0000   0.1199   0.0022   0.0654   0.1118   0.6683   0.5513   0.0046   0.0000   0.0336   0.0892    0.189
    37   0.1889  -0.3294   0.0000   0.1128   0.0016   0.0526   0.1163   0.5712   0.4713   0.0006   0.0000   0.0388   0.0675    0.168
    38   0.1961  -0.3421   0.0000   0.1074   0.0011   0.0384   0.1176   0.4392   0.3624  -0.0027   0.0000   0.0391   0.0437    0.142
    39   0.2011  -0.3507   0.0000   0.1037   0.0007   0.0233   0.1146   0.2768   0.2283  -0.0045   0.0000   0.0306   0.0223    0.116
    40   0.2036  -0.3551   0.0000   0.1018   0.0002   0.0078   0.1095   0.0949   0.0783  -0.0051   0.0000   0.0117   0.0064    0.100
 ---------------------------------------------------------------
