 ---------------------------------------------------------------
 Surface and Strip Forces by surface

  Sref = 0.16260       Cref = 0.18870       Bref = 0.91440    
  Xref = 0.10920       Yref =  0.0000       Zref =  0.0000    

  Surface # 1     Wing                                    
     # Chordwise = 10   # Spanwise = 20     First strip =  1
     Surface area Ssurf =    0.081290     Ave. chord Cave =    0.177800

 Forces referred to Sref, Cref, Bref about Xref, Yref, Zref
 Standard axis orientation,  X fwd, Z down         
     CLsurf  =   0.22340     Clsurf  =  -0.04798
     CYsurf  =   0.00131     Cmsurf  =  -0.02778
     CDsurf  =   0.00671     Cnsurf  =  -0.00414
     CDisurf =   0.00671     CDvsurf =   0.00000

 Forces referred to Ssurf, Cave 
     CLsurf  =   0.44685     CDsurf  =   0.01342

 Strip Forces referred to Strip Area, Chord
    j     Xle      Yle      Zle      Chord    Area     c_cl     ai     cl_norm    cl       cd       cdv    cm_c/4     cm_LE   C.P.x/c
     1   0.0003   0.0007   0.0000   0.2538   0.0007   0.0989   0.0519   0.4279   0.3782   0.1330   0.0000  -0.0105  -0.0985    0.278
     2   0.0028   0.0063   0.0000   0.2519   0.0021   0.0989   0.0515   0.4429   0.3915   0.0290   0.0000  -0.0095  -0.0982    0.274
     3   0.0078   0.0174   0.0000   0.2482   0.0034   0.0988   0.0518   0.4500   0.3978   0.0235   0.0000  -0.0066  -0.0969    0.267
     4   0.0151   0.0337   0.0000   0.2428   0.0046   0.0987   0.0525   0.4599   0.4065   0.0210   0.0000  -0.0031  -0.0956    0.258
     5   0.0245   0.0548   0.0000   0.2357   0.0055   0.0984   0.0532   0.4725   0.4176   0.0187   0.0000   0.0002  -0.0950    0.249
     6   0.0358   0.0801   0.0000   0.2273   0.0062   0.0977   0.0537   0.4870   0.4305   0.0167   0.0000   0.0029  -0.0955    0.243
     7   0.0488   0.1092   0.0000   0.2176   0.0067   0.0965   0.0538   0.5027   0.4444   0.0149   0.0000   0.0049  -0.0968    0.239
     8   0.0631   0.1411   0.0000   0.2070   0.0069   0.0947   0.0537   0.5187   0.4585   0.0134   0.0000   0.0063  -0.0987    0.236
     9   0.0784   0.1752   0.0000   0.1956   0.0068   0.0921   0.0534   0.5341   0.4721   0.0121   0.0000   0.0073  -0.1008    0.235
    10   0.0942   0.2107   0.0000   0.1838   0.0066   0.0887   0.0532   0.5477   0.4842   0.0109   0.0000   0.0081  -0.1028    0.233
    11   0.1103   0.2465   0.0000   0.1718   0.0061   0.0846   0.0533   0.5585   0.4937   0.0097   0.0000   0.0090  -0.1041    0.232
    12   0.1261   0.2820   0.0000   0.1600   0.0056   0.0796   0.0541   0.5648   0.4992   0.0086   0.0000   0.0101  -0.1044    0.230
    13   0.1414   0.3161   0.0000   0.1486   0.0049   0.0739   0.0560   0.5644   0.4989   0.0075   0.0000   0.0116  -0.1028    0.227
    14   0.1557   0.3480   0.0000   0.1380   0.0042   0.0673   0.0592   0.5542   0.4898   0.0064   0.0000   0.0140  -0.0986    0.221
    15   0.1687   0.3771   0.0000   0.1283   0.0035   0.0599   0.0638   0.5298   0.4683   0.0053   0.0000   0.0173  -0.0906    0.213
    16   0.1800   0.4024   0.0000   0.1199   0.0028   0.0513   0.0692   0.4859   0.4295   0.0039   0.0000   0.0218  -0.0778    0.199
    17   0.1894   0.4235   0.0000   0.1128   0.0021   0.0414   0.0739   0.4174   0.3690   0.0024   0.0000   0.0262  -0.0599    0.179
    18   0.1967   0.4398   0.0000   0.1074   0.0015   0.0304   0.0757   0.3218   0.2845   0.0009   0.0000   0.0281  -0.0389    0.151
    19   0.2017   0.4509   0.0000   0.1037   0.0009   0.0185   0.0725   0.2025   0.1790  -0.0004   0.0000   0.0233  -0.0194    0.120
    20   0.2042   0.4565   0.0000   0.1018   0.0003   0.0062   0.0660   0.0689   0.0609  -0.0015   0.0000   0.0093  -0.0053    0.098

  Surface # 2     Wing (YDUP)                             
     # Chordwise = 10   # Spanwise = 20     First strip = 21
     Surface area Ssurf =    0.081290     Ave. chord Cave =    0.177800

 Forces referred to Sref, Cref, Bref about Xref, Yref, Zref
 Standard axis orientation,  X fwd, Z down         
     CLsurf  =   0.22340     Clsurf  =   0.04798
     CYsurf  =  -0.00131     Cmsurf  =  -0.02778
     CDsurf  =   0.00671     Cnsurf  =   0.00414
     CDisurf =   0.00671     CDvsurf =   0.00000

 Forces referred to Ssurf, Cave 
     CLsurf  =   0.44685     CDsurf  =   0.01342

 Strip Forces referred to Strip Area, Chord
    j     Xle      Yle      Zle      Chord    Area     c_cl     ai     cl_norm    cl       cd       cdv    cm_c/4     cm_LE   C.P.x/c
    21   0.0003  -0.0007   0.0000   0.2538   0.0007   0.0989   0.0519   0.4279   0.3782   0.1330   0.0000  -0.0105   0.0985    0.278
    22   0.0028  -0.0063   0.0000   0.2519   0.0021   0.0989   0.0515   0.4429   0.3915   0.0290   0.0000  -0.0095   0.0982    0.274
    23   0.0078  -0.0174   0.0000   0.2482   0.0034   0.0988   0.0518   0.4500   0.3978   0.0235   0.0000  -0.0066   0.0969    0.267
    24   0.0151  -0.0337   0.0000   0.2428   0.0046   0.0987   0.0525   0.4599   0.4065   0.0210   0.0000  -0.0031   0.0956    0.258
    25   0.0245  -0.0548   0.0000   0.2357   0.0055   0.0984   0.0532   0.4725   0.4176   0.0187   0.0000   0.0002   0.0950    0.249
    26   0.0358  -0.0801   0.0000   0.2273   0.0062   0.0977   0.0537   0.4870   0.4305   0.0167   0.0000   0.0029   0.0955    0.243
    27   0.0488  -0.1092   0.0000   0.2176   0.0067   0.0965   0.0538   0.5027   0.4444   0.0149   0.0000   0.0049   0.0968    0.239
    28   0.0631  -0.1411   0.0000   0.2070   0.0069   0.0947   0.0537   0.5187   0.4585   0.0134   0.0000   0.0063   0.0987    0.236
    29   0.0784  -0.1752   0.0000   0.1956   0.0068   0.0921   0.0534   0.5341   0.4721   0.0121   0.0000   0.0073   0.1008    0.235
    30   0.0942  -0.2107   0.0000   0.1838   0.0066   0.0887   0.0532   0.5477   0.4842   0.0109   0.0000   0.0081   0.1028    0.233
    31   0.1103  -0.2465   0.0000   0.1718   0.0061   0.0846   0.0533   0.5585   0.4937   0.0097   0.0000   0.0090   0.1041    0.232
    32   0.1261  -0.2820   0.0000   0.1600   0.0056   0.0796   0.0541   0.5648   0.4992   0.0086   0.0000   0.0101   0.1044    0.230
    33   0.1414  -0.3161   0.0000   0.1486   0.0049   0.0739   0.0560   0.5644   0.4989   0.0075   0.0000   0.0116   0.1028    0.227
    34   0.1557  -0.3480   0.0000   0.1380   0.0042   0.0673   0.0592   0.5542   0.4898   0.0064   0.0000   0.0140   0.0986    0.221
    35   0.1687  -0.3771   0.0000   0.1283   0.0035   0.0599   0.0638   0.5298   0.4683   0.0053   0.0000   0.0173   0.0906    0.213
    36   0.1800  -0.4024   0.0000   0.1199   0.0028   0.0513   0.0692   0.4859   0.4295   0.0039   0.0000   0.0218   0.0778    0.199
    37   0.1894  -0.4235   0.0000   0.1128   0.0021   0.0414   0.0739   0.4174   0.3690   0.0024   0.0000   0.0262   0.0599    0.179
    38   0.1967  -0.4398   0.0000   0.1074   0.0015   0.0304   0.0757   0.3218   0.2845   0.0009   0.0000   0.0281   0.0389    0.151
    39   0.2017  -0.4509   0.0000   0.1037   0.0009   0.0185   0.0725   0.2025   0.1790  -0.0004   0.0000   0.0233   0.0194    0.120
    40   0.2042  -0.4565   0.0000   0.1018   0.0003   0.0062   0.0660   0.0689   0.0609  -0.0015   0.0000   0.0093   0.0053    0.098
 ---------------------------------------------------------------
