 ---------------------------------------------------------------
 Surface and Strip Forces by surface

  Sref = 0.11560       Cref = 0.16590       Bref = 0.71120    
  Xref = 0.10920       Yref =  0.0000       Zref =  0.0000    

  Surface # 1     Wing                                    
     # Chordwise = 10   # Spanwise = 20     First strip =  1
     Surface area Ssurf =    0.057803     Ave. chord Cave =    0.162550

 Forces referred to Sref, Cref, Bref about Xref, Yref, Zref
 Standard axis orientation,  X fwd, Z down         
     CLsurf  =   0.31422     Clsurf  =  -0.06863
     CYsurf  =   0.00933     Cmsurf  =  -0.02314
     CDsurf  =   0.01570     Cnsurf  =  -0.01115
     CDisurf =   0.01570     CDvsurf =   0.00000

 Forces referred to Ssurf, Cave 
     CLsurf  =   0.62842     CDsurf  =   0.03139

 Strip Forces referred to Strip Area, Chord
    j     Xle      Yle      Zle      Chord    Area     c_cl     ai     cl_norm    cl       cd       cdv    cm_c/4     cm_LE   C.P.x/c
     1   0.0003   0.0005   0.0000   0.2031   0.0004   0.1210   0.0665   0.6614   0.5462   0.3528   0.0000  -0.0262  -0.1552    0.298
     2   0.0026   0.0049   0.0000   0.2021   0.0013   0.1210   0.0677   0.7200   0.5946   0.0742   0.0000  -0.0243  -0.1542    0.291
     3   0.0071   0.0135   0.0000   0.2001   0.0021   0.1211   0.0704   0.7307   0.6035   0.0592   0.0000  -0.0190  -0.1509    0.281
     4   0.0137   0.0262   0.0000   0.1972   0.0029   0.1212   0.0738   0.7439   0.6144   0.0523   0.0000  -0.0124  -0.1472    0.270
     5   0.0223   0.0426   0.0000   0.1935   0.0035   0.1213   0.0772   0.7602   0.6279   0.0461   0.0000  -0.0063  -0.1445    0.260
     6   0.0326   0.0623   0.0000   0.1890   0.0040   0.1211   0.0802   0.7785   0.6429   0.0408   0.0000  -0.0012  -0.1431    0.252
     7   0.0444   0.0849   0.0000   0.1838   0.0044   0.1205   0.0828   0.7971   0.6583   0.0363   0.0000   0.0027  -0.1429    0.246
     8   0.0574   0.1098   0.0000   0.1781   0.0046   0.1192   0.0851   0.8146   0.6728   0.0326   0.0000   0.0056  -0.1432    0.242
     9   0.0713   0.1363   0.0000   0.1720   0.0047   0.1171   0.0875   0.8293   0.6849   0.0294   0.0000   0.0080  -0.1436    0.238
    10   0.0857   0.1638   0.0000   0.1657   0.0046   0.1141   0.0904   0.8392   0.6931   0.0266   0.0000   0.0103  -0.1434    0.235
    11   0.1004   0.1918   0.0000   0.1594   0.0044   0.1100   0.0941   0.8424   0.6957   0.0241   0.0000   0.0127  -0.1417    0.232
    12   0.1148   0.2193   0.0000   0.1531   0.0042   0.1048   0.0991   0.8360   0.6905   0.0216   0.0000   0.0156  -0.1379    0.227
    13   0.1287   0.2458   0.0000   0.1470   0.0038   0.0983   0.1054   0.8169   0.6747   0.0190   0.0000   0.0195  -0.1309    0.221
    14   0.1417   0.2707   0.0000   0.1413   0.0034   0.0903   0.1129   0.7809   0.6449   0.0162   0.0000   0.0245  -0.1199    0.212
    15   0.1535   0.2933   0.0000   0.1361   0.0029   0.0806   0.1208   0.7237   0.5976   0.0128   0.0000   0.0304  -0.1041    0.199
    16   0.1638   0.3130   0.0000   0.1316   0.0024   0.0690   0.1276   0.6414   0.5297   0.0089   0.0000   0.0364  -0.0839    0.181
    17   0.1724   0.3294   0.0000   0.1279   0.0019   0.0556   0.1316   0.5326   0.4399   0.0048   0.0000   0.0400  -0.0609    0.159
    18   0.1790   0.3421   0.0000   0.1250   0.0013   0.0407   0.1317   0.3992   0.3297   0.0011   0.0000   0.0384  -0.0381    0.134
    19   0.1835   0.3507   0.0000   0.1230   0.0008   0.0247   0.1278   0.2469   0.2039  -0.0017   0.0000   0.0286  -0.0192    0.110
    20   0.1858   0.3551   0.0000   0.1220   0.0003   0.0083   0.1230   0.0840   0.0694  -0.0040   0.0000   0.0106  -0.0056    0.097

  Surface # 2     Wing (YDUP)                             
     # Chordwise = 10   # Spanwise = 20     First strip = 21
     Surface area Ssurf =    0.057803     Ave. chord Cave =    0.162550

 Forces referred to Sref, Cref, Bref about Xref, Yref, Zref
 Standard axis orientation,  X fwd, Z down         
     CLsurf  =   0.31422     Clsurf  =   0.06863
     CYsurf  =  -0.00933     Cmsurf  =  -0.02314
     CDsurf  =   0.01570     Cnsurf  =   0.01115
     CDisurf =   0.01570     CDvsurf =   0.00000

 Forces referred to Ssurf, Cave 
     CLsurf  =   0.62842     CDsurf  =   0.03139

 Strip Forces referred to Strip Area, Chord
    j     Xle      Yle      Zle      Chord    Area     c_cl     ai     cl_norm    cl       cd       cdv    cm_c/4     cm_LE   C.P.x/c
    21   0.0003  -0.0005   0.0000   0.2031   0.0004   0.1210   0.0665   0.6614   0.5462   0.3528   0.0000  -0.0262   0.1552    0.298
    22   0.0026  -0.0049   0.0000   0.2021   0.0013   0.1210   0.0677   0.7200   0.5946   0.0742   0.0000  -0.0243   0.1542    0.291
    23   0.0071  -0.0135   0.0000   0.2001   0.0021   0.1211   0.0704   0.7307   0.6035   0.0592   0.0000  -0.0190   0.1509    0.281
    24   0.0137  -0.0262   0.0000   0.1972   0.0029   0.1212   0.0738   0.7439   0.6144   0.0523   0.0000  -0.0124   0.1472    0.270
    25   0.0223  -0.0426   0.0000   0.1935   0.0035   0.1213   0.0772   0.7602   0.6279   0.0461   0.0000  -0.0063   0.1445    0.260
    26   0.0326  -0.0623   0.0000   0.1890   0.0040   0.1211   0.0802   0.7785   0.6429   0.0408   0.0000  -0.0012   0.1431    0.252
    27   0.0444  -0.0849   0.0000   0.1838   0.0044   0.1205   0.0828   0.7971   0.6583   0.0363   0.0000   0.0027   0.1429    0.246
    28   0.0574  -0.1098   0.0000   0.1781   0.0046   0.1192   0.0851   0.8146   0.6728   0.0326   0.0000   0.0056   0.1432    0.242
    29   0.0713  -0.1363   0.0000   0.1720   0.0047   0.1171   0.0875   0.8293   0.6849   0.0294   0.0000   0.0080   0.1436    0.238
    30   0.0857  -0.1638   0.0000   0.1657   0.0046   0.1141   0.0904   0.8392   0.6931   0.0266   0.0000   0.0103   0.1434    0.235
    31   0.1004  -0.1918   0.0000   0.1594   0.0044   0.1100   0.0941   0.8424   0.6957   0.0241   0.0000   0.0127   0.1417    0.232
    32   0.1148  -0.2193   0.0000   0.1531   0.0042   0.1048   0.0991   0.8360   0.6905   0.0216   0.0000   0.0156   0.1379    0.227
    33   0.1287  -0.2458   0.0000   0.1470   0.0038   0.0983   0.1054   0.8169   0.6747   0.0190   0.0000   0.0195   0.1309    0.221
    34   0.1417  -0.2707   0.0000   0.1413   0.0034   0.0903   0.1129   0.7809   0.6449   0.0162   0.0000   0.0245   0.1199    0.212
    35   0.1535  -0.2933   0.0000   0.1361   0.0029   0.0806   0.1208   0.7237   0.5976   0.0128   0.0000   0.0304   0.1041    0.199
    36   0.1638  -0.3130   0.0000   0.1316   0.0024   0.0690   0.1276   0.6414   0.5297   0.0089   0.0000   0.0364   0.0839    0.181
    37   0.1724  -0.3294   0.0000   0.1279   0.0019   0.0556   0.1316   0.5326   0.4399   0.0048   0.0000   0.0400   0.0609    0.159
    38   0.1790  -0.3421   0.0000   0.1250   0.0013   0.0407   0.1317   0.3992   0.3297   0.0011   0.0000   0.0384   0.0381    0.134
    39   0.1835  -0.3507   0.0000   0.1230   0.0008   0.0247   0.1278   0.2469   0.2039  -0.0017   0.0000   0.0286   0.0192    0.110
    40   0.1858  -0.3551   0.0000   0.1220   0.0003   0.0083   0.1230   0.0840   0.0694  -0.0040   0.0000   0.0106   0.0056    0.097
 ---------------------------------------------------------------
