 ---------------------------------------------------------------
 Surface and Strip Forces by surface

  Sref = 0.12650       Cref = 0.18870       Bref = 0.71120    
  Xref = 0.10920       Yref =  0.0000       Zref =  0.0000    

  Surface # 1     Wing                                    
     # Chordwise = 10   # Spanwise = 20     First strip =  1
     Surface area Ssurf =    0.063226     Ave. chord Cave =    0.177800

 Forces referred to Sref, Cref, Bref about Xref, Yref, Zref
 Standard axis orientation,  X fwd, Z down         
     CLsurf  =   0.28715     Clsurf  =  -0.06128
     CYsurf  =  -0.00078     Cmsurf  =  -0.01071
     CDsurf  =   0.01422     Cnsurf  =  -0.00704
     CDisurf =   0.01422     CDvsurf =   0.00000

 Forces referred to Ssurf, Cave 
     CLsurf  =   0.57452     CDsurf  =   0.02846

 Strip Forces referred to Strip Area, Chord
    j     Xle      Yle      Zle      Chord    Area     c_cl     ai     cl_norm    cl       cd       cdv    cm_c/4     cm_LE   C.P.x/c
     1   0.0003   0.0005   0.0000   0.2538   0.0006   0.1279   0.0887   0.5294   0.4686   0.2752   0.0000  -0.0115  -0.1244    0.275
     2   0.0023   0.0049   0.0000   0.2519   0.0016   0.1279   0.0887   0.5700   0.5046   0.0585   0.0000  -0.0106  -0.1244    0.271
     3   0.0064   0.0135   0.0000   0.2482   0.0026   0.1278   0.0888   0.5803   0.5138   0.0464   0.0000  -0.0079  -0.1236    0.265
     4   0.0123   0.0262   0.0000   0.2428   0.0035   0.1276   0.0892   0.5932   0.5252   0.0421   0.0000  -0.0041  -0.1226    0.258
     5   0.0201   0.0426   0.0000   0.2357   0.0043   0.1271   0.0895   0.6093   0.5394   0.0383   0.0000  -0.0004  -0.1223    0.251
     6   0.0294   0.0623   0.0000   0.2273   0.0048   0.1261   0.0898   0.6279   0.5558   0.0349   0.0000   0.0030  -0.1228    0.245
     7   0.0400   0.0849   0.0000   0.2176   0.0052   0.1245   0.0898   0.6480   0.5736   0.0319   0.0000   0.0058  -0.1242    0.240
     8   0.0517   0.1098   0.0000   0.2070   0.0053   0.1221   0.0897   0.6686   0.5919   0.0291   0.0000   0.0080  -0.1261    0.236
     9   0.0642   0.1363   0.0000   0.1956   0.0053   0.1187   0.0895   0.6884   0.6094   0.0266   0.0000   0.0098  -0.1283    0.234
    10   0.0772   0.1638   0.0000   0.1838   0.0051   0.1143   0.0894   0.7060   0.6250   0.0242   0.0000   0.0115  -0.1302    0.232
    11   0.0903   0.1918   0.0000   0.1718   0.0048   0.1088   0.0898   0.7194   0.6369   0.0219   0.0000   0.0132  -0.1313    0.229
    12   0.1033   0.2193   0.0000   0.1600   0.0043   0.1022   0.0910   0.7264   0.6430   0.0195   0.0000   0.0152  -0.1307    0.226
    13   0.1158   0.2458   0.0000   0.1486   0.0038   0.0946   0.0933   0.7238   0.6407   0.0170   0.0000   0.0179  -0.1277    0.222
    14   0.1275   0.2707   0.0000   0.1380   0.0033   0.0858   0.0969   0.7074   0.6262   0.0144   0.0000   0.0216  -0.1211    0.216
    15   0.1381   0.2933   0.0000   0.1283   0.0027   0.0757   0.1017   0.6721   0.5949   0.0115   0.0000   0.0262  -0.1097    0.206
    16   0.1474   0.3130   0.0000   0.1199   0.0022   0.0644   0.1070   0.6119   0.5417   0.0084   0.0000   0.0315  -0.0930    0.192
    17   0.1552   0.3294   0.0000   0.1128   0.0016   0.0517   0.1113   0.5221   0.4622   0.0051   0.0000   0.0356  -0.0714    0.173
    18   0.1611   0.3421   0.0000   0.1074   0.0011   0.0377   0.1128   0.4009   0.3549   0.0020   0.0000   0.0355  -0.0473    0.150
    19   0.1652   0.3507   0.0000   0.1037   0.0007   0.0229   0.1103   0.2524   0.2235  -0.0005   0.0000   0.0276  -0.0250    0.126
    20   0.1672   0.3551   0.0000   0.1018   0.0002   0.0077   0.1055   0.0864   0.0765  -0.0028   0.0000   0.0106  -0.0074    0.112

  Surface # 2     Wing (YDUP)                             
     # Chordwise = 10   # Spanwise = 20     First strip = 21
     Surface area Ssurf =    0.063226     Ave. chord Cave =    0.177800

 Forces referred to Sref, Cref, Bref about Xref, Yref, Zref
 Standard axis orientation,  X fwd, Z down         
     CLsurf  =   0.28715     Clsurf  =   0.06128
     CYsurf  =   0.00078     Cmsurf  =  -0.01071
     CDsurf  =   0.01422     Cnsurf  =   0.00704
     CDisurf =   0.01422     CDvsurf =   0.00000

 Forces referred to Ssurf, Cave 
     CLsurf  =   0.57452     CDsurf  =   0.02846

 Strip Forces referred to Strip Area, Chord
    j     Xle      Yle      Zle      Chord    Area     c_cl     ai     cl_norm    cl       cd       cdv    cm_c/4     cm_LE   C.P.x/c
    21   0.0003  -0.0005   0.0000   0.2538   0.0006   0.1279   0.0887   0.5294   0.4686   0.2752   0.0000  -0.0115   0.1244    0.275
    22   0.0023  -0.0049   0.0000   0.2519   0.0016   0.1279   0.0887   0.5700   0.5046   0.0585   0.0000  -0.0106   0.1244    0.271
    23   0.0064  -0.0135   0.0000   0.2482   0.0026   0.1278   0.0888   0.5803   0.5138   0.0464   0.0000  -0.0079   0.1236    0.265
    24   0.0123  -0.0262   0.0000   0.2428   0.0035   0.1276   0.0892   0.5932   0.5252   0.0421   0.0000  -0.0041   0.1226    0.258
    25   0.0201  -0.0426   0.0000   0.2357   0.0043   0.1271   0.0895   0.6093   0.5394   0.0383   0.0000  -0.0004   0.1223    0.251
    26   0.0294  -0.0623   0.0000   0.2273   0.0048   0.1261   0.0898   0.6279   0.5558   0.0349   0.0000   0.0030   0.1228    0.245
    27   0.0400  -0.0849   0.0000   0.2176   0.0052   0.1245   0.0898   0.6480   0.5736   0.0319   0.0000   0.0058   0.1242    0.240
    28   0.0517  -0.1098   0.0000   0.2070   0.0053   0.1221   0.0897   0.6686   0.5919   0.0291   0.0000   0.0080   0.1261    0.236
    29   0.0642  -0.1363   0.0000   0.1956   0.0053   0.1187   0.0895   0.6884   0.6094   0.0266   0.0000   0.0098   0.1283    0.234
    30   0.0772  -0.1638   0.0000   0.1838   0.0051   0.1143   0.0894   0.7060   0.6250   0.0242   0.0000   0.0115   0.1302    0.232
    31   0.0903  -0.1918   0.0000   0.1718   0.0048   0.1088   0.0898   0.7194   0.6369   0.0219   0.0000   0.0132   0.1313    0.229
    32   0.1033  -0.2193   0.0000   0.1600   0.0043   0.1022   0.0910   0.7264   0.6430   0.0195   0.0000   0.0152   0.1307    0.226
    33   0.1158  -0.2458   0.0000   0.1486   0.0038   0.0946   0.0933   0.7238   0.6407   0.0170   0.0000   0.0179   0.1277    0.222
    34   0.1275  -0.2707   0.0000   0.1380   0.0033   0.0858   0.0969   0.7074   0.6262   0.0144   0.0000   0.0216   0.1211    0.216
    35   0.1381  -0.2933   0.0000   0.1283   0.0027   0.0757   0.1017   0.6721   0.5949   0.0115   0.0000   0.0262   0.1097    0.206
    36   0.1474  -0.3130   0.0000   0.1199   0.0022   0.0644   0.1070   0.6119   0.5417   0.0084   0.0000   0.0315   0.0930    0.192
    37   0.1552  -0.3294   0.0000   0.1128   0.0016   0.0517   0.1113   0.5221   0.4622   0.0051   0.0000   0.0356   0.0714    0.173
    38   0.1611  -0.3421   0.0000   0.1074   0.0011   0.0377   0.1128   0.4009   0.3549   0.0020   0.0000   0.0355   0.0473    0.150
    39   0.1652  -0.3507   0.0000   0.1037   0.0007   0.0229   0.1103   0.2524   0.2235  -0.0005   0.0000   0.0276   0.0250    0.126
    40   0.1672  -0.3551   0.0000   0.1018   0.0002   0.0077   0.1055   0.0864   0.0765  -0.0028   0.0000   0.0106   0.0074    0.112
 ---------------------------------------------------------------
