 ---------------------------------------------------------------
 Surface and Strip Forces by surface

  Sref = 0.13010       Cref = 0.18670       Bref = 0.71120    
  Xref = 0.10920       Yref =  0.0000       Zref =  0.0000    

  Surface # 1     Wing                                    
     # Chordwise = 10   # Spanwise = 20     First strip =  1
     Surface area Ssurf =    0.065039     Ave. chord Cave =    0.182900

 Forces referred to Sref, Cref, Bref about Xref, Yref, Zref
 Standard axis orientation,  X fwd, Z down         
     CLsurf  =   0.27920     Clsurf  =  -0.06113
     CYsurf  =   0.00981     Cmsurf  =  -0.05352
     CDsurf  =   0.01413     Cnsurf  =  -0.01079
     CDisurf =   0.01413     CDvsurf =   0.00000

 Forces referred to Ssurf, Cave 
     CLsurf  =   0.55850     CDsurf  =   0.02826

 Strip Forces referred to Strip Area, Chord
    j     Xle      Yle      Zle      Chord    Area     c_cl     ai     cl_norm    cl       cd       cdv    cm_c/4     cm_LE   C.P.x/c
     1   0.0004   0.0005   0.0000   0.2285   0.0005   0.1204   0.0638   0.6315   0.4770   0.3655   0.0000  -0.0292  -0.1354    0.311
     2   0.0032   0.0049   0.0000   0.2273   0.0015   0.1204   0.0650   0.6951   0.5252   0.0698   0.0000  -0.0274  -0.1345    0.302
     3   0.0087   0.0135   0.0000   0.2251   0.0024   0.1205   0.0679   0.7059   0.5333   0.0548   0.0000  -0.0222  -0.1314    0.292
     4   0.0168   0.0262   0.0000   0.2219   0.0032   0.1207   0.0717   0.7188   0.5430   0.0490   0.0000  -0.0155  -0.1276    0.279
     5   0.0273   0.0426   0.0000   0.2177   0.0039   0.1209   0.0755   0.7350   0.5553   0.0434   0.0000  -0.0090  -0.1245    0.266
     6   0.0400   0.0623   0.0000   0.2126   0.0045   0.1208   0.0791   0.7534   0.5692   0.0384   0.0000  -0.0035  -0.1226    0.256
     7   0.0545   0.0849   0.0000   0.2068   0.0049   0.1203   0.0822   0.7726   0.5836   0.0339   0.0000   0.0008  -0.1218    0.249
     8   0.0704   0.1098   0.0000   0.2004   0.0052   0.1192   0.0851   0.7907   0.5974   0.0301   0.0000   0.0043  -0.1216    0.243
     9   0.0875   0.1363   0.0000   0.1936   0.0053   0.1173   0.0880   0.8063   0.6091   0.0268   0.0000   0.0071  -0.1215    0.238
    10   0.1051   0.1638   0.0000   0.1865   0.0052   0.1145   0.0914   0.8172   0.6174   0.0239   0.0000   0.0097  -0.1210    0.234
    11   0.1231   0.1918   0.0000   0.1793   0.0050   0.1106   0.0956   0.8214   0.6205   0.0211   0.0000   0.0125  -0.1192    0.230
    12   0.1407   0.2193   0.0000   0.1722   0.0047   0.1054   0.1009   0.8160   0.6165   0.0184   0.0000   0.0159  -0.1154    0.224
    13   0.1578   0.2458   0.0000   0.1654   0.0043   0.0989   0.1073   0.7976   0.6025   0.0154   0.0000   0.0201  -0.1089    0.217
    14   0.1737   0.2707   0.0000   0.1590   0.0038   0.0908   0.1145   0.7620   0.5757   0.0121   0.0000   0.0255  -0.0987    0.206
    15   0.1882   0.2933   0.0000   0.1532   0.0033   0.0809   0.1214   0.7051   0.5327   0.0083   0.0000   0.0316  -0.0844    0.191
    16   0.2009   0.3130   0.0000   0.1481   0.0027   0.0691   0.1268   0.6236   0.4711   0.0042   0.0000   0.0374  -0.0666    0.171
    17   0.2114   0.3294   0.0000   0.1439   0.0021   0.0555   0.1291   0.5165   0.3902   0.0001   0.0000   0.0405  -0.0470    0.146
    18   0.2195   0.3421   0.0000   0.1407   0.0015   0.0405   0.1276   0.3862   0.2918  -0.0032   0.0000   0.0382  -0.0285    0.119
    19   0.2250   0.3507   0.0000   0.1385   0.0009   0.0246   0.1228   0.2386   0.1802  -0.0050   0.0000   0.0280  -0.0138    0.095
    20   0.2278   0.3551   0.0000   0.1373   0.0003   0.0082   0.1180   0.0812   0.0614  -0.0056   0.0000   0.0103  -0.0039    0.082

  Surface # 2     Wing (YDUP)                             
     # Chordwise = 10   # Spanwise = 20     First strip = 21
     Surface area Ssurf =    0.065039     Ave. chord Cave =    0.182900

 Forces referred to Sref, Cref, Bref about Xref, Yref, Zref
 Standard axis orientation,  X fwd, Z down         
     CLsurf  =   0.27920     Clsurf  =   0.06113
     CYsurf  =  -0.00981     Cmsurf  =  -0.05352
     CDsurf  =   0.01413     Cnsurf  =   0.01079
     CDisurf =   0.01413     CDvsurf =   0.00000

 Forces referred to Ssurf, Cave 
     CLsurf  =   0.55850     CDsurf  =   0.02826

 Strip Forces referred to Strip Area, Chord
    j     Xle      Yle      Zle      Chord    Area     c_cl     ai     cl_norm    cl       cd       cdv    cm_c/4     cm_LE   C.P.x/c
    21   0.0004  -0.0005   0.0000   0.2285   0.0005   0.1204   0.0638   0.6315   0.4770   0.3655   0.0000  -0.0292   0.1354    0.311
    22   0.0032  -0.0049   0.0000   0.2273   0.0015   0.1204   0.0650   0.6951   0.5252   0.0698   0.0000  -0.0274   0.1345    0.302
    23   0.0087  -0.0135   0.0000   0.2251   0.0024   0.1205   0.0679   0.7059   0.5333   0.0548   0.0000  -0.0222   0.1314    0.292
    24   0.0168  -0.0262   0.0000   0.2219   0.0032   0.1207   0.0717   0.7188   0.5430   0.0490   0.0000  -0.0155   0.1276    0.279
    25   0.0273  -0.0426   0.0000   0.2177   0.0039   0.1209   0.0755   0.7350   0.5553   0.0434   0.0000  -0.0090   0.1245    0.266
    26   0.0400  -0.0623   0.0000   0.2126   0.0045   0.1208   0.0791   0.7534   0.5692   0.0384   0.0000  -0.0035   0.1226    0.256
    27   0.0545  -0.0849   0.0000   0.2068   0.0049   0.1203   0.0822   0.7726   0.5836   0.0339   0.0000   0.0008   0.1218    0.249
    28   0.0704  -0.1098   0.0000   0.2004   0.0052   0.1192   0.0851   0.7907   0.5974   0.0301   0.0000   0.0043   0.1216    0.243
    29   0.0875  -0.1363   0.0000   0.1936   0.0053   0.1173   0.0880   0.8063   0.6091   0.0268   0.0000   0.0071   0.1215    0.238
    30   0.1051  -0.1638   0.0000   0.1865   0.0052   0.1145   0.0914   0.8172   0.6174   0.0239   0.0000   0.0097   0.1210    0.234
    31   0.1231  -0.1918   0.0000   0.1793   0.0050   0.1106   0.0956   0.8214   0.6205   0.0211   0.0000   0.0125   0.1192    0.230
    32   0.1407  -0.2193   0.0000   0.1722   0.0047   0.1054   0.1009   0.8160   0.6165   0.0184   0.0000   0.0159   0.1154    0.224
    33   0.1578  -0.2458   0.0000   0.1654   0.0043   0.0989   0.1073   0.7976   0.6025   0.0154   0.0000   0.0201   0.1089    0.217
    34   0.1737  -0.2707   0.0000   0.1590   0.0038   0.0908   0.1145   0.7620   0.5757   0.0121   0.0000   0.0255   0.0987    0.206
    35   0.1882  -0.2933   0.0000   0.1532   0.0033   0.0809   0.1214   0.7051   0.5327   0.0083   0.0000   0.0316   0.0844    0.191
    36   0.2009  -0.3130   0.0000   0.1481   0.0027   0.0691   0.1268   0.6236   0.4711   0.0042   0.0000   0.0374   0.0666    0.171
    37   0.2114  -0.3294   0.0000   0.1439   0.0021   0.0555   0.1291   0.5165   0.3902   0.0001   0.0000   0.0405   0.0470    0.146
    38   0.2195  -0.3421   0.0000   0.1407   0.0015   0.0405   0.1276   0.3862   0.2918  -0.0032   0.0000   0.0382   0.0285    0.119
    39   0.2250  -0.3507   0.0000   0.1385   0.0009   0.0246   0.1228   0.2386   0.1802  -0.0050   0.0000   0.0280   0.0138    0.095
    40   0.2278  -0.3551   0.0000   0.1373   0.0003   0.0082   0.1180   0.0812   0.0614  -0.0056   0.0000   0.0103   0.0039    0.082
 ---------------------------------------------------------------
