 ---------------------------------------------------------------
 Surface and Strip Forces by surface

  Sref = 0.16260       Cref = 0.22860       Bref = 0.71120    
  Xref = 0.10920       Yref =  0.0000       Zref =  0.0000    

  Surface # 1     Wing                                    
     # Chordwise = 10   # Spanwise = 20     First strip =  1
     Surface area Ssurf =    0.081290     Ave. chord Cave =    0.228600

 Forces referred to Sref, Cref, Bref about Xref, Yref, Zref
 Standard axis orientation,  X fwd, Z down         
     CLsurf  =   0.22340     Clsurf  =  -0.04908
     CYsurf  =   0.00887     Cmsurf  =  -0.01358
     CDsurf  =   0.01116     Cnsurf  =  -0.00810
     CDisurf =   0.01116     CDvsurf =   0.00000

 Forces referred to Ssurf, Cave 
     CLsurf  =   0.44685     CDsurf  =   0.02233

 Strip Forces referred to Strip Area, Chord
    j     Xle      Yle      Zle      Chord    Area     c_cl     ai     cl_norm    cl       cd       cdv    cm_c/4     cm_LE   C.P.x/c
     1   0.0003   0.0005   0.0000   0.2286   0.0005   0.1190   0.0585   0.5867   0.4838   0.3057   0.0000  -0.0219  -0.1378    0.295
     2   0.0023   0.0049   0.0000   0.2286   0.0015   0.1190   0.0592   0.6278   0.5177   0.0568   0.0000  -0.0204  -0.1364    0.289
     3   0.0063   0.0135   0.0000   0.2286   0.0024   0.1192   0.0621   0.6307   0.5201   0.0435   0.0000  -0.0159  -0.1325    0.281
     4   0.0122   0.0262   0.0000   0.2286   0.0033   0.1194   0.0663   0.6331   0.5221   0.0386   0.0000  -0.0101  -0.1276    0.269
     5   0.0199   0.0426   0.0000   0.2286   0.0041   0.1198   0.0710   0.6357   0.5242   0.0343   0.0000  -0.0045  -0.1228    0.259
     6   0.0291   0.0623   0.0000   0.2286   0.0048   0.1201   0.0757   0.6377   0.5259   0.0306   0.0000   0.0004  -0.1186    0.249
     7   0.0396   0.0849   0.0000   0.2286   0.0054   0.1200   0.0805   0.6379   0.5261   0.0275   0.0000   0.0045  -0.1149    0.241
     8   0.0512   0.1098   0.0000   0.2286   0.0059   0.1194   0.0853   0.6353   0.5239   0.0250   0.0000   0.0080  -0.1111    0.235
     9   0.0635   0.1363   0.0000   0.2286   0.0062   0.1181   0.0904   0.6284   0.5182   0.0228   0.0000   0.0111  -0.1070    0.229
    10   0.0764   0.1638   0.0000   0.2286   0.0064   0.1157   0.0957   0.6161   0.5081   0.0209   0.0000   0.0142  -0.1018    0.222
    11   0.0894   0.1918   0.0000   0.2286   0.0064   0.1121   0.1013   0.5970   0.4923   0.0190   0.0000   0.0174  -0.0953    0.215
    12   0.1023   0.2193   0.0000   0.2286   0.0062   0.1070   0.1069   0.5698   0.4699   0.0171   0.0000   0.0209  -0.0870    0.205
    13   0.1146   0.2458   0.0000   0.2286   0.0059   0.1001   0.1122   0.5334   0.4399   0.0150   0.0000   0.0246  -0.0769    0.194
    14   0.1262   0.2707   0.0000   0.2286   0.0054   0.0914   0.1165   0.4871   0.4017   0.0126   0.0000   0.0282  -0.0650    0.180
    15   0.1367   0.2933   0.0000   0.2286   0.0048   0.0808   0.1192   0.4307   0.3552   0.0100   0.0000   0.0310  -0.0520    0.163
    16   0.1459   0.3130   0.0000   0.2286   0.0041   0.0684   0.1199   0.3648   0.3008   0.0072   0.0000   0.0322  -0.0386    0.143
    17   0.1536   0.3294   0.0000   0.2286   0.0033   0.0545   0.1182   0.2909   0.2399   0.0046   0.0000   0.0308  -0.0261    0.122
    18   0.1595   0.3421   0.0000   0.2286   0.0024   0.0395   0.1144   0.2111   0.1741   0.0021   0.0000   0.0259  -0.0157    0.101
    19   0.1635   0.3507   0.0000   0.2286   0.0015   0.0239   0.1094   0.1279   0.1054  -0.0002   0.0000   0.0175  -0.0078    0.084
    20   0.1655   0.3551   0.0000   0.2286   0.0005   0.0080   0.1063   0.0431   0.0355  -0.0021   0.0000   0.0062  -0.0023    0.077

  Surface # 2     Wing (YDUP)                             
     # Chordwise = 10   # Spanwise = 20     First strip = 21
     Surface area Ssurf =    0.081290     Ave. chord Cave =    0.228600

 Forces referred to Sref, Cref, Bref about Xref, Yref, Zref
 Standard axis orientation,  X fwd, Z down         
     CLsurf  =   0.22340     Clsurf  =   0.04908
     CYsurf  =  -0.00887     Cmsurf  =  -0.01358
     CDsurf  =   0.01116     Cnsurf  =   0.00810
     CDisurf =   0.01116     CDvsurf =   0.00000

 Forces referred to Ssurf, Cave 
     CLsurf  =   0.44685     CDsurf  =   0.02233

 Strip Forces referred to Strip Area, Chord
    j     Xle      Yle      Zle      Chord    Area     c_cl     ai     cl_norm    cl       cd       cdv    cm_c/4     cm_LE   C.P.x/c
    21   0.0003  -0.0005   0.0000   0.2286   0.0005   0.1190   0.0585   0.5867   0.4838   0.3057   0.0000  -0.0219   0.1378    0.295
    22   0.0023  -0.0049   0.0000   0.2286   0.0015   0.1190   0.0592   0.6278   0.5177   0.0568   0.0000  -0.0204   0.1364    0.289
    23   0.0063  -0.0135   0.0000   0.2286   0.0024   0.1192   0.0621   0.6307   0.5201   0.0435   0.0000  -0.0159   0.1325    0.281
    24   0.0122  -0.0262   0.0000   0.2286   0.0033   0.1194   0.0663   0.6331   0.5221   0.0386   0.0000  -0.0101   0.1276    0.269
    25   0.0199  -0.0426   0.0000   0.2286   0.0041   0.1198   0.0710   0.6357   0.5242   0.0343   0.0000  -0.0045   0.1228    0.259
    26   0.0291  -0.0623   0.0000   0.2286   0.0048   0.1201   0.0757   0.6377   0.5259   0.0306   0.0000   0.0004   0.1186    0.249
    27   0.0396  -0.0849   0.0000   0.2286   0.0054   0.1200   0.0805   0.6379   0.5261   0.0275   0.0000   0.0045   0.1149    0.241
    28   0.0512  -0.1098   0.0000   0.2286   0.0059   0.1194   0.0853   0.6353   0.5239   0.0250   0.0000   0.0080   0.1111    0.235
    29   0.0635  -0.1363   0.0000   0.2286   0.0062   0.1181   0.0904   0.6284   0.5182   0.0228   0.0000   0.0111   0.1070    0.229
    30   0.0764  -0.1638   0.0000   0.2286   0.0064   0.1157   0.0957   0.6161   0.5081   0.0209   0.0000   0.0142   0.1018    0.222
    31   0.0894  -0.1918   0.0000   0.2286   0.0064   0.1121   0.1013   0.5970   0.4923   0.0190   0.0000   0.0174   0.0953    0.215
    32   0.1023  -0.2193   0.0000   0.2286   0.0062   0.1070   0.1069   0.5698   0.4699   0.0171   0.0000   0.0209   0.0870    0.205
    33   0.1146  -0.2458   0.0000   0.2286   0.0059   0.1001   0.1122   0.5334   0.4399   0.0150   0.0000   0.0246   0.0769    0.194
    34   0.1262  -0.2707   0.0000   0.2286   0.0054   0.0914   0.1165   0.4871   0.4017   0.0126   0.0000   0.0282   0.0650    0.180
    35   0.1367  -0.2933   0.0000   0.2286   0.0048   0.0808   0.1192   0.4307   0.3552   0.0100   0.0000   0.0310   0.0520    0.163
    36   0.1459  -0.3130   0.0000   0.2286   0.0041   0.0684   0.1199   0.3648   0.3008   0.0072   0.0000   0.0322   0.0386    0.143
    37   0.1536  -0.3294   0.0000   0.2286   0.0033   0.0545   0.1182   0.2909   0.2399   0.0046   0.0000   0.0308   0.0261    0.122
    38   0.1595  -0.3421   0.0000   0.2286   0.0024   0.0395   0.1144   0.2111   0.1741   0.0021   0.0000   0.0259   0.0157    0.101
    39   0.1635  -0.3507   0.0000   0.2286   0.0015   0.0239   0.1094   0.1279   0.1054  -0.0002   0.0000   0.0175   0.0078    0.084
    40   0.1655  -0.3551   0.0000   0.2286   0.0005   0.0080   0.1063   0.0431   0.0355  -0.0021   0.0000   0.0062   0.0023    0.077
 ---------------------------------------------------------------
