 ---------------------------------------------------------------
 Surface and Strip Forces by surface

  Sref = 0.27870       Cref = 0.30480       Bref = 0.91440    
  Xref = 0.10920       Yref =  0.0000       Zref =  0.0000    

  Surface # 1     Wing                                    
     # Chordwise = 10   # Spanwise = 20     First strip =  1
     Surface area Ssurf =    0.139355     Ave. chord Cave =    0.304800

 Forces referred to Sref, Cref, Bref about Xref, Yref, Zref
 Standard axis orientation,  X fwd, Z down         
     CLsurf  =   0.13034     Clsurf  =  -0.02840
     CYsurf  =   0.00209     Cmsurf  =  -0.01162
     CDsurf  =   0.00391     Cnsurf  =  -0.00233
     CDisurf =   0.00391     CDvsurf =   0.00000

 Forces referred to Ssurf, Cave 
     CLsurf  =   0.26066     CDsurf  =   0.00782

 Strip Forces referred to Strip Area, Chord
    j     Xle      Yle      Zle      Chord    Area     c_cl     ai     cl_norm    cl       cd       cdv    cm_c/4     cm_LE   C.P.x/c
     1   0.0003   0.0007   0.0000   0.3048   0.0009   0.0951   0.0450   0.3451   0.3050   0.1086   0.0000  -0.0083  -0.0811    0.277
     2   0.0023   0.0063   0.0000   0.3048   0.0026   0.0951   0.0428   0.3525   0.3115   0.0192   0.0000  -0.0075  -0.0804    0.274
     3   0.0063   0.0174   0.0000   0.3048   0.0042   0.0951   0.0426   0.3528   0.3118   0.0144   0.0000  -0.0053  -0.0783    0.267
     4   0.0123   0.0337   0.0000   0.3048   0.0057   0.0951   0.0437   0.3530   0.3119   0.0129   0.0000  -0.0023  -0.0755    0.257
     5   0.0199   0.0548   0.0000   0.3048   0.0071   0.0951   0.0454   0.3532   0.3121   0.0116   0.0000   0.0007  -0.0727    0.248
     6   0.0292   0.0801   0.0000   0.3048   0.0083   0.0950   0.0475   0.3529   0.3118   0.0105   0.0000   0.0033  -0.0701    0.239
     7   0.0397   0.1092   0.0000   0.3048   0.0093   0.0947   0.0497   0.3516   0.3107   0.0095   0.0000   0.0055  -0.0678    0.232
     8   0.0514   0.1411   0.0000   0.3048   0.0101   0.0939   0.0521   0.3487   0.3081   0.0087   0.0000   0.0075  -0.0653    0.226
     9   0.0638   0.1752   0.0000   0.3048   0.0106   0.0924   0.0547   0.3435   0.3035   0.0080   0.0000   0.0092  -0.0626    0.220
    10   0.0767   0.2107   0.0000   0.3048   0.0109   0.0902   0.0574   0.3352   0.2962   0.0074   0.0000   0.0109  -0.0592    0.213
    11   0.0897   0.2465   0.0000   0.3048   0.0109   0.0870   0.0602   0.3233   0.2857   0.0068   0.0000   0.0127  -0.0551    0.205
    12   0.1026   0.2820   0.0000   0.3048   0.0106   0.0826   0.0629   0.3070   0.2713   0.0062   0.0000   0.0147  -0.0499    0.196
    13   0.1150   0.3161   0.0000   0.3048   0.0101   0.0769   0.0654   0.2859   0.2527   0.0055   0.0000   0.0166  -0.0437    0.184
    14   0.1267   0.3480   0.0000   0.3048   0.0093   0.0699   0.0671   0.2597   0.2295   0.0046   0.0000   0.0185  -0.0364    0.169
    15   0.1372   0.3771   0.0000   0.3048   0.0083   0.0614   0.0678   0.2282   0.2016   0.0037   0.0000   0.0200  -0.0285    0.151
    16   0.1465   0.4024   0.0000   0.3048   0.0071   0.0516   0.0668   0.1920   0.1696   0.0028   0.0000   0.0205  -0.0206    0.129
    17   0.1541   0.4235   0.0000   0.3048   0.0057   0.0409   0.0641   0.1520   0.1343   0.0018   0.0000   0.0194  -0.0132    0.105
    18   0.1601   0.4398   0.0000   0.3048   0.0042   0.0294   0.0597   0.1094   0.0967   0.0008   0.0000   0.0163  -0.0073    0.081
    19   0.1641   0.4509   0.0000   0.3048   0.0026   0.0177   0.0545   0.0657   0.0581  -0.0003   0.0000   0.0110  -0.0033    0.061
    20   0.1661   0.4565   0.0000   0.3048   0.0009   0.0059   0.0513   0.0220   0.0194  -0.0009   0.0000   0.0039  -0.0009    0.051

  Surface # 2     Wing (YDUP)                             
     # Chordwise = 10   # Spanwise = 20     First strip = 21
     Surface area Ssurf =    0.139355     Ave. chord Cave =    0.304800

 Forces referred to Sref, Cref, Bref about Xref, Yref, Zref
 Standard axis orientation,  X fwd, Z down         
     CLsurf  =   0.13034     Clsurf  =   0.02840
     CYsurf  =  -0.00209     Cmsurf  =  -0.01162
     CDsurf  =   0.00391     Cnsurf  =   0.00233
     CDisurf =   0.00391     CDvsurf =   0.00000

 Forces referred to Ssurf, Cave 
     CLsurf  =   0.26066     CDsurf  =   0.00782

 Strip Forces referred to Strip Area, Chord
    j     Xle      Yle      Zle      Chord    Area     c_cl     ai     cl_norm    cl       cd       cdv    cm_c/4     cm_LE   C.P.x/c
    21   0.0003  -0.0007   0.0000   0.3048   0.0009   0.0951   0.0450   0.3451   0.3050   0.1086   0.0000  -0.0083   0.0811    0.277
    22   0.0023  -0.0063   0.0000   0.3048   0.0026   0.0951   0.0428   0.3525   0.3115   0.0192   0.0000  -0.0075   0.0804    0.274
    23   0.0063  -0.0174   0.0000   0.3048   0.0042   0.0951   0.0426   0.3528   0.3118   0.0144   0.0000  -0.0053   0.0783    0.267
    24   0.0123  -0.0337   0.0000   0.3048   0.0057   0.0951   0.0437   0.3530   0.3119   0.0129   0.0000  -0.0023   0.0755    0.257
    25   0.0199  -0.0548   0.0000   0.3048   0.0071   0.0951   0.0454   0.3532   0.3121   0.0116   0.0000   0.0007   0.0727    0.248
    26   0.0292  -0.0801   0.0000   0.3048   0.0083   0.0950   0.0475   0.3529   0.3118   0.0105   0.0000   0.0033   0.0701    0.239
    27   0.0397  -0.1092   0.0000   0.3048   0.0093   0.0947   0.0497   0.3516   0.3107   0.0095   0.0000   0.0055   0.0678    0.232
    28   0.0514  -0.1411   0.0000   0.3048   0.0101   0.0939   0.0521   0.3487   0.3081   0.0087   0.0000   0.0075   0.0653    0.226
    29   0.0638  -0.1752   0.0000   0.3048   0.0106   0.0924   0.0547   0.3435   0.3035   0.0080   0.0000   0.0092   0.0626    0.220
    30   0.0767  -0.2107   0.0000   0.3048   0.0109   0.0902   0.0574   0.3352   0.2962   0.0074   0.0000   0.0109   0.0592    0.213
    31   0.0897  -0.2465   0.0000   0.3048   0.0109   0.0870   0.0602   0.3233   0.2857   0.0068   0.0000   0.0127   0.0551    0.205
    32   0.1026  -0.2820   0.0000   0.3048   0.0106   0.0826   0.0629   0.3070   0.2713   0.0062   0.0000   0.0147   0.0499    0.196
    33   0.1150  -0.3161   0.0000   0.3048   0.0101   0.0769   0.0654   0.2859   0.2527   0.0055   0.0000   0.0166   0.0437    0.184
    34   0.1267  -0.3480   0.0000   0.3048   0.0093   0.0699   0.0671   0.2597   0.2295   0.0046   0.0000   0.0185   0.0364    0.169
    35   0.1372  -0.3771   0.0000   0.3048   0.0083   0.0614   0.0678   0.2282   0.2016   0.0037   0.0000   0.0200   0.0285    0.151
    36   0.1465  -0.4024   0.0000   0.3048   0.0071   0.0516   0.0668   0.1920   0.1696   0.0028   0.0000   0.0205   0.0206    0.129
    37   0.1541  -0.4235   0.0000   0.3048   0.0057   0.0409   0.0641   0.1520   0.1343   0.0018   0.0000   0.0194   0.0132    0.105
    38   0.1601  -0.4398   0.0000   0.3048   0.0042   0.0294   0.0597   0.1094   0.0967   0.0008   0.0000   0.0163   0.0073    0.081
    39   0.1641  -0.4509   0.0000   0.3048   0.0026   0.0177   0.0545   0.0657   0.0581  -0.0003   0.0000   0.0110   0.0033    0.061
    40   0.1661  -0.4565   0.0000   0.3048   0.0009   0.0059   0.0513   0.0220   0.0194  -0.0009   0.0000   0.0039   0.0009    0.051
 ---------------------------------------------------------------
