 ---------------------------------------------------------------
 Surface and Strip Forces by surface

  Sref = 0.18580       Cref = 0.22860       Bref = 0.81280    
  Xref = 0.10920       Yref =  0.0000       Zref =  0.0000    

  Surface # 1     Wing                                    
     # Chordwise = 10   # Spanwise = 20     First strip =  1
     Surface area Ssurf =    0.092903     Ave. chord Cave =    0.228600

 Forces referred to Sref, Cref, Bref about Xref, Yref, Zref
 Standard axis orientation,  X fwd, Z down         
     CLsurf  =   0.19550     Clsurf  =  -0.04329
     CYsurf  =   0.00642     Cmsurf  =  -0.02169
     CDsurf  =   0.00749     Cnsurf  =  -0.00559
     CDisurf =   0.00749     CDvsurf =   0.00000

 Forces referred to Ssurf, Cave 
     CLsurf  =   0.39099     CDsurf  =   0.01498

 Strip Forces referred to Strip Area, Chord
    j     Xle      Yle      Zle      Chord    Area     c_cl     ai     cl_norm    cl       cd       cdv    cm_c/4     cm_LE   C.P.x/c
     1   0.0003   0.0006   0.0000   0.2286   0.0006   0.1026   0.0409   0.5210   0.4291   0.2035   0.0000  -0.0206  -0.1203    0.298
     2   0.0026   0.0056   0.0000   0.2286   0.0017   0.1026   0.0410   0.5430   0.4472   0.0384   0.0000  -0.0189  -0.1188    0.292
     3   0.0072   0.0155   0.0000   0.2286   0.0028   0.1027   0.0435   0.5449   0.4488   0.0300   0.0000  -0.0144  -0.1149    0.282
     4   0.0140   0.0299   0.0000   0.2286   0.0038   0.1031   0.0474   0.5472   0.4506   0.0264   0.0000  -0.0089  -0.1103    0.270
     5   0.0227   0.0487   0.0000   0.2286   0.0047   0.1035   0.0516   0.5500   0.4529   0.0231   0.0000  -0.0038  -0.1061    0.258
     6   0.0332   0.0712   0.0000   0.2286   0.0055   0.1039   0.0558   0.5525   0.4550   0.0204   0.0000   0.0004  -0.1027    0.249
     7   0.0452   0.0970   0.0000   0.2286   0.0062   0.1041   0.0599   0.5538   0.4561   0.0182   0.0000   0.0037  -0.0998    0.242
     8   0.0585   0.1254   0.0000   0.2286   0.0067   0.1039   0.0640   0.5527   0.4552   0.0165   0.0000   0.0064  -0.0971    0.236
     9   0.0726   0.1558   0.0000   0.2286   0.0071   0.1030   0.0683   0.5482   0.4515   0.0151   0.0000   0.0088  -0.0941    0.230
    10   0.0873   0.1873   0.0000   0.2286   0.0073   0.1012   0.0729   0.5391   0.4440   0.0139   0.0000   0.0111  -0.0902    0.225
    11   0.1022   0.2191   0.0000   0.2286   0.0073   0.0984   0.0779   0.5243   0.4317   0.0128   0.0000   0.0137  -0.0852    0.218
    12   0.1169   0.2506   0.0000   0.2286   0.0071   0.0943   0.0832   0.5024   0.4137   0.0116   0.0000   0.0165  -0.0785    0.210
    13   0.1310   0.2810   0.0000   0.2286   0.0067   0.0886   0.0883   0.4723   0.3890   0.0102   0.0000   0.0198  -0.0699    0.199
    14   0.1443   0.3094   0.0000   0.2286   0.0062   0.0813   0.0928   0.4330   0.3566   0.0086   0.0000   0.0232  -0.0595    0.185
    15   0.1563   0.3352   0.0000   0.2286   0.0055   0.0721   0.0958   0.3842   0.3164   0.0068   0.0000   0.0262  -0.0477    0.167
    16   0.1668   0.3577   0.0000   0.2286   0.0047   0.0612   0.0968   0.3262   0.2686   0.0049   0.0000   0.0280  -0.0353    0.146
    17   0.1755   0.3765   0.0000   0.2286   0.0038   0.0488   0.0952   0.2603   0.2143   0.0030   0.0000   0.0275  -0.0235    0.122
    18   0.1823   0.3909   0.0000   0.2286   0.0028   0.0354   0.0911   0.1887   0.1554   0.0012   0.0000   0.0237  -0.0136    0.098
    19   0.1869   0.4008   0.0000   0.2286   0.0017   0.0213   0.0856   0.1141   0.0939  -0.0005   0.0000   0.0162  -0.0064    0.077
    20   0.1892   0.4058   0.0000   0.2286   0.0006   0.0071   0.0819   0.0383   0.0315  -0.0017   0.0000   0.0058  -0.0018    0.067

  Surface # 2     Wing (YDUP)                             
     # Chordwise = 10   # Spanwise = 20     First strip = 21
     Surface area Ssurf =    0.092903     Ave. chord Cave =    0.228600

 Forces referred to Sref, Cref, Bref about Xref, Yref, Zref
 Standard axis orientation,  X fwd, Z down         
     CLsurf  =   0.19550     Clsurf  =   0.04329
     CYsurf  =  -0.00642     Cmsurf  =  -0.02169
     CDsurf  =   0.00749     Cnsurf  =   0.00559
     CDisurf =   0.00749     CDvsurf =   0.00000

 Forces referred to Ssurf, Cave 
     CLsurf  =   0.39099     CDsurf  =   0.01498

 Strip Forces referred to Strip Area, Chord
    j     Xle      Yle      Zle      Chord    Area     c_cl     ai     cl_norm    cl       cd       cdv    cm_c/4     cm_LE   C.P.x/c
    21   0.0003  -0.0006   0.0000   0.2286   0.0006   0.1026   0.0409   0.5210   0.4291   0.2035   0.0000  -0.0206   0.1203    0.298
    22   0.0026  -0.0056   0.0000   0.2286   0.0017   0.1026   0.0410   0.5430   0.4472   0.0384   0.0000  -0.0189   0.1188    0.292
    23   0.0072  -0.0155   0.0000   0.2286   0.0028   0.1027   0.0435   0.5449   0.4488   0.0300   0.0000  -0.0144   0.1149    0.282
    24   0.0140  -0.0299   0.0000   0.2286   0.0038   0.1031   0.0474   0.5472   0.4506   0.0264   0.0000  -0.0089   0.1103    0.270
    25   0.0227  -0.0487   0.0000   0.2286   0.0047   0.1035   0.0516   0.5500   0.4529   0.0231   0.0000  -0.0038   0.1061    0.258
    26   0.0332  -0.0712   0.0000   0.2286   0.0055   0.1039   0.0558   0.5525   0.4550   0.0204   0.0000   0.0004   0.1027    0.249
    27   0.0452  -0.0970   0.0000   0.2286   0.0062   0.1041   0.0599   0.5538   0.4561   0.0182   0.0000   0.0037   0.0998    0.242
    28   0.0585  -0.1254   0.0000   0.2286   0.0067   0.1039   0.0640   0.5527   0.4552   0.0165   0.0000   0.0064   0.0971    0.236
    29   0.0726  -0.1558   0.0000   0.2286   0.0071   0.1030   0.0683   0.5482   0.4515   0.0151   0.0000   0.0088   0.0941    0.230
    30   0.0873  -0.1873   0.0000   0.2286   0.0073   0.1012   0.0729   0.5391   0.4440   0.0139   0.0000   0.0111   0.0902    0.225
    31   0.1022  -0.2191   0.0000   0.2286   0.0073   0.0984   0.0779   0.5243   0.4317   0.0128   0.0000   0.0137   0.0852    0.218
    32   0.1169  -0.2506   0.0000   0.2286   0.0071   0.0943   0.0832   0.5024   0.4137   0.0116   0.0000   0.0165   0.0785    0.210
    33   0.1310  -0.2810   0.0000   0.2286   0.0067   0.0886   0.0883   0.4723   0.3890   0.0102   0.0000   0.0198   0.0699    0.199
    34   0.1443  -0.3094   0.0000   0.2286   0.0062   0.0813   0.0928   0.4330   0.3566   0.0086   0.0000   0.0232   0.0595    0.185
    35   0.1563  -0.3352   0.0000   0.2286   0.0055   0.0721   0.0958   0.3842   0.3164   0.0068   0.0000   0.0262   0.0477    0.167
    36   0.1668  -0.3577   0.0000   0.2286   0.0047   0.0612   0.0968   0.3262   0.2686   0.0049   0.0000   0.0280   0.0353    0.146
    37   0.1755  -0.3765   0.0000   0.2286   0.0038   0.0488   0.0952   0.2603   0.2143   0.0030   0.0000   0.0275   0.0235    0.122
    38   0.1823  -0.3909   0.0000   0.2286   0.0028   0.0354   0.0911   0.1887   0.1554   0.0012   0.0000   0.0237   0.0136    0.098
    39   0.1869  -0.4008   0.0000   0.2286   0.0017   0.0213   0.0856   0.1141   0.0939  -0.0005   0.0000   0.0162   0.0064    0.077
    40   0.1892  -0.4058   0.0000   0.2286   0.0006   0.0071   0.0819   0.0383   0.0315  -0.0017   0.0000   0.0058   0.0018    0.067
 ---------------------------------------------------------------
