 ---------------------------------------------------------------
 Surface and Strip Forces by surface

  Sref = 0.97500E-01   Cref = 0.15750       Bref = 0.71120    
  Xref = 0.10920       Yref =  0.0000       Zref =  0.0000    

  Surface # 1     Wing                                    
     # Chordwise = 10   # Spanwise = 20     First strip =  1
     Surface area Ssurf =    0.048771     Ave. chord Cave =    0.137150

 Forces referred to Sref, Cref, Bref about Xref, Yref, Zref
 Standard axis orientation,  X fwd, Z down         
     CLsurf  =   0.37256     Clsurf  =  -0.07781
     CYsurf  =   0.00209     Cmsurf  =  -0.04106
     CDsurf  =   0.01891     Cnsurf  =  -0.01252
     CDisurf =   0.01891     CDvsurf =   0.00000

 Forces referred to Ssurf, Cave 
     CLsurf  =   0.74480     CDsurf  =   0.03779

 Strip Forces referred to Strip Area, Chord
    j     Xle      Yle      Zle      Chord    Area     c_cl     ai     cl_norm    cl       cd       cdv    cm_c/4     cm_LE   C.P.x/c
     1   0.0003   0.0005   0.0000   0.2283   0.0005   0.1317   0.0970   0.6260   0.5174   0.3820   0.0000  -0.0221  -0.1429    0.293
     2   0.0029   0.0049   0.0000   0.2261   0.0015   0.1317   0.0972   0.6977   0.5767   0.0834   0.0000  -0.0206  -0.1429    0.286
     3   0.0080   0.0135   0.0000   0.2216   0.0024   0.1316   0.0977   0.7152   0.5912   0.0673   0.0000  -0.0163  -0.1416    0.278
     4   0.0156   0.0262   0.0000   0.2151   0.0031   0.1313   0.0984   0.7373   0.6094   0.0606   0.0000  -0.0107  -0.1404    0.268
     5   0.0253   0.0426   0.0000   0.2067   0.0037   0.1307   0.0988   0.7655   0.6327   0.0543   0.0000  -0.0053  -0.1405    0.258
     6   0.0371   0.0623   0.0000   0.1965   0.0042   0.1295   0.0987   0.7990   0.6604   0.0486   0.0000  -0.0008  -0.1422    0.251
     7   0.0505   0.0849   0.0000   0.1849   0.0044   0.1273   0.0978   0.8368   0.6917   0.0433   0.0000   0.0027  -0.1456    0.246
     8   0.0653   0.1098   0.0000   0.1721   0.0044   0.1241   0.0960   0.8780   0.7258   0.0384   0.0000   0.0052  -0.1505    0.243
     9   0.0811   0.1363   0.0000   0.1585   0.0043   0.1198   0.0935   0.9214   0.7616   0.0336   0.0000   0.0068  -0.1565    0.241
    10   0.0975   0.1638   0.0000   0.1443   0.0040   0.1142   0.0903   0.9660   0.7985   0.0288   0.0000   0.0080  -0.1631    0.240
    11   0.1140   0.1918   0.0000   0.1300   0.0036   0.1074   0.0869   1.0104   0.8352   0.0237   0.0000   0.0088  -0.1699    0.239
    12   0.1304   0.2193   0.0000   0.1158   0.0031   0.0996   0.0838   1.0528   0.8702   0.0183   0.0000   0.0097  -0.1764    0.239
    13   0.1462   0.2458   0.0000   0.1022   0.0026   0.0909   0.0815   1.0904   0.9013   0.0126   0.0000   0.0110  -0.1816    0.238
    14   0.1610   0.2707   0.0000   0.0894   0.0021   0.0814   0.0810   1.1184   0.9244   0.0065   0.0000   0.0132  -0.1844    0.236
    15   0.1744   0.2933   0.0000   0.0778   0.0016   0.0714   0.0837   1.1280   0.9324   0.0001   0.0000   0.0172  -0.1824    0.232
    16   0.1862   0.3130   0.0000   0.0676   0.0012   0.0607   0.0909   1.1042   0.9127  -0.0064   0.0000   0.0241  -0.1720    0.224
    17   0.1959   0.3294   0.0000   0.0592   0.0009   0.0491   0.1023   1.0224   0.8451  -0.0129   0.0000   0.0351  -0.1481    0.208
    18   0.2035   0.3421   0.0000   0.0527   0.0006   0.0363   0.1144   0.8519   0.7042  -0.0183   0.0000   0.0473  -0.1076    0.183
    19   0.2086   0.3507   0.0000   0.0482   0.0003   0.0223   0.1203   0.5730   0.4737  -0.0194   0.0000   0.0486  -0.0576    0.147
    20   0.2112   0.3551   0.0000   0.0460   0.0001   0.0075   0.1163   0.2032   0.1679  -0.0128   0.0000   0.0225  -0.0157    0.116

  Surface # 2     Wing (YDUP)                             
     # Chordwise = 10   # Spanwise = 20     First strip = 21
     Surface area Ssurf =    0.048771     Ave. chord Cave =    0.137150

 Forces referred to Sref, Cref, Bref about Xref, Yref, Zref
 Standard axis orientation,  X fwd, Z down         
     CLsurf  =   0.37256     Clsurf  =   0.07781
     CYsurf  =  -0.00209     Cmsurf  =  -0.04106
     CDsurf  =   0.01891     Cnsurf  =   0.01252
     CDisurf =   0.01891     CDvsurf =   0.00000

 Forces referred to Ssurf, Cave 
     CLsurf  =   0.74480     CDsurf  =   0.03779

 Strip Forces referred to Strip Area, Chord
    j     Xle      Yle      Zle      Chord    Area     c_cl     ai     cl_norm    cl       cd       cdv    cm_c/4     cm_LE   C.P.x/c
    21   0.0003  -0.0005   0.0000   0.2283   0.0005   0.1317   0.0970   0.6260   0.5174   0.3820   0.0000  -0.0221   0.1429    0.293
    22   0.0029  -0.0049   0.0000   0.2261   0.0015   0.1317   0.0972   0.6977   0.5767   0.0834   0.0000  -0.0206   0.1429    0.286
    23   0.0080  -0.0135   0.0000   0.2216   0.0024   0.1316   0.0977   0.7152   0.5912   0.0673   0.0000  -0.0163   0.1416    0.278
    24   0.0156  -0.0262   0.0000   0.2151   0.0031   0.1313   0.0984   0.7373   0.6094   0.0606   0.0000  -0.0107   0.1404    0.268
    25   0.0253  -0.0426   0.0000   0.2067   0.0037   0.1307   0.0988   0.7655   0.6327   0.0543   0.0000  -0.0053   0.1405    0.258
    26   0.0371  -0.0623   0.0000   0.1965   0.0042   0.1295   0.0987   0.7990   0.6604   0.0486   0.0000  -0.0008   0.1422    0.251
    27   0.0505  -0.0849   0.0000   0.1849   0.0044   0.1273   0.0978   0.8368   0.6917   0.0433   0.0000   0.0027   0.1456    0.246
    28   0.0653  -0.1098   0.0000   0.1721   0.0044   0.1241   0.0960   0.8780   0.7258   0.0384   0.0000   0.0052   0.1505    0.243
    29   0.0811  -0.1363   0.0000   0.1585   0.0043   0.1198   0.0935   0.9214   0.7616   0.0336   0.0000   0.0068   0.1565    0.241
    30   0.0975  -0.1638   0.0000   0.1443   0.0040   0.1142   0.0903   0.9660   0.7985   0.0288   0.0000   0.0080   0.1631    0.240
    31   0.1140  -0.1918   0.0000   0.1300   0.0036   0.1074   0.0869   1.0104   0.8352   0.0237   0.0000   0.0088   0.1699    0.239
    32   0.1304  -0.2193   0.0000   0.1158   0.0031   0.0996   0.0838   1.0528   0.8702   0.0183   0.0000   0.0097   0.1764    0.239
    33   0.1462  -0.2458   0.0000   0.1022   0.0026   0.0909   0.0815   1.0904   0.9013   0.0126   0.0000   0.0110   0.1816    0.238
    34   0.1610  -0.2707   0.0000   0.0894   0.0021   0.0814   0.0810   1.1184   0.9244   0.0065   0.0000   0.0132   0.1844    0.236
    35   0.1744  -0.2933   0.0000   0.0778   0.0016   0.0714   0.0837   1.1280   0.9324   0.0001   0.0000   0.0172   0.1824    0.232
    36   0.1862  -0.3130   0.0000   0.0676   0.0012   0.0607   0.0909   1.1042   0.9127  -0.0064   0.0000   0.0241   0.1720    0.224
    37   0.1959  -0.3294   0.0000   0.0592   0.0009   0.0491   0.1023   1.0224   0.8451  -0.0129   0.0000   0.0351   0.1481    0.208
    38   0.2035  -0.3421   0.0000   0.0527   0.0006   0.0363   0.1144   0.8519   0.7042  -0.0183   0.0000   0.0473   0.1076    0.183
    39   0.2086  -0.3507   0.0000   0.0482   0.0003   0.0223   0.1203   0.5730   0.4737  -0.0194   0.0000   0.0486   0.0576    0.147
    40   0.2112  -0.3551   0.0000   0.0460   0.0001   0.0075   0.1163   0.2032   0.1679  -0.0128   0.0000   0.0225   0.0157    0.116
 ---------------------------------------------------------------
