 ---------------------------------------------------------------
 Surface and Strip Forces by surface

  Sref = 0.18810       Cref = 0.20660       Bref = 0.91440    
  Xref = 0.10920       Yref =  0.0000       Zref =  0.0000    

  Surface # 1     Wing                                    
     # Chordwise = 10   # Spanwise = 20     First strip =  1
     Surface area Ssurf =    0.094069     Ave. chord Cave =    0.205750

 Forces referred to Sref, Cref, Bref about Xref, Yref, Zref
 Standard axis orientation,  X fwd, Z down         
     CLsurf  =   0.19311     Clsurf  =  -0.04258
     CYsurf  =   0.00336     Cmsurf  =  -0.01552
     CDsurf  =   0.00578     Cnsurf  =  -0.00381
     CDisurf =   0.00578     CDvsurf =   0.00000

 Forces referred to Ssurf, Cave 
     CLsurf  =   0.38615     CDsurf  =   0.01156

 Strip Forces referred to Strip Area, Chord
    j     Xle      Yle      Zle      Chord    Area     c_cl     ai     cl_norm    cl       cd       cdv    cm_c/4     cm_LE   C.P.x/c
     1   0.0003   0.0007   0.0000   0.2285   0.0006   0.0930   0.0389   0.4490   0.3969   0.1269   0.0000  -0.0134  -0.1073    0.284
     2   0.0025   0.0063   0.0000   0.2280   0.0019   0.0930   0.0382   0.4607   0.4073   0.0267   0.0000  -0.0120  -0.1063    0.279
     3   0.0068   0.0174   0.0000   0.2269   0.0031   0.0931   0.0393   0.4638   0.4100   0.0214   0.0000  -0.0085  -0.1035    0.271
     4   0.0131   0.0337   0.0000   0.2252   0.0042   0.0932   0.0413   0.4682   0.4139   0.0188   0.0000  -0.0043  -0.1004    0.260
     5   0.0213   0.0548   0.0000   0.2231   0.0052   0.0934   0.0437   0.4736   0.4187   0.0165   0.0000  -0.0006  -0.0980    0.251
     6   0.0312   0.0801   0.0000   0.2206   0.0060   0.0934   0.0460   0.4795   0.4238   0.0146   0.0000   0.0024  -0.0964    0.244
     7   0.0424   0.1092   0.0000   0.2177   0.0067   0.0931   0.0481   0.4847   0.4285   0.0131   0.0000   0.0046  -0.0954    0.239
     8   0.0549   0.1411   0.0000   0.2145   0.0071   0.0925   0.0503   0.4885   0.4319   0.0120   0.0000   0.0063  -0.0946    0.235
     9   0.0681   0.1752   0.0000   0.2111   0.0074   0.0912   0.0525   0.4898   0.4330   0.0111   0.0000   0.0078  -0.0935    0.232
    10   0.0819   0.2107   0.0000   0.2075   0.0074   0.0893   0.0552   0.4877   0.4311   0.0103   0.0000   0.0091  -0.0917    0.229
    11   0.0959   0.2465   0.0000   0.2040   0.0073   0.0865   0.0584   0.4809   0.4251   0.0097   0.0000   0.0107  -0.0889    0.225
    12   0.1097   0.2820   0.0000   0.2004   0.0070   0.0828   0.0623   0.4682   0.4139   0.0090   0.0000   0.0126  -0.0845    0.220
    13   0.1229   0.3161   0.0000   0.1970   0.0065   0.0778   0.0667   0.4481   0.3961   0.0083   0.0000   0.0150  -0.0781    0.212
    14   0.1354   0.3480   0.0000   0.1938   0.0059   0.0716   0.0713   0.4188   0.3703   0.0074   0.0000   0.0179  -0.0694    0.202
    15   0.1466   0.3771   0.0000   0.1909   0.0052   0.0638   0.0755   0.3791   0.3351   0.0063   0.0000   0.0211  -0.0582    0.187
    16   0.1565   0.4024   0.0000   0.1884   0.0044   0.0545   0.0783   0.3280   0.2899   0.0050   0.0000   0.0238  -0.0452    0.168
    17   0.1647   0.4235   0.0000   0.1863   0.0035   0.0437   0.0787   0.2660   0.2351   0.0035   0.0000   0.0249  -0.0314    0.144
    18   0.1710   0.4398   0.0000   0.1846   0.0025   0.0317   0.0760   0.1951   0.1725   0.0020   0.0000   0.0228  -0.0188    0.118
    19   0.1753   0.4509   0.0000   0.1835   0.0015   0.0192   0.0706   0.1186   0.1048   0.0004   0.0000   0.0165  -0.0090    0.093
    20   0.1775   0.4565   0.0000   0.1830   0.0005   0.0064   0.0657   0.0398   0.0351  -0.0010   0.0000   0.0060  -0.0025    0.079

  Surface # 2     Wing (YDUP)                             
     # Chordwise = 10   # Spanwise = 20     First strip = 21
     Surface area Ssurf =    0.094069     Ave. chord Cave =    0.205750

 Forces referred to Sref, Cref, Bref about Xref, Yref, Zref
 Standard axis orientation,  X fwd, Z down         
     CLsurf  =   0.19311     Clsurf  =   0.04258
     CYsurf  =  -0.00336     Cmsurf  =  -0.01552
     CDsurf  =   0.00578     Cnsurf  =   0.00381
     CDisurf =   0.00578     CDvsurf =   0.00000

 Forces referred to Ssurf, Cave 
     CLsurf  =   0.38615     CDsurf  =   0.01156

 Strip Forces referred to Strip Area, Chord
    j     Xle      Yle      Zle      Chord    Area     c_cl     ai     cl_norm    cl       cd       cdv    cm_c/4     cm_LE   C.P.x/c
    21   0.0003  -0.0007   0.0000   0.2285   0.0006   0.0930   0.0389   0.4490   0.3969   0.1269   0.0000  -0.0134   0.1073    0.284
    22   0.0025  -0.0063   0.0000   0.2280   0.0019   0.0930   0.0382   0.4607   0.4073   0.0267   0.0000  -0.0120   0.1063    0.279
    23   0.0068  -0.0174   0.0000   0.2269   0.0031   0.0931   0.0393   0.4638   0.4100   0.0214   0.0000  -0.0085   0.1035    0.271
    24   0.0131  -0.0337   0.0000   0.2252   0.0042   0.0932   0.0413   0.4682   0.4139   0.0188   0.0000  -0.0043   0.1004    0.260
    25   0.0213  -0.0548   0.0000   0.2231   0.0052   0.0934   0.0437   0.4736   0.4187   0.0165   0.0000  -0.0006   0.0980    0.251
    26   0.0312  -0.0801   0.0000   0.2206   0.0060   0.0934   0.0460   0.4795   0.4238   0.0146   0.0000   0.0024   0.0964    0.244
    27   0.0424  -0.1092   0.0000   0.2177   0.0067   0.0931   0.0481   0.4847   0.4285   0.0131   0.0000   0.0046   0.0954    0.239
    28   0.0549  -0.1411   0.0000   0.2145   0.0071   0.0925   0.0503   0.4885   0.4319   0.0120   0.0000   0.0063   0.0946    0.235
    29   0.0681  -0.1752   0.0000   0.2111   0.0074   0.0912   0.0525   0.4898   0.4330   0.0111   0.0000   0.0078   0.0935    0.232
    30   0.0819  -0.2107   0.0000   0.2075   0.0074   0.0893   0.0552   0.4877   0.4311   0.0103   0.0000   0.0091   0.0917    0.229
    31   0.0959  -0.2465   0.0000   0.2040   0.0073   0.0865   0.0584   0.4809   0.4251   0.0097   0.0000   0.0107   0.0889    0.225
    32   0.1097  -0.2820   0.0000   0.2004   0.0070   0.0828   0.0623   0.4682   0.4139   0.0090   0.0000   0.0126   0.0845    0.220
    33   0.1229  -0.3161   0.0000   0.1970   0.0065   0.0778   0.0667   0.4481   0.3961   0.0083   0.0000   0.0150   0.0781    0.212
    34   0.1354  -0.3480   0.0000   0.1938   0.0059   0.0716   0.0713   0.4188   0.3703   0.0074   0.0000   0.0179   0.0694    0.202
    35   0.1466  -0.3771   0.0000   0.1909   0.0052   0.0638   0.0755   0.3791   0.3351   0.0063   0.0000   0.0211   0.0582    0.187
    36   0.1565  -0.4024   0.0000   0.1884   0.0044   0.0545   0.0783   0.3280   0.2899   0.0050   0.0000   0.0238   0.0452    0.168
    37   0.1647  -0.4235   0.0000   0.1863   0.0035   0.0437   0.0787   0.2660   0.2351   0.0035   0.0000   0.0249   0.0314    0.144
    38   0.1710  -0.4398   0.0000   0.1846   0.0025   0.0317   0.0760   0.1951   0.1725   0.0020   0.0000   0.0228   0.0188    0.118
    39   0.1753  -0.4509   0.0000   0.1835   0.0015   0.0192   0.0706   0.1186   0.1048   0.0004   0.0000   0.0165   0.0090    0.093
    40   0.1775  -0.4565   0.0000   0.1830   0.0005   0.0064   0.0657   0.0398   0.0351  -0.0010   0.0000   0.0060   0.0025    0.079
 ---------------------------------------------------------------
