 ---------------------------------------------------------------
 Surface and Strip Forces by surface

  Sref = 0.17340       Cref = 0.24890       Bref = 0.71120    
  Xref = 0.10920       Yref =  0.0000       Zref =  0.0000    

  Surface # 1     Wing                                    
     # Chordwise = 10   # Spanwise = 20     First strip =  1
     Surface area Ssurf =    0.086713     Ave. chord Cave =    0.243850

 Forces referred to Sref, Cref, Bref about Xref, Yref, Zref
 Standard axis orientation,  X fwd, Z down         
     CLsurf  =   0.20948     Clsurf  =  -0.04516
     CYsurf  =   0.00172     Cmsurf  =  -0.02705
     CDsurf  =   0.01054     Cnsurf  =  -0.00544
     CDisurf =   0.01054     CDvsurf =   0.00000

 Forces referred to Ssurf, Cave 
     CLsurf  =   0.41890     CDsurf  =   0.02107

 Strip Forces referred to Strip Area, Chord
    j     Xle      Yle      Zle      Chord    Area     c_cl     ai     cl_norm    cl       cd       cdv    cm_c/4     cm_LE   C.P.x/c
     1   0.0003   0.0005   0.0000   0.3046   0.0007   0.1254   0.0814   0.4615   0.3803   0.2736   0.0000  -0.0126  -0.1011    0.283
     2   0.0027   0.0049   0.0000   0.3031   0.0020   0.1254   0.0807   0.4986   0.4108   0.0487   0.0000  -0.0118  -0.1009    0.279
     3   0.0075   0.0135   0.0000   0.3002   0.0032   0.1253   0.0809   0.5054   0.4164   0.0360   0.0000  -0.0093  -0.0996    0.272
     4   0.0145   0.0262   0.0000   0.2958   0.0043   0.1252   0.0817   0.5129   0.4226   0.0327   0.0000  -0.0057  -0.0977    0.264
     5   0.0235   0.0426   0.0000   0.2902   0.0053   0.1250   0.0830   0.5222   0.4302   0.0300   0.0000  -0.0018  -0.0958    0.254
     6   0.0344   0.0623   0.0000   0.2834   0.0060   0.1243   0.0845   0.5325   0.4387   0.0273   0.0000   0.0019  -0.0943    0.246
     7   0.0469   0.0849   0.0000   0.2757   0.0066   0.1232   0.0861   0.5430   0.4474   0.0249   0.0000   0.0052  -0.0932    0.238
     8   0.0606   0.1098   0.0000   0.2672   0.0069   0.1214   0.0878   0.5525   0.4552   0.0227   0.0000   0.0082  -0.0923    0.232
     9   0.0752   0.1363   0.0000   0.2581   0.0070   0.1188   0.0897   0.5599   0.4613   0.0206   0.0000   0.0109  -0.0912    0.226
    10   0.0904   0.1638   0.0000   0.2486   0.0069   0.1151   0.0920   0.5635   0.4643   0.0186   0.0000   0.0135  -0.0896    0.221
    11   0.1059   0.1918   0.0000   0.2391   0.0066   0.1103   0.0946   0.5619   0.4629   0.0167   0.0000   0.0162  -0.0868    0.215
    12   0.1211   0.2193   0.0000   0.2296   0.0062   0.1042   0.0976   0.5530   0.4556   0.0146   0.0000   0.0192  -0.0825    0.208
    13   0.1357   0.2458   0.0000   0.2205   0.0057   0.0967   0.1009   0.5347   0.4406   0.0125   0.0000   0.0226  -0.0762    0.199
    14   0.1494   0.2707   0.0000   0.2120   0.0050   0.0878   0.1041   0.5049   0.4160   0.0101   0.0000   0.0262  -0.0676    0.187
    15   0.1619   0.2933   0.0000   0.2043   0.0043   0.0773   0.1068   0.4616   0.3803   0.0076   0.0000   0.0297  -0.0568    0.172
    16   0.1728   0.3130   0.0000   0.1975   0.0036   0.0653   0.1083   0.4037   0.3326   0.0049   0.0000   0.0321  -0.0443    0.154
    17   0.1818   0.3294   0.0000   0.1919   0.0028   0.0520   0.1078   0.3312   0.2729   0.0024   0.0000   0.0320  -0.0313    0.133
    18   0.1888   0.3421   0.0000   0.1875   0.0020   0.0377   0.1051   0.2459   0.2026   0.0003   0.0000   0.0282  -0.0193    0.111
    19   0.1936   0.3507   0.0000   0.1846   0.0012   0.0228   0.1005   0.1512   0.1246  -0.0015   0.0000   0.0197  -0.0098    0.092
    20   0.1960   0.3551   0.0000   0.1831   0.0004   0.0076   0.0967   0.0513   0.0422  -0.0028   0.0000   0.0071  -0.0029    0.082

  Surface # 2     Wing (YDUP)                             
     # Chordwise = 10   # Spanwise = 20     First strip = 21
     Surface area Ssurf =    0.086713     Ave. chord Cave =    0.243850

 Forces referred to Sref, Cref, Bref about Xref, Yref, Zref
 Standard axis orientation,  X fwd, Z down         
     CLsurf  =   0.20948     Clsurf  =   0.04516
     CYsurf  =  -0.00172     Cmsurf  =  -0.02705
     CDsurf  =   0.01054     Cnsurf  =   0.00544
     CDisurf =   0.01054     CDvsurf =   0.00000

 Forces referred to Ssurf, Cave 
     CLsurf  =   0.41890     CDsurf  =   0.02107

 Strip Forces referred to Strip Area, Chord
    j     Xle      Yle      Zle      Chord    Area     c_cl     ai     cl_norm    cl       cd       cdv    cm_c/4     cm_LE   C.P.x/c
    21   0.0003  -0.0005   0.0000   0.3046   0.0007   0.1254   0.0814   0.4615   0.3803   0.2736   0.0000  -0.0126   0.1011    0.283
    22   0.0027  -0.0049   0.0000   0.3031   0.0020   0.1254   0.0807   0.4986   0.4108   0.0487   0.0000  -0.0118   0.1009    0.279
    23   0.0075  -0.0135   0.0000   0.3002   0.0032   0.1253   0.0809   0.5054   0.4164   0.0360   0.0000  -0.0093   0.0996    0.272
    24   0.0145  -0.0262   0.0000   0.2958   0.0043   0.1252   0.0817   0.5129   0.4226   0.0327   0.0000  -0.0057   0.0977    0.264
    25   0.0235  -0.0426   0.0000   0.2902   0.0053   0.1250   0.0830   0.5222   0.4302   0.0300   0.0000  -0.0018   0.0958    0.254
    26   0.0344  -0.0623   0.0000   0.2834   0.0060   0.1243   0.0845   0.5325   0.4387   0.0273   0.0000   0.0019   0.0943    0.246
    27   0.0469  -0.0849   0.0000   0.2757   0.0066   0.1232   0.0861   0.5430   0.4474   0.0249   0.0000   0.0052   0.0932    0.238
    28   0.0606  -0.1098   0.0000   0.2672   0.0069   0.1214   0.0878   0.5525   0.4552   0.0227   0.0000   0.0082   0.0923    0.232
    29   0.0752  -0.1363   0.0000   0.2581   0.0070   0.1188   0.0897   0.5599   0.4613   0.0206   0.0000   0.0109   0.0912    0.226
    30   0.0904  -0.1638   0.0000   0.2486   0.0069   0.1151   0.0920   0.5635   0.4643   0.0186   0.0000   0.0135   0.0896    0.221
    31   0.1059  -0.1918   0.0000   0.2391   0.0066   0.1103   0.0946   0.5619   0.4629   0.0167   0.0000   0.0162   0.0868    0.215
    32   0.1211  -0.2193   0.0000   0.2296   0.0062   0.1042   0.0976   0.5530   0.4556   0.0146   0.0000   0.0192   0.0825    0.208
    33   0.1357  -0.2458   0.0000   0.2205   0.0057   0.0967   0.1009   0.5347   0.4406   0.0125   0.0000   0.0226   0.0762    0.199
    34   0.1494  -0.2707   0.0000   0.2120   0.0050   0.0878   0.1041   0.5049   0.4160   0.0101   0.0000   0.0262   0.0676    0.187
    35   0.1619  -0.2933   0.0000   0.2043   0.0043   0.0773   0.1068   0.4616   0.3803   0.0076   0.0000   0.0297   0.0568    0.172
    36   0.1728  -0.3130   0.0000   0.1975   0.0036   0.0653   0.1083   0.4037   0.3326   0.0049   0.0000   0.0321   0.0443    0.154
    37   0.1818  -0.3294   0.0000   0.1919   0.0028   0.0520   0.1078   0.3312   0.2729   0.0024   0.0000   0.0320   0.0313    0.133
    38   0.1888  -0.3421   0.0000   0.1875   0.0020   0.0377   0.1051   0.2459   0.2026   0.0003   0.0000   0.0282   0.0193    0.111
    39   0.1936  -0.3507   0.0000   0.1846   0.0012   0.0228   0.1005   0.1512   0.1246  -0.0015   0.0000   0.0197   0.0098    0.092
    40   0.1960  -0.3551   0.0000   0.1831   0.0004   0.0076   0.0967   0.0513   0.0422  -0.0028   0.0000   0.0071   0.0029    0.082
 ---------------------------------------------------------------
