 ---------------------------------------------------------------
 Surface and Strip Forces by surface

  Sref = 0.16720       Cref = 0.18360       Bref = 0.91440    
  Xref = 0.10920       Yref =  0.0000       Zref =  0.0000    

  Surface # 1     Wing                                    
     # Chordwise = 10   # Spanwise = 20     First strip =  1
     Surface area Ssurf =    0.083622     Ave. chord Cave =    0.182900

 Forces referred to Sref, Cref, Bref about Xref, Yref, Zref
 Standard axis orientation,  X fwd, Z down         
     CLsurf  =   0.21725     Clsurf  =  -0.04816
     CYsurf  =   0.00448     Cmsurf  =  -0.01404
     CDsurf  =   0.00651     Cnsurf  =  -0.00466
     CDisurf =   0.00651     CDvsurf =   0.00000

 Forces referred to Ssurf, Cave 
     CLsurf  =   0.43439     CDsurf  =   0.01301

 Strip Forces referred to Strip Area, Chord
    j     Xle      Yle      Zle      Chord    Area     c_cl     ai     cl_norm    cl       cd       cdv    cm_c/4     cm_LE   C.P.x/c
     1   0.0003   0.0007   0.0000   0.2031   0.0006   0.0918   0.0353   0.4982   0.4405   0.1356   0.0000  -0.0159  -0.1202    0.286
     2   0.0024   0.0063   0.0000   0.2026   0.0017   0.0918   0.0352   0.5116   0.4523   0.0304   0.0000  -0.0141  -0.1188    0.281
     3   0.0067   0.0174   0.0000   0.2017   0.0028   0.0919   0.0370   0.5154   0.4557   0.0246   0.0000  -0.0098  -0.1155    0.272
     4   0.0130   0.0337   0.0000   0.2002   0.0038   0.0921   0.0397   0.5208   0.4604   0.0213   0.0000  -0.0050  -0.1120    0.261
     5   0.0212   0.0548   0.0000   0.1983   0.0046   0.0924   0.0425   0.5276   0.4664   0.0184   0.0000  -0.0009  -0.1095    0.252
     6   0.0310   0.0801   0.0000   0.1961   0.0053   0.0925   0.0451   0.5347   0.4728   0.0162   0.0000   0.0022  -0.1080    0.245
     7   0.0422   0.1092   0.0000   0.1935   0.0059   0.0924   0.0474   0.5414   0.4786   0.0145   0.0000   0.0044  -0.1073    0.241
     8   0.0545   0.1411   0.0000   0.1907   0.0063   0.0919   0.0496   0.5463   0.4830   0.0132   0.0000   0.0060  -0.1068    0.238
     9   0.0677   0.1752   0.0000   0.1876   0.0065   0.0908   0.0519   0.5486   0.4850   0.0123   0.0000   0.0073  -0.1060    0.235
    10   0.0814   0.2107   0.0000   0.1845   0.0066   0.0890   0.0547   0.5472   0.4838   0.0115   0.0000   0.0086  -0.1045    0.232
    11   0.0952   0.2465   0.0000   0.1813   0.0065   0.0865   0.0582   0.5409   0.4782   0.0109   0.0000   0.0101  -0.1018    0.229
    12   0.1089   0.2820   0.0000   0.1782   0.0062   0.0830   0.0624   0.5283   0.4670   0.0102   0.0000   0.0119  -0.0975    0.224
    13   0.1221   0.3161   0.0000   0.1751   0.0058   0.0783   0.0676   0.5075   0.4487   0.0095   0.0000   0.0144  -0.0909    0.218
    14   0.1344   0.3480   0.0000   0.1723   0.0053   0.0724   0.0732   0.4766   0.4213   0.0087   0.0000   0.0175  -0.0816    0.208
    15   0.1456   0.3771   0.0000   0.1697   0.0046   0.0648   0.0787   0.4335   0.3833   0.0075   0.0000   0.0211  -0.0694    0.195
    16   0.1554   0.4024   0.0000   0.1675   0.0039   0.0556   0.0829   0.3770   0.3333   0.0061   0.0000   0.0246  -0.0546    0.176
    17   0.1636   0.4235   0.0000   0.1656   0.0031   0.0448   0.0845   0.3072   0.2716   0.0044   0.0000   0.0264  -0.0385    0.153
    18   0.1699   0.4398   0.0000   0.1641   0.0023   0.0327   0.0826   0.2262   0.2000   0.0026   0.0000   0.0249  -0.0232    0.126
    19   0.1742   0.4509   0.0000   0.1632   0.0014   0.0198   0.0774   0.1378   0.1218   0.0008   0.0000   0.0183  -0.0112    0.100
    20   0.1763   0.4565   0.0000   0.1627   0.0005   0.0066   0.0720   0.0462   0.0409  -0.0010   0.0000   0.0068  -0.0031    0.084

  Surface # 2     Wing (YDUP)                             
     # Chordwise = 10   # Spanwise = 20     First strip = 21
     Surface area Ssurf =    0.083622     Ave. chord Cave =    0.182900

 Forces referred to Sref, Cref, Bref about Xref, Yref, Zref
 Standard axis orientation,  X fwd, Z down         
     CLsurf  =   0.21725     Clsurf  =   0.04816
     CYsurf  =  -0.00448     Cmsurf  =  -0.01404
     CDsurf  =   0.00651     Cnsurf  =   0.00466
     CDisurf =   0.00651     CDvsurf =   0.00000

 Forces referred to Ssurf, Cave 
     CLsurf  =   0.43439     CDsurf  =   0.01301

 Strip Forces referred to Strip Area, Chord
    j     Xle      Yle      Zle      Chord    Area     c_cl     ai     cl_norm    cl       cd       cdv    cm_c/4     cm_LE   C.P.x/c
    21   0.0003  -0.0007   0.0000   0.2031   0.0006   0.0918   0.0353   0.4982   0.4405   0.1356   0.0000  -0.0159   0.1202    0.286
    22   0.0024  -0.0063   0.0000   0.2026   0.0017   0.0918   0.0352   0.5116   0.4523   0.0304   0.0000  -0.0141   0.1188    0.281
    23   0.0067  -0.0174   0.0000   0.2017   0.0028   0.0919   0.0370   0.5154   0.4557   0.0246   0.0000  -0.0098   0.1155    0.272
    24   0.0130  -0.0337   0.0000   0.2002   0.0038   0.0921   0.0397   0.5208   0.4604   0.0213   0.0000  -0.0050   0.1120    0.261
    25   0.0212  -0.0548   0.0000   0.1983   0.0046   0.0924   0.0425   0.5276   0.4664   0.0184   0.0000  -0.0009   0.1095    0.252
    26   0.0310  -0.0801   0.0000   0.1961   0.0053   0.0925   0.0451   0.5347   0.4728   0.0162   0.0000   0.0022   0.1080    0.245
    27   0.0422  -0.1092   0.0000   0.1935   0.0059   0.0924   0.0474   0.5414   0.4786   0.0145   0.0000   0.0044   0.1073    0.241
    28   0.0545  -0.1411   0.0000   0.1907   0.0063   0.0919   0.0496   0.5463   0.4830   0.0132   0.0000   0.0060   0.1068    0.238
    29   0.0677  -0.1752   0.0000   0.1876   0.0065   0.0908   0.0519   0.5486   0.4850   0.0123   0.0000   0.0073   0.1060    0.235
    30   0.0814  -0.2107   0.0000   0.1845   0.0066   0.0890   0.0547   0.5472   0.4838   0.0115   0.0000   0.0086   0.1045    0.232
    31   0.0952  -0.2465   0.0000   0.1813   0.0065   0.0865   0.0582   0.5409   0.4782   0.0109   0.0000   0.0101   0.1018    0.229
    32   0.1089  -0.2820   0.0000   0.1782   0.0062   0.0830   0.0624   0.5283   0.4670   0.0102   0.0000   0.0119   0.0975    0.224
    33   0.1221  -0.3161   0.0000   0.1751   0.0058   0.0783   0.0676   0.5075   0.4487   0.0095   0.0000   0.0144   0.0909    0.218
    34   0.1344  -0.3480   0.0000   0.1723   0.0053   0.0724   0.0732   0.4766   0.4213   0.0087   0.0000   0.0175   0.0816    0.208
    35   0.1456  -0.3771   0.0000   0.1697   0.0046   0.0648   0.0787   0.4335   0.3833   0.0075   0.0000   0.0211   0.0694    0.195
    36   0.1554  -0.4024   0.0000   0.1675   0.0039   0.0556   0.0829   0.3770   0.3333   0.0061   0.0000   0.0246   0.0546    0.176
    37   0.1636  -0.4235   0.0000   0.1656   0.0031   0.0448   0.0845   0.3072   0.2716   0.0044   0.0000   0.0264   0.0385    0.153
    38   0.1699  -0.4398   0.0000   0.1641   0.0023   0.0327   0.0826   0.2262   0.2000   0.0026   0.0000   0.0249   0.0232    0.126
    39   0.1742  -0.4509   0.0000   0.1632   0.0014   0.0198   0.0774   0.1378   0.1218   0.0008   0.0000   0.0183   0.0112    0.100
    40   0.1763  -0.4565   0.0000   0.1627   0.0005   0.0066   0.0720   0.0462   0.0409  -0.0010   0.0000   0.0068   0.0031    0.084
 ---------------------------------------------------------------
