 ---------------------------------------------------------------
 Surface and Strip Forces by surface

  Sref = 0.13010       Cref = 0.18670       Bref = 0.71120    
  Xref = 0.10920       Yref =  0.0000       Zref =  0.0000    

  Surface # 1     Wing                                    
     # Chordwise = 10   # Spanwise = 20     First strip =  1
     Surface area Ssurf =    0.065039     Ave. chord Cave =    0.182900

 Forces referred to Sref, Cref, Bref about Xref, Yref, Zref
 Standard axis orientation,  X fwd, Z down         
     CLsurf  =   0.27920     Clsurf  =  -0.06076
     CYsurf  =   0.00641     Cmsurf  =  -0.02605
     CDsurf  =   0.01396     Cnsurf  =  -0.00908
     CDisurf =   0.01396     CDvsurf =   0.00000

 Forces referred to Ssurf, Cave 
     CLsurf  =   0.55850     CDsurf  =   0.02793

 Strip Forces referred to Strip Area, Chord
    j     Xle      Yle      Zle      Chord    Area     c_cl     ai     cl_norm    cl       cd       cdv    cm_c/4     cm_LE   C.P.x/c
     1   0.0003   0.0005   0.0000   0.2285   0.0005   0.1223   0.0715   0.5969   0.4924   0.3263   0.0000  -0.0220  -0.1377    0.295
     2   0.0026   0.0049   0.0000   0.2273   0.0015   0.1223   0.0719   0.6477   0.5344   0.0651   0.0000  -0.0205  -0.1370    0.288
     3   0.0072   0.0135   0.0000   0.2251   0.0024   0.1224   0.0736   0.6570   0.5421   0.0511   0.0000  -0.0163  -0.1344    0.280
     4   0.0139   0.0262   0.0000   0.2219   0.0032   0.1224   0.0760   0.6681   0.5512   0.0457   0.0000  -0.0107  -0.1313    0.269
     5   0.0226   0.0426   0.0000   0.2177   0.0039   0.1224   0.0787   0.6819   0.5626   0.0407   0.0000  -0.0052  -0.1288    0.259
     6   0.0331   0.0623   0.0000   0.2126   0.0045   0.1221   0.0813   0.6973   0.5753   0.0363   0.0000  -0.0006  -0.1273    0.251
     7   0.0451   0.0849   0.0000   0.2068   0.0049   0.1213   0.0836   0.7131   0.5884   0.0326   0.0000   0.0032  -0.1267    0.245
     8   0.0582   0.1098   0.0000   0.2004   0.0052   0.1199   0.0859   0.7279   0.6006   0.0294   0.0000   0.0062  -0.1266    0.240
     9   0.0723   0.1363   0.0000   0.1936   0.0053   0.1177   0.0882   0.7401   0.6106   0.0266   0.0000   0.0088  -0.1265    0.236
    10   0.0869   0.1638   0.0000   0.1865   0.0052   0.1145   0.0910   0.7479   0.6171   0.0240   0.0000   0.0112  -0.1257    0.232
    11   0.1018   0.1918   0.0000   0.1793   0.0050   0.1102   0.0945   0.7493   0.6182   0.0217   0.0000   0.0137  -0.1236    0.228
    12   0.1164   0.2193   0.0000   0.1722   0.0047   0.1047   0.0989   0.7419   0.6121   0.0193   0.0000   0.0168  -0.1195    0.223
    13   0.1305   0.2458   0.0000   0.1654   0.0043   0.0979   0.1044   0.7226   0.5962   0.0168   0.0000   0.0206  -0.1125    0.215
    14   0.1436   0.2707   0.0000   0.1590   0.0038   0.0896   0.1105   0.6881   0.5677   0.0141   0.0000   0.0253  -0.1021    0.205
    15   0.1556   0.2933   0.0000   0.1532   0.0033   0.0796   0.1166   0.6348   0.5238   0.0109   0.0000   0.0305  -0.0878    0.192
    16   0.1661   0.3130   0.0000   0.1481   0.0027   0.0679   0.1214   0.5601   0.4621   0.0074   0.0000   0.0353  -0.0700    0.174
    17   0.1748   0.3294   0.0000   0.1439   0.0021   0.0545   0.1237   0.4632   0.3821   0.0039   0.0000   0.0377  -0.0503    0.151
    18   0.1815   0.3421   0.0000   0.1407   0.0015   0.0397   0.1226   0.3460   0.2855   0.0007   0.0000   0.0351  -0.0314    0.127
    19   0.1861   0.3507   0.0000   0.1385   0.0009   0.0241   0.1183   0.2135   0.1762  -0.0017   0.0000   0.0256  -0.0158    0.105
    20   0.1884   0.3551   0.0000   0.1373   0.0003   0.0081   0.1138   0.0725   0.0599  -0.0036   0.0000   0.0094  -0.0046    0.093

  Surface # 2     Wing (YDUP)                             
     # Chordwise = 10   # Spanwise = 20     First strip = 21
     Surface area Ssurf =    0.065039     Ave. chord Cave =    0.182900

 Forces referred to Sref, Cref, Bref about Xref, Yref, Zref
 Standard axis orientation,  X fwd, Z down         
     CLsurf  =   0.27920     Clsurf  =   0.06076
     CYsurf  =  -0.00641     Cmsurf  =  -0.02605
     CDsurf  =   0.01396     Cnsurf  =   0.00908
     CDisurf =   0.01396     CDvsurf =   0.00000

 Forces referred to Ssurf, Cave 
     CLsurf  =   0.55850     CDsurf  =   0.02793

 Strip Forces referred to Strip Area, Chord
    j     Xle      Yle      Zle      Chord    Area     c_cl     ai     cl_norm    cl       cd       cdv    cm_c/4     cm_LE   C.P.x/c
    21   0.0003  -0.0005   0.0000   0.2285   0.0005   0.1223   0.0715   0.5969   0.4924   0.3263   0.0000  -0.0220   0.1377    0.295
    22   0.0026  -0.0049   0.0000   0.2273   0.0015   0.1223   0.0719   0.6477   0.5344   0.0651   0.0000  -0.0205   0.1370    0.288
    23   0.0072  -0.0135   0.0000   0.2251   0.0024   0.1224   0.0736   0.6570   0.5421   0.0511   0.0000  -0.0163   0.1344    0.280
    24   0.0139  -0.0262   0.0000   0.2219   0.0032   0.1224   0.0760   0.6681   0.5512   0.0457   0.0000  -0.0107   0.1313    0.269
    25   0.0226  -0.0426   0.0000   0.2177   0.0039   0.1224   0.0787   0.6819   0.5626   0.0407   0.0000  -0.0052   0.1288    0.259
    26   0.0331  -0.0623   0.0000   0.2126   0.0045   0.1221   0.0813   0.6973   0.5753   0.0363   0.0000  -0.0006   0.1273    0.251
    27   0.0451  -0.0849   0.0000   0.2068   0.0049   0.1213   0.0836   0.7131   0.5884   0.0326   0.0000   0.0032   0.1267    0.245
    28   0.0582  -0.1098   0.0000   0.2004   0.0052   0.1199   0.0859   0.7279   0.6006   0.0294   0.0000   0.0062   0.1266    0.240
    29   0.0723  -0.1363   0.0000   0.1936   0.0053   0.1177   0.0882   0.7401   0.6106   0.0266   0.0000   0.0088   0.1265    0.236
    30   0.0869  -0.1638   0.0000   0.1865   0.0052   0.1145   0.0910   0.7479   0.6171   0.0240   0.0000   0.0112   0.1257    0.232
    31   0.1018  -0.1918   0.0000   0.1793   0.0050   0.1102   0.0945   0.7493   0.6182   0.0217   0.0000   0.0137   0.1236    0.228
    32   0.1164  -0.2193   0.0000   0.1722   0.0047   0.1047   0.0989   0.7419   0.6121   0.0193   0.0000   0.0168   0.1195    0.223
    33   0.1305  -0.2458   0.0000   0.1654   0.0043   0.0979   0.1044   0.7226   0.5962   0.0168   0.0000   0.0206   0.1125    0.215
    34   0.1436  -0.2707   0.0000   0.1590   0.0038   0.0896   0.1105   0.6881   0.5677   0.0141   0.0000   0.0253   0.1021    0.205
    35   0.1556  -0.2933   0.0000   0.1532   0.0033   0.0796   0.1166   0.6348   0.5238   0.0109   0.0000   0.0305   0.0878    0.192
    36   0.1661  -0.3130   0.0000   0.1481   0.0027   0.0679   0.1214   0.5601   0.4621   0.0074   0.0000   0.0353   0.0700    0.174
    37   0.1748  -0.3294   0.0000   0.1439   0.0021   0.0545   0.1237   0.4632   0.3821   0.0039   0.0000   0.0377   0.0503    0.151
    38   0.1815  -0.3421   0.0000   0.1407   0.0015   0.0397   0.1226   0.3460   0.2855   0.0007   0.0000   0.0351   0.0314    0.127
    39   0.1861  -0.3507   0.0000   0.1385   0.0009   0.0241   0.1183   0.2135   0.1762  -0.0017   0.0000   0.0256   0.0158    0.105
    40   0.1884  -0.3551   0.0000   0.1373   0.0003   0.0081   0.1138   0.0725   0.0599  -0.0036   0.0000   0.0094   0.0046    0.093
 ---------------------------------------------------------------
