 ---------------------------------------------------------------
 Surface and Strip Forces by surface

  Sref = 0.11380       Cref = 0.16980       Bref = 0.71120    
  Xref = 0.10920       Yref =  0.0000       Zref =  0.0000    

  Surface # 1     Wing                                    
     # Chordwise = 10   # Spanwise = 20     First strip =  1
     Surface area Ssurf =    0.056896     Ave. chord Cave =    0.160000

 Forces referred to Sref, Cref, Bref about Xref, Yref, Zref
 Standard axis orientation,  X fwd, Z down         
     CLsurf  =   0.31919     Clsurf  =  -0.06819
     CYsurf  =   0.00091     Cmsurf  =  -0.00294
     CDsurf  =   0.01579     Cnsurf  =  -0.00885
     CDisurf =   0.01579     CDvsurf =   0.00000

 Forces referred to Ssurf, Cave 
     CLsurf  =   0.63843     CDsurf  =   0.03157

 Strip Forces referred to Strip Area, Chord
    j     Xle      Yle      Zle      Chord    Area     c_cl     ai     cl_norm    cl       cd       cdv    cm_c/4     cm_LE   C.P.x/c
     1   0.0003   0.0005   0.0000   0.2284   0.0005   0.1274   0.0874   0.5840   0.5173   0.2979   0.0000  -0.0146  -0.1399    0.278
     2   0.0023   0.0049   0.0000   0.2267   0.0015   0.1273   0.0874   0.6304   0.5583   0.0661   0.0000  -0.0135  -0.1398    0.274
     3   0.0062   0.0135   0.0000   0.2234   0.0024   0.1273   0.0879   0.6420   0.5686   0.0531   0.0000  -0.0101  -0.1386    0.268
     4   0.0121   0.0262   0.0000   0.2185   0.0032   0.1271   0.0885   0.6566   0.5815   0.0478   0.0000  -0.0057  -0.1373    0.260
     5   0.0196   0.0426   0.0000   0.2122   0.0038   0.1266   0.0891   0.6747   0.5976   0.0431   0.0000  -0.0014  -0.1368    0.252
     6   0.0287   0.0623   0.0000   0.2046   0.0043   0.1257   0.0895   0.6956   0.6161   0.0389   0.0000   0.0023  -0.1375    0.246
     7   0.0391   0.0849   0.0000   0.1958   0.0047   0.1241   0.0896   0.7182   0.6361   0.0353   0.0000   0.0052  -0.1392    0.242
     8   0.0505   0.1098   0.0000   0.1863   0.0048   0.1217   0.0894   0.7413   0.6565   0.0321   0.0000   0.0074  -0.1416    0.239
     9   0.0627   0.1363   0.0000   0.1760   0.0048   0.1183   0.0891   0.7634   0.6762   0.0292   0.0000   0.0092  -0.1443    0.236
    10   0.0754   0.1638   0.0000   0.1654   0.0046   0.1140   0.0889   0.7831   0.6936   0.0265   0.0000   0.0107  -0.1468    0.235
    11   0.0883   0.1918   0.0000   0.1546   0.0043   0.1086   0.0893   0.7985   0.7072   0.0238   0.0000   0.0123  -0.1483    0.233
    12   0.1010   0.2193   0.0000   0.1440   0.0039   0.1021   0.0905   0.8069   0.7147   0.0212   0.0000   0.0143  -0.1481    0.230
    13   0.1132   0.2458   0.0000   0.1337   0.0034   0.0946   0.0932   0.8052   0.7131   0.0186   0.0000   0.0169  -0.1452    0.226
    14   0.1246   0.2707   0.0000   0.1242   0.0030   0.0860   0.0975   0.7887   0.6985   0.0158   0.0000   0.0207  -0.1384    0.220
    15   0.1350   0.2933   0.0000   0.1154   0.0024   0.0761   0.1034   0.7514   0.6655   0.0129   0.0000   0.0257  -0.1264    0.211
    16   0.1441   0.3130   0.0000   0.1078   0.0020   0.0649   0.1102   0.6865   0.6080   0.0096   0.0000   0.0317  -0.1079    0.198
    17   0.1516   0.3294   0.0000   0.1015   0.0015   0.0523   0.1162   0.5878   0.5206   0.0060   0.0000   0.0370  -0.0834    0.179
    18   0.1575   0.3421   0.0000   0.0966   0.0010   0.0383   0.1191   0.4528   0.4010   0.0026   0.0000   0.0380  -0.0555    0.155
    19   0.1614   0.3507   0.0000   0.0933   0.0006   0.0233   0.1173   0.2857   0.2530  -0.0002   0.0000   0.0303  -0.0292    0.130
    20   0.1634   0.3551   0.0000   0.0916   0.0002   0.0078   0.1125   0.0979   0.0867  -0.0029   0.0000   0.0118  -0.0086    0.114

  Surface # 2     Wing (YDUP)                             
     # Chordwise = 10   # Spanwise = 20     First strip = 21
     Surface area Ssurf =    0.056896     Ave. chord Cave =    0.160000

 Forces referred to Sref, Cref, Bref about Xref, Yref, Zref
 Standard axis orientation,  X fwd, Z down         
     CLsurf  =   0.31919     Clsurf  =   0.06819
     CYsurf  =  -0.00091     Cmsurf  =  -0.00294
     CDsurf  =   0.01579     Cnsurf  =   0.00885
     CDisurf =   0.01579     CDvsurf =   0.00000

 Forces referred to Ssurf, Cave 
     CLsurf  =   0.63843     CDsurf  =   0.03157

 Strip Forces referred to Strip Area, Chord
    j     Xle      Yle      Zle      Chord    Area     c_cl     ai     cl_norm    cl       cd       cdv    cm_c/4     cm_LE   C.P.x/c
    21   0.0003  -0.0005   0.0000   0.2284   0.0005   0.1274   0.0874   0.5840   0.5173   0.2979   0.0000  -0.0146   0.1399    0.278
    22   0.0023  -0.0049   0.0000   0.2267   0.0015   0.1273   0.0874   0.6304   0.5583   0.0661   0.0000  -0.0135   0.1398    0.274
    23   0.0062  -0.0135   0.0000   0.2234   0.0024   0.1273   0.0879   0.6420   0.5686   0.0531   0.0000  -0.0101   0.1386    0.268
    24   0.0121  -0.0262   0.0000   0.2185   0.0032   0.1271   0.0885   0.6566   0.5815   0.0478   0.0000  -0.0057   0.1373    0.260
    25   0.0196  -0.0426   0.0000   0.2122   0.0038   0.1266   0.0891   0.6747   0.5976   0.0431   0.0000  -0.0014   0.1368    0.252
    26   0.0287  -0.0623   0.0000   0.2046   0.0043   0.1257   0.0895   0.6956   0.6161   0.0389   0.0000   0.0023   0.1375    0.246
    27   0.0391  -0.0849   0.0000   0.1958   0.0047   0.1241   0.0896   0.7182   0.6361   0.0353   0.0000   0.0052   0.1392    0.242
    28   0.0505  -0.1098   0.0000   0.1863   0.0048   0.1217   0.0894   0.7413   0.6565   0.0321   0.0000   0.0074   0.1416    0.239
    29   0.0627  -0.1363   0.0000   0.1760   0.0048   0.1183   0.0891   0.7634   0.6762   0.0292   0.0000   0.0092   0.1443    0.236
    30   0.0754  -0.1638   0.0000   0.1654   0.0046   0.1140   0.0889   0.7831   0.6936   0.0265   0.0000   0.0107   0.1468    0.235
    31   0.0883  -0.1918   0.0000   0.1546   0.0043   0.1086   0.0893   0.7985   0.7072   0.0238   0.0000   0.0123   0.1483    0.233
    32   0.1010  -0.2193   0.0000   0.1440   0.0039   0.1021   0.0905   0.8069   0.7147   0.0212   0.0000   0.0143   0.1481    0.230
    33   0.1132  -0.2458   0.0000   0.1337   0.0034   0.0946   0.0932   0.8052   0.7131   0.0186   0.0000   0.0169   0.1452    0.226
    34   0.1246  -0.2707   0.0000   0.1242   0.0030   0.0860   0.0975   0.7887   0.6985   0.0158   0.0000   0.0207   0.1384    0.220
    35   0.1350  -0.2933   0.0000   0.1154   0.0024   0.0761   0.1034   0.7514   0.6655   0.0129   0.0000   0.0257   0.1264    0.211
    36   0.1441  -0.3130   0.0000   0.1078   0.0020   0.0649   0.1102   0.6865   0.6080   0.0096   0.0000   0.0317   0.1079    0.198
    37   0.1516  -0.3294   0.0000   0.1015   0.0015   0.0523   0.1162   0.5878   0.5206   0.0060   0.0000   0.0370   0.0834    0.179
    38   0.1575  -0.3421   0.0000   0.0966   0.0010   0.0383   0.1191   0.4528   0.4010   0.0026   0.0000   0.0380   0.0555    0.155
    39   0.1614  -0.3507   0.0000   0.0933   0.0006   0.0233   0.1173   0.2857   0.2530  -0.0002   0.0000   0.0303   0.0292    0.130
    40   0.1634  -0.3551   0.0000   0.0916   0.0002   0.0078   0.1125   0.0979   0.0867  -0.0029   0.0000   0.0118   0.0086    0.114
 ---------------------------------------------------------------
