 ---------------------------------------------------------------
 Surface and Strip Forces by surface

  Sref = 0.18060       Cref = 0.25400       Bref = 0.71120    
  Xref = 0.10920       Yref =  0.0000       Zref =  0.0000    

  Surface # 1     Wing                                    
     # Chordwise = 10   # Spanwise = 20     First strip =  1
     Surface area Ssurf =    0.090322     Ave. chord Cave =    0.254000

 Forces referred to Sref, Cref, Bref about Xref, Yref, Zref
 Standard axis orientation,  X fwd, Z down         
     CLsurf  =   0.20113     Clsurf  =  -0.04395
     CYsurf  =   0.00726     Cmsurf  =  -0.01426
     CDsurf  =   0.01006     Cnsurf  =  -0.00714
     CDisurf =   0.01006     CDvsurf =   0.00000

 Forces referred to Ssurf, Cave 
     CLsurf  =   0.40216     CDsurf  =   0.02012

 Strip Forces referred to Strip Area, Chord
    j     Xle      Yle      Zle      Chord    Area     c_cl     ai     cl_norm    cl       cd       cdv    cm_c/4     cm_LE   C.P.x/c
     1   0.0003   0.0005   0.0000   0.2540   0.0006   0.1208   0.0649   0.5365   0.4423   0.2895   0.0000  -0.0184  -0.1244    0.292
     2   0.0023   0.0049   0.0000   0.2540   0.0017   0.1208   0.0647   0.5735   0.4728   0.0516   0.0000  -0.0172  -0.1233    0.286
     3   0.0063   0.0135   0.0000   0.2540   0.0027   0.1209   0.0666   0.5760   0.4748   0.0386   0.0000  -0.0135  -0.1200    0.278
     4   0.0122   0.0262   0.0000   0.2540   0.0037   0.1210   0.0698   0.5775   0.4760   0.0346   0.0000  -0.0085  -0.1157    0.268
     5   0.0199   0.0426   0.0000   0.2540   0.0046   0.1212   0.0737   0.5790   0.4773   0.0310   0.0000  -0.0034  -0.1112    0.257
     6   0.0291   0.0623   0.0000   0.2540   0.0054   0.1213   0.0779   0.5798   0.4780   0.0278   0.0000   0.0012  -0.1071    0.247
     7   0.0396   0.0849   0.0000   0.2540   0.0060   0.1210   0.0821   0.5790   0.4772   0.0251   0.0000   0.0052  -0.1033    0.239
     8   0.0512   0.1098   0.0000   0.2540   0.0065   0.1202   0.0865   0.5753   0.4742   0.0227   0.0000   0.0086  -0.0994    0.232
     9   0.0635   0.1363   0.0000   0.2540   0.0069   0.1186   0.0910   0.5677   0.4680   0.0207   0.0000   0.0118  -0.0951    0.225
    10   0.0764   0.1638   0.0000   0.2540   0.0071   0.1159   0.0958   0.5551   0.4576   0.0189   0.0000   0.0149  -0.0899    0.217
    11   0.0894   0.1918   0.0000   0.2540   0.0071   0.1119   0.1006   0.5362   0.4420   0.0171   0.0000   0.0180  -0.0835    0.209
    12   0.1023   0.2193   0.0000   0.2540   0.0069   0.1064   0.1053   0.5101   0.4204   0.0152   0.0000   0.0213  -0.0756    0.199
    13   0.1146   0.2458   0.0000   0.2540   0.0065   0.0992   0.1094   0.4758   0.3922   0.0131   0.0000   0.0247  -0.0662    0.187
    14   0.1262   0.2707   0.0000   0.2540   0.0060   0.0903   0.1126   0.4329   0.3569   0.0109   0.0000   0.0277  -0.0554    0.172
    15   0.1367   0.2933   0.0000   0.2540   0.0054   0.0795   0.1142   0.3815   0.3144   0.0086   0.0000   0.0298  -0.0439    0.155
    16   0.1459   0.3130   0.0000   0.2540   0.0046   0.0671   0.1140   0.3221   0.2655   0.0062   0.0000   0.0304  -0.0323    0.135
    17   0.1536   0.3294   0.0000   0.2540   0.0037   0.0533   0.1118   0.2563   0.2112   0.0039   0.0000   0.0286  -0.0217    0.115
    18   0.1595   0.3421   0.0000   0.2540   0.0027   0.0386   0.1077   0.1857   0.1531   0.0017   0.0000   0.0237  -0.0129    0.095
    19   0.1635   0.3507   0.0000   0.2540   0.0017   0.0233   0.1029   0.1123   0.0926  -0.0004   0.0000   0.0158  -0.0065    0.079
    20   0.1655   0.3551   0.0000   0.2540   0.0006   0.0078   0.1001   0.0378   0.0312  -0.0019   0.0000   0.0055  -0.0019    0.072

  Surface # 2     Wing (YDUP)                             
     # Chordwise = 10   # Spanwise = 20     First strip = 21
     Surface area Ssurf =    0.090322     Ave. chord Cave =    0.254000

 Forces referred to Sref, Cref, Bref about Xref, Yref, Zref
 Standard axis orientation,  X fwd, Z down         
     CLsurf  =   0.20113     Clsurf  =   0.04395
     CYsurf  =  -0.00726     Cmsurf  =  -0.01426
     CDsurf  =   0.01006     Cnsurf  =   0.00714
     CDisurf =   0.01006     CDvsurf =   0.00000

 Forces referred to Ssurf, Cave 
     CLsurf  =   0.40216     CDsurf  =   0.02012

 Strip Forces referred to Strip Area, Chord
    j     Xle      Yle      Zle      Chord    Area     c_cl     ai     cl_norm    cl       cd       cdv    cm_c/4     cm_LE   C.P.x/c
    21   0.0003  -0.0005   0.0000   0.2540   0.0006   0.1208   0.0649   0.5365   0.4423   0.2895   0.0000  -0.0184   0.1244    0.292
    22   0.0023  -0.0049   0.0000   0.2540   0.0017   0.1208   0.0647   0.5735   0.4728   0.0516   0.0000  -0.0172   0.1233    0.286
    23   0.0063  -0.0135   0.0000   0.2540   0.0027   0.1209   0.0666   0.5760   0.4748   0.0386   0.0000  -0.0135   0.1200    0.278
    24   0.0122  -0.0262   0.0000   0.2540   0.0037   0.1210   0.0698   0.5775   0.4760   0.0346   0.0000  -0.0085   0.1157    0.268
    25   0.0199  -0.0426   0.0000   0.2540   0.0046   0.1212   0.0737   0.5790   0.4773   0.0310   0.0000  -0.0034   0.1112    0.257
    26   0.0291  -0.0623   0.0000   0.2540   0.0054   0.1213   0.0779   0.5798   0.4780   0.0278   0.0000   0.0012   0.1071    0.247
    27   0.0396  -0.0849   0.0000   0.2540   0.0060   0.1210   0.0821   0.5790   0.4772   0.0251   0.0000   0.0052   0.1033    0.239
    28   0.0512  -0.1098   0.0000   0.2540   0.0065   0.1202   0.0865   0.5753   0.4742   0.0227   0.0000   0.0086   0.0994    0.232
    29   0.0635  -0.1363   0.0000   0.2540   0.0069   0.1186   0.0910   0.5677   0.4680   0.0207   0.0000   0.0118   0.0951    0.225
    30   0.0764  -0.1638   0.0000   0.2540   0.0071   0.1159   0.0958   0.5551   0.4576   0.0189   0.0000   0.0149   0.0899    0.217
    31   0.0894  -0.1918   0.0000   0.2540   0.0071   0.1119   0.1006   0.5362   0.4420   0.0171   0.0000   0.0180   0.0835    0.209
    32   0.1023  -0.2193   0.0000   0.2540   0.0069   0.1064   0.1053   0.5101   0.4204   0.0152   0.0000   0.0213   0.0756    0.199
    33   0.1146  -0.2458   0.0000   0.2540   0.0065   0.0992   0.1094   0.4758   0.3922   0.0131   0.0000   0.0247   0.0662    0.187
    34   0.1262  -0.2707   0.0000   0.2540   0.0060   0.0903   0.1126   0.4329   0.3569   0.0109   0.0000   0.0277   0.0554    0.172
    35   0.1367  -0.2933   0.0000   0.2540   0.0054   0.0795   0.1142   0.3815   0.3144   0.0086   0.0000   0.0298   0.0439    0.155
    36   0.1459  -0.3130   0.0000   0.2540   0.0046   0.0671   0.1140   0.3221   0.2655   0.0062   0.0000   0.0304   0.0323    0.135
    37   0.1536  -0.3294   0.0000   0.2540   0.0037   0.0533   0.1118   0.2563   0.2112   0.0039   0.0000   0.0286   0.0217    0.115
    38   0.1595  -0.3421   0.0000   0.2540   0.0027   0.0386   0.1077   0.1857   0.1531   0.0017   0.0000   0.0237   0.0129    0.095
    39   0.1635  -0.3507   0.0000   0.2540   0.0017   0.0233   0.1029   0.1123   0.0926  -0.0004   0.0000   0.0158   0.0065    0.079
    40   0.1655  -0.3551   0.0000   0.2540   0.0006   0.0078   0.1001   0.0378   0.0312  -0.0019   0.0000   0.0055   0.0019    0.072
 ---------------------------------------------------------------
