 ---------------------------------------------------------------
 Surface and Strip Forces by surface

  Sref = 0.18170       Cref = 0.22820       Bref = 0.81280    
  Xref = 0.10920       Yref =  0.0000       Zref =  0.0000    

  Surface # 1     Wing                                    
     # Chordwise = 10   # Spanwise = 20     First strip =  1
     Surface area Ssurf =    0.090830     Ave. chord Cave =    0.223500

 Forces referred to Sref, Cref, Bref about Xref, Yref, Zref
 Standard axis orientation,  X fwd, Z down         
     CLsurf  =   0.19991     Clsurf  =  -0.04323
     CYsurf  =   0.00133     Cmsurf  =  -0.01691
     CDsurf  =   0.00758     Cnsurf  =  -0.00390
     CDisurf =   0.00758     CDvsurf =   0.00000

 Forces referred to Ssurf, Cave 
     CLsurf  =   0.39991     CDsurf  =   0.01516

 Strip Forces referred to Strip Area, Chord
    j     Xle      Yle      Zle      Chord    Area     c_cl     ai     cl_norm    cl       cd       cdv    cm_c/4     cm_LE   C.P.x/c
     1   0.0003   0.0006   0.0000   0.2792   0.0007   0.1094   0.0617   0.4257   0.3763   0.1659   0.0000  -0.0092  -0.0983    0.275
     2   0.0024   0.0056   0.0000   0.2779   0.0021   0.1093   0.0611   0.4437   0.3923   0.0328   0.0000  -0.0084  -0.0980    0.272
     3   0.0067   0.0155   0.0000   0.2751   0.0034   0.1093   0.0612   0.4489   0.3968   0.0256   0.0000  -0.0061  -0.0967    0.265
     4   0.0130   0.0299   0.0000   0.2712   0.0045   0.1092   0.0620   0.4554   0.4026   0.0231   0.0000  -0.0028  -0.0950    0.257
     5   0.0211   0.0487   0.0000   0.2660   0.0055   0.1090   0.0630   0.4635   0.4098   0.0210   0.0000   0.0004  -0.0936    0.249
     6   0.0308   0.0712   0.0000   0.2598   0.0063   0.1085   0.0641   0.4725   0.4177   0.0190   0.0000   0.0033  -0.0928    0.242
     7   0.0420   0.0970   0.0000   0.2527   0.0069   0.1075   0.0653   0.4817   0.4258   0.0173   0.0000   0.0057  -0.0923    0.237
     8   0.0543   0.1254   0.0000   0.2449   0.0072   0.1059   0.0665   0.4900   0.4332   0.0158   0.0000   0.0077  -0.0922    0.232
     9   0.0674   0.1558   0.0000   0.2365   0.0073   0.1036   0.0678   0.4965   0.4389   0.0146   0.0000   0.0094  -0.0918    0.229
    10   0.0810   0.1873   0.0000   0.2279   0.0072   0.1005   0.0694   0.4998   0.4418   0.0134   0.0000   0.0111  -0.0910    0.225
    11   0.0949   0.2191   0.0000   0.2191   0.0070   0.0964   0.0714   0.4987   0.4409   0.0123   0.0000   0.0129  -0.0891    0.221
    12   0.1085   0.2506   0.0000   0.2105   0.0065   0.0912   0.0741   0.4915   0.4345   0.0112   0.0000   0.0150  -0.0857    0.216
    13   0.1216   0.2810   0.0000   0.2021   0.0060   0.0849   0.0772   0.4764   0.4211   0.0100   0.0000   0.0175  -0.0803    0.208
    14   0.1339   0.3094   0.0000   0.1943   0.0053   0.0773   0.0807   0.4512   0.3989   0.0086   0.0000   0.0205  -0.0724    0.199
    15   0.1451   0.3352   0.0000   0.1872   0.0045   0.0683   0.0841   0.4140   0.3660   0.0071   0.0000   0.0237  -0.0620    0.185
    16   0.1548   0.3577   0.0000   0.1810   0.0037   0.0579   0.0865   0.3633   0.3212   0.0054   0.0000   0.0263  -0.0493    0.168
    17   0.1629   0.3765   0.0000   0.1758   0.0029   0.0463   0.0870   0.2989   0.2642   0.0037   0.0000   0.0273  -0.0354    0.147
    18   0.1692   0.3909   0.0000   0.1719   0.0021   0.0336   0.0848   0.2221   0.1964   0.0019   0.0000   0.0249  -0.0220    0.123
    19   0.1735   0.4008   0.0000   0.1691   0.0013   0.0203   0.0801   0.1364   0.1206   0.0002   0.0000   0.0179  -0.0111    0.102
    20   0.1756   0.4058   0.0000   0.1678   0.0004   0.0068   0.0756   0.0461   0.0407  -0.0013   0.0000   0.0066  -0.0032    0.089

  Surface # 2     Wing (YDUP)                             
     # Chordwise = 10   # Spanwise = 20     First strip = 21
     Surface area Ssurf =    0.090830     Ave. chord Cave =    0.223500

 Forces referred to Sref, Cref, Bref about Xref, Yref, Zref
 Standard axis orientation,  X fwd, Z down         
     CLsurf  =   0.19991     Clsurf  =   0.04323
     CYsurf  =  -0.00133     Cmsurf  =  -0.01691
     CDsurf  =   0.00758     Cnsurf  =   0.00390
     CDisurf =   0.00758     CDvsurf =   0.00000

 Forces referred to Ssurf, Cave 
     CLsurf  =   0.39991     CDsurf  =   0.01516

 Strip Forces referred to Strip Area, Chord
    j     Xle      Yle      Zle      Chord    Area     c_cl     ai     cl_norm    cl       cd       cdv    cm_c/4     cm_LE   C.P.x/c
    21   0.0003  -0.0006   0.0000   0.2792   0.0007   0.1094   0.0617   0.4257   0.3763   0.1659   0.0000  -0.0092   0.0983    0.275
    22   0.0024  -0.0056   0.0000   0.2779   0.0021   0.1093   0.0611   0.4437   0.3923   0.0328   0.0000  -0.0084   0.0980    0.272
    23   0.0067  -0.0155   0.0000   0.2751   0.0034   0.1093   0.0612   0.4489   0.3968   0.0256   0.0000  -0.0061   0.0967    0.265
    24   0.0130  -0.0299   0.0000   0.2712   0.0045   0.1092   0.0620   0.4554   0.4026   0.0231   0.0000  -0.0028   0.0950    0.257
    25   0.0211  -0.0487   0.0000   0.2660   0.0055   0.1090   0.0630   0.4635   0.4098   0.0210   0.0000   0.0004   0.0936    0.249
    26   0.0308  -0.0712   0.0000   0.2598   0.0063   0.1085   0.0641   0.4725   0.4177   0.0190   0.0000   0.0033   0.0928    0.242
    27   0.0420  -0.0970   0.0000   0.2527   0.0069   0.1075   0.0653   0.4817   0.4258   0.0173   0.0000   0.0057   0.0923    0.237
    28   0.0543  -0.1254   0.0000   0.2449   0.0072   0.1059   0.0665   0.4900   0.4332   0.0158   0.0000   0.0077   0.0922    0.232
    29   0.0674  -0.1558   0.0000   0.2365   0.0073   0.1036   0.0678   0.4965   0.4389   0.0146   0.0000   0.0094   0.0918    0.229
    30   0.0810  -0.1873   0.0000   0.2279   0.0072   0.1005   0.0694   0.4998   0.4418   0.0134   0.0000   0.0111   0.0910    0.225
    31   0.0949  -0.2191   0.0000   0.2191   0.0070   0.0964   0.0714   0.4987   0.4409   0.0123   0.0000   0.0129   0.0891    0.221
    32   0.1085  -0.2506   0.0000   0.2105   0.0065   0.0912   0.0741   0.4915   0.4345   0.0112   0.0000   0.0150   0.0857    0.216
    33   0.1216  -0.2810   0.0000   0.2021   0.0060   0.0849   0.0772   0.4764   0.4211   0.0100   0.0000   0.0175   0.0803    0.208
    34   0.1339  -0.3094   0.0000   0.1943   0.0053   0.0773   0.0807   0.4512   0.3989   0.0086   0.0000   0.0205   0.0724    0.199
    35   0.1451  -0.3352   0.0000   0.1872   0.0045   0.0683   0.0841   0.4140   0.3660   0.0071   0.0000   0.0237   0.0620    0.185
    36   0.1548  -0.3577   0.0000   0.1810   0.0037   0.0579   0.0865   0.3633   0.3212   0.0054   0.0000   0.0263   0.0493    0.168
    37   0.1629  -0.3765   0.0000   0.1758   0.0029   0.0463   0.0870   0.2989   0.2642   0.0037   0.0000   0.0273   0.0354    0.147
    38   0.1692  -0.3909   0.0000   0.1719   0.0021   0.0336   0.0848   0.2221   0.1964   0.0019   0.0000   0.0249   0.0220    0.123
    39   0.1735  -0.4008   0.0000   0.1691   0.0013   0.0203   0.0801   0.1364   0.1206   0.0002   0.0000   0.0179   0.0111    0.102
    40   0.1756  -0.4058   0.0000   0.1678   0.0004   0.0068   0.0756   0.0461   0.0407  -0.0013   0.0000   0.0066   0.0032    0.089
 ---------------------------------------------------------------
