 ---------------------------------------------------------------
 Surface and Strip Forces by surface

  Sref = 0.13210       Cref = 0.16590       Bref = 0.81280    
  Xref = 0.10920       Yref =  0.0000       Zref =  0.0000    

  Surface # 1     Wing                                    
     # Chordwise = 10   # Spanwise = 20     First strip =  1
     Surface area Ssurf =    0.066060     Ave. chord Cave =    0.162550

 Forces referred to Sref, Cref, Bref about Xref, Yref, Zref
 Standard axis orientation,  X fwd, Z down         
     CLsurf  =   0.27498     Clsurf  =  -0.06087
     CYsurf  =   0.01095     Cmsurf  =  -0.07327
     CDsurf  =   0.01067     Cnsurf  =  -0.00960
     CDisurf =   0.01067     CDvsurf =   0.00000

 Forces referred to Ssurf, Cave 
     CLsurf  =   0.54987     CDsurf  =   0.02134

 Strip Forces referred to Strip Area, Chord
    j     Xle      Yle      Zle      Chord    Area     c_cl     ai     cl_norm    cl       cd       cdv    cm_c/4     cm_LE   C.P.x/c
     1   0.0004   0.0006   0.0000   0.2031   0.0005   0.1029   0.0400   0.6306   0.4757   0.2636   0.0000  -0.0305  -0.1331    0.314
     2   0.0035   0.0056   0.0000   0.2021   0.0015   0.1030   0.0419   0.6719   0.5068   0.0550   0.0000  -0.0280  -0.1316    0.305
     3   0.0097   0.0155   0.0000   0.2001   0.0024   0.1032   0.0460   0.6818   0.5143   0.0448   0.0000  -0.0215  -0.1274    0.292
     4   0.0188   0.0299   0.0000   0.1972   0.0033   0.1036   0.0508   0.6955   0.5246   0.0390   0.0000  -0.0140  -0.1231    0.277
     5   0.0305   0.0487   0.0000   0.1935   0.0040   0.1040   0.0551   0.7129   0.5378   0.0336   0.0000  -0.0075  -0.1201    0.264
     6   0.0447   0.0712   0.0000   0.1890   0.0046   0.1042   0.0587   0.7325   0.5525   0.0290   0.0000  -0.0024  -0.1188    0.254
     7   0.0609   0.0970   0.0000   0.1838   0.0050   0.1040   0.0615   0.7527   0.5678   0.0251   0.0000   0.0012  -0.1189    0.248
     8   0.0787   0.1254   0.0000   0.1781   0.0052   0.1033   0.0638   0.7719   0.5823   0.0220   0.0000   0.0037  -0.1197    0.244
     9   0.0977   0.1558   0.0000   0.1720   0.0053   0.1019   0.0660   0.7887   0.5950   0.0195   0.0000   0.0056  -0.1207    0.241
    10   0.1175   0.1873   0.0000   0.1657   0.0053   0.0997   0.0685   0.8015   0.6046   0.0173   0.0000   0.0072  -0.1212    0.238
    11   0.1375   0.2191   0.0000   0.1594   0.0051   0.0966   0.0720   0.8085   0.6099   0.0154   0.0000   0.0090  -0.1208    0.235
    12   0.1573   0.2506   0.0000   0.1531   0.0047   0.0926   0.0768   0.8073   0.6089   0.0135   0.0000   0.0113  -0.1186    0.231
    13   0.1763   0.2810   0.0000   0.1470   0.0043   0.0875   0.0833   0.7945   0.5993   0.0116   0.0000   0.0144  -0.1139    0.226
    14   0.1941   0.3094   0.0000   0.1413   0.0038   0.0811   0.0915   0.7659   0.5777   0.0094   0.0000   0.0189  -0.1055    0.217
    15   0.2103   0.3352   0.0000   0.1361   0.0033   0.0730   0.1004   0.7160   0.5401   0.0068   0.0000   0.0249  -0.0924    0.204
    16   0.2245   0.3577   0.0000   0.1316   0.0027   0.0630   0.1083   0.6397   0.4825   0.0036   0.0000   0.0317  -0.0745    0.184
    17   0.2362   0.3765   0.0000   0.1279   0.0021   0.0511   0.1131   0.5343   0.4031   0.0002   0.0000   0.0370  -0.0532    0.158
    18   0.2453   0.3909   0.0000   0.1250   0.0015   0.0375   0.1129   0.4017   0.3030  -0.0028   0.0000   0.0373  -0.0319    0.127
    19   0.2515   0.4008   0.0000   0.1230   0.0009   0.0228   0.1079   0.2484   0.1874  -0.0043   0.0000   0.0288  -0.0148    0.096
    20   0.2546   0.4058   0.0000   0.1220   0.0003   0.0076   0.1019   0.0843   0.0636  -0.0046   0.0000   0.0109  -0.0040    0.078

  Surface # 2     Wing (YDUP)                             
     # Chordwise = 10   # Spanwise = 20     First strip = 21
     Surface area Ssurf =    0.066060     Ave. chord Cave =    0.162550

 Forces referred to Sref, Cref, Bref about Xref, Yref, Zref
 Standard axis orientation,  X fwd, Z down         
     CLsurf  =   0.27498     Clsurf  =   0.06087
     CYsurf  =  -0.01095     Cmsurf  =  -0.07327
     CDsurf  =   0.01067     Cnsurf  =   0.00960
     CDisurf =   0.01067     CDvsurf =   0.00000

 Forces referred to Ssurf, Cave 
     CLsurf  =   0.54987     CDsurf  =   0.02134

 Strip Forces referred to Strip Area, Chord
    j     Xle      Yle      Zle      Chord    Area     c_cl     ai     cl_norm    cl       cd       cdv    cm_c/4     cm_LE   C.P.x/c
    21   0.0004  -0.0006   0.0000   0.2031   0.0005   0.1029   0.0400   0.6306   0.4757   0.2636   0.0000  -0.0305   0.1331    0.314
    22   0.0035  -0.0056   0.0000   0.2021   0.0015   0.1030   0.0419   0.6719   0.5068   0.0550   0.0000  -0.0280   0.1316    0.305
    23   0.0097  -0.0155   0.0000   0.2001   0.0024   0.1032   0.0460   0.6818   0.5143   0.0448   0.0000  -0.0215   0.1274    0.292
    24   0.0188  -0.0299   0.0000   0.1972   0.0033   0.1036   0.0508   0.6955   0.5246   0.0390   0.0000  -0.0140   0.1231    0.277
    25   0.0305  -0.0487   0.0000   0.1935   0.0040   0.1040   0.0551   0.7129   0.5378   0.0336   0.0000  -0.0075   0.1201    0.264
    26   0.0447  -0.0712   0.0000   0.1890   0.0046   0.1042   0.0587   0.7325   0.5525   0.0290   0.0000  -0.0024   0.1188    0.254
    27   0.0609  -0.0970   0.0000   0.1838   0.0050   0.1040   0.0615   0.7527   0.5678   0.0251   0.0000   0.0012   0.1189    0.248
    28   0.0787  -0.1254   0.0000   0.1781   0.0052   0.1033   0.0638   0.7719   0.5823   0.0220   0.0000   0.0037   0.1197    0.244
    29   0.0977  -0.1558   0.0000   0.1720   0.0053   0.1019   0.0660   0.7887   0.5950   0.0195   0.0000   0.0056   0.1207    0.241
    30   0.1175  -0.1873   0.0000   0.1657   0.0053   0.0997   0.0685   0.8015   0.6046   0.0173   0.0000   0.0072   0.1212    0.238
    31   0.1375  -0.2191   0.0000   0.1594   0.0051   0.0966   0.0720   0.8085   0.6099   0.0154   0.0000   0.0090   0.1208    0.235
    32   0.1573  -0.2506   0.0000   0.1531   0.0047   0.0926   0.0768   0.8073   0.6089   0.0135   0.0000   0.0113   0.1186    0.231
    33   0.1763  -0.2810   0.0000   0.1470   0.0043   0.0875   0.0833   0.7945   0.5993   0.0116   0.0000   0.0144   0.1139    0.226
    34   0.1941  -0.3094   0.0000   0.1413   0.0038   0.0811   0.0915   0.7659   0.5777   0.0094   0.0000   0.0189   0.1055    0.217
    35   0.2103  -0.3352   0.0000   0.1361   0.0033   0.0730   0.1004   0.7160   0.5401   0.0068   0.0000   0.0249   0.0924    0.204
    36   0.2245  -0.3577   0.0000   0.1316   0.0027   0.0630   0.1083   0.6397   0.4825   0.0036   0.0000   0.0317   0.0745    0.184
    37   0.2362  -0.3765   0.0000   0.1279   0.0021   0.0511   0.1131   0.5343   0.4031   0.0002   0.0000   0.0370   0.0532    0.158
    38   0.2453  -0.3909   0.0000   0.1250   0.0015   0.0375   0.1129   0.4017   0.3030  -0.0028   0.0000   0.0373   0.0319    0.127
    39   0.2515  -0.4008   0.0000   0.1230   0.0009   0.0228   0.1079   0.2484   0.1874  -0.0043   0.0000   0.0288   0.0148    0.096
    40   0.2546  -0.4058   0.0000   0.1220   0.0003   0.0076   0.1019   0.0843   0.0636  -0.0046   0.0000   0.0109   0.0040    0.078
 ---------------------------------------------------------------
