 ---------------------------------------------------------------
 Surface and Strip Forces by surface

  Sref = 0.14860       Cref = 0.18360       Bref = 0.81280    
  Xref = 0.10920       Yref =  0.0000       Zref =  0.0000    

  Surface # 1     Wing                                    
     # Chordwise = 10   # Spanwise = 20     First strip =  1
     Surface area Ssurf =    0.074331     Ave. chord Cave =    0.182900

 Forces referred to Sref, Cref, Bref about Xref, Yref, Zref
 Standard axis orientation,  X fwd, Z down         
     CLsurf  =   0.24444     Clsurf  =  -0.05387
     CYsurf  =   0.00564     Cmsurf  =  -0.00422
     CDsurf  =   0.00924     Cnsurf  =  -0.00622
     CDisurf =   0.00924     CDvsurf =   0.00000

 Forces referred to Ssurf, Cave 
     CLsurf  =   0.48869     CDsurf  =   0.01847

 Strip Forces referred to Strip Area, Chord
    j     Xle      Yle      Zle      Chord    Area     c_cl     ai     cl_norm    cl       cd       cdv    cm_c/4     cm_LE   C.P.x/c
     1   0.0002   0.0006   0.0000   0.2031   0.0005   0.1043   0.0473   0.5583   0.4938   0.1929   0.0000  -0.0172  -0.1357    0.285
     2   0.0022   0.0056   0.0000   0.2026   0.0015   0.1043   0.0475   0.5805   0.5135   0.0423   0.0000  -0.0155  -0.1344    0.280
     3   0.0060   0.0155   0.0000   0.2017   0.0025   0.1044   0.0495   0.5851   0.5175   0.0340   0.0000  -0.0112  -0.1311    0.272
     4   0.0116   0.0299   0.0000   0.2002   0.0033   0.1046   0.0523   0.5910   0.5228   0.0298   0.0000  -0.0062  -0.1275    0.262
     5   0.0189   0.0487   0.0000   0.1983   0.0041   0.1048   0.0554   0.5982   0.5292   0.0261   0.0000  -0.0016  -0.1247    0.253
     6   0.0277   0.0712   0.0000   0.1961   0.0048   0.1049   0.0583   0.6058   0.5359   0.0232   0.0000   0.0020  -0.1228    0.246
     7   0.0377   0.0970   0.0000   0.1935   0.0053   0.1046   0.0610   0.6127   0.5420   0.0209   0.0000   0.0047  -0.1216    0.241
     8   0.0488   0.1254   0.0000   0.1907   0.0056   0.1038   0.0637   0.6176   0.5463   0.0191   0.0000   0.0068  -0.1206    0.238
     9   0.0606   0.1558   0.0000   0.1876   0.0058   0.1025   0.0666   0.6194   0.5479   0.0177   0.0000   0.0086  -0.1192    0.234
    10   0.0728   0.1873   0.0000   0.1845   0.0059   0.1003   0.0699   0.6167   0.5456   0.0166   0.0000   0.0103  -0.1170    0.231
    11   0.0853   0.2191   0.0000   0.1813   0.0058   0.0972   0.0740   0.6083   0.5381   0.0156   0.0000   0.0122  -0.1135    0.227
    12   0.0975   0.2506   0.0000   0.1782   0.0055   0.0930   0.0788   0.5923   0.5240   0.0146   0.0000   0.0146  -0.1080    0.222
    13   0.1093   0.2810   0.0000   0.1751   0.0052   0.0875   0.0844   0.5670   0.5016   0.0134   0.0000   0.0176  -0.1000    0.215
    14   0.1204   0.3094   0.0000   0.1723   0.0047   0.0805   0.0904   0.5303   0.4691   0.0121   0.0000   0.0212  -0.0891    0.205
    15   0.1304   0.3352   0.0000   0.1697   0.0041   0.0718   0.0959   0.4803   0.4249   0.0104   0.0000   0.0251  -0.0752    0.191
    16   0.1392   0.3577   0.0000   0.1675   0.0035   0.0614   0.0999   0.4162   0.3682   0.0083   0.0000   0.0284  -0.0589    0.173
    17   0.1465   0.3765   0.0000   0.1656   0.0028   0.0493   0.1013   0.3383   0.2993   0.0060   0.0000   0.0297  -0.0417    0.151
    18   0.1521   0.3909   0.0000   0.1641   0.0020   0.0360   0.0994   0.2489   0.2202   0.0037   0.0000   0.0272  -0.0257    0.127
    19   0.1559   0.4008   0.0000   0.1632   0.0012   0.0218   0.0945   0.1518   0.1343   0.0012   0.0000   0.0195  -0.0129    0.104
    20   0.1579   0.4058   0.0000   0.1627   0.0004   0.0073   0.0898   0.0511   0.0452  -0.0011   0.0000   0.0071  -0.0038    0.092

  Surface # 2     Wing (YDUP)                             
     # Chordwise = 10   # Spanwise = 20     First strip = 21
     Surface area Ssurf =    0.074331     Ave. chord Cave =    0.182900

 Forces referred to Sref, Cref, Bref about Xref, Yref, Zref
 Standard axis orientation,  X fwd, Z down         
     CLsurf  =   0.24444     Clsurf  =   0.05387
     CYsurf  =  -0.00564     Cmsurf  =  -0.00422
     CDsurf  =   0.00924     Cnsurf  =   0.00622
     CDisurf =   0.00924     CDvsurf =   0.00000

 Forces referred to Ssurf, Cave 
     CLsurf  =   0.48869     CDsurf  =   0.01847

 Strip Forces referred to Strip Area, Chord
    j     Xle      Yle      Zle      Chord    Area     c_cl     ai     cl_norm    cl       cd       cdv    cm_c/4     cm_LE   C.P.x/c
    21   0.0002  -0.0006   0.0000   0.2031   0.0005   0.1043   0.0473   0.5583   0.4938   0.1929   0.0000  -0.0172   0.1357    0.285
    22   0.0022  -0.0056   0.0000   0.2026   0.0015   0.1043   0.0475   0.5805   0.5135   0.0423   0.0000  -0.0155   0.1344    0.280
    23   0.0060  -0.0155   0.0000   0.2017   0.0025   0.1044   0.0495   0.5851   0.5175   0.0340   0.0000  -0.0112   0.1311    0.272
    24   0.0116  -0.0299   0.0000   0.2002   0.0033   0.1046   0.0523   0.5910   0.5228   0.0298   0.0000  -0.0062   0.1275    0.262
    25   0.0189  -0.0487   0.0000   0.1983   0.0041   0.1048   0.0554   0.5982   0.5292   0.0261   0.0000  -0.0016   0.1247    0.253
    26   0.0277  -0.0712   0.0000   0.1961   0.0048   0.1049   0.0583   0.6058   0.5359   0.0232   0.0000   0.0020   0.1228    0.246
    27   0.0377  -0.0970   0.0000   0.1935   0.0053   0.1046   0.0610   0.6127   0.5420   0.0209   0.0000   0.0047   0.1216    0.241
    28   0.0488  -0.1254   0.0000   0.1907   0.0056   0.1038   0.0637   0.6176   0.5463   0.0191   0.0000   0.0068   0.1206    0.238
    29   0.0606  -0.1558   0.0000   0.1876   0.0058   0.1025   0.0666   0.6194   0.5479   0.0177   0.0000   0.0086   0.1192    0.234
    30   0.0728  -0.1873   0.0000   0.1845   0.0059   0.1003   0.0699   0.6167   0.5456   0.0166   0.0000   0.0103   0.1170    0.231
    31   0.0853  -0.2191   0.0000   0.1813   0.0058   0.0972   0.0740   0.6083   0.5381   0.0156   0.0000   0.0122   0.1135    0.227
    32   0.0975  -0.2506   0.0000   0.1782   0.0055   0.0930   0.0788   0.5923   0.5240   0.0146   0.0000   0.0146   0.1080    0.222
    33   0.1093  -0.2810   0.0000   0.1751   0.0052   0.0875   0.0844   0.5670   0.5016   0.0134   0.0000   0.0176   0.1000    0.215
    34   0.1204  -0.3094   0.0000   0.1723   0.0047   0.0805   0.0904   0.5303   0.4691   0.0121   0.0000   0.0212   0.0891    0.205
    35   0.1304  -0.3352   0.0000   0.1697   0.0041   0.0718   0.0959   0.4803   0.4249   0.0104   0.0000   0.0251   0.0752    0.191
    36   0.1392  -0.3577   0.0000   0.1675   0.0035   0.0614   0.0999   0.4162   0.3682   0.0083   0.0000   0.0284   0.0589    0.173
    37   0.1465  -0.3765   0.0000   0.1656   0.0028   0.0493   0.1013   0.3383   0.2993   0.0060   0.0000   0.0297   0.0417    0.151
    38   0.1521  -0.3909   0.0000   0.1641   0.0020   0.0360   0.0994   0.2489   0.2202   0.0037   0.0000   0.0272   0.0257    0.127
    39   0.1559  -0.4008   0.0000   0.1632   0.0012   0.0218   0.0945   0.1518   0.1343   0.0012   0.0000   0.0195   0.0129    0.104
    40   0.1579  -0.4058   0.0000   0.1627   0.0004   0.0073   0.0898   0.0511   0.0452  -0.0011   0.0000   0.0071   0.0038    0.092
 ---------------------------------------------------------------
