 ---------------------------------------------------------------
 Surface and Strip Forces by surface

  Sref = 0.18580       Cref = 0.20320       Bref = 0.91440    
  Xref = 0.10920       Yref =  0.0000       Zref =  0.0000    

  Surface # 1     Wing                                    
     # Chordwise = 10   # Spanwise = 20     First strip =  1
     Surface area Ssurf =    0.092903     Ave. chord Cave =    0.203200

 Forces referred to Sref, Cref, Bref about Xref, Yref, Zref
 Standard axis orientation,  X fwd, Z down         
     CLsurf  =   0.19550     Clsurf  =  -0.04425
     CYsurf  =   0.00787     Cmsurf  =  -0.05451
     CDsurf  =   0.00604     Cnsurf  =  -0.00573
     CDisurf =   0.00604     CDvsurf =   0.00000

 Forces referred to Ssurf, Cave 
     CLsurf  =   0.39099     CDsurf  =   0.01207

 Strip Forces referred to Strip Area, Chord
    j     Xle      Yle      Zle      Chord    Area     c_cl     ai     cl_norm    cl       cd       cdv    cm_c/4     cm_LE   C.P.x/c
     1   0.0004   0.0007   0.0000   0.2032   0.0006   0.0862   0.0172   0.5442   0.4095   0.1679   0.0000  -0.0273  -0.1155    0.317
     2   0.0036   0.0063   0.0000   0.2032   0.0017   0.0863   0.0189   0.5626   0.4233   0.0335   0.0000  -0.0246  -0.1133    0.308
     3   0.0100   0.0174   0.0000   0.2032   0.0028   0.0866   0.0237   0.5656   0.4256   0.0272   0.0000  -0.0182  -0.1080    0.293
     4   0.0195   0.0337   0.0000   0.2032   0.0038   0.0872   0.0295   0.5704   0.4292   0.0232   0.0000  -0.0112  -0.1026    0.276
     5   0.0316   0.0548   0.0000   0.2032   0.0047   0.0881   0.0350   0.5767   0.4339   0.0196   0.0000  -0.0053  -0.0985    0.262
     6   0.0463   0.0801   0.0000   0.2032   0.0055   0.0891   0.0398   0.5833   0.4389   0.0167   0.0000  -0.0010  -0.0958    0.252
     7   0.0630   0.1092   0.0000   0.2032   0.0062   0.0899   0.0441   0.5888   0.4430   0.0146   0.0000   0.0020  -0.0940    0.245
     8   0.0815   0.1411   0.0000   0.2032   0.0067   0.0903   0.0481   0.5921   0.4456   0.0130   0.0000   0.0042  -0.0926    0.241
     9   0.1012   0.1752   0.0000   0.2032   0.0071   0.0903   0.0523   0.5922   0.4456   0.0118   0.0000   0.0060  -0.0910    0.236
    10   0.1216   0.2107   0.0000   0.2032   0.0073   0.0896   0.0570   0.5878   0.4423   0.0109   0.0000   0.0078  -0.0888    0.232
    11   0.1424   0.2465   0.0000   0.2032   0.0073   0.0881   0.0625   0.5778   0.4348   0.0100   0.0000   0.0097  -0.0854    0.228
    12   0.1628   0.2820   0.0000   0.2032   0.0071   0.0854   0.0687   0.5604   0.4217   0.0092   0.0000   0.0122  -0.0804    0.221
    13   0.1825   0.3161   0.0000   0.2032   0.0067   0.0814   0.0755   0.5339   0.4017   0.0081   0.0000   0.0155  -0.0733    0.212
    14   0.2010   0.3480   0.0000   0.2032   0.0062   0.0756   0.0821   0.4961   0.3733   0.0067   0.0000   0.0194  -0.0638    0.198
    15   0.2177   0.3771   0.0000   0.2032   0.0055   0.0679   0.0874   0.4457   0.3353   0.0051   0.0000   0.0237  -0.0519    0.179
    16   0.2324   0.4024   0.0000   0.2032   0.0047   0.0582   0.0902   0.3822   0.2876   0.0032   0.0000   0.0272  -0.0384    0.155
    17   0.2445   0.4235   0.0000   0.2032   0.0038   0.0467   0.0896   0.3071   0.2311   0.0012   0.0000   0.0286  -0.0250    0.126
    18   0.2540   0.4398   0.0000   0.2032   0.0028   0.0340   0.0855   0.2234   0.1681  -0.0004   0.0000   0.0260  -0.0136    0.095
    19   0.2604   0.4509   0.0000   0.2032   0.0017   0.0205   0.0790   0.1350   0.1016  -0.0016   0.0000   0.0185  -0.0058    0.068
    20   0.2636   0.4565   0.0000   0.2032   0.0006   0.0068   0.0740   0.0452   0.0340  -0.0022   0.0000   0.0067  -0.0015    0.053

  Surface # 2     Wing (YDUP)                             
     # Chordwise = 10   # Spanwise = 20     First strip = 21
     Surface area Ssurf =    0.092903     Ave. chord Cave =    0.203200

 Forces referred to Sref, Cref, Bref about Xref, Yref, Zref
 Standard axis orientation,  X fwd, Z down         
     CLsurf  =   0.19550     Clsurf  =   0.04425
     CYsurf  =  -0.00787     Cmsurf  =  -0.05451
     CDsurf  =   0.00604     Cnsurf  =   0.00573
     CDisurf =   0.00604     CDvsurf =   0.00000

 Forces referred to Ssurf, Cave 
     CLsurf  =   0.39099     CDsurf  =   0.01207

 Strip Forces referred to Strip Area, Chord
    j     Xle      Yle      Zle      Chord    Area     c_cl     ai     cl_norm    cl       cd       cdv    cm_c/4     cm_LE   C.P.x/c
    21   0.0004  -0.0007   0.0000   0.2032   0.0006   0.0862   0.0172   0.5442   0.4095   0.1679   0.0000  -0.0273   0.1155    0.317
    22   0.0036  -0.0063   0.0000   0.2032   0.0017   0.0863   0.0189   0.5626   0.4233   0.0335   0.0000  -0.0246   0.1133    0.308
    23   0.0100  -0.0174   0.0000   0.2032   0.0028   0.0866   0.0237   0.5656   0.4256   0.0272   0.0000  -0.0182   0.1080    0.293
    24   0.0195  -0.0337   0.0000   0.2032   0.0038   0.0872   0.0295   0.5704   0.4292   0.0232   0.0000  -0.0112   0.1026    0.276
    25   0.0316  -0.0548   0.0000   0.2032   0.0047   0.0881   0.0350   0.5767   0.4339   0.0196   0.0000  -0.0053   0.0985    0.262
    26   0.0463  -0.0801   0.0000   0.2032   0.0055   0.0891   0.0398   0.5833   0.4389   0.0167   0.0000  -0.0010   0.0958    0.252
    27   0.0630  -0.1092   0.0000   0.2032   0.0062   0.0899   0.0441   0.5888   0.4430   0.0146   0.0000   0.0020   0.0940    0.245
    28   0.0815  -0.1411   0.0000   0.2032   0.0067   0.0903   0.0481   0.5921   0.4456   0.0130   0.0000   0.0042   0.0926    0.241
    29   0.1012  -0.1752   0.0000   0.2032   0.0071   0.0903   0.0523   0.5922   0.4456   0.0118   0.0000   0.0060   0.0910    0.236
    30   0.1216  -0.2107   0.0000   0.2032   0.0073   0.0896   0.0570   0.5878   0.4423   0.0109   0.0000   0.0078   0.0888    0.232
    31   0.1424  -0.2465   0.0000   0.2032   0.0073   0.0881   0.0625   0.5778   0.4348   0.0100   0.0000   0.0097   0.0854    0.228
    32   0.1628  -0.2820   0.0000   0.2032   0.0071   0.0854   0.0687   0.5604   0.4217   0.0092   0.0000   0.0122   0.0804    0.221
    33   0.1825  -0.3161   0.0000   0.2032   0.0067   0.0814   0.0755   0.5339   0.4017   0.0081   0.0000   0.0155   0.0733    0.212
    34   0.2010  -0.3480   0.0000   0.2032   0.0062   0.0756   0.0821   0.4961   0.3733   0.0067   0.0000   0.0194   0.0638    0.198
    35   0.2177  -0.3771   0.0000   0.2032   0.0055   0.0679   0.0874   0.4457   0.3353   0.0051   0.0000   0.0237   0.0519    0.179
    36   0.2324  -0.4024   0.0000   0.2032   0.0047   0.0582   0.0902   0.3822   0.2876   0.0032   0.0000   0.0272   0.0384    0.155
    37   0.2445  -0.4235   0.0000   0.2032   0.0038   0.0467   0.0896   0.3071   0.2311   0.0012   0.0000   0.0286   0.0250    0.126
    38   0.2540  -0.4398   0.0000   0.2032   0.0028   0.0340   0.0855   0.2234   0.1681  -0.0004   0.0000   0.0260   0.0136    0.095
    39   0.2604  -0.4509   0.0000   0.2032   0.0017   0.0205   0.0790   0.1350   0.1016  -0.0016   0.0000   0.0185   0.0058    0.068
    40   0.2636  -0.4565   0.0000   0.2032   0.0006   0.0068   0.0740   0.0452   0.0340  -0.0022   0.0000   0.0067   0.0015    0.053
 ---------------------------------------------------------------
