 ---------------------------------------------------------------
 Surface and Strip Forces by surface

  Sref = 0.16720       Cref = 0.21000       Bref = 0.91440    
  Xref = 0.10920       Yref =  0.0000       Zref =  0.0000    

  Surface # 1     Wing                                    
     # Chordwise = 10   # Spanwise = 20     First strip =  1
     Surface area Ssurf =    0.083622     Ave. chord Cave =    0.182900

 Forces referred to Sref, Cref, Bref about Xref, Yref, Zref
 Standard axis orientation,  X fwd, Z down         
     CLsurf  =   0.21725     Clsurf  =  -0.04539
     CYsurf  =  -0.00133     Cmsurf  =  -0.03549
     CDsurf  =   0.00662     Cnsurf  =  -0.00336
     CDisurf =   0.00662     CDvsurf =   0.00000

 Forces referred to Ssurf, Cave 
     CLsurf  =   0.43439     CDsurf  =   0.01324

 Strip Forces referred to Strip Area, Chord
    j     Xle      Yle      Zle      Chord    Area     c_cl     ai     cl_norm    cl       cd       cdv    cm_c/4     cm_LE   C.P.x/c
     1   0.0004   0.0007   0.0000   0.3044   0.0009   0.1038   0.0603   0.3735   0.3301   0.1280   0.0000  -0.0064  -0.0821    0.269
     2   0.0031   0.0063   0.0000   0.3014   0.0025   0.1038   0.0606   0.3886   0.3434   0.0269   0.0000  -0.0057  -0.0822    0.267
     3   0.0087   0.0174   0.0000   0.2955   0.0041   0.1037   0.0607   0.3967   0.3506   0.0216   0.0000  -0.0037  -0.0819    0.261
     4   0.0168   0.0337   0.0000   0.2868   0.0054   0.1035   0.0608   0.4080   0.3605   0.0197   0.0000  -0.0011  -0.0817    0.253
     5   0.0272   0.0548   0.0000   0.2756   0.0064   0.1029   0.0606   0.4225   0.3734   0.0180   0.0000   0.0016  -0.0822    0.246
     6   0.0399   0.0801   0.0000   0.2621   0.0071   0.1018   0.0602   0.4399   0.3887   0.0163   0.0000   0.0038  -0.0835    0.240
     7   0.0543   0.1092   0.0000   0.2466   0.0075   0.1000   0.0593   0.4595   0.4061   0.0148   0.0000   0.0056  -0.0858    0.236
     8   0.0702   0.1411   0.0000   0.2295   0.0076   0.0974   0.0581   0.4809   0.4250   0.0133   0.0000   0.0068  -0.0889    0.234
     9   0.0872   0.1752   0.0000   0.2114   0.0074   0.0938   0.0564   0.5035   0.4449   0.0119   0.0000   0.0077  -0.0925    0.233
    10   0.1048   0.2107   0.0000   0.1925   0.0069   0.0893   0.0544   0.5266   0.4653   0.0105   0.0000   0.0082  -0.0965    0.232
    11   0.1226   0.2465   0.0000   0.1733   0.0062   0.0839   0.0522   0.5493   0.4854   0.0090   0.0000   0.0087  -0.1005    0.232
    12   0.1402   0.2820   0.0000   0.1544   0.0054   0.0776   0.0501   0.5707   0.5043   0.0073   0.0000   0.0092  -0.1043    0.232
    13   0.1572   0.3161   0.0000   0.1363   0.0045   0.0707   0.0485   0.5891   0.5206   0.0056   0.0000   0.0099  -0.1072    0.231
    14   0.1731   0.3480   0.0000   0.1192   0.0036   0.0631   0.0478   0.6017   0.5317   0.0037   0.0000   0.0112  -0.1085    0.229
    15   0.1875   0.3771   0.0000   0.1037   0.0028   0.0551   0.0488   0.6039   0.5336   0.0018   0.0000   0.0134  -0.1069    0.225
    16   0.2002   0.4024   0.0000   0.0902   0.0021   0.0466   0.0519   0.5875   0.5191  -0.0001   0.0000   0.0171  -0.1003    0.217
    17   0.2106   0.4235   0.0000   0.0790   0.0015   0.0375   0.0572   0.5400   0.4772  -0.0019   0.0000   0.0227  -0.0859    0.202
    18   0.2187   0.4398   0.0000   0.0703   0.0010   0.0276   0.0624   0.4463   0.3944  -0.0034   0.0000   0.0286  -0.0622    0.177
    19   0.2243   0.4509   0.0000   0.0644   0.0005   0.0168   0.0632   0.2975   0.2628  -0.0037   0.0000   0.0283  -0.0331    0.142
    20   0.2270   0.4565   0.0000   0.0614   0.0002   0.0056   0.0567   0.1042   0.0921  -0.0029   0.0000   0.0129  -0.0089    0.110

  Surface # 2     Wing (YDUP)                             
     # Chordwise = 10   # Spanwise = 20     First strip = 21
     Surface area Ssurf =    0.083622     Ave. chord Cave =    0.182900

 Forces referred to Sref, Cref, Bref about Xref, Yref, Zref
 Standard axis orientation,  X fwd, Z down         
     CLsurf  =   0.21725     Clsurf  =   0.04539
     CYsurf  =   0.00133     Cmsurf  =  -0.03549
     CDsurf  =   0.00662     Cnsurf  =   0.00336
     CDisurf =   0.00662     CDvsurf =   0.00000

 Forces referred to Ssurf, Cave 
     CLsurf  =   0.43439     CDsurf  =   0.01324

 Strip Forces referred to Strip Area, Chord
    j     Xle      Yle      Zle      Chord    Area     c_cl     ai     cl_norm    cl       cd       cdv    cm_c/4     cm_LE   C.P.x/c
    21   0.0004  -0.0007   0.0000   0.3044   0.0009   0.1038   0.0603   0.3735   0.3301   0.1280   0.0000  -0.0064   0.0821    0.269
    22   0.0031  -0.0063   0.0000   0.3014   0.0025   0.1038   0.0606   0.3886   0.3434   0.0269   0.0000  -0.0057   0.0822    0.267
    23   0.0087  -0.0174   0.0000   0.2955   0.0041   0.1037   0.0607   0.3967   0.3506   0.0216   0.0000  -0.0037   0.0819    0.261
    24   0.0168  -0.0337   0.0000   0.2868   0.0054   0.1035   0.0608   0.4080   0.3605   0.0197   0.0000  -0.0011   0.0817    0.253
    25   0.0272  -0.0548   0.0000   0.2756   0.0064   0.1029   0.0606   0.4225   0.3734   0.0180   0.0000   0.0016   0.0822    0.246
    26   0.0399  -0.0801   0.0000   0.2621   0.0071   0.1018   0.0602   0.4399   0.3887   0.0163   0.0000   0.0038   0.0835    0.240
    27   0.0543  -0.1092   0.0000   0.2466   0.0075   0.1000   0.0593   0.4595   0.4061   0.0148   0.0000   0.0056   0.0858    0.236
    28   0.0702  -0.1411   0.0000   0.2295   0.0076   0.0974   0.0581   0.4809   0.4250   0.0133   0.0000   0.0068   0.0889    0.234
    29   0.0872  -0.1752   0.0000   0.2114   0.0074   0.0938   0.0564   0.5035   0.4449   0.0119   0.0000   0.0077   0.0925    0.233
    30   0.1048  -0.2107   0.0000   0.1925   0.0069   0.0893   0.0544   0.5266   0.4653   0.0105   0.0000   0.0082   0.0965    0.232
    31   0.1226  -0.2465   0.0000   0.1733   0.0062   0.0839   0.0522   0.5493   0.4854   0.0090   0.0000   0.0087   0.1005    0.232
    32   0.1402  -0.2820   0.0000   0.1544   0.0054   0.0776   0.0501   0.5707   0.5043   0.0073   0.0000   0.0092   0.1043    0.232
    33   0.1572  -0.3161   0.0000   0.1363   0.0045   0.0707   0.0485   0.5891   0.5206   0.0056   0.0000   0.0099   0.1072    0.231
    34   0.1731  -0.3480   0.0000   0.1192   0.0036   0.0631   0.0478   0.6017   0.5317   0.0037   0.0000   0.0112   0.1085    0.229
    35   0.1875  -0.3771   0.0000   0.1037   0.0028   0.0551   0.0488   0.6039   0.5336   0.0018   0.0000   0.0134   0.1069    0.225
    36   0.2002  -0.4024   0.0000   0.0902   0.0021   0.0466   0.0519   0.5875   0.5191  -0.0001   0.0000   0.0171   0.1003    0.217
    37   0.2106  -0.4235   0.0000   0.0790   0.0015   0.0375   0.0572   0.5400   0.4772  -0.0019   0.0000   0.0227   0.0859    0.202
    38   0.2187  -0.4398   0.0000   0.0703   0.0010   0.0276   0.0624   0.4463   0.3944  -0.0034   0.0000   0.0286   0.0622    0.177
    39   0.2243  -0.4509   0.0000   0.0644   0.0005   0.0168   0.0632   0.2975   0.2628  -0.0037   0.0000   0.0283   0.0331    0.142
    40   0.2270  -0.4565   0.0000   0.0614   0.0002   0.0056   0.0567   0.1042   0.0921  -0.0029   0.0000   0.0129   0.0089    0.110
 ---------------------------------------------------------------
