 ---------------------------------------------------------------
 Surface and Strip Forces by surface

  Sref = 0.18810       Cref = 0.20660       Bref = 0.91440    
  Xref = 0.10920       Yref =  0.0000       Zref =  0.0000    

  Surface # 1     Wing                                    
     # Chordwise = 10   # Spanwise = 20     First strip =  1
     Surface area Ssurf =    0.094069     Ave. chord Cave =    0.205750

 Forces referred to Sref, Cref, Bref about Xref, Yref, Zref
 Standard axis orientation,  X fwd, Z down         
     CLsurf  =   0.19311     Clsurf  =  -0.04318
     CYsurf  =   0.00632     Cmsurf  =  -0.05815
     CDsurf  =   0.00595     Cnsurf  =  -0.00525
     CDisurf =   0.00595     CDvsurf =   0.00000

 Forces referred to Ssurf, Cave 
     CLsurf  =   0.38615     CDsurf  =   0.01189

 Strip Forces referred to Strip Area, Chord
    j     Xle      Yle      Zle      Chord    Area     c_cl     ai     cl_norm    cl       cd       cdv    cm_c/4     cm_LE   C.P.x/c
     1   0.0004   0.0007   0.0000   0.2285   0.0006   0.0895   0.0280   0.5017   0.3774   0.1652   0.0000  -0.0241  -0.1046    0.314
     2   0.0038   0.0063   0.0000   0.2280   0.0019   0.0895   0.0282   0.5205   0.3916   0.0318   0.0000  -0.0221  -0.1030    0.306
     3   0.0105   0.0174   0.0000   0.2269   0.0031   0.0897   0.0312   0.5250   0.3950   0.0256   0.0000  -0.0167  -0.0990    0.292
     4   0.0203   0.0337   0.0000   0.2252   0.0042   0.0902   0.0353   0.5317   0.4000   0.0223   0.0000  -0.0106  -0.0948    0.276
     5   0.0330   0.0548   0.0000   0.2231   0.0052   0.0907   0.0394   0.5404   0.4065   0.0191   0.0000  -0.0052  -0.0915    0.263
     6   0.0483   0.0801   0.0000   0.2206   0.0060   0.0912   0.0431   0.5500   0.4138   0.0164   0.0000  -0.0010  -0.0894    0.252
     7   0.0658   0.1092   0.0000   0.2177   0.0067   0.0915   0.0463   0.5593   0.4208   0.0143   0.0000   0.0020  -0.0883    0.245
     8   0.0850   0.1411   0.0000   0.2145   0.0071   0.0913   0.0492   0.5672   0.4267   0.0126   0.0000   0.0042  -0.0876    0.240
     9   0.1056   0.1752   0.0000   0.2111   0.0074   0.0907   0.0523   0.5723   0.4305   0.0113   0.0000   0.0059  -0.0869    0.236
    10   0.1269   0.2107   0.0000   0.2075   0.0074   0.0893   0.0557   0.5736   0.4315   0.0102   0.0000   0.0076  -0.0857    0.232
    11   0.1485   0.2465   0.0000   0.2040   0.0073   0.0872   0.0599   0.5697   0.4286   0.0093   0.0000   0.0094  -0.0835    0.228
    12   0.1698   0.2820   0.0000   0.2004   0.0070   0.0840   0.0650   0.5588   0.4204   0.0083   0.0000   0.0117  -0.0798    0.222
    13   0.1904   0.3161   0.0000   0.1970   0.0065   0.0796   0.0708   0.5387   0.4053   0.0072   0.0000   0.0147  -0.0740    0.214
    14   0.2096   0.3480   0.0000   0.1938   0.0059   0.0737   0.0769   0.5071   0.3815   0.0059   0.0000   0.0185  -0.0656    0.202
    15   0.2271   0.3771   0.0000   0.1909   0.0052   0.0661   0.0823   0.4617   0.3473   0.0043   0.0000   0.0228  -0.0546    0.184
    16   0.2424   0.4024   0.0000   0.1884   0.0044   0.0566   0.0857   0.4012   0.3018   0.0024   0.0000   0.0268  -0.0414    0.161
    17   0.2551   0.4235   0.0000   0.1863   0.0035   0.0455   0.0859   0.3262   0.2454   0.0006   0.0000   0.0289  -0.0276    0.132
    18   0.2649   0.4398   0.0000   0.1846   0.0025   0.0331   0.0824   0.2395   0.1802  -0.0010   0.0000   0.0270  -0.0153    0.100
    19   0.2716   0.4509   0.0000   0.1835   0.0015   0.0200   0.0760   0.1456   0.1095  -0.0020   0.0000   0.0196  -0.0065    0.071
    20   0.2750   0.4565   0.0000   0.1830   0.0005   0.0067   0.0707   0.0489   0.0368  -0.0024   0.0000   0.0072  -0.0016    0.055

  Surface # 2     Wing (YDUP)                             
     # Chordwise = 10   # Spanwise = 20     First strip = 21
     Surface area Ssurf =    0.094069     Ave. chord Cave =    0.205750

 Forces referred to Sref, Cref, Bref about Xref, Yref, Zref
 Standard axis orientation,  X fwd, Z down         
     CLsurf  =   0.19311     Clsurf  =   0.04318
     CYsurf  =  -0.00632     Cmsurf  =  -0.05815
     CDsurf  =   0.00595     Cnsurf  =   0.00525
     CDisurf =   0.00595     CDvsurf =   0.00000

 Forces referred to Ssurf, Cave 
     CLsurf  =   0.38615     CDsurf  =   0.01189

 Strip Forces referred to Strip Area, Chord
    j     Xle      Yle      Zle      Chord    Area     c_cl     ai     cl_norm    cl       cd       cdv    cm_c/4     cm_LE   C.P.x/c
    21   0.0004  -0.0007   0.0000   0.2285   0.0006   0.0895   0.0280   0.5017   0.3774   0.1652   0.0000  -0.0241   0.1046    0.314
    22   0.0038  -0.0063   0.0000   0.2280   0.0019   0.0895   0.0282   0.5205   0.3916   0.0318   0.0000  -0.0221   0.1030    0.306
    23   0.0105  -0.0174   0.0000   0.2269   0.0031   0.0897   0.0312   0.5250   0.3950   0.0256   0.0000  -0.0167   0.0990    0.292
    24   0.0203  -0.0337   0.0000   0.2252   0.0042   0.0902   0.0353   0.5317   0.4000   0.0223   0.0000  -0.0106   0.0948    0.276
    25   0.0330  -0.0548   0.0000   0.2231   0.0052   0.0907   0.0394   0.5404   0.4065   0.0191   0.0000  -0.0052   0.0915    0.263
    26   0.0483  -0.0801   0.0000   0.2206   0.0060   0.0912   0.0431   0.5500   0.4138   0.0164   0.0000  -0.0010   0.0894    0.252
    27   0.0658  -0.1092   0.0000   0.2177   0.0067   0.0915   0.0463   0.5593   0.4208   0.0143   0.0000   0.0020   0.0883    0.245
    28   0.0850  -0.1411   0.0000   0.2145   0.0071   0.0913   0.0492   0.5672   0.4267   0.0126   0.0000   0.0042   0.0876    0.240
    29   0.1056  -0.1752   0.0000   0.2111   0.0074   0.0907   0.0523   0.5723   0.4305   0.0113   0.0000   0.0059   0.0869    0.236
    30   0.1269  -0.2107   0.0000   0.2075   0.0074   0.0893   0.0557   0.5736   0.4315   0.0102   0.0000   0.0076   0.0857    0.232
    31   0.1485  -0.2465   0.0000   0.2040   0.0073   0.0872   0.0599   0.5697   0.4286   0.0093   0.0000   0.0094   0.0835    0.228
    32   0.1698  -0.2820   0.0000   0.2004   0.0070   0.0840   0.0650   0.5588   0.4204   0.0083   0.0000   0.0117   0.0798    0.222
    33   0.1904  -0.3161   0.0000   0.1970   0.0065   0.0796   0.0708   0.5387   0.4053   0.0072   0.0000   0.0147   0.0740    0.214
    34   0.2096  -0.3480   0.0000   0.1938   0.0059   0.0737   0.0769   0.5071   0.3815   0.0059   0.0000   0.0185   0.0656    0.202
    35   0.2271  -0.3771   0.0000   0.1909   0.0052   0.0661   0.0823   0.4617   0.3473   0.0043   0.0000   0.0228   0.0546    0.184
    36   0.2424  -0.4024   0.0000   0.1884   0.0044   0.0566   0.0857   0.4012   0.3018   0.0024   0.0000   0.0268   0.0414    0.161
    37   0.2551  -0.4235   0.0000   0.1863   0.0035   0.0455   0.0859   0.3262   0.2454   0.0006   0.0000   0.0289   0.0276    0.132
    38   0.2649  -0.4398   0.0000   0.1846   0.0025   0.0331   0.0824   0.2395   0.1802  -0.0010   0.0000   0.0270   0.0153    0.100
    39   0.2716  -0.4509   0.0000   0.1835   0.0015   0.0200   0.0760   0.1456   0.1095  -0.0020   0.0000   0.0196   0.0065    0.071
    40   0.2750  -0.4565   0.0000   0.1830   0.0005   0.0067   0.0707   0.0489   0.0368  -0.0024   0.0000   0.0072   0.0016    0.055
 ---------------------------------------------------------------
