 ---------------------------------------------------------------
 Surface and Strip Forces by surface

  Sref = 0.19820       Cref = 0.24890       Bref = 0.81280    
  Xref = 0.10920       Yref =  0.0000       Zref =  0.0000    

  Surface # 1     Wing                                    
     # Chordwise = 10   # Spanwise = 20     First strip =  1
     Surface area Ssurf =    0.099101     Ave. chord Cave =    0.243850

 Forces referred to Sref, Cref, Bref about Xref, Yref, Zref
 Standard axis orientation,  X fwd, Z down         
     CLsurf  =   0.18327     Clsurf  =  -0.03971
     CYsurf  =   0.00191     Cmsurf  =  -0.03184
     CDsurf  =   0.00706     Cnsurf  =  -0.00395
     CDisurf =   0.00706     CDvsurf =   0.00000

 Forces referred to Ssurf, Cave 
     CLsurf  =   0.36654     CDsurf  =   0.01413

 Strip Forces referred to Strip Area, Chord
    j     Xle      Yle      Zle      Chord    Area     c_cl     ai     cl_norm    cl       cd       cdv    cm_c/4     cm_LE   C.P.x/c
     1   0.0003   0.0006   0.0000   0.3046   0.0008   0.1088   0.0604   0.4135   0.3402   0.1856   0.0000  -0.0124  -0.0895    0.287
     2   0.0030   0.0056   0.0000   0.3031   0.0023   0.1088   0.0594   0.4343   0.3574   0.0331   0.0000  -0.0116  -0.0891    0.283
     3   0.0084   0.0155   0.0000   0.3002   0.0037   0.1088   0.0595   0.4395   0.3617   0.0248   0.0000  -0.0091  -0.0877    0.275
     4   0.0162   0.0299   0.0000   0.2958   0.0049   0.1087   0.0604   0.4461   0.3671   0.0225   0.0000  -0.0055  -0.0856    0.265
     5   0.0264   0.0487   0.0000   0.2902   0.0060   0.1085   0.0618   0.4543   0.3738   0.0204   0.0000  -0.0018  -0.0838    0.255
     6   0.0386   0.0712   0.0000   0.2834   0.0069   0.1081   0.0633   0.4636   0.3815   0.0184   0.0000   0.0015  -0.0825    0.246
     7   0.0525   0.0970   0.0000   0.2757   0.0075   0.1073   0.0648   0.4731   0.3893   0.0166   0.0000   0.0043  -0.0817    0.239
     8   0.0679   0.1254   0.0000   0.2672   0.0079   0.1058   0.0664   0.4819   0.3966   0.0150   0.0000   0.0067  -0.0812    0.233
     9   0.0843   0.1558   0.0000   0.2581   0.0080   0.1037   0.0681   0.4890   0.4024   0.0136   0.0000   0.0088  -0.0806    0.228
    10   0.1014   0.1873   0.0000   0.2486   0.0079   0.1007   0.0700   0.4930   0.4057   0.0123   0.0000   0.0108  -0.0795    0.223
    11   0.1186   0.2191   0.0000   0.2391   0.0076   0.0967   0.0724   0.4925   0.4053   0.0110   0.0000   0.0129  -0.0775    0.218
    12   0.1357   0.2506   0.0000   0.2296   0.0071   0.0916   0.0752   0.4859   0.3999   0.0097   0.0000   0.0153  -0.0742    0.212
    13   0.1521   0.2810   0.0000   0.2205   0.0065   0.0853   0.0785   0.4712   0.3877   0.0083   0.0000   0.0182  -0.0690    0.203
    14   0.1675   0.3094   0.0000   0.2120   0.0058   0.0776   0.0818   0.4462   0.3672   0.0067   0.0000   0.0215  -0.0616    0.192
    15   0.1814   0.3352   0.0000   0.2043   0.0050   0.0685   0.0848   0.4091   0.3367   0.0050   0.0000   0.0248  -0.0519    0.176
    16   0.1936   0.3577   0.0000   0.1975   0.0041   0.0580   0.0865   0.3585   0.2950   0.0032   0.0000   0.0275  -0.0404    0.157
    17   0.2038   0.3765   0.0000   0.1919   0.0032   0.0463   0.0861   0.2944   0.2423   0.0014   0.0000   0.0283  -0.0281    0.133
    18   0.2116   0.3909   0.0000   0.1875   0.0023   0.0335   0.0832   0.2185   0.1798  -0.0001   0.0000   0.0256  -0.0168    0.108
    19   0.2170   0.4008   0.0000   0.1846   0.0014   0.0202   0.0780   0.1341   0.1103  -0.0013   0.0000   0.0182  -0.0081    0.085
    20   0.2197   0.4058   0.0000   0.1831   0.0005   0.0067   0.0736   0.0453   0.0373  -0.0021   0.0000   0.0066  -0.0023    0.073

  Surface # 2     Wing (YDUP)                             
     # Chordwise = 10   # Spanwise = 20     First strip = 21
     Surface area Ssurf =    0.099101     Ave. chord Cave =    0.243850

 Forces referred to Sref, Cref, Bref about Xref, Yref, Zref
 Standard axis orientation,  X fwd, Z down         
     CLsurf  =   0.18327     Clsurf  =   0.03971
     CYsurf  =  -0.00191     Cmsurf  =  -0.03184
     CDsurf  =   0.00706     Cnsurf  =   0.00395
     CDisurf =   0.00706     CDvsurf =   0.00000

 Forces referred to Ssurf, Cave 
     CLsurf  =   0.36654     CDsurf  =   0.01413

 Strip Forces referred to Strip Area, Chord
    j     Xle      Yle      Zle      Chord    Area     c_cl     ai     cl_norm    cl       cd       cdv    cm_c/4     cm_LE   C.P.x/c
    21   0.0003  -0.0006   0.0000   0.3046   0.0008   0.1088   0.0604   0.4135   0.3402   0.1856   0.0000  -0.0124   0.0895    0.287
    22   0.0030  -0.0056   0.0000   0.3031   0.0023   0.1088   0.0594   0.4343   0.3574   0.0331   0.0000  -0.0116   0.0891    0.283
    23   0.0084  -0.0155   0.0000   0.3002   0.0037   0.1088   0.0595   0.4395   0.3617   0.0248   0.0000  -0.0091   0.0877    0.275
    24   0.0162  -0.0299   0.0000   0.2958   0.0049   0.1087   0.0604   0.4461   0.3671   0.0225   0.0000  -0.0055   0.0856    0.265
    25   0.0264  -0.0487   0.0000   0.2902   0.0060   0.1085   0.0618   0.4543   0.3738   0.0204   0.0000  -0.0018   0.0838    0.255
    26   0.0386  -0.0712   0.0000   0.2834   0.0069   0.1081   0.0633   0.4636   0.3815   0.0184   0.0000   0.0015   0.0825    0.246
    27   0.0525  -0.0970   0.0000   0.2757   0.0075   0.1073   0.0648   0.4731   0.3893   0.0166   0.0000   0.0043   0.0817    0.239
    28   0.0679  -0.1254   0.0000   0.2672   0.0079   0.1058   0.0664   0.4819   0.3966   0.0150   0.0000   0.0067   0.0812    0.233
    29   0.0843  -0.1558   0.0000   0.2581   0.0080   0.1037   0.0681   0.4890   0.4024   0.0136   0.0000   0.0088   0.0806    0.228
    30   0.1014  -0.1873   0.0000   0.2486   0.0079   0.1007   0.0700   0.4930   0.4057   0.0123   0.0000   0.0108   0.0795    0.223
    31   0.1186  -0.2191   0.0000   0.2391   0.0076   0.0967   0.0724   0.4925   0.4053   0.0110   0.0000   0.0129   0.0775    0.218
    32   0.1357  -0.2506   0.0000   0.2296   0.0071   0.0916   0.0752   0.4859   0.3999   0.0097   0.0000   0.0153   0.0742    0.212
    33   0.1521  -0.2810   0.0000   0.2205   0.0065   0.0853   0.0785   0.4712   0.3877   0.0083   0.0000   0.0182   0.0690    0.203
    34   0.1675  -0.3094   0.0000   0.2120   0.0058   0.0776   0.0818   0.4462   0.3672   0.0067   0.0000   0.0215   0.0616    0.192
    35   0.1814  -0.3352   0.0000   0.2043   0.0050   0.0685   0.0848   0.4091   0.3367   0.0050   0.0000   0.0248   0.0519    0.176
    36   0.1936  -0.3577   0.0000   0.1975   0.0041   0.0580   0.0865   0.3585   0.2950   0.0032   0.0000   0.0275   0.0404    0.157
    37   0.2038  -0.3765   0.0000   0.1919   0.0032   0.0463   0.0861   0.2944   0.2423   0.0014   0.0000   0.0283   0.0281    0.133
    38   0.2116  -0.3909   0.0000   0.1875   0.0023   0.0335   0.0832   0.2185   0.1798  -0.0001   0.0000   0.0256   0.0168    0.108
    39   0.2170  -0.4008   0.0000   0.1846   0.0014   0.0202   0.0780   0.1341   0.1103  -0.0013   0.0000   0.0182   0.0081    0.085
    40   0.2197  -0.4058   0.0000   0.1831   0.0005   0.0067   0.0736   0.0453   0.0373  -0.0021   0.0000   0.0066   0.0023    0.073
 ---------------------------------------------------------------
