 ---------------------------------------------------------------
 Surface and Strip Forces by surface

  Sref = 0.22300       Cref = 0.24890       Bref = 0.91440    
  Xref = 0.10920       Yref =  0.0000       Zref =  0.0000    

  Surface # 1     Wing                                    
     # Chordwise = 10   # Spanwise = 20     First strip =  1
     Surface area Ssurf =    0.111488     Ave. chord Cave =    0.243850

 Forces referred to Sref, Cref, Bref about Xref, Yref, Zref
 Standard axis orientation,  X fwd, Z down         
     CLsurf  =   0.16289     Clsurf  =  -0.03526
     CYsurf  =   0.00090     Cmsurf  =  -0.02138
     CDsurf  =   0.00490     Cnsurf  =  -0.00250
     CDisurf =   0.00490     CDvsurf =   0.00000

 Forces referred to Ssurf, Cave 
     CLsurf  =   0.32581     CDsurf  =   0.00979

 Strip Forces referred to Strip Area, Chord
    j     Xle      Yle      Zle      Chord    Area     c_cl     ai     cl_norm    cl       cd       cdv    cm_c/4     cm_LE   C.P.x/c
     1   0.0003   0.0007   0.0000   0.3046   0.0009   0.0972   0.0491   0.3517   0.3108   0.1131   0.0000  -0.0073  -0.0800    0.274
     2   0.0027   0.0063   0.0000   0.3031   0.0025   0.0971   0.0481   0.3619   0.3198   0.0215   0.0000  -0.0066  -0.0797    0.271
     3   0.0075   0.0174   0.0000   0.3002   0.0041   0.0971   0.0480   0.3658   0.3232   0.0166   0.0000  -0.0046  -0.0785    0.264
     4   0.0145   0.0337   0.0000   0.2958   0.0055   0.0970   0.0486   0.3711   0.3279   0.0151   0.0000  -0.0018  -0.0770    0.255
     5   0.0236   0.0548   0.0000   0.2902   0.0068   0.0968   0.0494   0.3776   0.3336   0.0136   0.0000   0.0010  -0.0757    0.247
     6   0.0345   0.0801   0.0000   0.2834   0.0077   0.0964   0.0504   0.3849   0.3401   0.0123   0.0000   0.0034  -0.0749    0.240
     7   0.0470   0.1092   0.0000   0.2757   0.0084   0.0955   0.0514   0.3924   0.3467   0.0112   0.0000   0.0054  -0.0746    0.234
     8   0.0608   0.1411   0.0000   0.2672   0.0089   0.0941   0.0523   0.3992   0.3527   0.0102   0.0000   0.0070  -0.0744    0.230
     9   0.0755   0.1752   0.0000   0.2581   0.0090   0.0921   0.0534   0.4045   0.3574   0.0093   0.0000   0.0084  -0.0742    0.226
    10   0.0907   0.2107   0.0000   0.2486   0.0089   0.0894   0.0547   0.4073   0.3599   0.0086   0.0000   0.0098  -0.0736    0.223
    11   0.1062   0.2465   0.0000   0.2391   0.0085   0.0857   0.0564   0.4065   0.3592   0.0078   0.0000   0.0112  -0.0721    0.219
    12   0.1214   0.2820   0.0000   0.2296   0.0080   0.0812   0.0586   0.4008   0.3542   0.0071   0.0000   0.0129  -0.0694    0.214
    13   0.1361   0.3161   0.0000   0.2205   0.0073   0.0756   0.0612   0.3886   0.3434   0.0063   0.0000   0.0149  -0.0650    0.207
    14   0.1499   0.3480   0.0000   0.2120   0.0065   0.0688   0.0641   0.3682   0.3254   0.0055   0.0000   0.0174  -0.0586    0.197
    15   0.1624   0.3771   0.0000   0.2043   0.0056   0.0609   0.0669   0.3379   0.2986   0.0045   0.0000   0.0201  -0.0500    0.183
    16   0.1733   0.4024   0.0000   0.1975   0.0046   0.0516   0.0687   0.2964   0.2619   0.0034   0.0000   0.0224  -0.0394    0.164
    17   0.1824   0.4235   0.0000   0.1919   0.0036   0.0412   0.0687   0.2435   0.2151   0.0022   0.0000   0.0234  -0.0278    0.141
    18   0.1894   0.4398   0.0000   0.1875   0.0026   0.0298   0.0660   0.1806   0.1595   0.0010   0.0000   0.0215  -0.0168    0.115
    19   0.1942   0.4509   0.0000   0.1846   0.0015   0.0180   0.0609   0.1106   0.0977  -0.0002   0.0000   0.0155  -0.0081    0.091
    20   0.1966   0.4565   0.0000   0.1831   0.0005   0.0060   0.0559   0.0372   0.0329  -0.0011   0.0000   0.0057  -0.0023    0.076

  Surface # 2     Wing (YDUP)                             
     # Chordwise = 10   # Spanwise = 20     First strip = 21
     Surface area Ssurf =    0.111488     Ave. chord Cave =    0.243850

 Forces referred to Sref, Cref, Bref about Xref, Yref, Zref
 Standard axis orientation,  X fwd, Z down         
     CLsurf  =   0.16289     Clsurf  =   0.03526
     CYsurf  =  -0.00090     Cmsurf  =  -0.02138
     CDsurf  =   0.00490     Cnsurf  =   0.00250
     CDisurf =   0.00490     CDvsurf =   0.00000

 Forces referred to Ssurf, Cave 
     CLsurf  =   0.32581     CDsurf  =   0.00979

 Strip Forces referred to Strip Area, Chord
    j     Xle      Yle      Zle      Chord    Area     c_cl     ai     cl_norm    cl       cd       cdv    cm_c/4     cm_LE   C.P.x/c
    21   0.0003  -0.0007   0.0000   0.3046   0.0009   0.0972   0.0491   0.3517   0.3108   0.1131   0.0000  -0.0073   0.0800    0.274
    22   0.0027  -0.0063   0.0000   0.3031   0.0025   0.0971   0.0481   0.3619   0.3198   0.0215   0.0000  -0.0066   0.0797    0.271
    23   0.0075  -0.0174   0.0000   0.3002   0.0041   0.0971   0.0480   0.3658   0.3232   0.0166   0.0000  -0.0046   0.0785    0.264
    24   0.0145  -0.0337   0.0000   0.2958   0.0055   0.0970   0.0486   0.3711   0.3279   0.0151   0.0000  -0.0018   0.0770    0.255
    25   0.0236  -0.0548   0.0000   0.2902   0.0068   0.0968   0.0494   0.3776   0.3336   0.0136   0.0000   0.0010   0.0757    0.247
    26   0.0345  -0.0801   0.0000   0.2834   0.0077   0.0964   0.0504   0.3849   0.3401   0.0123   0.0000   0.0034   0.0749    0.240
    27   0.0470  -0.1092   0.0000   0.2757   0.0084   0.0955   0.0514   0.3924   0.3467   0.0112   0.0000   0.0054   0.0746    0.234
    28   0.0608  -0.1411   0.0000   0.2672   0.0089   0.0941   0.0523   0.3992   0.3527   0.0102   0.0000   0.0070   0.0744    0.230
    29   0.0755  -0.1752   0.0000   0.2581   0.0090   0.0921   0.0534   0.4045   0.3574   0.0093   0.0000   0.0084   0.0742    0.226
    30   0.0907  -0.2107   0.0000   0.2486   0.0089   0.0894   0.0547   0.4073   0.3599   0.0086   0.0000   0.0098   0.0736    0.223
    31   0.1062  -0.2465   0.0000   0.2391   0.0085   0.0857   0.0564   0.4065   0.3592   0.0078   0.0000   0.0112   0.0721    0.219
    32   0.1214  -0.2820   0.0000   0.2296   0.0080   0.0812   0.0586   0.4008   0.3542   0.0071   0.0000   0.0129   0.0694    0.214
    33   0.1361  -0.3161   0.0000   0.2205   0.0073   0.0756   0.0612   0.3886   0.3434   0.0063   0.0000   0.0149   0.0650    0.207
    34   0.1499  -0.3480   0.0000   0.2120   0.0065   0.0688   0.0641   0.3682   0.3254   0.0055   0.0000   0.0174   0.0586    0.197
    35   0.1624  -0.3771   0.0000   0.2043   0.0056   0.0609   0.0669   0.3379   0.2986   0.0045   0.0000   0.0201   0.0500    0.183
    36   0.1733  -0.4024   0.0000   0.1975   0.0046   0.0516   0.0687   0.2964   0.2619   0.0034   0.0000   0.0224   0.0394    0.164
    37   0.1824  -0.4235   0.0000   0.1919   0.0036   0.0412   0.0687   0.2435   0.2151   0.0022   0.0000   0.0234   0.0278    0.141
    38   0.1894  -0.4398   0.0000   0.1875   0.0026   0.0298   0.0660   0.1806   0.1595   0.0010   0.0000   0.0215   0.0168    0.115
    39   0.1942  -0.4509   0.0000   0.1846   0.0015   0.0180   0.0609   0.1106   0.0977  -0.0002   0.0000   0.0155   0.0081    0.091
    40   0.1966  -0.4565   0.0000   0.1831   0.0005   0.0060   0.0559   0.0372   0.0329  -0.0011   0.0000   0.0057   0.0023    0.076
 ---------------------------------------------------------------
