 ---------------------------------------------------------------
 Surface and Strip Forces by surface

  Sref = 0.15170       Cref = 0.22640       Bref = 0.71120    
  Xref = 0.10920       Yref =  0.0000       Zref =  0.0000    

  Surface # 1     Wing                                    
     # Chordwise = 10   # Spanwise = 20     First strip =  1
     Surface area Ssurf =    0.075867     Ave. chord Cave =    0.213350

 Forces referred to Sref, Cref, Bref about Xref, Yref, Zref
 Standard axis orientation,  X fwd, Z down         
     CLsurf  =   0.23945     Clsurf  =  -0.05147
     CYsurf  =   0.00154     Cmsurf  =  -0.05578
     CDsurf  =   0.01222     Cnsurf  =  -0.00685
     CDisurf =   0.01222     CDvsurf =   0.00000

 Forces referred to Ssurf, Cave 
     CLsurf  =   0.47879     CDsurf  =   0.02444

 Strip Forces referred to Strip Area, Chord
    j     Xle      Yle      Zle      Chord    Area     c_cl     ai     cl_norm    cl       cd       cdv    cm_c/4     cm_LE   C.P.x/c
     1   0.0004   0.0005   0.0000   0.3045   0.0007   0.1262   0.0835   0.4967   0.3746   0.3193   0.0000  -0.0185  -0.0998    0.299
     2   0.0035   0.0049   0.0000   0.3023   0.0020   0.1262   0.0831   0.5485   0.4137   0.0562   0.0000  -0.0176  -0.0997    0.293
     3   0.0096   0.0135   0.0000   0.2978   0.0032   0.1262   0.0834   0.5593   0.4218   0.0418   0.0000  -0.0147  -0.0986    0.285
     4   0.0185   0.0262   0.0000   0.2913   0.0042   0.1260   0.0843   0.5720   0.4314   0.0383   0.0000  -0.0105  -0.0969    0.274
     5   0.0301   0.0426   0.0000   0.2829   0.0051   0.1257   0.0855   0.5882   0.4437   0.0351   0.0000  -0.0059  -0.0956    0.263
     6   0.0440   0.0623   0.0000   0.2727   0.0058   0.1250   0.0867   0.6074   0.4581   0.0319   0.0000  -0.0016  -0.0949    0.254
     7   0.0599   0.0849   0.0000   0.2611   0.0062   0.1237   0.0877   0.6286   0.4741   0.0288   0.0000   0.0020  -0.0951    0.246
     8   0.0775   0.1098   0.0000   0.2483   0.0064   0.1216   0.0887   0.6507   0.4907   0.0258   0.0000   0.0051  -0.0958    0.240
     9   0.0962   0.1363   0.0000   0.2347   0.0064   0.1187   0.0896   0.6724   0.5071   0.0230   0.0000   0.0078  -0.0969    0.235
    10   0.1157   0.1638   0.0000   0.2205   0.0061   0.1147   0.0906   0.6922   0.5221   0.0203   0.0000   0.0102  -0.0979    0.231
    11   0.1353   0.1918   0.0000   0.2062   0.0057   0.1096   0.0921   0.7082   0.5341   0.0176   0.0000   0.0126  -0.0982    0.226
    12   0.1548   0.2193   0.0000   0.1920   0.0052   0.1033   0.0943   0.7177   0.5413   0.0147   0.0000   0.0155  -0.0973    0.221
    13   0.1735   0.2458   0.0000   0.1784   0.0046   0.0959   0.0974   0.7172   0.5409   0.0116   0.0000   0.0190  -0.0943    0.215
    14   0.1911   0.2707   0.0000   0.1656   0.0039   0.0871   0.1014   0.7024   0.5298   0.0082   0.0000   0.0235  -0.0882    0.206
    15   0.2070   0.2933   0.0000   0.1540   0.0033   0.0769   0.1059   0.6677   0.5036   0.0045   0.0000   0.0290  -0.0783    0.192
    16   0.2209   0.3130   0.0000   0.1438   0.0026   0.0653   0.1099   0.6074   0.4581   0.0004   0.0000   0.0347  -0.0643    0.174
    17   0.2325   0.3294   0.0000   0.1354   0.0020   0.0522   0.1121   0.5171   0.3900  -0.0034   0.0000   0.0387  -0.0472    0.151
    18   0.2414   0.3421   0.0000   0.1289   0.0014   0.0380   0.1113   0.3961   0.2988  -0.0063   0.0000   0.0377  -0.0295    0.124
    19   0.2475   0.3507   0.0000   0.1244   0.0008   0.0230   0.1070   0.2490   0.1878  -0.0072   0.0000   0.0286  -0.0145    0.098
    20   0.2506   0.3551   0.0000   0.1222   0.0003   0.0077   0.1020   0.0854   0.0644  -0.0063   0.0000   0.0107  -0.0041    0.083

  Surface # 2     Wing (YDUP)                             
     # Chordwise = 10   # Spanwise = 20     First strip = 21
     Surface area Ssurf =    0.075867     Ave. chord Cave =    0.213350

 Forces referred to Sref, Cref, Bref about Xref, Yref, Zref
 Standard axis orientation,  X fwd, Z down         
     CLsurf  =   0.23945     Clsurf  =   0.05147
     CYsurf  =  -0.00154     Cmsurf  =  -0.05578
     CDsurf  =   0.01222     Cnsurf  =   0.00685
     CDisurf =   0.01222     CDvsurf =   0.00000

 Forces referred to Ssurf, Cave 
     CLsurf  =   0.47879     CDsurf  =   0.02444

 Strip Forces referred to Strip Area, Chord
    j     Xle      Yle      Zle      Chord    Area     c_cl     ai     cl_norm    cl       cd       cdv    cm_c/4     cm_LE   C.P.x/c
    21   0.0004  -0.0005   0.0000   0.3045   0.0007   0.1262   0.0835   0.4967   0.3746   0.3193   0.0000  -0.0185   0.0998    0.299
    22   0.0035  -0.0049   0.0000   0.3023   0.0020   0.1262   0.0831   0.5485   0.4137   0.0562   0.0000  -0.0176   0.0997    0.293
    23   0.0096  -0.0135   0.0000   0.2978   0.0032   0.1262   0.0834   0.5593   0.4218   0.0418   0.0000  -0.0147   0.0986    0.285
    24   0.0185  -0.0262   0.0000   0.2913   0.0042   0.1260   0.0843   0.5720   0.4314   0.0383   0.0000  -0.0105   0.0969    0.274
    25   0.0301  -0.0426   0.0000   0.2829   0.0051   0.1257   0.0855   0.5882   0.4437   0.0351   0.0000  -0.0059   0.0956    0.263
    26   0.0440  -0.0623   0.0000   0.2727   0.0058   0.1250   0.0867   0.6074   0.4581   0.0319   0.0000  -0.0016   0.0949    0.254
    27   0.0599  -0.0849   0.0000   0.2611   0.0062   0.1237   0.0877   0.6286   0.4741   0.0288   0.0000   0.0020   0.0951    0.246
    28   0.0775  -0.1098   0.0000   0.2483   0.0064   0.1216   0.0887   0.6507   0.4907   0.0258   0.0000   0.0051   0.0958    0.240
    29   0.0962  -0.1363   0.0000   0.2347   0.0064   0.1187   0.0896   0.6724   0.5071   0.0230   0.0000   0.0078   0.0969    0.235
    30   0.1157  -0.1638   0.0000   0.2205   0.0061   0.1147   0.0906   0.6922   0.5221   0.0203   0.0000   0.0102   0.0979    0.231
    31   0.1353  -0.1918   0.0000   0.2062   0.0057   0.1096   0.0921   0.7082   0.5341   0.0176   0.0000   0.0126   0.0982    0.226
    32   0.1548  -0.2193   0.0000   0.1920   0.0052   0.1033   0.0943   0.7177   0.5413   0.0147   0.0000   0.0155   0.0973    0.221
    33   0.1735  -0.2458   0.0000   0.1784   0.0046   0.0959   0.0974   0.7172   0.5409   0.0116   0.0000   0.0190   0.0943    0.215
    34   0.1911  -0.2707   0.0000   0.1656   0.0039   0.0871   0.1014   0.7024   0.5298   0.0082   0.0000   0.0235   0.0882    0.206
    35   0.2070  -0.2933   0.0000   0.1540   0.0033   0.0769   0.1059   0.6677   0.5036   0.0045   0.0000   0.0290   0.0783    0.192
    36   0.2209  -0.3130   0.0000   0.1438   0.0026   0.0653   0.1099   0.6074   0.4581   0.0004   0.0000   0.0347   0.0643    0.174
    37   0.2325  -0.3294   0.0000   0.1354   0.0020   0.0522   0.1121   0.5171   0.3900  -0.0034   0.0000   0.0387   0.0472    0.151
    38   0.2414  -0.3421   0.0000   0.1289   0.0014   0.0380   0.1113   0.3961   0.2988  -0.0063   0.0000   0.0377   0.0295    0.124
    39   0.2475  -0.3507   0.0000   0.1244   0.0008   0.0230   0.1070   0.2490   0.1878  -0.0072   0.0000   0.0286   0.0145    0.098
    40   0.2506  -0.3551   0.0000   0.1222   0.0003   0.0077   0.1020   0.0854   0.0644  -0.0063   0.0000   0.0107   0.0041    0.083
 ---------------------------------------------------------------
