 ---------------------------------------------------------------
 Surface and Strip Forces by surface

  Sref = 0.12390       Cref = 0.17500       Bref = 0.81280    
  Xref = 0.10920       Yref =  0.0000       Zref =  0.0000    

  Surface # 1     Wing                                    
     # Chordwise = 10   # Spanwise = 20     First strip =  1
     Surface area Ssurf =    0.061935     Ave. chord Cave =    0.152400

 Forces referred to Sref, Cref, Bref about Xref, Yref, Zref
 Standard axis orientation,  X fwd, Z down         
     CLsurf  =   0.29318     Clsurf  =  -0.06175
     CYsurf  =   0.00504     Cmsurf  =  -0.08965
     CDsurf  =   0.01158     Cnsurf  =  -0.00901
     CDisurf =   0.01158     CDvsurf =   0.00000

 Forces referred to Ssurf, Cave 
     CLsurf  =   0.58649     CDsurf  =   0.02316

 Strip Forces referred to Strip Area, Chord
    j     Xle      Yle      Zle      Chord    Area     c_cl     ai     cl_norm    cl       cd       cdv    cm_c/4     cm_LE   C.P.x/c
     1   0.0004   0.0006   0.0000   0.2537   0.0006   0.1141   0.0696   0.5523   0.4166   0.2689   0.0000  -0.0233  -0.1110    0.306
     2   0.0039   0.0056   0.0000   0.2512   0.0019   0.1141   0.0696   0.5978   0.4510   0.0545   0.0000  -0.0218  -0.1107    0.298
     3   0.0109   0.0155   0.0000   0.2463   0.0030   0.1141   0.0706   0.6118   0.4615   0.0439   0.0000  -0.0174  -0.1090    0.288
     4   0.0210   0.0299   0.0000   0.2390   0.0040   0.1140   0.0720   0.6308   0.4758   0.0396   0.0000  -0.0118  -0.1072    0.275
     5   0.0342   0.0487   0.0000   0.2297   0.0048   0.1136   0.0733   0.6554   0.4944   0.0353   0.0000  -0.0064  -0.1064    0.263
     6   0.0500   0.0712   0.0000   0.2184   0.0053   0.1127   0.0740   0.6849   0.5166   0.0311   0.0000  -0.0019  -0.1071    0.254
     7   0.0681   0.0970   0.0000   0.2055   0.0056   0.1111   0.0740   0.7183   0.5419   0.0272   0.0000   0.0014  -0.1094    0.247
     8   0.0881   0.1254   0.0000   0.1913   0.0056   0.1085   0.0730   0.7547   0.5693   0.0236   0.0000   0.0037  -0.1130    0.243
     9   0.1094   0.1558   0.0000   0.1761   0.0055   0.1049   0.0714   0.7932   0.5984   0.0201   0.0000   0.0053  -0.1175    0.241
    10   0.1315   0.1873   0.0000   0.1604   0.0051   0.1002   0.0692   0.8328   0.6282   0.0167   0.0000   0.0063  -0.1226    0.240
    11   0.1539   0.2191   0.0000   0.1444   0.0046   0.0944   0.0668   0.8724   0.6581   0.0131   0.0000   0.0070  -0.1280    0.239
    12   0.1760   0.2506   0.0000   0.1287   0.0040   0.0877   0.0646   0.9107   0.6870   0.0093   0.0000   0.0077  -0.1331    0.239
    13   0.1973   0.2810   0.0000   0.1135   0.0033   0.0803   0.0631   0.9454   0.7132   0.0053   0.0000   0.0087  -0.1375    0.238
    14   0.2173   0.3094   0.0000   0.0993   0.0027   0.0722   0.0634   0.9725   0.7336   0.0009   0.0000   0.0104  -0.1401    0.236
    15   0.2354   0.3352   0.0000   0.0864   0.0021   0.0635   0.0664   0.9847   0.7428  -0.0037   0.0000   0.0137  -0.1393    0.232
    16   0.2512   0.3577   0.0000   0.0751   0.0016   0.0543   0.0735   0.9686   0.7307  -0.0085   0.0000   0.0196  -0.1318    0.223
    17   0.2644   0.3765   0.0000   0.0658   0.0011   0.0442   0.0845   0.9014   0.6800  -0.0136   0.0000   0.0296  -0.1132    0.206
    18   0.2745   0.3909   0.0000   0.0585   0.0007   0.0328   0.0951   0.7537   0.5686  -0.0181   0.0000   0.0415  -0.0807    0.177
    19   0.2815   0.4008   0.0000   0.0536   0.0004   0.0202   0.0985   0.5070   0.3825  -0.0189   0.0000   0.0441  -0.0409    0.135
    20   0.2850   0.4058   0.0000   0.0511   0.0001   0.0068   0.0920   0.1792   0.1352  -0.0118   0.0000   0.0207  -0.0101    0.097

  Surface # 2     Wing (YDUP)                             
     # Chordwise = 10   # Spanwise = 20     First strip = 21
     Surface area Ssurf =    0.061935     Ave. chord Cave =    0.152400

 Forces referred to Sref, Cref, Bref about Xref, Yref, Zref
 Standard axis orientation,  X fwd, Z down         
     CLsurf  =   0.29318     Clsurf  =   0.06175
     CYsurf  =  -0.00504     Cmsurf  =  -0.08965
     CDsurf  =   0.01158     Cnsurf  =   0.00901
     CDisurf =   0.01158     CDvsurf =   0.00000

 Forces referred to Ssurf, Cave 
     CLsurf  =   0.58649     CDsurf  =   0.02316

 Strip Forces referred to Strip Area, Chord
    j     Xle      Yle      Zle      Chord    Area     c_cl     ai     cl_norm    cl       cd       cdv    cm_c/4     cm_LE   C.P.x/c
    21   0.0004  -0.0006   0.0000   0.2537   0.0006   0.1141   0.0696   0.5523   0.4166   0.2689   0.0000  -0.0233   0.1110    0.306
    22   0.0039  -0.0056   0.0000   0.2512   0.0019   0.1141   0.0696   0.5978   0.4510   0.0545   0.0000  -0.0218   0.1107    0.298
    23   0.0109  -0.0155   0.0000   0.2463   0.0030   0.1141   0.0706   0.6118   0.4615   0.0439   0.0000  -0.0174   0.1090    0.288
    24   0.0210  -0.0299   0.0000   0.2390   0.0040   0.1140   0.0720   0.6308   0.4758   0.0396   0.0000  -0.0118   0.1072    0.275
    25   0.0342  -0.0487   0.0000   0.2297   0.0048   0.1136   0.0733   0.6554   0.4944   0.0353   0.0000  -0.0064   0.1064    0.263
    26   0.0500  -0.0712   0.0000   0.2184   0.0053   0.1127   0.0740   0.6849   0.5166   0.0311   0.0000  -0.0019   0.1071    0.254
    27   0.0681  -0.0970   0.0000   0.2055   0.0056   0.1111   0.0740   0.7183   0.5419   0.0272   0.0000   0.0014   0.1094    0.247
    28   0.0881  -0.1254   0.0000   0.1913   0.0056   0.1085   0.0730   0.7547   0.5693   0.0236   0.0000   0.0037   0.1130    0.243
    29   0.1094  -0.1558   0.0000   0.1761   0.0055   0.1049   0.0714   0.7932   0.5984   0.0201   0.0000   0.0053   0.1175    0.241
    30   0.1315  -0.1873   0.0000   0.1604   0.0051   0.1002   0.0692   0.8328   0.6282   0.0167   0.0000   0.0063   0.1226    0.240
    31   0.1539  -0.2191   0.0000   0.1444   0.0046   0.0944   0.0668   0.8724   0.6581   0.0131   0.0000   0.0070   0.1280    0.239
    32   0.1760  -0.2506   0.0000   0.1287   0.0040   0.0877   0.0646   0.9107   0.6870   0.0093   0.0000   0.0077   0.1331    0.239
    33   0.1973  -0.2810   0.0000   0.1135   0.0033   0.0803   0.0631   0.9454   0.7132   0.0053   0.0000   0.0087   0.1375    0.238
    34   0.2173  -0.3094   0.0000   0.0993   0.0027   0.0722   0.0634   0.9725   0.7336   0.0009   0.0000   0.0104   0.1401    0.236
    35   0.2354  -0.3352   0.0000   0.0864   0.0021   0.0635   0.0664   0.9847   0.7428  -0.0037   0.0000   0.0137   0.1393    0.232
    36   0.2512  -0.3577   0.0000   0.0751   0.0016   0.0543   0.0735   0.9686   0.7307  -0.0085   0.0000   0.0196   0.1318    0.223
    37   0.2644  -0.3765   0.0000   0.0658   0.0011   0.0442   0.0845   0.9014   0.6800  -0.0136   0.0000   0.0296   0.1132    0.206
    38   0.2745  -0.3909   0.0000   0.0585   0.0007   0.0328   0.0951   0.7537   0.5686  -0.0181   0.0000   0.0415   0.0807    0.177
    39   0.2815  -0.4008   0.0000   0.0536   0.0004   0.0202   0.0985   0.5070   0.3825  -0.0189   0.0000   0.0441   0.0409    0.135
    40   0.2850  -0.4058   0.0000   0.0511   0.0001   0.0068   0.0920   0.1792   0.1352  -0.0118   0.0000   0.0207   0.0101    0.097
 ---------------------------------------------------------------
