 ---------------------------------------------------------------
 Surface and Strip Forces by surface

  Sref = 0.11150       Cref = 0.15750       Bref = 0.81280    
  Xref = 0.10920       Yref =  0.0000       Zref =  0.0000    

  Surface # 1     Wing                                    
     # Chordwise = 10   # Spanwise = 20     First strip =  1
     Surface area Ssurf =    0.055738     Ave. chord Cave =    0.137150

 Forces referred to Sref, Cref, Bref about Xref, Yref, Zref
 Standard axis orientation,  X fwd, Z down         
     CLsurf  =   0.32578     Clsurf  =  -0.06772
     CYsurf  =   0.00023     Cmsurf  =  -0.01835
     CDsurf  =   0.01251     Cnsurf  =  -0.00830
     CDisurf =   0.01251     CDvsurf =   0.00000

 Forces referred to Ssurf, Cave 
     CLsurf  =   0.65170     CDsurf  =   0.02503

 Strip Forces referred to Strip Area, Chord
    j     Xle      Yle      Zle      Chord    Area     c_cl     ai     cl_norm    cl       cd       cdv    cm_c/4     cm_LE   C.P.x/c
     1   0.0003   0.0006   0.0000   0.2283   0.0006   0.1170   0.0780   0.5483   0.4853   0.2247   0.0000  -0.0136  -0.1279    0.278
     2   0.0027   0.0056   0.0000   0.2261   0.0017   0.1170   0.0780   0.5820   0.5151   0.0536   0.0000  -0.0123  -0.1279    0.274
     3   0.0074   0.0155   0.0000   0.2216   0.0027   0.1169   0.0782   0.5950   0.5266   0.0441   0.0000  -0.0088  -0.1270    0.267
     4   0.0143   0.0299   0.0000   0.2151   0.0036   0.1166   0.0784   0.6125   0.5421   0.0395   0.0000  -0.0045  -0.1264    0.258
     5   0.0232   0.0487   0.0000   0.2067   0.0043   0.1160   0.0783   0.6347   0.5618   0.0353   0.0000  -0.0005  -0.1271    0.251
     6   0.0339   0.0712   0.0000   0.1965   0.0048   0.1147   0.0776   0.6609   0.5850   0.0315   0.0000   0.0027  -0.1292    0.245
     7   0.0462   0.0970   0.0000   0.1849   0.0050   0.1126   0.0763   0.6903   0.6110   0.0282   0.0000   0.0051  -0.1328    0.242
     8   0.0598   0.1254   0.0000   0.1721   0.0051   0.1095   0.0743   0.7218   0.6389   0.0251   0.0000   0.0066  -0.1376    0.240
     9   0.0742   0.1558   0.0000   0.1585   0.0049   0.1053   0.0716   0.7547   0.6680   0.0221   0.0000   0.0075  -0.1432    0.239
    10   0.0892   0.1873   0.0000   0.1443   0.0046   0.1000   0.0684   0.7879   0.6974   0.0191   0.0000   0.0080  -0.1491    0.238
    11   0.1044   0.2191   0.0000   0.1300   0.0041   0.0937   0.0651   0.8205   0.7263   0.0160   0.0000   0.0084  -0.1551    0.238
    12   0.1194   0.2506   0.0000   0.1158   0.0036   0.0866   0.0619   0.8511   0.7534   0.0128   0.0000   0.0089  -0.1607    0.238
    13   0.1338   0.2810   0.0000   0.1022   0.0030   0.0787   0.0594   0.8776   0.7768   0.0094   0.0000   0.0096  -0.1652    0.238
    14   0.1474   0.3094   0.0000   0.0894   0.0024   0.0703   0.0584   0.8964   0.7935   0.0059   0.0000   0.0109  -0.1676    0.236
    15   0.1597   0.3352   0.0000   0.0778   0.0019   0.0614   0.0599   0.9012   0.7977   0.0026   0.0000   0.0135  -0.1661    0.233
    16   0.1704   0.3577   0.0000   0.0676   0.0014   0.0521   0.0653   0.8805   0.7794  -0.0006   0.0000   0.0183  -0.1576    0.227
    17   0.1793   0.3765   0.0000   0.0592   0.0010   0.0422   0.0748   0.8154   0.7217  -0.0034   0.0000   0.0262  -0.1374    0.214
    18   0.1862   0.3909   0.0000   0.0527   0.0006   0.0314   0.0860   0.6805   0.6023  -0.0058   0.0000   0.0360  -0.1019    0.190
    19   0.1909   0.4008   0.0000   0.0482   0.0004   0.0193   0.0920   0.4580   0.4054  -0.0065   0.0000   0.0384  -0.0557    0.155
    20   0.1933   0.4058   0.0000   0.0460   0.0001   0.0065   0.0876   0.1617   0.1431  -0.0048   0.0000   0.0184  -0.0152    0.121

  Surface # 2     Wing (YDUP)                             
     # Chordwise = 10   # Spanwise = 20     First strip = 21
     Surface area Ssurf =    0.055738     Ave. chord Cave =    0.137150

 Forces referred to Sref, Cref, Bref about Xref, Yref, Zref
 Standard axis orientation,  X fwd, Z down         
     CLsurf  =   0.32578     Clsurf  =   0.06772
     CYsurf  =  -0.00023     Cmsurf  =  -0.01835
     CDsurf  =   0.01251     Cnsurf  =   0.00830
     CDisurf =   0.01251     CDvsurf =   0.00000

 Forces referred to Ssurf, Cave 
     CLsurf  =   0.65170     CDsurf  =   0.02503

 Strip Forces referred to Strip Area, Chord
    j     Xle      Yle      Zle      Chord    Area     c_cl     ai     cl_norm    cl       cd       cdv    cm_c/4     cm_LE   C.P.x/c
    21   0.0003  -0.0006   0.0000   0.2283   0.0006   0.1170   0.0780   0.5483   0.4853   0.2247   0.0000  -0.0136   0.1279    0.278
    22   0.0027  -0.0056   0.0000   0.2261   0.0017   0.1170   0.0780   0.5820   0.5151   0.0536   0.0000  -0.0123   0.1279    0.274
    23   0.0074  -0.0155   0.0000   0.2216   0.0027   0.1169   0.0782   0.5950   0.5266   0.0441   0.0000  -0.0088   0.1270    0.267
    24   0.0143  -0.0299   0.0000   0.2151   0.0036   0.1166   0.0784   0.6125   0.5421   0.0395   0.0000  -0.0045   0.1264    0.258
    25   0.0232  -0.0487   0.0000   0.2067   0.0043   0.1160   0.0783   0.6347   0.5618   0.0353   0.0000  -0.0005   0.1271    0.251
    26   0.0339  -0.0712   0.0000   0.1965   0.0048   0.1147   0.0776   0.6609   0.5850   0.0315   0.0000   0.0027   0.1292    0.245
    27   0.0462  -0.0970   0.0000   0.1849   0.0050   0.1126   0.0763   0.6903   0.6110   0.0282   0.0000   0.0051   0.1328    0.242
    28   0.0598  -0.1254   0.0000   0.1721   0.0051   0.1095   0.0743   0.7218   0.6389   0.0251   0.0000   0.0066   0.1376    0.240
    29   0.0742  -0.1558   0.0000   0.1585   0.0049   0.1053   0.0716   0.7547   0.6680   0.0221   0.0000   0.0075   0.1432    0.239
    30   0.0892  -0.1873   0.0000   0.1443   0.0046   0.1000   0.0684   0.7879   0.6974   0.0191   0.0000   0.0080   0.1491    0.238
    31   0.1044  -0.2191   0.0000   0.1300   0.0041   0.0937   0.0651   0.8205   0.7263   0.0160   0.0000   0.0084   0.1551    0.238
    32   0.1194  -0.2506   0.0000   0.1158   0.0036   0.0866   0.0619   0.8511   0.7534   0.0128   0.0000   0.0089   0.1607    0.238
    33   0.1338  -0.2810   0.0000   0.1022   0.0030   0.0787   0.0594   0.8776   0.7768   0.0094   0.0000   0.0096   0.1652    0.238
    34   0.1474  -0.3094   0.0000   0.0894   0.0024   0.0703   0.0584   0.8964   0.7935   0.0059   0.0000   0.0109   0.1676    0.236
    35   0.1597  -0.3352   0.0000   0.0778   0.0019   0.0614   0.0599   0.9012   0.7977   0.0026   0.0000   0.0135   0.1661    0.233
    36   0.1704  -0.3577   0.0000   0.0676   0.0014   0.0521   0.0653   0.8805   0.7794  -0.0006   0.0000   0.0183   0.1576    0.227
    37   0.1793  -0.3765   0.0000   0.0592   0.0010   0.0422   0.0748   0.8154   0.7217  -0.0034   0.0000   0.0262   0.1374    0.214
    38   0.1862  -0.3909   0.0000   0.0527   0.0006   0.0314   0.0860   0.6805   0.6023  -0.0058   0.0000   0.0360   0.1019    0.190
    39   0.1909  -0.4008   0.0000   0.0482   0.0004   0.0193   0.0920   0.4580   0.4054  -0.0065   0.0000   0.0384   0.0557    0.155
    40   0.1933  -0.4058   0.0000   0.0460   0.0001   0.0065   0.0876   0.1617   0.1431  -0.0048   0.0000   0.0184   0.0152    0.121
 ---------------------------------------------------------------
