 ---------------------------------------------------------------
 Surface and Strip Forces by surface

  Sref = 0.16260       Cref = 0.18870       Bref = 0.91440    
  Xref = 0.10920       Yref =  0.0000       Zref =  0.0000    

  Surface # 1     Wing                                    
     # Chordwise = 10   # Spanwise = 20     First strip =  1
     Surface area Ssurf =    0.081290     Ave. chord Cave =    0.177800

 Forces referred to Sref, Cref, Bref about Xref, Yref, Zref
 Standard axis orientation,  X fwd, Z down         
     CLsurf  =   0.22340     Clsurf  =  -0.04859
     CYsurf  =   0.00498     Cmsurf  =  -0.08061
     CDsurf  =   0.00690     Cnsurf  =  -0.00571
     CDisurf =   0.00690     CDvsurf =   0.00000

 Forces referred to Ssurf, Cave 
     CLsurf  =   0.44685     CDsurf  =   0.01381

 Strip Forces referred to Strip Area, Chord
    j     Xle      Yle      Zle      Chord    Area     c_cl     ai     cl_norm    cl       cd       cdv    cm_c/4     cm_LE   C.P.x/c
     1   0.0005   0.0007   0.0000   0.2538   0.0007   0.0960   0.0442   0.4812   0.3621   0.1746   0.0000  -0.0211  -0.0965    0.308
     2   0.0042   0.0063   0.0000   0.2519   0.0021   0.0960   0.0438   0.5045   0.3796   0.0342   0.0000  -0.0196  -0.0958    0.302
     3   0.0115   0.0174   0.0000   0.2482   0.0034   0.0960   0.0451   0.5133   0.3862   0.0276   0.0000  -0.0151  -0.0933    0.289
     4   0.0223   0.0337   0.0000   0.2428   0.0046   0.0961   0.0473   0.5258   0.3956   0.0246   0.0000  -0.0097  -0.0907    0.275
     5   0.0362   0.0548   0.0000   0.2357   0.0055   0.0961   0.0495   0.5420   0.4078   0.0215   0.0000  -0.0048  -0.0890    0.262
     6   0.0530   0.0801   0.0000   0.2273   0.0062   0.0959   0.0512   0.5610   0.4221   0.0186   0.0000  -0.0008  -0.0887    0.252
     7   0.0721   0.1092   0.0000   0.2176   0.0067   0.0951   0.0523   0.5818   0.4377   0.0162   0.0000   0.0020  -0.0895    0.245
     8   0.0932   0.1411   0.0000   0.2070   0.0069   0.0937   0.0529   0.6032   0.4538   0.0140   0.0000   0.0040  -0.0911    0.241
     9   0.1158   0.1752   0.0000   0.1956   0.0068   0.0916   0.0532   0.6241   0.4695   0.0122   0.0000   0.0054  -0.0931    0.238
    10   0.1392   0.2107   0.0000   0.1838   0.0066   0.0887   0.0535   0.6434   0.4841   0.0104   0.0000   0.0065  -0.0952    0.237
    11   0.1629   0.2465   0.0000   0.1718   0.0061   0.0850   0.0542   0.6597   0.4964   0.0088   0.0000   0.0076  -0.0968    0.235
    12   0.1863   0.2820   0.0000   0.1600   0.0056   0.0805   0.0558   0.6713   0.5051   0.0073   0.0000   0.0088  -0.0976    0.232
    13   0.2089   0.3161   0.0000   0.1486   0.0049   0.0752   0.0587   0.6755   0.5083   0.0057   0.0000   0.0107  -0.0966    0.229
    14   0.2300   0.3480   0.0000   0.1380   0.0042   0.0691   0.0633   0.6684   0.5029   0.0040   0.0000   0.0135  -0.0931    0.223
    15   0.2491   0.3771   0.0000   0.1283   0.0035   0.0619   0.0697   0.6441   0.4846   0.0022   0.0000   0.0178  -0.0857    0.213
    16   0.2659   0.4024   0.0000   0.1199   0.0028   0.0534   0.0769   0.5952   0.4478   0.0000   0.0000   0.0238  -0.0730    0.197
    17   0.2798   0.4235   0.0000   0.1128   0.0021   0.0434   0.0827   0.5140   0.3867  -0.0024   0.0000   0.0303  -0.0549    0.172
    18   0.2906   0.4398   0.0000   0.1074   0.0015   0.0319   0.0843   0.3975   0.2991  -0.0045   0.0000   0.0337  -0.0338    0.137
    19   0.2979   0.4509   0.0000   0.1037   0.0009   0.0194   0.0800   0.2504   0.1884  -0.0051   0.0000   0.0284  -0.0153    0.099
    20   0.3016   0.4565   0.0000   0.1018   0.0003   0.0065   0.0726   0.0853   0.0642  -0.0041   0.0000   0.0113  -0.0038    0.073

  Surface # 2     Wing (YDUP)                             
     # Chordwise = 10   # Spanwise = 20     First strip = 21
     Surface area Ssurf =    0.081290     Ave. chord Cave =    0.177800

 Forces referred to Sref, Cref, Bref about Xref, Yref, Zref
 Standard axis orientation,  X fwd, Z down         
     CLsurf  =   0.22340     Clsurf  =   0.04859
     CYsurf  =  -0.00498     Cmsurf  =  -0.08061
     CDsurf  =   0.00690     Cnsurf  =   0.00571
     CDisurf =   0.00690     CDvsurf =   0.00000

 Forces referred to Ssurf, Cave 
     CLsurf  =   0.44685     CDsurf  =   0.01381

 Strip Forces referred to Strip Area, Chord
    j     Xle      Yle      Zle      Chord    Area     c_cl     ai     cl_norm    cl       cd       cdv    cm_c/4     cm_LE   C.P.x/c
    21   0.0005  -0.0007   0.0000   0.2538   0.0007   0.0960   0.0442   0.4812   0.3621   0.1746   0.0000  -0.0211   0.0965    0.308
    22   0.0042  -0.0063   0.0000   0.2519   0.0021   0.0960   0.0438   0.5045   0.3796   0.0342   0.0000  -0.0196   0.0958    0.302
    23   0.0115  -0.0174   0.0000   0.2482   0.0034   0.0960   0.0451   0.5133   0.3862   0.0276   0.0000  -0.0151   0.0933    0.289
    24   0.0223  -0.0337   0.0000   0.2428   0.0046   0.0961   0.0473   0.5258   0.3956   0.0246   0.0000  -0.0097   0.0907    0.275
    25   0.0362  -0.0548   0.0000   0.2357   0.0055   0.0961   0.0495   0.5420   0.4078   0.0215   0.0000  -0.0048   0.0890    0.262
    26   0.0530  -0.0801   0.0000   0.2273   0.0062   0.0959   0.0512   0.5610   0.4221   0.0186   0.0000  -0.0008   0.0887    0.252
    27   0.0721  -0.1092   0.0000   0.2176   0.0067   0.0951   0.0523   0.5818   0.4377   0.0162   0.0000   0.0020   0.0895    0.245
    28   0.0932  -0.1411   0.0000   0.2070   0.0069   0.0937   0.0529   0.6032   0.4538   0.0140   0.0000   0.0040   0.0911    0.241
    29   0.1158  -0.1752   0.0000   0.1956   0.0068   0.0916   0.0532   0.6241   0.4695   0.0122   0.0000   0.0054   0.0931    0.238
    30   0.1392  -0.2107   0.0000   0.1838   0.0066   0.0887   0.0535   0.6434   0.4841   0.0104   0.0000   0.0065   0.0952    0.237
    31   0.1629  -0.2465   0.0000   0.1718   0.0061   0.0850   0.0542   0.6597   0.4964   0.0088   0.0000   0.0076   0.0968    0.235
    32   0.1863  -0.2820   0.0000   0.1600   0.0056   0.0805   0.0558   0.6713   0.5051   0.0073   0.0000   0.0088   0.0976    0.232
    33   0.2089  -0.3161   0.0000   0.1486   0.0049   0.0752   0.0587   0.6755   0.5083   0.0057   0.0000   0.0107   0.0966    0.229
    34   0.2300  -0.3480   0.0000   0.1380   0.0042   0.0691   0.0633   0.6684   0.5029   0.0040   0.0000   0.0135   0.0931    0.223
    35   0.2491  -0.3771   0.0000   0.1283   0.0035   0.0619   0.0697   0.6441   0.4846   0.0022   0.0000   0.0178   0.0857    0.213
    36   0.2659  -0.4024   0.0000   0.1199   0.0028   0.0534   0.0769   0.5952   0.4478   0.0000   0.0000   0.0238   0.0730    0.197
    37   0.2798  -0.4235   0.0000   0.1128   0.0021   0.0434   0.0827   0.5140   0.3867  -0.0024   0.0000   0.0303   0.0549    0.172
    38   0.2906  -0.4398   0.0000   0.1074   0.0015   0.0319   0.0843   0.3975   0.2991  -0.0045   0.0000   0.0337   0.0338    0.137
    39   0.2979  -0.4509   0.0000   0.1037   0.0009   0.0194   0.0800   0.2504   0.1884  -0.0051   0.0000   0.0284   0.0153    0.099
    40   0.3016  -0.4565   0.0000   0.1018   0.0003   0.0065   0.0726   0.0853   0.0642  -0.0041   0.0000   0.0113   0.0038    0.073
 ---------------------------------------------------------------
