 ---------------------------------------------------------------
 Surface and Strip Forces by surface

  Sref = 0.21680       Cref = 0.30480       Bref = 0.71120    
  Xref = 0.10920       Yref =  0.0000       Zref =  0.0000    

  Surface # 1     Wing                                    
     # Chordwise = 10   # Spanwise = 20     First strip =  1
     Surface area Ssurf =    0.108387     Ave. chord Cave =    0.304800

 Forces referred to Sref, Cref, Bref about Xref, Yref, Zref
 Standard axis orientation,  X fwd, Z down         
     CLsurf  =   0.16755     Clsurf  =  -0.03643
     CYsurf  =   0.00648     Cmsurf  =  -0.02426
     CDsurf  =   0.00852     Cnsurf  =  -0.00696
     CDisurf =   0.00852     CDvsurf =   0.00000

 Forces referred to Ssurf, Cave 
     CLsurf  =   0.33514     CDsurf  =   0.01705

 Strip Forces referred to Strip Area, Chord
    j     Xle      Yle      Zle      Chord    Area     c_cl     ai     cl_norm    cl       cd       cdv    cm_c/4     cm_LE   C.P.x/c
     1   0.0003   0.0005   0.0000   0.3048   0.0007   0.1222   0.0695   0.4887   0.3682   0.2996   0.0000  -0.0187  -0.1030    0.301
     2   0.0028   0.0049   0.0000   0.3048   0.0020   0.1222   0.0684   0.5282   0.3980   0.0478   0.0000  -0.0176  -0.1021    0.294
     3   0.0078   0.0135   0.0000   0.3048   0.0033   0.1222   0.0695   0.5307   0.3998   0.0337   0.0000  -0.0144  -0.0993    0.286
     4   0.0151   0.0262   0.0000   0.3048   0.0044   0.1224   0.0722   0.5317   0.4006   0.0304   0.0000  -0.0097  -0.0953    0.274
     5   0.0246   0.0426   0.0000   0.3048   0.0055   0.1225   0.0758   0.5327   0.4014   0.0275   0.0000  -0.0047  -0.0911    0.262
     6   0.0360   0.0623   0.0000   0.3048   0.0065   0.1224   0.0797   0.5330   0.4016   0.0247   0.0000   0.0000  -0.0869    0.250
     7   0.0490   0.0849   0.0000   0.3048   0.0073   0.1220   0.0838   0.5317   0.4006   0.0221   0.0000   0.0043  -0.0830    0.239
     8   0.0634   0.1098   0.0000   0.3048   0.0079   0.1210   0.0880   0.5276   0.3976   0.0198   0.0000   0.0081  -0.0790    0.230
     9   0.0787   0.1363   0.0000   0.3048   0.0083   0.1192   0.0923   0.5198   0.3917   0.0177   0.0000   0.0116  -0.0747    0.220
    10   0.0946   0.1638   0.0000   0.3048   0.0085   0.1162   0.0965   0.5072   0.3821   0.0158   0.0000   0.0149  -0.0696    0.211
    11   0.1107   0.1918   0.0000   0.3048   0.0085   0.1119   0.1006   0.4886   0.3681   0.0138   0.0000   0.0183  -0.0637    0.200
    12   0.1266   0.2193   0.0000   0.3048   0.0083   0.1061   0.1043   0.4632   0.3490   0.0118   0.0000   0.0216  -0.0566    0.188
    13   0.1419   0.2458   0.0000   0.3048   0.0079   0.0985   0.1072   0.4305   0.3243   0.0097   0.0000   0.0248  -0.0485    0.174
    14   0.1563   0.2707   0.0000   0.3048   0.0073   0.0892   0.1089   0.3901   0.2939   0.0076   0.0000   0.0274  -0.0396    0.157
    15   0.1693   0.2933   0.0000   0.3048   0.0065   0.0783   0.1091   0.3423   0.2579   0.0054   0.0000   0.0290  -0.0304    0.137
    16   0.1807   0.3130   0.0000   0.3048   0.0055   0.0658   0.1075   0.2879   0.2169   0.0033   0.0000   0.0290  -0.0216    0.116
    17   0.1902   0.3294   0.0000   0.3048   0.0044   0.0521   0.1043   0.2283   0.1720   0.0014   0.0000   0.0267  -0.0139    0.095
    18   0.1975   0.3421   0.0000   0.3048   0.0033   0.0376   0.0998   0.1651   0.1244  -0.0003   0.0000   0.0218  -0.0078    0.075
    19   0.2025   0.3507   0.0000   0.3048   0.0020   0.0227   0.0950   0.0998   0.0752  -0.0017   0.0000   0.0143  -0.0037    0.059
    20   0.2050   0.3551   0.0000   0.3048   0.0007   0.0076   0.0926   0.0336   0.0253  -0.0024   0.0000   0.0050  -0.0011    0.053

  Surface # 2     Wing (YDUP)                             
     # Chordwise = 10   # Spanwise = 20     First strip = 21
     Surface area Ssurf =    0.108387     Ave. chord Cave =    0.304800

 Forces referred to Sref, Cref, Bref about Xref, Yref, Zref
 Standard axis orientation,  X fwd, Z down         
     CLsurf  =   0.16755     Clsurf  =   0.03643
     CYsurf  =  -0.00648     Cmsurf  =  -0.02426
     CDsurf  =   0.00852     Cnsurf  =   0.00696
     CDisurf =   0.00852     CDvsurf =   0.00000

 Forces referred to Ssurf, Cave 
     CLsurf  =   0.33514     CDsurf  =   0.01705

 Strip Forces referred to Strip Area, Chord
    j     Xle      Yle      Zle      Chord    Area     c_cl     ai     cl_norm    cl       cd       cdv    cm_c/4     cm_LE   C.P.x/c
    21   0.0003  -0.0005   0.0000   0.3048   0.0007   0.1222   0.0695   0.4887   0.3682   0.2996   0.0000  -0.0187   0.1030    0.301
    22   0.0028  -0.0049   0.0000   0.3048   0.0020   0.1222   0.0684   0.5282   0.3980   0.0478   0.0000  -0.0176   0.1021    0.294
    23   0.0078  -0.0135   0.0000   0.3048   0.0033   0.1222   0.0695   0.5307   0.3998   0.0337   0.0000  -0.0144   0.0993    0.286
    24   0.0151  -0.0262   0.0000   0.3048   0.0044   0.1224   0.0722   0.5317   0.4006   0.0304   0.0000  -0.0097   0.0953    0.274
    25   0.0246  -0.0426   0.0000   0.3048   0.0055   0.1225   0.0758   0.5327   0.4014   0.0275   0.0000  -0.0047   0.0911    0.262
    26   0.0360  -0.0623   0.0000   0.3048   0.0065   0.1224   0.0797   0.5330   0.4016   0.0247   0.0000   0.0000   0.0869    0.250
    27   0.0490  -0.0849   0.0000   0.3048   0.0073   0.1220   0.0838   0.5317   0.4006   0.0221   0.0000   0.0043   0.0830    0.239
    28   0.0634  -0.1098   0.0000   0.3048   0.0079   0.1210   0.0880   0.5276   0.3976   0.0198   0.0000   0.0081   0.0790    0.230
    29   0.0787  -0.1363   0.0000   0.3048   0.0083   0.1192   0.0923   0.5198   0.3917   0.0177   0.0000   0.0116   0.0747    0.220
    30   0.0946  -0.1638   0.0000   0.3048   0.0085   0.1162   0.0965   0.5072   0.3821   0.0158   0.0000   0.0149   0.0696    0.211
    31   0.1107  -0.1918   0.0000   0.3048   0.0085   0.1119   0.1006   0.4886   0.3681   0.0138   0.0000   0.0183   0.0637    0.200
    32   0.1266  -0.2193   0.0000   0.3048   0.0083   0.1061   0.1043   0.4632   0.3490   0.0118   0.0000   0.0216   0.0566    0.188
    33   0.1419  -0.2458   0.0000   0.3048   0.0079   0.0985   0.1072   0.4305   0.3243   0.0097   0.0000   0.0248   0.0485    0.174
    34   0.1563  -0.2707   0.0000   0.3048   0.0073   0.0892   0.1089   0.3901   0.2939   0.0076   0.0000   0.0274   0.0396    0.157
    35   0.1693  -0.2933   0.0000   0.3048   0.0065   0.0783   0.1091   0.3423   0.2579   0.0054   0.0000   0.0290   0.0304    0.137
    36   0.1807  -0.3130   0.0000   0.3048   0.0055   0.0658   0.1075   0.2879   0.2169   0.0033   0.0000   0.0290   0.0216    0.116
    37   0.1902  -0.3294   0.0000   0.3048   0.0044   0.0521   0.1043   0.2283   0.1720   0.0014   0.0000   0.0267   0.0139    0.095
    38   0.1975  -0.3421   0.0000   0.3048   0.0033   0.0376   0.0998   0.1651   0.1244  -0.0003   0.0000   0.0218   0.0078    0.075
    39   0.2025  -0.3507   0.0000   0.3048   0.0020   0.0227   0.0950   0.0998   0.0752  -0.0017   0.0000   0.0143   0.0037    0.059
    40   0.2050  -0.3551   0.0000   0.3048   0.0007   0.0076   0.0926   0.0336   0.0253  -0.0024   0.0000   0.0050   0.0011    0.053
 ---------------------------------------------------------------
