 ---------------------------------------------------------------
 Surface and Strip Forces by surface

  Sref = 0.20440       Cref = 0.25250       Bref = 0.81280    
  Xref = 0.10920       Yref =  0.0000       Zref =  0.0000    

  Surface # 1     Wing                                    
     # Chordwise = 10   # Spanwise = 20     First strip =  1
     Surface area Ssurf =    0.102189     Ave. chord Cave =    0.251450

 Forces referred to Sref, Cref, Bref about Xref, Yref, Zref
 Standard axis orientation,  X fwd, Z down         
     CLsurf  =   0.17771     Clsurf  =  -0.03881
     CYsurf  =   0.00364     Cmsurf  =  -0.02548
     CDsurf  =   0.00683     Cnsurf  =  -0.00439
     CDisurf =   0.00683     CDvsurf =   0.00000

 Forces referred to Ssurf, Cave 
     CLsurf  =   0.35546     CDsurf  =   0.01366

 Strip Forces referred to Strip Area, Chord
    j     Xle      Yle      Zle      Chord    Area     c_cl     ai     cl_norm    cl       cd       cdv    cm_c/4     cm_LE   C.P.x/c
     1   0.0003   0.0006   0.0000   0.2793   0.0007   0.1065   0.0540   0.4424   0.3641   0.1891   0.0000  -0.0150  -0.0987    0.291
     2   0.0028   0.0056   0.0000   0.2786   0.0021   0.1065   0.0528   0.4626   0.3808   0.0337   0.0000  -0.0140  -0.0979    0.287
     3   0.0077   0.0155   0.0000   0.2773   0.0034   0.1065   0.0535   0.4660   0.3835   0.0255   0.0000  -0.0109  -0.0956    0.278
     4   0.0150   0.0299   0.0000   0.2753   0.0046   0.1066   0.0553   0.4700   0.3868   0.0229   0.0000  -0.0067  -0.0926    0.267
     5   0.0244   0.0487   0.0000   0.2727   0.0056   0.1066   0.0576   0.4750   0.3909   0.0205   0.0000  -0.0026  -0.0897    0.257
     6   0.0357   0.0712   0.0000   0.2696   0.0065   0.1065   0.0602   0.4802   0.3953   0.0184   0.0000   0.0011  -0.0873    0.247
     7   0.0486   0.0970   0.0000   0.2661   0.0072   0.1061   0.0628   0.4849   0.3991   0.0165   0.0000   0.0042  -0.0854    0.239
     8   0.0628   0.1254   0.0000   0.2621   0.0077   0.1051   0.0655   0.4880   0.4016   0.0149   0.0000   0.0068  -0.0836    0.233
     9   0.0780   0.1558   0.0000   0.2580   0.0080   0.1035   0.0684   0.4884   0.4020   0.0135   0.0000   0.0091  -0.0816    0.227
    10   0.0938   0.1873   0.0000   0.2536   0.0081   0.1010   0.0715   0.4849   0.3991   0.0123   0.0000   0.0114  -0.0789    0.222
    11   0.1097   0.2191   0.0000   0.2493   0.0079   0.0975   0.0750   0.4763   0.3920   0.0111   0.0000   0.0137  -0.0752    0.215
    12   0.1255   0.2506   0.0000   0.2449   0.0076   0.0927   0.0788   0.4612   0.3796   0.0099   0.0000   0.0164  -0.0700    0.207
    13   0.1407   0.2810   0.0000   0.2408   0.0071   0.0866   0.0826   0.4383   0.3607   0.0085   0.0000   0.0194  -0.0631    0.196
    14   0.1549   0.3094   0.0000   0.2368   0.0064   0.0790   0.0860   0.4063   0.3344   0.0071   0.0000   0.0225  -0.0544    0.183
    15   0.1678   0.3352   0.0000   0.2333   0.0057   0.0697   0.0884   0.3644   0.2999   0.0054   0.0000   0.0253  -0.0442    0.166
    16   0.1791   0.3577   0.0000   0.2302   0.0048   0.0590   0.0891   0.3125   0.2572   0.0037   0.0000   0.0271  -0.0331    0.145
    17   0.1885   0.3765   0.0000   0.2276   0.0038   0.0470   0.0876   0.2517   0.2072   0.0020   0.0000   0.0267  -0.0222    0.121
    18   0.1958   0.3909   0.0000   0.2256   0.0028   0.0340   0.0838   0.1839   0.1513   0.0005   0.0000   0.0232  -0.0129    0.097
    19   0.2007   0.4008   0.0000   0.2243   0.0017   0.0205   0.0784   0.1117   0.0919  -0.0009   0.0000   0.0160  -0.0061    0.076
    20   0.2032   0.4058   0.0000   0.2236   0.0006   0.0068   0.0746   0.0375   0.0309  -0.0018   0.0000   0.0057  -0.0017    0.066

  Surface # 2     Wing (YDUP)                             
     # Chordwise = 10   # Spanwise = 20     First strip = 21
     Surface area Ssurf =    0.102189     Ave. chord Cave =    0.251450

 Forces referred to Sref, Cref, Bref about Xref, Yref, Zref
 Standard axis orientation,  X fwd, Z down         
     CLsurf  =   0.17771     Clsurf  =   0.03881
     CYsurf  =  -0.00364     Cmsurf  =  -0.02548
     CDsurf  =   0.00683     Cnsurf  =   0.00439
     CDisurf =   0.00683     CDvsurf =   0.00000

 Forces referred to Ssurf, Cave 
     CLsurf  =   0.35546     CDsurf  =   0.01366

 Strip Forces referred to Strip Area, Chord
    j     Xle      Yle      Zle      Chord    Area     c_cl     ai     cl_norm    cl       cd       cdv    cm_c/4     cm_LE   C.P.x/c
    21   0.0003  -0.0006   0.0000   0.2793   0.0007   0.1065   0.0540   0.4424   0.3641   0.1891   0.0000  -0.0150   0.0987    0.291
    22   0.0028  -0.0056   0.0000   0.2786   0.0021   0.1065   0.0528   0.4626   0.3808   0.0337   0.0000  -0.0140   0.0979    0.287
    23   0.0077  -0.0155   0.0000   0.2773   0.0034   0.1065   0.0535   0.4660   0.3835   0.0255   0.0000  -0.0109   0.0956    0.278
    24   0.0150  -0.0299   0.0000   0.2753   0.0046   0.1066   0.0553   0.4700   0.3868   0.0229   0.0000  -0.0067   0.0926    0.267
    25   0.0244  -0.0487   0.0000   0.2727   0.0056   0.1066   0.0576   0.4750   0.3909   0.0205   0.0000  -0.0026   0.0897    0.257
    26   0.0357  -0.0712   0.0000   0.2696   0.0065   0.1065   0.0602   0.4802   0.3953   0.0184   0.0000   0.0011   0.0873    0.247
    27   0.0486  -0.0970   0.0000   0.2661   0.0072   0.1061   0.0628   0.4849   0.3991   0.0165   0.0000   0.0042   0.0854    0.239
    28   0.0628  -0.1254   0.0000   0.2621   0.0077   0.1051   0.0655   0.4880   0.4016   0.0149   0.0000   0.0068   0.0836    0.233
    29   0.0780  -0.1558   0.0000   0.2580   0.0080   0.1035   0.0684   0.4884   0.4020   0.0135   0.0000   0.0091   0.0816    0.227
    30   0.0938  -0.1873   0.0000   0.2536   0.0081   0.1010   0.0715   0.4849   0.3991   0.0123   0.0000   0.0114   0.0789    0.222
    31   0.1097  -0.2191   0.0000   0.2493   0.0079   0.0975   0.0750   0.4763   0.3920   0.0111   0.0000   0.0137   0.0752    0.215
    32   0.1255  -0.2506   0.0000   0.2449   0.0076   0.0927   0.0788   0.4612   0.3796   0.0099   0.0000   0.0164   0.0700    0.207
    33   0.1407  -0.2810   0.0000   0.2408   0.0071   0.0866   0.0826   0.4383   0.3607   0.0085   0.0000   0.0194   0.0631    0.196
    34   0.1549  -0.3094   0.0000   0.2368   0.0064   0.0790   0.0860   0.4063   0.3344   0.0071   0.0000   0.0225   0.0544    0.183
    35   0.1678  -0.3352   0.0000   0.2333   0.0057   0.0697   0.0884   0.3644   0.2999   0.0054   0.0000   0.0253   0.0442    0.166
    36   0.1791  -0.3577   0.0000   0.2302   0.0048   0.0590   0.0891   0.3125   0.2572   0.0037   0.0000   0.0271   0.0331    0.145
    37   0.1885  -0.3765   0.0000   0.2276   0.0038   0.0470   0.0876   0.2517   0.2072   0.0020   0.0000   0.0267   0.0222    0.121
    38   0.1958  -0.3909   0.0000   0.2256   0.0028   0.0340   0.0838   0.1839   0.1513   0.0005   0.0000   0.0232   0.0129    0.097
    39   0.2007  -0.4008   0.0000   0.2243   0.0017   0.0205   0.0784   0.1117   0.0919  -0.0009   0.0000   0.0160   0.0061    0.076
    40   0.2032  -0.4058   0.0000   0.2236   0.0006   0.0068   0.0746   0.0375   0.0309  -0.0018   0.0000   0.0057   0.0017    0.066
 ---------------------------------------------------------------
