 ---------------------------------------------------------------
 Surface and Strip Forces by surface

  Sref = 0.11380       Cref = 0.16980       Bref = 0.71120    
  Xref = 0.10920       Yref =  0.0000       Zref =  0.0000    

  Surface # 1     Wing                                    
     # Chordwise = 10   # Spanwise = 20     First strip =  1
     Surface area Ssurf =    0.056896     Ave. chord Cave =    0.160000

 Forces referred to Sref, Cref, Bref about Xref, Yref, Zref
 Standard axis orientation,  X fwd, Z down         
     CLsurf  =   0.31919     Clsurf  =  -0.06857
     CYsurf  =   0.00461     Cmsurf  =  -0.03408
     CDsurf  =   0.01600     Cnsurf  =  -0.01029
     CDisurf =   0.01600     CDvsurf =   0.00000

 Forces referred to Ssurf, Cave 
     CLsurf  =   0.63843     CDsurf  =   0.03200

 Strip Forces referred to Strip Area, Chord
    j     Xle      Yle      Zle      Chord    Area     c_cl     ai     cl_norm    cl       cd       cdv    cm_c/4     cm_LE   C.P.x/c
     1   0.0003   0.0005   0.0000   0.2284   0.0005   0.1257   0.0816   0.6074   0.5015   0.3460   0.0000  -0.0220  -0.1391    0.294
     2   0.0028   0.0049   0.0000   0.2267   0.0015   0.1257   0.0819   0.6660   0.5499   0.0719   0.0000  -0.0206  -0.1387    0.287
     3   0.0076   0.0135   0.0000   0.2234   0.0024   0.1257   0.0830   0.6790   0.5606   0.0572   0.0000  -0.0163  -0.1368    0.279
     4   0.0147   0.0262   0.0000   0.2185   0.0032   0.1256   0.0846   0.6952   0.5740   0.0513   0.0000  -0.0108  -0.1346    0.269
     5   0.0240   0.0426   0.0000   0.2122   0.0038   0.1253   0.0862   0.7155   0.5908   0.0459   0.0000  -0.0054  -0.1334    0.259
     6   0.0351   0.0623   0.0000   0.2046   0.0043   0.1246   0.0875   0.7392   0.6103   0.0410   0.0000  -0.0008  -0.1334    0.251
     7   0.0478   0.0849   0.0000   0.1958   0.0047   0.1232   0.0883   0.7649   0.6315   0.0367   0.0000   0.0028  -0.1347    0.246
     8   0.0618   0.1098   0.0000   0.1863   0.0048   0.1211   0.0887   0.7913   0.6533   0.0328   0.0000   0.0055  -0.1369    0.242
     9   0.0767   0.1363   0.0000   0.1760   0.0048   0.1180   0.0889   0.8170   0.6746   0.0293   0.0000   0.0076  -0.1395    0.239
    10   0.0922   0.1638   0.0000   0.1654   0.0046   0.1140   0.0893   0.8403   0.6938   0.0261   0.0000   0.0094  -0.1419    0.236
    11   0.1079   0.1918   0.0000   0.1546   0.0043   0.1088   0.0902   0.8592   0.7094   0.0229   0.0000   0.0113  -0.1436    0.234
    12   0.1234   0.2193   0.0000   0.1440   0.0039   0.1027   0.0921   0.8710   0.7191   0.0198   0.0000   0.0135  -0.1436    0.231
    13   0.1383   0.2458   0.0000   0.1337   0.0034   0.0954   0.0955   0.8720   0.7199   0.0165   0.0000   0.0165  -0.1410    0.227
    14   0.1523   0.2707   0.0000   0.1242   0.0030   0.0870   0.1008   0.8570   0.7076   0.0131   0.0000   0.0208  -0.1345    0.221
    15   0.1650   0.2933   0.0000   0.1154   0.0024   0.0773   0.1078   0.8193   0.6764   0.0094   0.0000   0.0266  -0.1226    0.211
    16   0.1761   0.3130   0.0000   0.1078   0.0020   0.0661   0.1155   0.7507   0.6198   0.0052   0.0000   0.0338  -0.1041    0.196
    17   0.1854   0.3294   0.0000   0.1015   0.0015   0.0533   0.1220   0.6443   0.5319   0.0009   0.0000   0.0402  -0.0794    0.174
    18   0.1925   0.3421   0.0000   0.0966   0.0010   0.0391   0.1247   0.4971   0.4104  -0.0029   0.0000   0.0419  -0.0516    0.148
    19   0.1973   0.3507   0.0000   0.0933   0.0006   0.0238   0.1224   0.3139   0.2592  -0.0050   0.0000   0.0336  -0.0263    0.120
    20   0.1998   0.3551   0.0000   0.0916   0.0002   0.0080   0.1172   0.1078   0.0890  -0.0056   0.0000   0.0131  -0.0075    0.103

  Surface # 2     Wing (YDUP)                             
     # Chordwise = 10   # Spanwise = 20     First strip = 21
     Surface area Ssurf =    0.056896     Ave. chord Cave =    0.160000

 Forces referred to Sref, Cref, Bref about Xref, Yref, Zref
 Standard axis orientation,  X fwd, Z down         
     CLsurf  =   0.31919     Clsurf  =   0.06857
     CYsurf  =  -0.00461     Cmsurf  =  -0.03408
     CDsurf  =   0.01600     Cnsurf  =   0.01029
     CDisurf =   0.01600     CDvsurf =   0.00000

 Forces referred to Ssurf, Cave 
     CLsurf  =   0.63843     CDsurf  =   0.03200

 Strip Forces referred to Strip Area, Chord
    j     Xle      Yle      Zle      Chord    Area     c_cl     ai     cl_norm    cl       cd       cdv    cm_c/4     cm_LE   C.P.x/c
    21   0.0003  -0.0005   0.0000   0.2284   0.0005   0.1257   0.0816   0.6074   0.5015   0.3460   0.0000  -0.0220   0.1391    0.294
    22   0.0028  -0.0049   0.0000   0.2267   0.0015   0.1257   0.0819   0.6660   0.5499   0.0719   0.0000  -0.0206   0.1387    0.287
    23   0.0076  -0.0135   0.0000   0.2234   0.0024   0.1257   0.0830   0.6790   0.5606   0.0572   0.0000  -0.0163   0.1368    0.279
    24   0.0147  -0.0262   0.0000   0.2185   0.0032   0.1256   0.0846   0.6952   0.5740   0.0513   0.0000  -0.0108   0.1346    0.269
    25   0.0240  -0.0426   0.0000   0.2122   0.0038   0.1253   0.0862   0.7155   0.5908   0.0459   0.0000  -0.0054   0.1334    0.259
    26   0.0351  -0.0623   0.0000   0.2046   0.0043   0.1246   0.0875   0.7392   0.6103   0.0410   0.0000  -0.0008   0.1334    0.251
    27   0.0478  -0.0849   0.0000   0.1958   0.0047   0.1232   0.0883   0.7649   0.6315   0.0367   0.0000   0.0028   0.1347    0.246
    28   0.0618  -0.1098   0.0000   0.1863   0.0048   0.1211   0.0887   0.7913   0.6533   0.0328   0.0000   0.0055   0.1369    0.242
    29   0.0767  -0.1363   0.0000   0.1760   0.0048   0.1180   0.0889   0.8170   0.6746   0.0293   0.0000   0.0076   0.1395    0.239
    30   0.0922  -0.1638   0.0000   0.1654   0.0046   0.1140   0.0893   0.8403   0.6938   0.0261   0.0000   0.0094   0.1419    0.236
    31   0.1079  -0.1918   0.0000   0.1546   0.0043   0.1088   0.0902   0.8592   0.7094   0.0229   0.0000   0.0113   0.1436    0.234
    32   0.1234  -0.2193   0.0000   0.1440   0.0039   0.1027   0.0921   0.8710   0.7191   0.0198   0.0000   0.0135   0.1436    0.231
    33   0.1383  -0.2458   0.0000   0.1337   0.0034   0.0954   0.0955   0.8720   0.7199   0.0165   0.0000   0.0165   0.1410    0.227
    34   0.1523  -0.2707   0.0000   0.1242   0.0030   0.0870   0.1008   0.8570   0.7076   0.0131   0.0000   0.0208   0.1345    0.221
    35   0.1650  -0.2933   0.0000   0.1154   0.0024   0.0773   0.1078   0.8193   0.6764   0.0094   0.0000   0.0266   0.1226    0.211
    36   0.1761  -0.3130   0.0000   0.1078   0.0020   0.0661   0.1155   0.7507   0.6198   0.0052   0.0000   0.0338   0.1041    0.196
    37   0.1854  -0.3294   0.0000   0.1015   0.0015   0.0533   0.1220   0.6443   0.5319   0.0009   0.0000   0.0402   0.0794    0.174
    38   0.1925  -0.3421   0.0000   0.0966   0.0010   0.0391   0.1247   0.4971   0.4104  -0.0029   0.0000   0.0419   0.0516    0.148
    39   0.1973  -0.3507   0.0000   0.0933   0.0006   0.0238   0.1224   0.3139   0.2592  -0.0050   0.0000   0.0336   0.0263    0.120
    40   0.1998  -0.3551   0.0000   0.0916   0.0002   0.0080   0.1172   0.1078   0.0890  -0.0056   0.0000   0.0131   0.0075    0.103
 ---------------------------------------------------------------
