 ---------------------------------------------------------------
 Surface and Strip Forces by surface

  Sref = 0.86700E-01   Cref = 0.14000       Bref = 0.71120    
  Xref = 0.10920       Yref =  0.0000       Zref =  0.0000    

  Surface # 1     Wing                                    
     # Chordwise = 10   # Spanwise = 20     First strip =  1
     Surface area Ssurf =    0.043348     Ave. chord Cave =    0.121900

 Forces referred to Sref, Cref, Bref about Xref, Yref, Zref
 Standard axis orientation,  X fwd, Z down         
     CLsurf  =   0.41897     Clsurf  =  -0.08675
     CYsurf  =   0.00006     Cmsurf  =   0.01426
     CDsurf  =   0.02097     Cnsurf  =  -0.01412
     CDisurf =   0.02097     CDvsurf =   0.00000

 Forces referred to Ssurf, Cave 
     CLsurf  =   0.83798     CDsurf  =   0.04195

 Strip Forces referred to Strip Area, Chord
    j     Xle      Yle      Zle      Chord    Area     c_cl     ai     cl_norm    cl       cd       cdv    cm_c/4     cm_LE   C.P.x/c
     1   0.0003   0.0005   0.0000   0.2029   0.0004   0.1333   0.1026   0.6746   0.5983   0.3665   0.0000  -0.0183  -0.1646    0.281
     2   0.0023   0.0049   0.0000   0.2010   0.0013   0.1333   0.1027   0.7420   0.6580   0.0899   0.0000  -0.0167  -0.1646    0.275
     3   0.0065   0.0135   0.0000   0.1970   0.0021   0.1332   0.1029   0.7602   0.6742   0.0739   0.0000  -0.0124  -0.1636    0.268
     4   0.0125   0.0262   0.0000   0.1912   0.0028   0.1328   0.1030   0.7834   0.6948   0.0659   0.0000  -0.0070  -0.1630    0.260
     5   0.0204   0.0426   0.0000   0.1837   0.0033   0.1321   0.1027   0.8126   0.7207   0.0589   0.0000  -0.0020  -0.1640    0.253
     6   0.0298   0.0623   0.0000   0.1747   0.0037   0.1306   0.1018   0.8469   0.7510   0.0527   0.0000   0.0020  -0.1668    0.247
     7   0.0406   0.0849   0.0000   0.1644   0.0039   0.1282   0.1000   0.8851   0.7849   0.0472   0.0000   0.0049  -0.1714    0.244
     8   0.0525   0.1098   0.0000   0.1530   0.0039   0.1246   0.0973   0.9261   0.8213   0.0421   0.0000   0.0068  -0.1775    0.242
     9   0.0652   0.1363   0.0000   0.1409   0.0038   0.1199   0.0938   0.9689   0.8592   0.0372   0.0000   0.0080  -0.1846    0.241
    10   0.0784   0.1638   0.0000   0.1283   0.0036   0.1139   0.0897   1.0122   0.8976   0.0323   0.0000   0.0088  -0.1923    0.240
    11   0.0917   0.1918   0.0000   0.1155   0.0032   0.1067   0.0853   1.0548   0.9354   0.0272   0.0000   0.0093  -0.1999    0.240
    12   0.1049   0.2193   0.0000   0.1029   0.0028   0.0985   0.0812   1.0948   0.9709   0.0218   0.0000   0.0099  -0.2070    0.240
    13   0.1176   0.2458   0.0000   0.0908   0.0023   0.0896   0.0780   1.1295   1.0017   0.0161   0.0000   0.0108  -0.2127    0.239
    14   0.1295   0.2707   0.0000   0.0794   0.0019   0.0800   0.0767   1.1543   1.0237   0.0104   0.0000   0.0126  -0.2158    0.238
    15   0.1403   0.2933   0.0000   0.0691   0.0015   0.0699   0.0786   1.1609   1.0295   0.0047   0.0000   0.0160  -0.2138    0.234
    16   0.1497   0.3130   0.0000   0.0601   0.0011   0.0593   0.0854   1.1345   1.0061  -0.0006   0.0000   0.0221  -0.2028    0.228
    17   0.1576   0.3294   0.0000   0.0526   0.0008   0.0481   0.0977   1.0507   0.9317  -0.0054   0.0000   0.0323  -0.1770    0.215
    18   0.1636   0.3421   0.0000   0.0468   0.0005   0.0357   0.1122   0.8774   0.7781  -0.0092   0.0000   0.0445  -0.1318    0.193
    19   0.1678   0.3507   0.0000   0.0428   0.0003   0.0220   0.1214   0.5917   0.5247  -0.0104   0.0000   0.0474  -0.0730    0.160
    20   0.1698   0.3551   0.0000   0.0409   0.0001   0.0074   0.1193   0.2098   0.1861  -0.0077   0.0000   0.0226  -0.0205    0.129

  Surface # 2     Wing (YDUP)                             
     # Chordwise = 10   # Spanwise = 20     First strip = 21
     Surface area Ssurf =    0.043348     Ave. chord Cave =    0.121900

 Forces referred to Sref, Cref, Bref about Xref, Yref, Zref
 Standard axis orientation,  X fwd, Z down         
     CLsurf  =   0.41897     Clsurf  =   0.08675
     CYsurf  =  -0.00006     Cmsurf  =   0.01426
     CDsurf  =   0.02097     Cnsurf  =   0.01412
     CDisurf =   0.02097     CDvsurf =   0.00000

 Forces referred to Ssurf, Cave 
     CLsurf  =   0.83798     CDsurf  =   0.04195

 Strip Forces referred to Strip Area, Chord
    j     Xle      Yle      Zle      Chord    Area     c_cl     ai     cl_norm    cl       cd       cdv    cm_c/4     cm_LE   C.P.x/c
    21   0.0003  -0.0005   0.0000   0.2029   0.0004   0.1333   0.1026   0.6746   0.5983   0.3665   0.0000  -0.0183   0.1646    0.281
    22   0.0023  -0.0049   0.0000   0.2010   0.0013   0.1333   0.1027   0.7420   0.6580   0.0899   0.0000  -0.0167   0.1646    0.275
    23   0.0065  -0.0135   0.0000   0.1970   0.0021   0.1332   0.1029   0.7602   0.6742   0.0739   0.0000  -0.0124   0.1636    0.268
    24   0.0125  -0.0262   0.0000   0.1912   0.0028   0.1328   0.1030   0.7834   0.6948   0.0659   0.0000  -0.0070   0.1630    0.260
    25   0.0204  -0.0426   0.0000   0.1837   0.0033   0.1321   0.1027   0.8126   0.7207   0.0589   0.0000  -0.0020   0.1640    0.253
    26   0.0298  -0.0623   0.0000   0.1747   0.0037   0.1306   0.1018   0.8469   0.7510   0.0527   0.0000   0.0020   0.1668    0.247
    27   0.0406  -0.0849   0.0000   0.1644   0.0039   0.1282   0.1000   0.8851   0.7849   0.0472   0.0000   0.0049   0.1714    0.244
    28   0.0525  -0.1098   0.0000   0.1530   0.0039   0.1246   0.0973   0.9261   0.8213   0.0421   0.0000   0.0068   0.1775    0.242
    29   0.0652  -0.1363   0.0000   0.1409   0.0038   0.1199   0.0938   0.9689   0.8592   0.0372   0.0000   0.0080   0.1846    0.241
    30   0.0784  -0.1638   0.0000   0.1283   0.0036   0.1139   0.0897   1.0122   0.8976   0.0323   0.0000   0.0088   0.1923    0.240
    31   0.0917  -0.1918   0.0000   0.1155   0.0032   0.1067   0.0853   1.0548   0.9354   0.0272   0.0000   0.0093   0.1999    0.240
    32   0.1049  -0.2193   0.0000   0.1029   0.0028   0.0985   0.0812   1.0948   0.9709   0.0218   0.0000   0.0099   0.2070    0.240
    33   0.1176  -0.2458   0.0000   0.0908   0.0023   0.0896   0.0780   1.1295   1.0017   0.0161   0.0000   0.0108   0.2127    0.239
    34   0.1295  -0.2707   0.0000   0.0794   0.0019   0.0800   0.0767   1.1543   1.0237   0.0104   0.0000   0.0126   0.2158    0.238
    35   0.1403  -0.2933   0.0000   0.0691   0.0015   0.0699   0.0786   1.1609   1.0295   0.0047   0.0000   0.0160   0.2138    0.234
    36   0.1497  -0.3130   0.0000   0.0601   0.0011   0.0593   0.0854   1.1345   1.0061  -0.0006   0.0000   0.0221   0.2028    0.228
    37   0.1576  -0.3294   0.0000   0.0526   0.0008   0.0481   0.0977   1.0507   0.9317  -0.0054   0.0000   0.0323   0.1770    0.215
    38   0.1636  -0.3421   0.0000   0.0468   0.0005   0.0357   0.1122   0.8774   0.7781  -0.0092   0.0000   0.0445   0.1318    0.193
    39   0.1678  -0.3507   0.0000   0.0428   0.0003   0.0220   0.1214   0.5917   0.5247  -0.0104   0.0000   0.0474   0.0730    0.160
    40   0.1698  -0.3551   0.0000   0.0409   0.0001   0.0074   0.1193   0.2098   0.1861  -0.0077   0.0000   0.0226   0.0205    0.129
 ---------------------------------------------------------------
