 ---------------------------------------------------------------
 Surface and Strip Forces by surface

  Sref = 0.13630       Cref = 0.19250       Bref = 0.81280    
  Xref = 0.10920       Yref =  0.0000       Zref =  0.0000    

  Surface # 1     Wing                                    
     # Chordwise = 10   # Spanwise = 20     First strip =  1
     Surface area Ssurf =    0.068133     Ave. chord Cave =    0.167650

 Forces referred to Sref, Cref, Bref about Xref, Yref, Zref
 Standard axis orientation,  X fwd, Z down         
     CLsurf  =   0.26650     Clsurf  =  -0.05591
     CYsurf  =  -0.00001     Cmsurf  =  -0.05448
     CDsurf  =   0.01039     Cnsurf  =  -0.00611
     CDisurf =   0.01039     CDvsurf =   0.00000

 Forces referred to Ssurf, Cave 
     CLsurf  =   0.53314     CDsurf  =   0.02079

 Strip Forces referred to Strip Area, Chord
    j     Xle      Yle      Zle      Chord    Area     c_cl     ai     cl_norm    cl       cd       cdv    cm_c/4     cm_LE   C.P.x/c
     1   0.0004   0.0006   0.0000   0.2791   0.0007   0.1155   0.0742   0.4723   0.3891   0.2217   0.0000  -0.0142  -0.1007    0.286
     2   0.0034   0.0056   0.0000   0.2763   0.0021   0.1155   0.0741   0.5045   0.4156   0.0450   0.0000  -0.0132  -0.1008    0.282
     3   0.0093   0.0155   0.0000   0.2709   0.0033   0.1154   0.0743   0.5158   0.4249   0.0357   0.0000  -0.0103  -0.1000    0.274
     4   0.0181   0.0299   0.0000   0.2629   0.0044   0.1152   0.0746   0.5310   0.4374   0.0325   0.0000  -0.0063  -0.0991    0.264
     5   0.0294   0.0487   0.0000   0.2526   0.0052   0.1146   0.0748   0.5506   0.4536   0.0294   0.0000  -0.0024  -0.0991    0.255
     6   0.0430   0.0712   0.0000   0.2402   0.0058   0.1135   0.0747   0.5741   0.4729   0.0265   0.0000   0.0010  -0.1002    0.248
     7   0.0586   0.0970   0.0000   0.2260   0.0061   0.1117   0.0741   0.6009   0.4950   0.0237   0.0000   0.0037  -0.1026    0.243
     8   0.0757   0.1254   0.0000   0.2104   0.0062   0.1089   0.0729   0.6303   0.5192   0.0211   0.0000   0.0056  -0.1060    0.239
     9   0.0941   0.1558   0.0000   0.1937   0.0060   0.1052   0.0712   0.6614   0.5448   0.0186   0.0000   0.0070  -0.1102    0.237
    10   0.1131   0.1873   0.0000   0.1764   0.0056   0.1003   0.0691   0.6935   0.5712   0.0160   0.0000   0.0080  -0.1149    0.236
    11   0.1323   0.2191   0.0000   0.1589   0.0051   0.0945   0.0667   0.7255   0.5976   0.0133   0.0000   0.0087  -0.1198    0.235
    12   0.1513   0.2506   0.0000   0.1416   0.0044   0.0876   0.0646   0.7561   0.6228   0.0104   0.0000   0.0095  -0.1243    0.235
    13   0.1697   0.2810   0.0000   0.1249   0.0037   0.0800   0.0630   0.7830   0.6450   0.0072   0.0000   0.0106  -0.1280    0.234
    14   0.1868   0.3094   0.0000   0.1093   0.0030   0.0717   0.0627   0.8027   0.6612   0.0038   0.0000   0.0124  -0.1298    0.231
    15   0.2024   0.3352   0.0000   0.0951   0.0023   0.0628   0.0646   0.8085   0.6660   0.0002   0.0000   0.0156  -0.1281    0.227
    16   0.2160   0.3577   0.0000   0.0827   0.0017   0.0533   0.0695   0.7895   0.6504  -0.0035   0.0000   0.0209  -0.1201    0.218
    17   0.2273   0.3765   0.0000   0.0724   0.0012   0.0430   0.0769   0.7283   0.5999  -0.0073   0.0000   0.0290  -0.1024    0.202
    18   0.2361   0.3909   0.0000   0.0644   0.0008   0.0317   0.0841   0.6037   0.4973  -0.0104   0.0000   0.0374  -0.0733    0.175
    19   0.2420   0.4008   0.0000   0.0590   0.0004   0.0194   0.0859   0.4036   0.3325  -0.0108   0.0000   0.0373  -0.0384    0.138
    20   0.2450   0.4058   0.0000   0.0562   0.0001   0.0065   0.0798   0.1421   0.1171  -0.0071   0.0000   0.0169  -0.0102    0.106

  Surface # 2     Wing (YDUP)                             
     # Chordwise = 10   # Spanwise = 20     First strip = 21
     Surface area Ssurf =    0.068133     Ave. chord Cave =    0.167650

 Forces referred to Sref, Cref, Bref about Xref, Yref, Zref
 Standard axis orientation,  X fwd, Z down         
     CLsurf  =   0.26650     Clsurf  =   0.05591
     CYsurf  =   0.00001     Cmsurf  =  -0.05448
     CDsurf  =   0.01039     Cnsurf  =   0.00611
     CDisurf =   0.01039     CDvsurf =   0.00000

 Forces referred to Ssurf, Cave 
     CLsurf  =   0.53314     CDsurf  =   0.02079

 Strip Forces referred to Strip Area, Chord
    j     Xle      Yle      Zle      Chord    Area     c_cl     ai     cl_norm    cl       cd       cdv    cm_c/4     cm_LE   C.P.x/c
    21   0.0004  -0.0006   0.0000   0.2791   0.0007   0.1155   0.0742   0.4723   0.3891   0.2217   0.0000  -0.0142   0.1007    0.286
    22   0.0034  -0.0056   0.0000   0.2763   0.0021   0.1155   0.0741   0.5045   0.4156   0.0450   0.0000  -0.0132   0.1008    0.282
    23   0.0093  -0.0155   0.0000   0.2709   0.0033   0.1154   0.0743   0.5158   0.4249   0.0357   0.0000  -0.0103   0.1000    0.274
    24   0.0181  -0.0299   0.0000   0.2629   0.0044   0.1152   0.0746   0.5310   0.4374   0.0325   0.0000  -0.0063   0.0991    0.264
    25   0.0294  -0.0487   0.0000   0.2526   0.0052   0.1146   0.0748   0.5506   0.4536   0.0294   0.0000  -0.0024   0.0991    0.255
    26   0.0430  -0.0712   0.0000   0.2402   0.0058   0.1135   0.0747   0.5741   0.4729   0.0265   0.0000   0.0010   0.1002    0.248
    27   0.0586  -0.0970   0.0000   0.2260   0.0061   0.1117   0.0741   0.6009   0.4950   0.0237   0.0000   0.0037   0.1026    0.243
    28   0.0757  -0.1254   0.0000   0.2104   0.0062   0.1089   0.0729   0.6303   0.5192   0.0211   0.0000   0.0056   0.1060    0.239
    29   0.0941  -0.1558   0.0000   0.1937   0.0060   0.1052   0.0712   0.6614   0.5448   0.0186   0.0000   0.0070   0.1102    0.237
    30   0.1131  -0.1873   0.0000   0.1764   0.0056   0.1003   0.0691   0.6935   0.5712   0.0160   0.0000   0.0080   0.1149    0.236
    31   0.1323  -0.2191   0.0000   0.1589   0.0051   0.0945   0.0667   0.7255   0.5976   0.0133   0.0000   0.0087   0.1198    0.235
    32   0.1513  -0.2506   0.0000   0.1416   0.0044   0.0876   0.0646   0.7561   0.6228   0.0104   0.0000   0.0095   0.1243    0.235
    33   0.1697  -0.2810   0.0000   0.1249   0.0037   0.0800   0.0630   0.7830   0.6450   0.0072   0.0000   0.0106   0.1280    0.234
    34   0.1868  -0.3094   0.0000   0.1093   0.0030   0.0717   0.0627   0.8027   0.6612   0.0038   0.0000   0.0124   0.1298    0.231
    35   0.2024  -0.3352   0.0000   0.0951   0.0023   0.0628   0.0646   0.8085   0.6660   0.0002   0.0000   0.0156   0.1281    0.227
    36   0.2160  -0.3577   0.0000   0.0827   0.0017   0.0533   0.0695   0.7895   0.6504  -0.0035   0.0000   0.0209   0.1201    0.218
    37   0.2273  -0.3765   0.0000   0.0724   0.0012   0.0430   0.0769   0.7283   0.5999  -0.0073   0.0000   0.0290   0.1024    0.202
    38   0.2361  -0.3909   0.0000   0.0644   0.0008   0.0317   0.0841   0.6037   0.4973  -0.0104   0.0000   0.0374   0.0733    0.175
    39   0.2420  -0.4008   0.0000   0.0590   0.0004   0.0194   0.0859   0.4036   0.3325  -0.0108   0.0000   0.0373   0.0384    0.138
    40   0.2450  -0.4058   0.0000   0.0562   0.0001   0.0065   0.0798   0.1421   0.1171  -0.0071   0.0000   0.0169   0.0102    0.106
 ---------------------------------------------------------------
