 ---------------------------------------------------------------
 Surface and Strip Forces by surface

  Sref = 0.16520       Cref = 0.20320       Bref = 0.81280    
  Xref = 0.10920       Yref =  0.0000       Zref =  0.0000    

  Surface # 1     Wing                                    
     # Chordwise = 10   # Spanwise = 20     First strip =  1
     Surface area Ssurf =    0.082580     Ave. chord Cave =    0.203200

 Forces referred to Sref, Cref, Bref about Xref, Yref, Zref
 Standard axis orientation,  X fwd, Z down         
     CLsurf  =   0.21988     Clsurf  =  -0.04870
     CYsurf  =   0.00619     Cmsurf  =  -0.00196
     CDsurf  =   0.00831     Cnsurf  =  -0.00567
     CDisurf =   0.00831     CDvsurf =   0.00000

 Forces referred to Ssurf, Cave 
     CLsurf  =   0.43987     CDsurf  =   0.01663

 Strip Forces referred to Strip Area, Chord
    j     Xle      Yle      Zle      Chord    Area     c_cl     ai     cl_norm    cl       cd       cdv    cm_c/4     cm_LE   C.P.x/c
     1   0.0002   0.0006   0.0000   0.2032   0.0005   0.1027   0.0419   0.5508   0.4872   0.1854   0.0000  -0.0174  -0.1350    0.286
     2   0.0020   0.0056   0.0000   0.2032   0.0015   0.1027   0.0422   0.5700   0.5043   0.0392   0.0000  -0.0156  -0.1334    0.281
     3   0.0056   0.0155   0.0000   0.2032   0.0025   0.1028   0.0447   0.5719   0.5059   0.0312   0.0000  -0.0113  -0.1295    0.272
     4   0.0109   0.0299   0.0000   0.2032   0.0034   0.1031   0.0482   0.5740   0.5078   0.0272   0.0000  -0.0062  -0.1251    0.262
     5   0.0177   0.0487   0.0000   0.2032   0.0042   0.1035   0.0521   0.5766   0.5101   0.0239   0.0000  -0.0016  -0.1212    0.253
     6   0.0259   0.0712   0.0000   0.2032   0.0049   0.1038   0.0559   0.5788   0.5120   0.0213   0.0000   0.0021  -0.1181    0.246
     7   0.0353   0.0970   0.0000   0.2032   0.0055   0.1039   0.0597   0.5796   0.5127   0.0193   0.0000   0.0050  -0.1155    0.240
     8   0.0457   0.1254   0.0000   0.2032   0.0060   0.1036   0.0635   0.5779   0.5112   0.0178   0.0000   0.0072  -0.1130    0.236
     9   0.0567   0.1558   0.0000   0.2032   0.0063   0.1026   0.0675   0.5727   0.5066   0.0166   0.0000   0.0092  -0.1100    0.232
    10   0.0681   0.1873   0.0000   0.2032   0.0065   0.1009   0.0719   0.5629   0.4979   0.0156   0.0000   0.0112  -0.1061    0.227
    11   0.0798   0.2191   0.0000   0.2032   0.0065   0.0981   0.0769   0.5474   0.4842   0.0147   0.0000   0.0135  -0.1007    0.222
    12   0.0912   0.2506   0.0000   0.2032   0.0063   0.0940   0.0823   0.5249   0.4643   0.0138   0.0000   0.0161  -0.0936    0.215
    13   0.1022   0.2810   0.0000   0.2032   0.0060   0.0885   0.0878   0.4941   0.4371   0.0126   0.0000   0.0191  -0.0844    0.206
    14   0.1126   0.3094   0.0000   0.2032   0.0055   0.0813   0.0930   0.4540   0.4016   0.0113   0.0000   0.0224  -0.0730    0.194
    15   0.1220   0.3352   0.0000   0.2032   0.0049   0.0723   0.0971   0.4039   0.3573   0.0096   0.0000   0.0255  -0.0597    0.179
    16   0.1302   0.3577   0.0000   0.2032   0.0042   0.0616   0.0992   0.3440   0.3043   0.0076   0.0000   0.0275  -0.0453    0.160
    17   0.1370   0.3765   0.0000   0.2032   0.0034   0.0493   0.0988   0.2753   0.2435   0.0055   0.0000   0.0274  -0.0312    0.137
    18   0.1423   0.3909   0.0000   0.2032   0.0025   0.0358   0.0956   0.2001   0.1770   0.0033   0.0000   0.0240  -0.0189    0.114
    19   0.1459   0.4008   0.0000   0.2032   0.0015   0.0216   0.0904   0.1211   0.1071   0.0011   0.0000   0.0166  -0.0094    0.095
    20   0.1477   0.4058   0.0000   0.2032   0.0005   0.0072   0.0864   0.0406   0.0359  -0.0010   0.0000   0.0060  -0.0028    0.084

  Surface # 2     Wing (YDUP)                             
     # Chordwise = 10   # Spanwise = 20     First strip = 21
     Surface area Ssurf =    0.082580     Ave. chord Cave =    0.203200

 Forces referred to Sref, Cref, Bref about Xref, Yref, Zref
 Standard axis orientation,  X fwd, Z down         
     CLsurf  =   0.21988     Clsurf  =   0.04870
     CYsurf  =  -0.00619     Cmsurf  =  -0.00196
     CDsurf  =   0.00831     Cnsurf  =   0.00567
     CDisurf =   0.00831     CDvsurf =   0.00000

 Forces referred to Ssurf, Cave 
     CLsurf  =   0.43987     CDsurf  =   0.01663

 Strip Forces referred to Strip Area, Chord
    j     Xle      Yle      Zle      Chord    Area     c_cl     ai     cl_norm    cl       cd       cdv    cm_c/4     cm_LE   C.P.x/c
    21   0.0002  -0.0006   0.0000   0.2032   0.0005   0.1027   0.0419   0.5508   0.4872   0.1854   0.0000  -0.0174   0.1350    0.286
    22   0.0020  -0.0056   0.0000   0.2032   0.0015   0.1027   0.0422   0.5700   0.5043   0.0392   0.0000  -0.0156   0.1334    0.281
    23   0.0056  -0.0155   0.0000   0.2032   0.0025   0.1028   0.0447   0.5719   0.5059   0.0312   0.0000  -0.0113   0.1295    0.272
    24   0.0109  -0.0299   0.0000   0.2032   0.0034   0.1031   0.0482   0.5740   0.5078   0.0272   0.0000  -0.0062   0.1251    0.262
    25   0.0177  -0.0487   0.0000   0.2032   0.0042   0.1035   0.0521   0.5766   0.5101   0.0239   0.0000  -0.0016   0.1212    0.253
    26   0.0259  -0.0712   0.0000   0.2032   0.0049   0.1038   0.0559   0.5788   0.5120   0.0213   0.0000   0.0021   0.1181    0.246
    27   0.0353  -0.0970   0.0000   0.2032   0.0055   0.1039   0.0597   0.5796   0.5127   0.0193   0.0000   0.0050   0.1155    0.240
    28   0.0457  -0.1254   0.0000   0.2032   0.0060   0.1036   0.0635   0.5779   0.5112   0.0178   0.0000   0.0072   0.1130    0.236
    29   0.0567  -0.1558   0.0000   0.2032   0.0063   0.1026   0.0675   0.5727   0.5066   0.0166   0.0000   0.0092   0.1100    0.232
    30   0.0681  -0.1873   0.0000   0.2032   0.0065   0.1009   0.0719   0.5629   0.4979   0.0156   0.0000   0.0112   0.1061    0.227
    31   0.0798  -0.2191   0.0000   0.2032   0.0065   0.0981   0.0769   0.5474   0.4842   0.0147   0.0000   0.0135   0.1007    0.222
    32   0.0912  -0.2506   0.0000   0.2032   0.0063   0.0940   0.0823   0.5249   0.4643   0.0138   0.0000   0.0161   0.0936    0.215
    33   0.1022  -0.2810   0.0000   0.2032   0.0060   0.0885   0.0878   0.4941   0.4371   0.0126   0.0000   0.0191   0.0844    0.206
    34   0.1126  -0.3094   0.0000   0.2032   0.0055   0.0813   0.0930   0.4540   0.4016   0.0113   0.0000   0.0224   0.0730    0.194
    35   0.1220  -0.3352   0.0000   0.2032   0.0049   0.0723   0.0971   0.4039   0.3573   0.0096   0.0000   0.0255   0.0597    0.179
    36   0.1302  -0.3577   0.0000   0.2032   0.0042   0.0616   0.0992   0.3440   0.3043   0.0076   0.0000   0.0275   0.0453    0.160
    37   0.1370  -0.3765   0.0000   0.2032   0.0034   0.0493   0.0988   0.2753   0.2435   0.0055   0.0000   0.0274   0.0312    0.137
    38   0.1423  -0.3909   0.0000   0.2032   0.0025   0.0358   0.0956   0.2001   0.1770   0.0033   0.0000   0.0240   0.0189    0.114
    39   0.1459  -0.4008   0.0000   0.2032   0.0015   0.0216   0.0904   0.1211   0.1071   0.0011   0.0000   0.0166   0.0094    0.095
    40   0.1477  -0.4058   0.0000   0.2032   0.0005   0.0072   0.0864   0.0406   0.0359  -0.0010   0.0000   0.0060   0.0028    0.084
 ---------------------------------------------------------------
