 ---------------------------------------------------------------
 Surface and Strip Forces by surface

  Sref = 0.12540       Cref = 0.15750       Bref = 0.91440    
  Xref = 0.10920       Yref =  0.0000       Zref =  0.0000    

  Surface # 1     Wing                                    
     # Chordwise = 10   # Spanwise = 20     First strip =  1
     Surface area Ssurf =    0.062705     Ave. chord Cave =    0.137150

 Forces referred to Sref, Cref, Bref about Xref, Yref, Zref
 Standard axis orientation,  X fwd, Z down         
     CLsurf  =   0.28967     Clsurf  =  -0.06093
     CYsurf  =   0.00771     Cmsurf  =  -0.10934
     CDsurf  =   0.00908     Cnsurf  =  -0.00874
     CDisurf =   0.00908     CDvsurf =   0.00000

 Forces referred to Ssurf, Cave 
     CLsurf  =   0.57929     CDsurf  =   0.01816

 Strip Forces referred to Strip Area, Chord
    j     Xle      Yle      Zle      Chord    Area     c_cl     ai     cl_norm    cl       cd       cdv    cm_c/4     cm_LE   C.P.x/c
     1   0.0005   0.0007   0.0000   0.2283   0.0006   0.1015   0.0525   0.5587   0.4210   0.2106   0.0000  -0.0248  -0.1125    0.309
     2   0.0043   0.0063   0.0000   0.2261   0.0019   0.1015   0.0528   0.5925   0.4466   0.0463   0.0000  -0.0227  -0.1117    0.301
     3   0.0118   0.0174   0.0000   0.2216   0.0030   0.1015   0.0547   0.6062   0.4568   0.0384   0.0000  -0.0172  -0.1091    0.288
     4   0.0228   0.0337   0.0000   0.2151   0.0040   0.1015   0.0570   0.6256   0.4715   0.0338   0.0000  -0.0108  -0.1066    0.273
     5   0.0371   0.0548   0.0000   0.2067   0.0048   0.1013   0.0590   0.6508   0.4905   0.0292   0.0000  -0.0052  -0.1057    0.261
     6   0.0543   0.0801   0.0000   0.1965   0.0054   0.1006   0.0600   0.6805   0.5129   0.0251   0.0000  -0.0009  -0.1067    0.252
     7   0.0739   0.1092   0.0000   0.1849   0.0057   0.0992   0.0599   0.7136   0.5379   0.0214   0.0000   0.0020  -0.1093    0.246
     8   0.0956   0.1411   0.0000   0.1721   0.0057   0.0968   0.0588   0.7490   0.5645   0.0181   0.0000   0.0038  -0.1132    0.243
     9   0.1187   0.1752   0.0000   0.1585   0.0055   0.0934   0.0569   0.7856   0.5921   0.0151   0.0000   0.0049  -0.1179    0.242
    10   0.1427   0.2107   0.0000   0.1443   0.0052   0.0890   0.0545   0.8226   0.6199   0.0120   0.0000   0.0054  -0.1231    0.241
    11   0.1670   0.2465   0.0000   0.1300   0.0046   0.0836   0.0519   0.8591   0.6475   0.0090   0.0000   0.0058  -0.1284    0.241
    12   0.1910   0.2820   0.0000   0.1158   0.0040   0.0775   0.0494   0.8941   0.6738   0.0058   0.0000   0.0061  -0.1334    0.241
    13   0.2141   0.3161   0.0000   0.1022   0.0034   0.0707   0.0476   0.9259   0.6978   0.0024   0.0000   0.0066  -0.1378    0.241
    14   0.2358   0.3480   0.0000   0.0894   0.0027   0.0636   0.0474   0.9515   0.7171  -0.0010   0.0000   0.0076  -0.1409    0.239
    15   0.2554   0.3771   0.0000   0.0778   0.0021   0.0561   0.0501   0.9651   0.7274  -0.0044   0.0000   0.0097  -0.1412    0.237
    16   0.2726   0.4024   0.0000   0.0676   0.0016   0.0482   0.0573   0.9548   0.7196  -0.0078   0.0000   0.0141  -0.1359    0.230
    17   0.2869   0.4235   0.0000   0.0592   0.0011   0.0396   0.0700   0.8982   0.6769  -0.0112   0.0000   0.0227  -0.1199    0.216
    18   0.2979   0.4398   0.0000   0.0527   0.0007   0.0299   0.0844   0.7611   0.5736  -0.0146   0.0000   0.0356  -0.0879    0.188
    19   0.3054   0.4509   0.0000   0.0482   0.0004   0.0185   0.0908   0.5169   0.3896  -0.0157   0.0000   0.0424  -0.0445    0.141
    20   0.3092   0.4565   0.0000   0.0460   0.0001   0.0062   0.0839   0.1828   0.1378  -0.0098   0.0000   0.0215  -0.0102    0.094

  Surface # 2     Wing (YDUP)                             
     # Chordwise = 10   # Spanwise = 20     First strip = 21
     Surface area Ssurf =    0.062705     Ave. chord Cave =    0.137150

 Forces referred to Sref, Cref, Bref about Xref, Yref, Zref
 Standard axis orientation,  X fwd, Z down         
     CLsurf  =   0.28967     Clsurf  =   0.06093
     CYsurf  =  -0.00771     Cmsurf  =  -0.10934
     CDsurf  =   0.00908     Cnsurf  =   0.00874
     CDisurf =   0.00908     CDvsurf =   0.00000

 Forces referred to Ssurf, Cave 
     CLsurf  =   0.57929     CDsurf  =   0.01816

 Strip Forces referred to Strip Area, Chord
    j     Xle      Yle      Zle      Chord    Area     c_cl     ai     cl_norm    cl       cd       cdv    cm_c/4     cm_LE   C.P.x/c
    21   0.0005  -0.0007   0.0000   0.2283   0.0006   0.1015   0.0525   0.5587   0.4210   0.2106   0.0000  -0.0248   0.1125    0.309
    22   0.0043  -0.0063   0.0000   0.2261   0.0019   0.1015   0.0528   0.5925   0.4466   0.0463   0.0000  -0.0227   0.1117    0.301
    23   0.0118  -0.0174   0.0000   0.2216   0.0030   0.1015   0.0547   0.6062   0.4568   0.0384   0.0000  -0.0172   0.1091    0.288
    24   0.0228  -0.0337   0.0000   0.2151   0.0040   0.1015   0.0570   0.6256   0.4715   0.0338   0.0000  -0.0108   0.1066    0.273
    25   0.0371  -0.0548   0.0000   0.2067   0.0048   0.1013   0.0590   0.6508   0.4905   0.0292   0.0000  -0.0052   0.1057    0.261
    26   0.0543  -0.0801   0.0000   0.1965   0.0054   0.1006   0.0600   0.6805   0.5129   0.0251   0.0000  -0.0009   0.1067    0.252
    27   0.0739  -0.1092   0.0000   0.1849   0.0057   0.0992   0.0599   0.7136   0.5379   0.0214   0.0000   0.0020   0.1093    0.246
    28   0.0956  -0.1411   0.0000   0.1721   0.0057   0.0968   0.0588   0.7490   0.5645   0.0181   0.0000   0.0038   0.1132    0.243
    29   0.1187  -0.1752   0.0000   0.1585   0.0055   0.0934   0.0569   0.7856   0.5921   0.0151   0.0000   0.0049   0.1179    0.242
    30   0.1427  -0.2107   0.0000   0.1443   0.0052   0.0890   0.0545   0.8226   0.6199   0.0120   0.0000   0.0054   0.1231    0.241
    31   0.1670  -0.2465   0.0000   0.1300   0.0046   0.0836   0.0519   0.8591   0.6475   0.0090   0.0000   0.0058   0.1284    0.241
    32   0.1910  -0.2820   0.0000   0.1158   0.0040   0.0775   0.0494   0.8941   0.6738   0.0058   0.0000   0.0061   0.1334    0.241
    33   0.2141  -0.3161   0.0000   0.1022   0.0034   0.0707   0.0476   0.9259   0.6978   0.0024   0.0000   0.0066   0.1378    0.241
    34   0.2358  -0.3480   0.0000   0.0894   0.0027   0.0636   0.0474   0.9515   0.7171  -0.0010   0.0000   0.0076   0.1409    0.239
    35   0.2554  -0.3771   0.0000   0.0778   0.0021   0.0561   0.0501   0.9651   0.7274  -0.0044   0.0000   0.0097   0.1412    0.237
    36   0.2726  -0.4024   0.0000   0.0676   0.0016   0.0482   0.0573   0.9548   0.7196  -0.0078   0.0000   0.0141   0.1359    0.230
    37   0.2869  -0.4235   0.0000   0.0592   0.0011   0.0396   0.0700   0.8982   0.6769  -0.0112   0.0000   0.0227   0.1199    0.216
    38   0.2979  -0.4398   0.0000   0.0527   0.0007   0.0299   0.0844   0.7611   0.5736  -0.0146   0.0000   0.0356   0.0879    0.188
    39   0.3054  -0.4509   0.0000   0.0482   0.0004   0.0185   0.0908   0.5169   0.3896  -0.0157   0.0000   0.0424   0.0445    0.141
    40   0.3092  -0.4565   0.0000   0.0460   0.0001   0.0062   0.0839   0.1828   0.1378  -0.0098   0.0000   0.0215   0.0102    0.094
 ---------------------------------------------------------------
