 ---------------------------------------------------------------
 Surface and Strip Forces by surface

  Sref = 0.13210       Cref = 0.16590       Bref = 0.81280    
  Xref = 0.10920       Yref =  0.0000       Zref =  0.0000    

  Surface # 1     Wing                                    
     # Chordwise = 10   # Spanwise = 20     First strip =  1
     Surface area Ssurf =    0.066060     Ave. chord Cave =    0.162550

 Forces referred to Sref, Cref, Bref about Xref, Yref, Zref
 Standard axis orientation,  X fwd, Z down         
     CLsurf  =   0.27498     Clsurf  =  -0.06004
     CYsurf  =   0.00492     Cmsurf  =  -0.00663
     CDsurf  =   0.01039     Cnsurf  =  -0.00707
     CDisurf =   0.01039     CDvsurf =   0.00000

 Forces referred to Ssurf, Cave 
     CLsurf  =   0.54987     CDsurf  =   0.02077

 Strip Forces referred to Strip Area, Chord
    j     Xle      Yle      Zle      Chord    Area     c_cl     ai     cl_norm    cl       cd       cdv    cm_c/4     cm_LE   C.P.x/c
     1   0.0003   0.0006   0.0000   0.2031   0.0005   0.1068   0.0543   0.5693   0.5038   0.2035   0.0000  -0.0171  -0.1372    0.284
     2   0.0023   0.0056   0.0000   0.2021   0.0015   0.1068   0.0545   0.5953   0.5268   0.0466   0.0000  -0.0154  -0.1363    0.279
     3   0.0064   0.0155   0.0000   0.2001   0.0024   0.1068   0.0559   0.6029   0.5334   0.0378   0.0000  -0.0111  -0.1336    0.271
     4   0.0124   0.0299   0.0000   0.1972   0.0033   0.1069   0.0581   0.6128   0.5423   0.0331   0.0000  -0.0061  -0.1308    0.261
     5   0.0201   0.0487   0.0000   0.1935   0.0040   0.1069   0.0602   0.6252   0.5532   0.0291   0.0000  -0.0016  -0.1291    0.253
     6   0.0295   0.0712   0.0000   0.1890   0.0046   0.1066   0.0621   0.6390   0.5654   0.0258   0.0000   0.0019  -0.1285    0.247
     7   0.0402   0.0970   0.0000   0.1838   0.0050   0.1059   0.0636   0.6530   0.5778   0.0231   0.0000   0.0045  -0.1289    0.242
     8   0.0519   0.1254   0.0000   0.1781   0.0052   0.1045   0.0649   0.6658   0.5892   0.0210   0.0000   0.0064  -0.1297    0.239
     9   0.0645   0.1558   0.0000   0.1720   0.0053   0.1025   0.0663   0.6763   0.5985   0.0192   0.0000   0.0079  -0.1304    0.237
    10   0.0775   0.1873   0.0000   0.1657   0.0053   0.0997   0.0680   0.6831   0.6044   0.0177   0.0000   0.0093  -0.1304    0.235
    11   0.0907   0.2191   0.0000   0.1594   0.0051   0.0961   0.0705   0.6845   0.6057   0.0164   0.0000   0.0108  -0.1293    0.232
    12   0.1037   0.2506   0.0000   0.1531   0.0047   0.0914   0.0741   0.6786   0.6004   0.0151   0.0000   0.0127  -0.1262    0.229
    13   0.1163   0.2810   0.0000   0.1470   0.0043   0.0857   0.0789   0.6627   0.5864   0.0139   0.0000   0.0154  -0.1205    0.224
    14   0.1280   0.3094   0.0000   0.1413   0.0038   0.0788   0.0850   0.6338   0.5609   0.0125   0.0000   0.0189  -0.1113    0.216
    15   0.1387   0.3352   0.0000   0.1361   0.0033   0.0705   0.0918   0.5882   0.5205   0.0108   0.0000   0.0234  -0.0979    0.205
    16   0.1481   0.3577   0.0000   0.1316   0.0027   0.0605   0.0981   0.5223   0.4622   0.0087   0.0000   0.0282  -0.0800    0.189
    17   0.1558   0.3765   0.0000   0.1279   0.0021   0.0489   0.1023   0.4345   0.3844   0.0063   0.0000   0.0317  -0.0589    0.167
    18   0.1618   0.3909   0.0000   0.1250   0.0015   0.0358   0.1027   0.3258   0.2883   0.0037   0.0000   0.0312  -0.0374    0.142
    19   0.1659   0.4008   0.0000   0.1230   0.0009   0.0217   0.0989   0.2012   0.1781   0.0012   0.0000   0.0238  -0.0189    0.117
    20   0.1679   0.4058   0.0000   0.1220   0.0003   0.0073   0.0935   0.0681   0.0602  -0.0014   0.0000   0.0090  -0.0054    0.101

  Surface # 2     Wing (YDUP)                             
     # Chordwise = 10   # Spanwise = 20     First strip = 21
     Surface area Ssurf =    0.066060     Ave. chord Cave =    0.162550

 Forces referred to Sref, Cref, Bref about Xref, Yref, Zref
 Standard axis orientation,  X fwd, Z down         
     CLsurf  =   0.27498     Clsurf  =   0.06004
     CYsurf  =  -0.00492     Cmsurf  =  -0.00663
     CDsurf  =   0.01039     Cnsurf  =   0.00707
     CDisurf =   0.01039     CDvsurf =   0.00000

 Forces referred to Ssurf, Cave 
     CLsurf  =   0.54987     CDsurf  =   0.02077

 Strip Forces referred to Strip Area, Chord
    j     Xle      Yle      Zle      Chord    Area     c_cl     ai     cl_norm    cl       cd       cdv    cm_c/4     cm_LE   C.P.x/c
    21   0.0003  -0.0006   0.0000   0.2031   0.0005   0.1068   0.0543   0.5693   0.5038   0.2035   0.0000  -0.0171   0.1372    0.284
    22   0.0023  -0.0056   0.0000   0.2021   0.0015   0.1068   0.0545   0.5953   0.5268   0.0466   0.0000  -0.0154   0.1363    0.279
    23   0.0064  -0.0155   0.0000   0.2001   0.0024   0.1068   0.0559   0.6029   0.5334   0.0378   0.0000  -0.0111   0.1336    0.271
    24   0.0124  -0.0299   0.0000   0.1972   0.0033   0.1069   0.0581   0.6128   0.5423   0.0331   0.0000  -0.0061   0.1308    0.261
    25   0.0201  -0.0487   0.0000   0.1935   0.0040   0.1069   0.0602   0.6252   0.5532   0.0291   0.0000  -0.0016   0.1291    0.253
    26   0.0295  -0.0712   0.0000   0.1890   0.0046   0.1066   0.0621   0.6390   0.5654   0.0258   0.0000   0.0019   0.1285    0.247
    27   0.0402  -0.0970   0.0000   0.1838   0.0050   0.1059   0.0636   0.6530   0.5778   0.0231   0.0000   0.0045   0.1289    0.242
    28   0.0519  -0.1254   0.0000   0.1781   0.0052   0.1045   0.0649   0.6658   0.5892   0.0210   0.0000   0.0064   0.1297    0.239
    29   0.0645  -0.1558   0.0000   0.1720   0.0053   0.1025   0.0663   0.6763   0.5985   0.0192   0.0000   0.0079   0.1304    0.237
    30   0.0775  -0.1873   0.0000   0.1657   0.0053   0.0997   0.0680   0.6831   0.6044   0.0177   0.0000   0.0093   0.1304    0.235
    31   0.0907  -0.2191   0.0000   0.1594   0.0051   0.0961   0.0705   0.6845   0.6057   0.0164   0.0000   0.0108   0.1293    0.232
    32   0.1037  -0.2506   0.0000   0.1531   0.0047   0.0914   0.0741   0.6786   0.6004   0.0151   0.0000   0.0127   0.1262    0.229
    33   0.1163  -0.2810   0.0000   0.1470   0.0043   0.0857   0.0789   0.6627   0.5864   0.0139   0.0000   0.0154   0.1205    0.224
    34   0.1280  -0.3094   0.0000   0.1413   0.0038   0.0788   0.0850   0.6338   0.5609   0.0125   0.0000   0.0189   0.1113    0.216
    35   0.1387  -0.3352   0.0000   0.1361   0.0033   0.0705   0.0918   0.5882   0.5205   0.0108   0.0000   0.0234   0.0979    0.205
    36   0.1481  -0.3577   0.0000   0.1316   0.0027   0.0605   0.0981   0.5223   0.4622   0.0087   0.0000   0.0282   0.0800    0.189
    37   0.1558  -0.3765   0.0000   0.1279   0.0021   0.0489   0.1023   0.4345   0.3844   0.0063   0.0000   0.0317   0.0589    0.167
    38   0.1618  -0.3909   0.0000   0.1250   0.0015   0.0358   0.1027   0.3258   0.2883   0.0037   0.0000   0.0312   0.0374    0.142
    39   0.1659  -0.4008   0.0000   0.1230   0.0009   0.0217   0.0989   0.2012   0.1781   0.0012   0.0000   0.0238   0.0189    0.117
    40   0.1679  -0.4058   0.0000   0.1220   0.0003   0.0073   0.0935   0.0681   0.0602  -0.0014   0.0000   0.0090   0.0054    0.101
 ---------------------------------------------------------------
