 ---------------------------------------------------------------
 Surface and Strip Forces by surface

  Sref = 0.22300       Cref = 0.27540       Bref = 0.81280    
  Xref = 0.10920       Yref =  0.0000       Zref =  0.0000    

  Surface # 1     Wing                                    
     # Chordwise = 10   # Spanwise = 20     First strip =  1
     Surface area Ssurf =    0.111476     Ave. chord Cave =    0.274300

 Forces referred to Sref, Cref, Bref about Xref, Yref, Zref
 Standard axis orientation,  X fwd, Z down         
     CLsurf  =   0.16289     Clsurf  =  -0.03543
     CYsurf  =   0.00289     Cmsurf  =  -0.02395
     CDsurf  =   0.00627     Cnsurf  =  -0.00386
     CDisurf =   0.00627     CDvsurf =   0.00000

 Forces referred to Ssurf, Cave 
     CLsurf  =   0.32585     CDsurf  =   0.01255

 Strip Forces referred to Strip Area, Chord
    j     Xle      Yle      Zle      Chord    Area     c_cl     ai     cl_norm    cl       cd       cdv    cm_c/4     cm_LE   C.P.x/c
     1   0.0003   0.0006   0.0000   0.3047   0.0008   0.1076   0.0572   0.4097   0.3372   0.1815   0.0000  -0.0128  -0.0902    0.288
     2   0.0028   0.0056   0.0000   0.3040   0.0023   0.1076   0.0557   0.4283   0.3525   0.0312   0.0000  -0.0119  -0.0897    0.284
     3   0.0078   0.0155   0.0000   0.3025   0.0037   0.1075   0.0559   0.4313   0.3550   0.0231   0.0000  -0.0093  -0.0877    0.276
     4   0.0151   0.0299   0.0000   0.3003   0.0050   0.1076   0.0572   0.4348   0.3578   0.0208   0.0000  -0.0056  -0.0850    0.266
     5   0.0245   0.0487   0.0000   0.2975   0.0062   0.1075   0.0591   0.4389   0.3612   0.0188   0.0000  -0.0018  -0.0823    0.255
     6   0.0359   0.0712   0.0000   0.2941   0.0071   0.1073   0.0613   0.4433   0.3648   0.0169   0.0000   0.0017  -0.0800    0.245
     7   0.0489   0.0970   0.0000   0.2902   0.0079   0.1067   0.0637   0.4471   0.3679   0.0153   0.0000   0.0047  -0.0779    0.237
     8   0.0632   0.1254   0.0000   0.2860   0.0084   0.1056   0.0661   0.4493   0.3697   0.0138   0.0000   0.0073  -0.0760    0.230
     9   0.0785   0.1558   0.0000   0.2814   0.0087   0.1038   0.0688   0.4489   0.3695   0.0125   0.0000   0.0096  -0.0738    0.224
    10   0.0943   0.1873   0.0000   0.2767   0.0088   0.1011   0.0717   0.4449   0.3662   0.0113   0.0000   0.0119  -0.0710    0.218
    11   0.1104   0.2191   0.0000   0.2719   0.0086   0.0974   0.0748   0.4361   0.3589   0.0102   0.0000   0.0142  -0.0673    0.210
    12   0.1262   0.2506   0.0000   0.2672   0.0083   0.0924   0.0781   0.4213   0.3467   0.0090   0.0000   0.0168  -0.0622    0.201
    13   0.1415   0.2810   0.0000   0.2626   0.0077   0.0861   0.0813   0.3992   0.3285   0.0077   0.0000   0.0196  -0.0557    0.190
    14   0.1558   0.3094   0.0000   0.2584   0.0070   0.0782   0.0839   0.3690   0.3036   0.0063   0.0000   0.0224  -0.0476    0.176
    15   0.1688   0.3352   0.0000   0.2545   0.0062   0.0689   0.0855   0.3299   0.2715   0.0048   0.0000   0.0248  -0.0383    0.159
    16   0.1802   0.3577   0.0000   0.2511   0.0052   0.0581   0.0856   0.2822   0.2323   0.0032   0.0000   0.0261  -0.0284    0.138
    17   0.1896   0.3765   0.0000   0.2483   0.0041   0.0462   0.0836   0.2268   0.1866   0.0017   0.0000   0.0253  -0.0189    0.114
    18   0.1969   0.3909   0.0000   0.2461   0.0030   0.0334   0.0796   0.1654   0.1361   0.0004   0.0000   0.0217  -0.0109    0.091
    19   0.2019   0.4008   0.0000   0.2446   0.0018   0.0201   0.0743   0.1004   0.0826  -0.0009   0.0000   0.0148  -0.0051    0.071
    20   0.2044   0.4058   0.0000   0.2439   0.0006   0.0067   0.0708   0.0337   0.0278  -0.0017   0.0000   0.0052  -0.0014    0.061

  Surface # 2     Wing (YDUP)                             
     # Chordwise = 10   # Spanwise = 20     First strip = 21
     Surface area Ssurf =    0.111476     Ave. chord Cave =    0.274300

 Forces referred to Sref, Cref, Bref about Xref, Yref, Zref
 Standard axis orientation,  X fwd, Z down         
     CLsurf  =   0.16289     Clsurf  =   0.03543
     CYsurf  =  -0.00289     Cmsurf  =  -0.02395
     CDsurf  =   0.00627     Cnsurf  =   0.00386
     CDisurf =   0.00627     CDvsurf =   0.00000

 Forces referred to Ssurf, Cave 
     CLsurf  =   0.32585     CDsurf  =   0.01255

 Strip Forces referred to Strip Area, Chord
    j     Xle      Yle      Zle      Chord    Area     c_cl     ai     cl_norm    cl       cd       cdv    cm_c/4     cm_LE   C.P.x/c
    21   0.0003  -0.0006   0.0000   0.3047   0.0008   0.1076   0.0572   0.4097   0.3372   0.1815   0.0000  -0.0128   0.0902    0.288
    22   0.0028  -0.0056   0.0000   0.3040   0.0023   0.1076   0.0557   0.4283   0.3525   0.0312   0.0000  -0.0119   0.0897    0.284
    23   0.0078  -0.0155   0.0000   0.3025   0.0037   0.1075   0.0559   0.4313   0.3550   0.0231   0.0000  -0.0093   0.0877    0.276
    24   0.0151  -0.0299   0.0000   0.3003   0.0050   0.1076   0.0572   0.4348   0.3578   0.0208   0.0000  -0.0056   0.0850    0.266
    25   0.0245  -0.0487   0.0000   0.2975   0.0062   0.1075   0.0591   0.4389   0.3612   0.0188   0.0000  -0.0018   0.0823    0.255
    26   0.0359  -0.0712   0.0000   0.2941   0.0071   0.1073   0.0613   0.4433   0.3648   0.0169   0.0000   0.0017   0.0800    0.245
    27   0.0489  -0.0970   0.0000   0.2902   0.0079   0.1067   0.0637   0.4471   0.3679   0.0153   0.0000   0.0047   0.0779    0.237
    28   0.0632  -0.1254   0.0000   0.2860   0.0084   0.1056   0.0661   0.4493   0.3697   0.0138   0.0000   0.0073   0.0760    0.230
    29   0.0785  -0.1558   0.0000   0.2814   0.0087   0.1038   0.0688   0.4489   0.3695   0.0125   0.0000   0.0096   0.0738    0.224
    30   0.0943  -0.1873   0.0000   0.2767   0.0088   0.1011   0.0717   0.4449   0.3662   0.0113   0.0000   0.0119   0.0710    0.218
    31   0.1104  -0.2191   0.0000   0.2719   0.0086   0.0974   0.0748   0.4361   0.3589   0.0102   0.0000   0.0142   0.0673    0.210
    32   0.1262  -0.2506   0.0000   0.2672   0.0083   0.0924   0.0781   0.4213   0.3467   0.0090   0.0000   0.0168   0.0622    0.201
    33   0.1415  -0.2810   0.0000   0.2626   0.0077   0.0861   0.0813   0.3992   0.3285   0.0077   0.0000   0.0196   0.0557    0.190
    34   0.1558  -0.3094   0.0000   0.2584   0.0070   0.0782   0.0839   0.3690   0.3036   0.0063   0.0000   0.0224   0.0476    0.176
    35   0.1688  -0.3352   0.0000   0.2545   0.0062   0.0689   0.0855   0.3299   0.2715   0.0048   0.0000   0.0248   0.0383    0.159
    36   0.1802  -0.3577   0.0000   0.2511   0.0052   0.0581   0.0856   0.2822   0.2323   0.0032   0.0000   0.0261   0.0284    0.138
    37   0.1896  -0.3765   0.0000   0.2483   0.0041   0.0462   0.0836   0.2268   0.1866   0.0017   0.0000   0.0253   0.0189    0.114
    38   0.1969  -0.3909   0.0000   0.2461   0.0030   0.0334   0.0796   0.1654   0.1361   0.0004   0.0000   0.0217   0.0109    0.091
    39   0.2019  -0.4008   0.0000   0.2446   0.0018   0.0201   0.0743   0.1004   0.0826  -0.0009   0.0000   0.0148   0.0051    0.071
    40   0.2044  -0.4058   0.0000   0.2439   0.0006   0.0067   0.0708   0.0337   0.0278  -0.0017   0.0000   0.0052   0.0014    0.061
 ---------------------------------------------------------------
