 ---------------------------------------------------------------
 Surface and Strip Forces by surface

  Sref = 0.13010       Cref = 0.15090       Bref = 0.91440    
  Xref = 0.10920       Yref =  0.0000       Zref =  0.0000    

  Surface # 1     Wing                                    
     # Chordwise = 10   # Spanwise = 20     First strip =  1
     Surface area Ssurf =    0.065037     Ave. chord Cave =    0.142250

 Forces referred to Sref, Cref, Bref about Xref, Yref, Zref
 Standard axis orientation,  X fwd, Z down         
     CLsurf  =   0.27920     Clsurf  =  -0.06052
     CYsurf  =   0.00662     Cmsurf  =  -0.06183
     CDsurf  =   0.00849     Cnsurf  =  -0.00744
     CDisurf =   0.00849     CDvsurf =   0.00000

 Forces referred to Ssurf, Cave 
     CLsurf  =   0.55852     CDsurf  =   0.01699

 Strip Forces referred to Strip Area, Chord
    j     Xle      Yle      Zle      Chord    Area     c_cl     ai     cl_norm    cl       cd       cdv    cm_c/4     cm_LE   C.P.x/c
     1   0.0004   0.0007   0.0000   0.2030   0.0006   0.0964   0.0439   0.5542   0.4565   0.1816   0.0000  -0.0219  -0.1241    0.298
     2   0.0034   0.0063   0.0000   0.2015   0.0017   0.0965   0.0443   0.5791   0.4770   0.0422   0.0000  -0.0196  -0.1229    0.291
     3   0.0093   0.0174   0.0000   0.1986   0.0027   0.0965   0.0464   0.5895   0.4856   0.0347   0.0000  -0.0142  -0.1198    0.279
     4   0.0180   0.0337   0.0000   0.1942   0.0036   0.0967   0.0490   0.6042   0.4977   0.0300   0.0000  -0.0082  -0.1170    0.266
     5   0.0292   0.0548   0.0000   0.1886   0.0044   0.0966   0.0512   0.6228   0.5130   0.0258   0.0000  -0.0031  -0.1157    0.256
     6   0.0427   0.0801   0.0000   0.1818   0.0050   0.0963   0.0527   0.6443   0.5307   0.0222   0.0000   0.0007  -0.1162    0.249
     7   0.0582   0.1092   0.0000   0.1741   0.0053   0.0954   0.0534   0.6671   0.5495   0.0192   0.0000   0.0032  -0.1181    0.244
     8   0.0752   0.1411   0.0000   0.1656   0.0055   0.0938   0.0534   0.6901   0.5685   0.0167   0.0000   0.0047  -0.1208    0.242
     9   0.0934   0.1752   0.0000   0.1565   0.0055   0.0914   0.0530   0.7122   0.5866   0.0146   0.0000   0.0057  -0.1238    0.240
    10   0.1123   0.2107   0.0000   0.1470   0.0053   0.0882   0.0526   0.7321   0.6031   0.0127   0.0000   0.0065  -0.1267    0.239
    11   0.1314   0.2465   0.0000   0.1375   0.0049   0.0843   0.0527   0.7487   0.6167   0.0109   0.0000   0.0072  -0.1290    0.238
    12   0.1503   0.2820   0.0000   0.1280   0.0045   0.0797   0.0538   0.7602   0.6262   0.0093   0.0000   0.0081  -0.1302    0.237
    13   0.1685   0.3161   0.0000   0.1189   0.0039   0.0744   0.0563   0.7642   0.6295   0.0077   0.0000   0.0096  -0.1296    0.235
    14   0.1855   0.3480   0.0000   0.1104   0.0034   0.0684   0.0609   0.7568   0.6234   0.0062   0.0000   0.0120  -0.1261    0.231
    15   0.2010   0.3771   0.0000   0.1027   0.0028   0.0615   0.0682   0.7318   0.6028   0.0047   0.0000   0.0159  -0.1181    0.224
    16   0.2145   0.4024   0.0000   0.0959   0.0022   0.0534   0.0776   0.6806   0.5606   0.0029   0.0000   0.0219  -0.1035    0.211
    17   0.2257   0.4235   0.0000   0.0903   0.0017   0.0438   0.0871   0.5932   0.4886   0.0007   0.0000   0.0295  -0.0810    0.190
    18   0.2344   0.4398   0.0000   0.0859   0.0012   0.0325   0.0926   0.4631   0.3814  -0.0016   0.0000   0.0349  -0.0527    0.159
    19   0.2403   0.4509   0.0000   0.0830   0.0007   0.0199   0.0908   0.2938   0.2420  -0.0031   0.0000   0.0312  -0.0254    0.121
    20   0.2433   0.4565   0.0000   0.0815   0.0002   0.0067   0.0836   0.1004   0.0827  -0.0033   0.0000   0.0130  -0.0066    0.093

  Surface # 2     Wing (YDUP)                             
     # Chordwise = 10   # Spanwise = 20     First strip = 21
     Surface area Ssurf =    0.065037     Ave. chord Cave =    0.142250

 Forces referred to Sref, Cref, Bref about Xref, Yref, Zref
 Standard axis orientation,  X fwd, Z down         
     CLsurf  =   0.27920     Clsurf  =   0.06052
     CYsurf  =  -0.00662     Cmsurf  =  -0.06183
     CDsurf  =   0.00849     Cnsurf  =   0.00744
     CDisurf =   0.00849     CDvsurf =   0.00000

 Forces referred to Ssurf, Cave 
     CLsurf  =   0.55852     CDsurf  =   0.01699

 Strip Forces referred to Strip Area, Chord
    j     Xle      Yle      Zle      Chord    Area     c_cl     ai     cl_norm    cl       cd       cdv    cm_c/4     cm_LE   C.P.x/c
    21   0.0004  -0.0007   0.0000   0.2030   0.0006   0.0964   0.0439   0.5542   0.4565   0.1816   0.0000  -0.0219   0.1241    0.298
    22   0.0034  -0.0063   0.0000   0.2015   0.0017   0.0965   0.0443   0.5791   0.4770   0.0422   0.0000  -0.0196   0.1229    0.291
    23   0.0093  -0.0174   0.0000   0.1986   0.0027   0.0965   0.0464   0.5895   0.4856   0.0347   0.0000  -0.0142   0.1198    0.279
    24   0.0180  -0.0337   0.0000   0.1942   0.0036   0.0967   0.0490   0.6042   0.4977   0.0300   0.0000  -0.0082   0.1170    0.266
    25   0.0292  -0.0548   0.0000   0.1886   0.0044   0.0966   0.0512   0.6228   0.5130   0.0258   0.0000  -0.0031   0.1157    0.256
    26   0.0427  -0.0801   0.0000   0.1818   0.0050   0.0963   0.0527   0.6443   0.5307   0.0222   0.0000   0.0007   0.1162    0.249
    27   0.0582  -0.1092   0.0000   0.1741   0.0053   0.0954   0.0534   0.6671   0.5495   0.0192   0.0000   0.0032   0.1181    0.244
    28   0.0752  -0.1411   0.0000   0.1656   0.0055   0.0938   0.0534   0.6901   0.5685   0.0167   0.0000   0.0047   0.1208    0.242
    29   0.0934  -0.1752   0.0000   0.1565   0.0055   0.0914   0.0530   0.7122   0.5866   0.0146   0.0000   0.0057   0.1238    0.240
    30   0.1123  -0.2107   0.0000   0.1470   0.0053   0.0882   0.0526   0.7321   0.6031   0.0127   0.0000   0.0065   0.1267    0.239
    31   0.1314  -0.2465   0.0000   0.1375   0.0049   0.0843   0.0527   0.7487   0.6167   0.0109   0.0000   0.0072   0.1290    0.238
    32   0.1503  -0.2820   0.0000   0.1280   0.0045   0.0797   0.0538   0.7602   0.6262   0.0093   0.0000   0.0081   0.1302    0.237
    33   0.1685  -0.3161   0.0000   0.1189   0.0039   0.0744   0.0563   0.7642   0.6295   0.0077   0.0000   0.0096   0.1296    0.235
    34   0.1855  -0.3480   0.0000   0.1104   0.0034   0.0684   0.0609   0.7568   0.6234   0.0062   0.0000   0.0120   0.1261    0.231
    35   0.2010  -0.3771   0.0000   0.1027   0.0028   0.0615   0.0682   0.7318   0.6028   0.0047   0.0000   0.0159   0.1181    0.224
    36   0.2145  -0.4024   0.0000   0.0959   0.0022   0.0534   0.0776   0.6806   0.5606   0.0029   0.0000   0.0219   0.1035    0.211
    37   0.2257  -0.4235   0.0000   0.0903   0.0017   0.0438   0.0871   0.5932   0.4886   0.0007   0.0000   0.0295   0.0810    0.190
    38   0.2344  -0.4398   0.0000   0.0859   0.0012   0.0325   0.0926   0.4631   0.3814  -0.0016   0.0000   0.0349   0.0527    0.159
    39   0.2403  -0.4509   0.0000   0.0830   0.0007   0.0199   0.0908   0.2938   0.2420  -0.0031   0.0000   0.0312   0.0254    0.121
    40   0.2433  -0.4565   0.0000   0.0815   0.0002   0.0067   0.0836   0.1004   0.0827  -0.0033   0.0000   0.0130   0.0066    0.093
 ---------------------------------------------------------------
