 ---------------------------------------------------------------
 Surface and Strip Forces by surface

  Sref = 0.20440       Cref = 0.25250       Bref = 0.81280    
  Xref = 0.10920       Yref =  0.0000       Zref =  0.0000    

  Surface # 1     Wing                                    
     # Chordwise = 10   # Spanwise = 20     First strip =  1
     Surface area Ssurf =    0.102189     Ave. chord Cave =    0.251450

 Forces referred to Sref, Cref, Bref about Xref, Yref, Zref
 Standard axis orientation,  X fwd, Z down         
     CLsurf  =   0.17771     Clsurf  =  -0.03904
     CYsurf  =   0.00500     Cmsurf  =  -0.04031
     CDsurf  =   0.00692     Cnsurf  =  -0.00525
     CDisurf =   0.00692     CDvsurf =   0.00000

 Forces referred to Ssurf, Cave 
     CLsurf  =   0.35546     CDsurf  =   0.01383

 Strip Forces referred to Strip Area, Chord
    j     Xle      Yle      Zle      Chord    Area     c_cl     ai     cl_norm    cl       cd       cdv    cm_c/4     cm_LE   C.P.x/c
     1   0.0004   0.0006   0.0000   0.2793   0.0007   0.1049   0.0488   0.4726   0.3556   0.2127   0.0000  -0.0205  -0.0975    0.308
     2   0.0034   0.0056   0.0000   0.2786   0.0021   0.1049   0.0479   0.4980   0.3747   0.0363   0.0000  -0.0192  -0.0967    0.301
     3   0.0095   0.0155   0.0000   0.2773   0.0034   0.1050   0.0493   0.5020   0.3778   0.0274   0.0000  -0.0155  -0.0939    0.291
     4   0.0183   0.0299   0.0000   0.2753   0.0046   0.1051   0.0520   0.5069   0.3814   0.0246   0.0000  -0.0105  -0.0904    0.277
     5   0.0298   0.0487   0.0000   0.2727   0.0056   0.1054   0.0552   0.5131   0.3862   0.0219   0.0000  -0.0055  -0.0871    0.264
     6   0.0436   0.0712   0.0000   0.2696   0.0065   0.1055   0.0584   0.5200   0.3913   0.0194   0.0000  -0.0012  -0.0845    0.253
     7   0.0594   0.0970   0.0000   0.2661   0.0072   0.1053   0.0617   0.5264   0.3961   0.0172   0.0000   0.0024  -0.0824    0.244
     8   0.0767   0.1254   0.0000   0.2621   0.0077   0.1046   0.0649   0.5311   0.3997   0.0153   0.0000   0.0053  -0.0806    0.237
     9   0.0953   0.1558   0.0000   0.2580   0.0080   0.1033   0.0683   0.5331   0.4012   0.0137   0.0000   0.0079  -0.0787    0.230
    10   0.1145   0.1873   0.0000   0.2536   0.0081   0.1011   0.0720   0.5309   0.3995   0.0122   0.0000   0.0103  -0.0762    0.224
    11   0.1341   0.2191   0.0000   0.2493   0.0079   0.0979   0.0762   0.5231   0.3937   0.0109   0.0000   0.0130  -0.0727    0.217
    12   0.1533   0.2506   0.0000   0.2449   0.0076   0.0934   0.0806   0.5081   0.3824   0.0094   0.0000   0.0159  -0.0677    0.208
    13   0.1719   0.2810   0.0000   0.2408   0.0071   0.0875   0.0850   0.4843   0.3644   0.0079   0.0000   0.0193  -0.0610    0.197
    14   0.1892   0.3094   0.0000   0.2368   0.0064   0.0799   0.0889   0.4500   0.3386   0.0061   0.0000   0.0230  -0.0524    0.182
    15   0.2050   0.3352   0.0000   0.2333   0.0057   0.0707   0.0916   0.4044   0.3043   0.0042   0.0000   0.0264  -0.0421    0.163
    16   0.2188   0.3577   0.0000   0.2302   0.0048   0.0599   0.0923   0.3473   0.2613   0.0023   0.0000   0.0287  -0.0310    0.140
    17   0.2303   0.3765   0.0000   0.2276   0.0038   0.0477   0.0905   0.2799   0.2106   0.0005   0.0000   0.0286  -0.0203    0.114
    18   0.2391   0.3909   0.0000   0.2256   0.0028   0.0345   0.0863   0.2045   0.1539  -0.0010   0.0000   0.0250  -0.0113    0.088
    19   0.2452   0.4008   0.0000   0.2243   0.0017   0.0208   0.0806   0.1242   0.0935  -0.0021   0.0000   0.0173  -0.0050    0.065
    20   0.2482   0.4058   0.0000   0.2236   0.0006   0.0069   0.0767   0.0418   0.0315  -0.0025   0.0000   0.0062  -0.0014    0.054

  Surface # 2     Wing (YDUP)                             
     # Chordwise = 10   # Spanwise = 20     First strip = 21
     Surface area Ssurf =    0.102189     Ave. chord Cave =    0.251450

 Forces referred to Sref, Cref, Bref about Xref, Yref, Zref
 Standard axis orientation,  X fwd, Z down         
     CLsurf  =   0.17771     Clsurf  =   0.03904
     CYsurf  =  -0.00500     Cmsurf  =  -0.04031
     CDsurf  =   0.00692     Cnsurf  =   0.00525
     CDisurf =   0.00692     CDvsurf =   0.00000

 Forces referred to Ssurf, Cave 
     CLsurf  =   0.35546     CDsurf  =   0.01383

 Strip Forces referred to Strip Area, Chord
    j     Xle      Yle      Zle      Chord    Area     c_cl     ai     cl_norm    cl       cd       cdv    cm_c/4     cm_LE   C.P.x/c
    21   0.0004  -0.0006   0.0000   0.2793   0.0007   0.1049   0.0488   0.4726   0.3556   0.2127   0.0000  -0.0205   0.0975    0.308
    22   0.0034  -0.0056   0.0000   0.2786   0.0021   0.1049   0.0479   0.4980   0.3747   0.0363   0.0000  -0.0192   0.0967    0.301
    23   0.0095  -0.0155   0.0000   0.2773   0.0034   0.1050   0.0493   0.5020   0.3778   0.0274   0.0000  -0.0155   0.0939    0.291
    24   0.0183  -0.0299   0.0000   0.2753   0.0046   0.1051   0.0520   0.5069   0.3814   0.0246   0.0000  -0.0105   0.0904    0.277
    25   0.0298  -0.0487   0.0000   0.2727   0.0056   0.1054   0.0552   0.5131   0.3862   0.0219   0.0000  -0.0055   0.0871    0.264
    26   0.0436  -0.0712   0.0000   0.2696   0.0065   0.1055   0.0584   0.5200   0.3913   0.0194   0.0000  -0.0012   0.0845    0.253
    27   0.0594  -0.0970   0.0000   0.2661   0.0072   0.1053   0.0617   0.5264   0.3961   0.0172   0.0000   0.0024   0.0824    0.244
    28   0.0767  -0.1254   0.0000   0.2621   0.0077   0.1046   0.0649   0.5311   0.3997   0.0153   0.0000   0.0053   0.0806    0.237
    29   0.0953  -0.1558   0.0000   0.2580   0.0080   0.1033   0.0683   0.5331   0.4012   0.0137   0.0000   0.0079   0.0787    0.230
    30   0.1145  -0.1873   0.0000   0.2536   0.0081   0.1011   0.0720   0.5309   0.3995   0.0122   0.0000   0.0103   0.0762    0.224
    31   0.1341  -0.2191   0.0000   0.2493   0.0079   0.0979   0.0762   0.5231   0.3937   0.0109   0.0000   0.0130   0.0727    0.217
    32   0.1533  -0.2506   0.0000   0.2449   0.0076   0.0934   0.0806   0.5081   0.3824   0.0094   0.0000   0.0159   0.0677    0.208
    33   0.1719  -0.2810   0.0000   0.2408   0.0071   0.0875   0.0850   0.4843   0.3644   0.0079   0.0000   0.0193   0.0610    0.197
    34   0.1892  -0.3094   0.0000   0.2368   0.0064   0.0799   0.0889   0.4500   0.3386   0.0061   0.0000   0.0230   0.0524    0.182
    35   0.2050  -0.3352   0.0000   0.2333   0.0057   0.0707   0.0916   0.4044   0.3043   0.0042   0.0000   0.0264   0.0421    0.163
    36   0.2188  -0.3577   0.0000   0.2302   0.0048   0.0599   0.0923   0.3473   0.2613   0.0023   0.0000   0.0287   0.0310    0.140
    37   0.2303  -0.3765   0.0000   0.2276   0.0038   0.0477   0.0905   0.2799   0.2106   0.0005   0.0000   0.0286   0.0203    0.114
    38   0.2391  -0.3909   0.0000   0.2256   0.0028   0.0345   0.0863   0.2045   0.1539  -0.0010   0.0000   0.0250   0.0113    0.088
    39   0.2452  -0.4008   0.0000   0.2243   0.0017   0.0208   0.0806   0.1242   0.0935  -0.0021   0.0000   0.0173   0.0050    0.065
    40   0.2482  -0.4058   0.0000   0.2236   0.0006   0.0069   0.0767   0.0418   0.0315  -0.0025   0.0000   0.0062   0.0014    0.054
 ---------------------------------------------------------------
