 ---------------------------------------------------------------
 Surface and Strip Forces by surface

  Sref = 0.22300       Cref = 0.24890       Bref = 0.91440    
  Xref = 0.10920       Yref =  0.0000       Zref =  0.0000    

  Surface # 1     Wing                                    
     # Chordwise = 10   # Spanwise = 20     First strip =  1
     Surface area Ssurf =    0.111488     Ave. chord Cave =    0.243850

 Forces referred to Sref, Cref, Bref about Xref, Yref, Zref
 Standard axis orientation,  X fwd, Z down         
     CLsurf  =   0.16289     Clsurf  =  -0.03566
     CYsurf  =   0.00285     Cmsurf  =  -0.05092
     CDsurf  =   0.00504     Cnsurf  =  -0.00357
     CDisurf =   0.00504     CDvsurf =   0.00000

 Forces referred to Ssurf, Cave 
     CLsurf  =   0.32581     CDsurf  =   0.01008

 Strip Forces referred to Strip Area, Chord
    j     Xle      Yle      Zle      Chord    Area     c_cl     ai     cl_norm    cl       cd       cdv    cm_c/4     cm_LE   C.P.x/c
     1   0.0005   0.0007   0.0000   0.3046   0.0009   0.0946   0.0433   0.3978   0.2990   0.1499   0.0000  -0.0166  -0.0792    0.305
     2   0.0041   0.0063   0.0000   0.3031   0.0025   0.0946   0.0418   0.4138   0.3111   0.0256   0.0000  -0.0155  -0.0787    0.300
     3   0.0112   0.0174   0.0000   0.3002   0.0041   0.0946   0.0422   0.4187   0.3147   0.0194   0.0000  -0.0123  -0.0766    0.289
     4   0.0217   0.0337   0.0000   0.2958   0.0055   0.0947   0.0438   0.4254   0.3197   0.0175   0.0000  -0.0081  -0.0741    0.275
     5   0.0353   0.0548   0.0000   0.2902   0.0068   0.0947   0.0457   0.4340   0.3262   0.0156   0.0000  -0.0039  -0.0719    0.262
     6   0.0516   0.0801   0.0000   0.2834   0.0077   0.0946   0.0477   0.4441   0.3338   0.0138   0.0000  -0.0004  -0.0705    0.251
     7   0.0703   0.1092   0.0000   0.2757   0.0084   0.0942   0.0496   0.4546   0.3417   0.0121   0.0000   0.0025  -0.0697    0.243
     8   0.0909   0.1411   0.0000   0.2672   0.0089   0.0932   0.0514   0.4647   0.3493   0.0107   0.0000   0.0047  -0.0694    0.236
     9   0.1128   0.1752   0.0000   0.2581   0.0090   0.0917   0.0532   0.4733   0.3558   0.0095   0.0000   0.0066  -0.0692    0.232
    10   0.1357   0.2107   0.0000   0.2486   0.0089   0.0894   0.0552   0.4792   0.3602   0.0084   0.0000   0.0083  -0.0686    0.227
    11   0.1587   0.2465   0.0000   0.2391   0.0085   0.0863   0.0577   0.4811   0.3616   0.0074   0.0000   0.0100  -0.0674    0.222
    12   0.1816   0.2820   0.0000   0.2296   0.0080   0.0822   0.0609   0.4773   0.3587   0.0063   0.0000   0.0122  -0.0650    0.216
    13   0.2035   0.3161   0.0000   0.2205   0.0073   0.0770   0.0646   0.4656   0.3499   0.0052   0.0000   0.0148  -0.0609    0.208
    14   0.2241   0.3480   0.0000   0.2120   0.0065   0.0705   0.0686   0.4437   0.3335   0.0039   0.0000   0.0181  -0.0547    0.196
    15   0.2428   0.3771   0.0000   0.2043   0.0056   0.0626   0.0721   0.4091   0.3075   0.0025   0.0000   0.0219  -0.0461    0.179
    16   0.2591   0.4024   0.0000   0.1975   0.0046   0.0533   0.0743   0.3601   0.2706   0.0009   0.0000   0.0254  -0.0354    0.156
    17   0.2727   0.4235   0.0000   0.1919   0.0036   0.0426   0.0740   0.2964   0.2227  -0.0006   0.0000   0.0272  -0.0238    0.128
    18   0.2832   0.4398   0.0000   0.1875   0.0026   0.0309   0.0706   0.2199   0.1653  -0.0017   0.0000   0.0254  -0.0132    0.096
    19   0.2903   0.4509   0.0000   0.1846   0.0015   0.0186   0.0646   0.1346   0.1012  -0.0024   0.0000   0.0185  -0.0056    0.067
    20   0.2939   0.4565   0.0000   0.1831   0.0005   0.0062   0.0593   0.0453   0.0341  -0.0024   0.0000   0.0068  -0.0014    0.050

  Surface # 2     Wing (YDUP)                             
     # Chordwise = 10   # Spanwise = 20     First strip = 21
     Surface area Ssurf =    0.111488     Ave. chord Cave =    0.243850

 Forces referred to Sref, Cref, Bref about Xref, Yref, Zref
 Standard axis orientation,  X fwd, Z down         
     CLsurf  =   0.16289     Clsurf  =   0.03566
     CYsurf  =  -0.00285     Cmsurf  =  -0.05092
     CDsurf  =   0.00504     Cnsurf  =   0.00357
     CDisurf =   0.00504     CDvsurf =   0.00000

 Forces referred to Ssurf, Cave 
     CLsurf  =   0.32581     CDsurf  =   0.01008

 Strip Forces referred to Strip Area, Chord
    j     Xle      Yle      Zle      Chord    Area     c_cl     ai     cl_norm    cl       cd       cdv    cm_c/4     cm_LE   C.P.x/c
    21   0.0005  -0.0007   0.0000   0.3046   0.0009   0.0946   0.0433   0.3978   0.2990   0.1499   0.0000  -0.0166   0.0792    0.305
    22   0.0041  -0.0063   0.0000   0.3031   0.0025   0.0946   0.0418   0.4138   0.3111   0.0256   0.0000  -0.0155   0.0787    0.300
    23   0.0112  -0.0174   0.0000   0.3002   0.0041   0.0946   0.0422   0.4187   0.3147   0.0194   0.0000  -0.0123   0.0766    0.289
    24   0.0217  -0.0337   0.0000   0.2958   0.0055   0.0947   0.0438   0.4254   0.3197   0.0175   0.0000  -0.0081   0.0741    0.275
    25   0.0353  -0.0548   0.0000   0.2902   0.0068   0.0947   0.0457   0.4340   0.3262   0.0156   0.0000  -0.0039   0.0719    0.262
    26   0.0516  -0.0801   0.0000   0.2834   0.0077   0.0946   0.0477   0.4441   0.3338   0.0138   0.0000  -0.0004   0.0705    0.251
    27   0.0703  -0.1092   0.0000   0.2757   0.0084   0.0942   0.0496   0.4546   0.3417   0.0121   0.0000   0.0025   0.0697    0.243
    28   0.0909  -0.1411   0.0000   0.2672   0.0089   0.0932   0.0514   0.4647   0.3493   0.0107   0.0000   0.0047   0.0694    0.236
    29   0.1128  -0.1752   0.0000   0.2581   0.0090   0.0917   0.0532   0.4733   0.3558   0.0095   0.0000   0.0066   0.0692    0.232
    30   0.1357  -0.2107   0.0000   0.2486   0.0089   0.0894   0.0552   0.4792   0.3602   0.0084   0.0000   0.0083   0.0686    0.227
    31   0.1587  -0.2465   0.0000   0.2391   0.0085   0.0863   0.0577   0.4811   0.3616   0.0074   0.0000   0.0100   0.0674    0.222
    32   0.1816  -0.2820   0.0000   0.2296   0.0080   0.0822   0.0609   0.4773   0.3587   0.0063   0.0000   0.0122   0.0650    0.216
    33   0.2035  -0.3161   0.0000   0.2205   0.0073   0.0770   0.0646   0.4656   0.3499   0.0052   0.0000   0.0148   0.0609    0.208
    34   0.2241  -0.3480   0.0000   0.2120   0.0065   0.0705   0.0686   0.4437   0.3335   0.0039   0.0000   0.0181   0.0547    0.196
    35   0.2428  -0.3771   0.0000   0.2043   0.0056   0.0626   0.0721   0.4091   0.3075   0.0025   0.0000   0.0219   0.0461    0.179
    36   0.2591  -0.4024   0.0000   0.1975   0.0046   0.0533   0.0743   0.3601   0.2706   0.0009   0.0000   0.0254   0.0354    0.156
    37   0.2727  -0.4235   0.0000   0.1919   0.0036   0.0426   0.0740   0.2964   0.2227  -0.0006   0.0000   0.0272   0.0238    0.128
    38   0.2832  -0.4398   0.0000   0.1875   0.0026   0.0309   0.0706   0.2199   0.1653  -0.0017   0.0000   0.0254   0.0132    0.096
    39   0.2903  -0.4509   0.0000   0.1846   0.0015   0.0186   0.0646   0.1346   0.1012  -0.0024   0.0000   0.0185   0.0056    0.067
    40   0.2939  -0.4565   0.0000   0.1831   0.0005   0.0062   0.0593   0.0453   0.0341  -0.0024   0.0000   0.0068   0.0014    0.050
 ---------------------------------------------------------------
