 ---------------------------------------------------------------
 Surface and Strip Forces by surface

  Sref = 0.14630       Cref = 0.20660       Bref = 0.71120    
  Xref = 0.10920       Yref =  0.0000       Zref =  0.0000    

  Surface # 1     Wing                                    
     # Chordwise = 10   # Spanwise = 20     First strip =  1
     Surface area Ssurf =    0.073165     Ave. chord Cave =    0.205750

 Forces referred to Sref, Cref, Bref about Xref, Yref, Zref
 Standard axis orientation,  X fwd, Z down         
     CLsurf  =   0.24829     Clsurf  =  -0.05471
     CYsurf  =   0.01058     Cmsurf  =  -0.04123
     CDsurf  =   0.01256     Cnsurf  =  -0.01001
     CDisurf =   0.01256     CDvsurf =   0.00000

 Forces referred to Ssurf, Cave 
     CLsurf  =   0.49647     CDsurf  =   0.02511

 Strip Forces referred to Strip Area, Chord
    j     Xle      Yle      Zle      Chord    Area     c_cl     ai     cl_norm    cl       cd       cdv    cm_c/4     cm_LE   C.P.x/c
     1   0.0003   0.0005   0.0000   0.2285   0.0005   0.1183   0.0558   0.6250   0.4720   0.3518   0.0000  -0.0290  -0.1353    0.312
     2   0.0030   0.0049   0.0000   0.2280   0.0015   0.1183   0.0574   0.6821   0.5150   0.0648   0.0000  -0.0272  -0.1340    0.303
     3   0.0082   0.0135   0.0000   0.2269   0.0024   0.1185   0.0610   0.6893   0.5205   0.0502   0.0000  -0.0220  -0.1303    0.292
     4   0.0160   0.0262   0.0000   0.2252   0.0033   0.1188   0.0658   0.6973   0.5265   0.0448   0.0000  -0.0152  -0.1256    0.279
     5   0.0260   0.0426   0.0000   0.2231   0.0040   0.1192   0.0707   0.7073   0.5341   0.0396   0.0000  -0.0086  -0.1214    0.266
     6   0.0380   0.0623   0.0000   0.2206   0.0047   0.1195   0.0754   0.7181   0.5422   0.0349   0.0000  -0.0030  -0.1182    0.256
     7   0.0517   0.0849   0.0000   0.2177   0.0052   0.1194   0.0799   0.7282   0.5499   0.0310   0.0000   0.0015  -0.1158    0.247
     8   0.0669   0.1098   0.0000   0.2145   0.0055   0.1188   0.0843   0.7361   0.5558   0.0276   0.0000   0.0052  -0.1138    0.241
     9   0.0831   0.1363   0.0000   0.2111   0.0057   0.1175   0.0889   0.7401   0.5588   0.0248   0.0000   0.0084  -0.1116    0.235
    10   0.0998   0.1638   0.0000   0.2075   0.0058   0.1152   0.0940   0.7385   0.5576   0.0223   0.0000   0.0115  -0.1087    0.229
    11   0.1169   0.1918   0.0000   0.2040   0.0057   0.1117   0.0997   0.7292   0.5506   0.0200   0.0000   0.0148  -0.1043    0.223
    12   0.1336   0.2193   0.0000   0.2004   0.0054   0.1069   0.1061   0.7101   0.5362   0.0175   0.0000   0.0186  -0.0979    0.215
    13   0.1498   0.2458   0.0000   0.1970   0.0051   0.1004   0.1127   0.6788   0.5126   0.0149   0.0000   0.0231  -0.0890    0.205
    14   0.1650   0.2707   0.0000   0.1938   0.0046   0.0920   0.1189   0.6331   0.4780   0.0119   0.0000   0.0281  -0.0774    0.191
    15   0.1787   0.2933   0.0000   0.1909   0.0041   0.0817   0.1237   0.5712   0.4313   0.0086   0.0000   0.0329  -0.0633    0.174
    16   0.1907   0.3130   0.0000   0.1884   0.0034   0.0695   0.1263   0.4928   0.3721   0.0050   0.0000   0.0363  -0.0478    0.153
    17   0.2007   0.3294   0.0000   0.1863   0.0027   0.0556   0.1260   0.3991   0.3014   0.0017   0.0000   0.0366  -0.0325    0.128
    18   0.2085   0.3421   0.0000   0.1846   0.0020   0.0404   0.1227   0.2931   0.2213  -0.0010   0.0000   0.0323  -0.0191    0.104
    19   0.2137   0.3507   0.0000   0.1835   0.0012   0.0245   0.1173   0.1789   0.1351  -0.0029   0.0000   0.0225  -0.0092    0.083
    20   0.2164   0.3551   0.0000   0.1830   0.0004   0.0082   0.1134   0.0606   0.0457  -0.0040   0.0000   0.0081  -0.0027    0.074

  Surface # 2     Wing (YDUP)                             
     # Chordwise = 10   # Spanwise = 20     First strip = 21
     Surface area Ssurf =    0.073165     Ave. chord Cave =    0.205750

 Forces referred to Sref, Cref, Bref about Xref, Yref, Zref
 Standard axis orientation,  X fwd, Z down         
     CLsurf  =   0.24829     Clsurf  =   0.05471
     CYsurf  =  -0.01058     Cmsurf  =  -0.04123
     CDsurf  =   0.01256     Cnsurf  =   0.01001
     CDisurf =   0.01256     CDvsurf =   0.00000

 Forces referred to Ssurf, Cave 
     CLsurf  =   0.49647     CDsurf  =   0.02511

 Strip Forces referred to Strip Area, Chord
    j     Xle      Yle      Zle      Chord    Area     c_cl     ai     cl_norm    cl       cd       cdv    cm_c/4     cm_LE   C.P.x/c
    21   0.0003  -0.0005   0.0000   0.2285   0.0005   0.1183   0.0558   0.6250   0.4720   0.3518   0.0000  -0.0290   0.1353    0.312
    22   0.0030  -0.0049   0.0000   0.2280   0.0015   0.1183   0.0574   0.6821   0.5150   0.0648   0.0000  -0.0272   0.1340    0.303
    23   0.0082  -0.0135   0.0000   0.2269   0.0024   0.1185   0.0610   0.6893   0.5205   0.0502   0.0000  -0.0220   0.1303    0.292
    24   0.0160  -0.0262   0.0000   0.2252   0.0033   0.1188   0.0658   0.6973   0.5265   0.0448   0.0000  -0.0152   0.1256    0.279
    25   0.0260  -0.0426   0.0000   0.2231   0.0040   0.1192   0.0707   0.7073   0.5341   0.0396   0.0000  -0.0086   0.1214    0.266
    26   0.0380  -0.0623   0.0000   0.2206   0.0047   0.1195   0.0754   0.7181   0.5422   0.0349   0.0000  -0.0030   0.1182    0.256
    27   0.0517  -0.0849   0.0000   0.2177   0.0052   0.1194   0.0799   0.7282   0.5499   0.0310   0.0000   0.0015   0.1158    0.247
    28   0.0669  -0.1098   0.0000   0.2145   0.0055   0.1188   0.0843   0.7361   0.5558   0.0276   0.0000   0.0052   0.1138    0.241
    29   0.0831  -0.1363   0.0000   0.2111   0.0057   0.1175   0.0889   0.7401   0.5588   0.0248   0.0000   0.0084   0.1116    0.235
    30   0.0998  -0.1638   0.0000   0.2075   0.0058   0.1152   0.0940   0.7385   0.5576   0.0223   0.0000   0.0115   0.1087    0.229
    31   0.1169  -0.1918   0.0000   0.2040   0.0057   0.1117   0.0997   0.7292   0.5506   0.0200   0.0000   0.0148   0.1043    0.223
    32   0.1336  -0.2193   0.0000   0.2004   0.0054   0.1069   0.1061   0.7101   0.5362   0.0175   0.0000   0.0186   0.0979    0.215
    33   0.1498  -0.2458   0.0000   0.1970   0.0051   0.1004   0.1127   0.6788   0.5126   0.0149   0.0000   0.0231   0.0890    0.205
    34   0.1650  -0.2707   0.0000   0.1938   0.0046   0.0920   0.1189   0.6331   0.4780   0.0119   0.0000   0.0281   0.0774    0.191
    35   0.1787  -0.2933   0.0000   0.1909   0.0041   0.0817   0.1237   0.5712   0.4313   0.0086   0.0000   0.0329   0.0633    0.174
    36   0.1907  -0.3130   0.0000   0.1884   0.0034   0.0695   0.1263   0.4928   0.3721   0.0050   0.0000   0.0363   0.0478    0.153
    37   0.2007  -0.3294   0.0000   0.1863   0.0027   0.0556   0.1260   0.3991   0.3014   0.0017   0.0000   0.0366   0.0325    0.128
    38   0.2085  -0.3421   0.0000   0.1846   0.0020   0.0404   0.1227   0.2931   0.2213  -0.0010   0.0000   0.0323   0.0191    0.104
    39   0.2137  -0.3507   0.0000   0.1835   0.0012   0.0245   0.1173   0.1789   0.1351  -0.0029   0.0000   0.0225   0.0092    0.083
    40   0.2164  -0.3551   0.0000   0.1830   0.0004   0.0082   0.1134   0.0606   0.0457  -0.0040   0.0000   0.0081   0.0027    0.074
 ---------------------------------------------------------------
