 ---------------------------------------------------------------
 Surface and Strip Forces by surface

  Sref = 0.17880       Cref = 0.20760       Bref = 0.91440    
  Xref = 0.10920       Yref =  0.0000       Zref =  0.0000    

  Surface # 1     Wing                                    
     # Chordwise = 10   # Spanwise = 20     First strip =  1
     Surface area Ssurf =    0.089428     Ave. chord Cave =    0.195600

 Forces referred to Sref, Cref, Bref about Xref, Yref, Zref
 Standard axis orientation,  X fwd, Z down         
     CLsurf  =   0.20316     Clsurf  =  -0.04383
     CYsurf  =   0.00193     Cmsurf  =  -0.04917
     CDsurf  =   0.00620     Cnsurf  =  -0.00397
     CDisurf =   0.00620     CDvsurf =   0.00000

 Forces referred to Ssurf, Cave 
     CLsurf  =   0.40618     CDsurf  =   0.01240

 Strip Forces referred to Strip Area, Chord
    j     Xle      Yle      Zle      Chord    Area     c_cl     ai     cl_norm    cl       cd       cdv    cm_c/4     cm_LE   C.P.x/c
     1   0.0004   0.0007   0.0000   0.2791   0.0008   0.0979   0.0499   0.4114   0.3384   0.1462   0.0000  -0.0135  -0.0884    0.290
     2   0.0035   0.0063   0.0000   0.2771   0.0023   0.0979   0.0492   0.4281   0.3522   0.0284   0.0000  -0.0125  -0.0881    0.285
     3   0.0097   0.0174   0.0000   0.2730   0.0037   0.0979   0.0495   0.4351   0.3580   0.0225   0.0000  -0.0095  -0.0865    0.276
     4   0.0188   0.0337   0.0000   0.2671   0.0050   0.0978   0.0504   0.4449   0.3660   0.0202   0.0000  -0.0056  -0.0848    0.265
     5   0.0306   0.0548   0.0000   0.2593   0.0060   0.0976   0.0515   0.4574   0.3763   0.0180   0.0000  -0.0018  -0.0837    0.255
     6   0.0447   0.0801   0.0000   0.2500   0.0068   0.0971   0.0524   0.4722   0.3884   0.0160   0.0000   0.0013  -0.0836    0.247
     7   0.0609   0.1092   0.0000   0.2394   0.0073   0.0961   0.0530   0.4883   0.4017   0.0142   0.0000   0.0037  -0.0844    0.241
     8   0.0787   0.1411   0.0000   0.2277   0.0075   0.0944   0.0533   0.5049   0.4154   0.0126   0.0000   0.0055  -0.0858    0.237
     9   0.0978   0.1752   0.0000   0.2152   0.0075   0.0921   0.0535   0.5211   0.4287   0.0112   0.0000   0.0068  -0.0875    0.234
    10   0.1175   0.2107   0.0000   0.2022   0.0072   0.0889   0.0537   0.5358   0.4408   0.0099   0.0000   0.0079  -0.0891    0.232
    11   0.1376   0.2465   0.0000   0.1890   0.0068   0.0849   0.0542   0.5477   0.4506   0.0086   0.0000   0.0089  -0.0903    0.230
    12   0.1573   0.2820   0.0000   0.1760   0.0061   0.0802   0.0554   0.5552   0.4567   0.0074   0.0000   0.0103  -0.0904    0.228
    13   0.1764   0.3161   0.0000   0.1635   0.0054   0.0745   0.0576   0.5559   0.4573   0.0061   0.0000   0.0121  -0.0890    0.224
    14   0.1942   0.3480   0.0000   0.1518   0.0046   0.0680   0.0611   0.5466   0.4497   0.0048   0.0000   0.0148  -0.0849    0.217
    15   0.2104   0.3771   0.0000   0.1412   0.0039   0.0605   0.0657   0.5228   0.4301   0.0033   0.0000   0.0185  -0.0774    0.207
    16   0.2245   0.4024   0.0000   0.1319   0.0031   0.0518   0.0707   0.4792   0.3942   0.0017   0.0000   0.0232  -0.0654    0.191
    17   0.2363   0.4235   0.0000   0.1241   0.0023   0.0418   0.0744   0.4108   0.3379  -0.0001   0.0000   0.0278  -0.0492    0.168
    18   0.2454   0.4398   0.0000   0.1182   0.0016   0.0306   0.0749   0.3158   0.2598  -0.0016   0.0000   0.0293  -0.0308    0.137
    19   0.2516   0.4509   0.0000   0.1141   0.0010   0.0185   0.0706   0.1983   0.1631  -0.0024   0.0000   0.0238  -0.0146    0.104
    20   0.2547   0.4565   0.0000   0.1121   0.0003   0.0062   0.0640   0.0675   0.0555  -0.0025   0.0000   0.0093  -0.0038    0.082

  Surface # 2     Wing (YDUP)                             
     # Chordwise = 10   # Spanwise = 20     First strip = 21
     Surface area Ssurf =    0.089428     Ave. chord Cave =    0.195600

 Forces referred to Sref, Cref, Bref about Xref, Yref, Zref
 Standard axis orientation,  X fwd, Z down         
     CLsurf  =   0.20316     Clsurf  =   0.04383
     CYsurf  =  -0.00193     Cmsurf  =  -0.04917
     CDsurf  =   0.00620     Cnsurf  =   0.00397
     CDisurf =   0.00620     CDvsurf =   0.00000

 Forces referred to Ssurf, Cave 
     CLsurf  =   0.40618     CDsurf  =   0.01240

 Strip Forces referred to Strip Area, Chord
    j     Xle      Yle      Zle      Chord    Area     c_cl     ai     cl_norm    cl       cd       cdv    cm_c/4     cm_LE   C.P.x/c
    21   0.0004  -0.0007   0.0000   0.2791   0.0008   0.0979   0.0499   0.4114   0.3384   0.1462   0.0000  -0.0135   0.0884    0.290
    22   0.0035  -0.0063   0.0000   0.2771   0.0023   0.0979   0.0492   0.4281   0.3522   0.0284   0.0000  -0.0125   0.0881    0.285
    23   0.0097  -0.0174   0.0000   0.2730   0.0037   0.0979   0.0495   0.4351   0.3580   0.0225   0.0000  -0.0095   0.0865    0.276
    24   0.0188  -0.0337   0.0000   0.2671   0.0050   0.0978   0.0504   0.4449   0.3660   0.0202   0.0000  -0.0056   0.0848    0.265
    25   0.0306  -0.0548   0.0000   0.2593   0.0060   0.0976   0.0515   0.4574   0.3763   0.0180   0.0000  -0.0018   0.0837    0.255
    26   0.0447  -0.0801   0.0000   0.2500   0.0068   0.0971   0.0524   0.4722   0.3884   0.0160   0.0000   0.0013   0.0836    0.247
    27   0.0609  -0.1092   0.0000   0.2394   0.0073   0.0961   0.0530   0.4883   0.4017   0.0142   0.0000   0.0037   0.0844    0.241
    28   0.0787  -0.1411   0.0000   0.2277   0.0075   0.0944   0.0533   0.5049   0.4154   0.0126   0.0000   0.0055   0.0858    0.237
    29   0.0978  -0.1752   0.0000   0.2152   0.0075   0.0921   0.0535   0.5211   0.4287   0.0112   0.0000   0.0068   0.0875    0.234
    30   0.1175  -0.2107   0.0000   0.2022   0.0072   0.0889   0.0537   0.5358   0.4408   0.0099   0.0000   0.0079   0.0891    0.232
    31   0.1376  -0.2465   0.0000   0.1890   0.0068   0.0849   0.0542   0.5477   0.4506   0.0086   0.0000   0.0089   0.0903    0.230
    32   0.1573  -0.2820   0.0000   0.1760   0.0061   0.0802   0.0554   0.5552   0.4567   0.0074   0.0000   0.0103   0.0904    0.228
    33   0.1764  -0.3161   0.0000   0.1635   0.0054   0.0745   0.0576   0.5559   0.4573   0.0061   0.0000   0.0121   0.0890    0.224
    34   0.1942  -0.3480   0.0000   0.1518   0.0046   0.0680   0.0611   0.5466   0.4497   0.0048   0.0000   0.0148   0.0849    0.217
    35   0.2104  -0.3771   0.0000   0.1412   0.0039   0.0605   0.0657   0.5228   0.4301   0.0033   0.0000   0.0185   0.0774    0.207
    36   0.2245  -0.4024   0.0000   0.1319   0.0031   0.0518   0.0707   0.4792   0.3942   0.0017   0.0000   0.0232   0.0654    0.191
    37   0.2363  -0.4235   0.0000   0.1241   0.0023   0.0418   0.0744   0.4108   0.3379  -0.0001   0.0000   0.0278   0.0492    0.168
    38   0.2454  -0.4398   0.0000   0.1182   0.0016   0.0306   0.0749   0.3158   0.2598  -0.0016   0.0000   0.0293   0.0308    0.137
    39   0.2516  -0.4509   0.0000   0.1141   0.0010   0.0185   0.0706   0.1983   0.1631  -0.0024   0.0000   0.0238   0.0146    0.104
    40   0.2547  -0.4565   0.0000   0.1121   0.0003   0.0062   0.0640   0.0675   0.0555  -0.0025   0.0000   0.0093   0.0038    0.082
 ---------------------------------------------------------------
