 ---------------------------------------------------------------
 Surface and Strip Forces by surface

  Sref = 0.20440       Cref = 0.22820       Bref = 0.91440    
  Xref = 0.10920       Yref =  0.0000       Zref =  0.0000    

  Surface # 1     Wing                                    
     # Chordwise = 10   # Spanwise = 20     First strip =  1
     Surface area Ssurf =    0.102184     Ave. chord Cave =    0.223500

 Forces referred to Sref, Cref, Bref about Xref, Yref, Zref
 Standard axis orientation,  X fwd, Z down         
     CLsurf  =   0.17771     Clsurf  =  -0.03859
     CYsurf  =   0.00138     Cmsurf  =  -0.02163
     CDsurf  =   0.00533     Cnsurf  =  -0.00295
     CDisurf =   0.00533     CDvsurf =   0.00000

 Forces referred to Ssurf, Cave 
     CLsurf  =   0.35548     CDsurf  =   0.01066

 Strip Forces referred to Strip Area, Chord
    j     Xle      Yle      Zle      Chord    Area     c_cl     ai     cl_norm    cl       cd       cdv    cm_c/4     cm_LE   C.P.x/c
     1   0.0003   0.0007   0.0000   0.2792   0.0008   0.0966   0.0477   0.3812   0.3369   0.1184   0.0000  -0.0090  -0.0879    0.277
     2   0.0027   0.0063   0.0000   0.2779   0.0023   0.0966   0.0468   0.3924   0.3468   0.0235   0.0000  -0.0081  -0.0875    0.273
     3   0.0074   0.0174   0.0000   0.2751   0.0038   0.0965   0.0469   0.3967   0.3506   0.0185   0.0000  -0.0057  -0.0860    0.266
     4   0.0143   0.0337   0.0000   0.2712   0.0051   0.0965   0.0477   0.4025   0.3557   0.0166   0.0000  -0.0026  -0.0842    0.257
     5   0.0233   0.0548   0.0000   0.2660   0.0062   0.0963   0.0488   0.4098   0.3622   0.0149   0.0000   0.0005  -0.0829    0.249
     6   0.0341   0.0801   0.0000   0.2598   0.0071   0.0959   0.0499   0.4180   0.3694   0.0134   0.0000   0.0031  -0.0821    0.242
     7   0.0464   0.1092   0.0000   0.2527   0.0077   0.0951   0.0510   0.4264   0.3768   0.0121   0.0000   0.0051  -0.0819    0.236
     8   0.0600   0.1411   0.0000   0.2449   0.0081   0.0938   0.0520   0.4341   0.3836   0.0110   0.0000   0.0067  -0.0820    0.232
     9   0.0745   0.1752   0.0000   0.2365   0.0083   0.0919   0.0531   0.4402   0.3890   0.0101   0.0000   0.0081  -0.0819    0.229
    10   0.0895   0.2107   0.0000   0.2279   0.0081   0.0892   0.0545   0.4437   0.3921   0.0093   0.0000   0.0093  -0.0815    0.226
    11   0.1048   0.2465   0.0000   0.2191   0.0078   0.0857   0.0563   0.4434   0.3919   0.0085   0.0000   0.0107  -0.0801    0.223
    12   0.1198   0.2820   0.0000   0.2105   0.0073   0.0813   0.0587   0.4379   0.3870   0.0077   0.0000   0.0124  -0.0775    0.218
    13   0.1343   0.3161   0.0000   0.2021   0.0067   0.0758   0.0617   0.4255   0.3760   0.0070   0.0000   0.0145  -0.0730    0.211
    14   0.1479   0.3480   0.0000   0.1943   0.0059   0.0693   0.0651   0.4042   0.3572   0.0061   0.0000   0.0171  -0.0663    0.202
    15   0.1602   0.3771   0.0000   0.1872   0.0051   0.0614   0.0685   0.3721   0.3288   0.0050   0.0000   0.0201  -0.0570    0.189
    16   0.1710   0.4024   0.0000   0.1810   0.0042   0.0522   0.0711   0.3274   0.2893   0.0038   0.0000   0.0229  -0.0453    0.171
    17   0.1800   0.4235   0.0000   0.1758   0.0033   0.0418   0.0718   0.2697   0.2384   0.0026   0.0000   0.0243  -0.0323    0.148
    18   0.1869   0.4398   0.0000   0.1719   0.0024   0.0304   0.0696   0.2005   0.1772   0.0013   0.0000   0.0228  -0.0197    0.121
    19   0.1916   0.4509   0.0000   0.1691   0.0014   0.0183   0.0645   0.1229   0.1086  -0.0000   0.0000   0.0167  -0.0095    0.096
    20   0.1940   0.4565   0.0000   0.1678   0.0005   0.0061   0.0593   0.0414   0.0366  -0.0011   0.0000   0.0062  -0.0027    0.081

  Surface # 2     Wing (YDUP)                             
     # Chordwise = 10   # Spanwise = 20     First strip = 21
     Surface area Ssurf =    0.102184     Ave. chord Cave =    0.223500

 Forces referred to Sref, Cref, Bref about Xref, Yref, Zref
 Standard axis orientation,  X fwd, Z down         
     CLsurf  =   0.17771     Clsurf  =   0.03859
     CYsurf  =  -0.00138     Cmsurf  =  -0.02163
     CDsurf  =   0.00533     Cnsurf  =   0.00295
     CDisurf =   0.00533     CDvsurf =   0.00000

 Forces referred to Ssurf, Cave 
     CLsurf  =   0.35548     CDsurf  =   0.01066

 Strip Forces referred to Strip Area, Chord
    j     Xle      Yle      Zle      Chord    Area     c_cl     ai     cl_norm    cl       cd       cdv    cm_c/4     cm_LE   C.P.x/c
    21   0.0003  -0.0007   0.0000   0.2792   0.0008   0.0966   0.0477   0.3812   0.3369   0.1184   0.0000  -0.0090   0.0879    0.277
    22   0.0027  -0.0063   0.0000   0.2779   0.0023   0.0966   0.0468   0.3924   0.3468   0.0235   0.0000  -0.0081   0.0875    0.273
    23   0.0074  -0.0174   0.0000   0.2751   0.0038   0.0965   0.0469   0.3967   0.3506   0.0185   0.0000  -0.0057   0.0860    0.266
    24   0.0143  -0.0337   0.0000   0.2712   0.0051   0.0965   0.0477   0.4025   0.3557   0.0166   0.0000  -0.0026   0.0842    0.257
    25   0.0233  -0.0548   0.0000   0.2660   0.0062   0.0963   0.0488   0.4098   0.3622   0.0149   0.0000   0.0005   0.0829    0.249
    26   0.0341  -0.0801   0.0000   0.2598   0.0071   0.0959   0.0499   0.4180   0.3694   0.0134   0.0000   0.0031   0.0821    0.242
    27   0.0464  -0.1092   0.0000   0.2527   0.0077   0.0951   0.0510   0.4264   0.3768   0.0121   0.0000   0.0051   0.0819    0.236
    28   0.0600  -0.1411   0.0000   0.2449   0.0081   0.0938   0.0520   0.4341   0.3836   0.0110   0.0000   0.0067   0.0820    0.232
    29   0.0745  -0.1752   0.0000   0.2365   0.0083   0.0919   0.0531   0.4402   0.3890   0.0101   0.0000   0.0081   0.0819    0.229
    30   0.0895  -0.2107   0.0000   0.2279   0.0081   0.0892   0.0545   0.4437   0.3921   0.0093   0.0000   0.0093   0.0815    0.226
    31   0.1048  -0.2465   0.0000   0.2191   0.0078   0.0857   0.0563   0.4434   0.3919   0.0085   0.0000   0.0107   0.0801    0.223
    32   0.1198  -0.2820   0.0000   0.2105   0.0073   0.0813   0.0587   0.4379   0.3870   0.0077   0.0000   0.0124   0.0775    0.218
    33   0.1343  -0.3161   0.0000   0.2021   0.0067   0.0758   0.0617   0.4255   0.3760   0.0070   0.0000   0.0145   0.0730    0.211
    34   0.1479  -0.3480   0.0000   0.1943   0.0059   0.0693   0.0651   0.4042   0.3572   0.0061   0.0000   0.0171   0.0663    0.202
    35   0.1602  -0.3771   0.0000   0.1872   0.0051   0.0614   0.0685   0.3721   0.3288   0.0050   0.0000   0.0201   0.0570    0.189
    36   0.1710  -0.4024   0.0000   0.1810   0.0042   0.0522   0.0711   0.3274   0.2893   0.0038   0.0000   0.0229   0.0453    0.171
    37   0.1800  -0.4235   0.0000   0.1758   0.0033   0.0418   0.0718   0.2697   0.2384   0.0026   0.0000   0.0243   0.0323    0.148
    38   0.1869  -0.4398   0.0000   0.1719   0.0024   0.0304   0.0696   0.2005   0.1772   0.0013   0.0000   0.0228   0.0197    0.121
    39   0.1916  -0.4509   0.0000   0.1691   0.0014   0.0183   0.0645   0.1229   0.1086  -0.0000   0.0000   0.0167   0.0095    0.096
    40   0.1940  -0.4565   0.0000   0.1678   0.0005   0.0061   0.0593   0.0414   0.0366  -0.0011   0.0000   0.0062   0.0027    0.081
 ---------------------------------------------------------------
