 ---------------------------------------------------------------
 Surface and Strip Forces by surface

  Sref = 0.14630       Cref = 0.16980       Bref = 0.91440    
  Xref = 0.10920       Yref =  0.0000       Zref =  0.0000    

  Surface # 1     Wing                                    
     # Chordwise = 10   # Spanwise = 20     First strip =  1
     Surface area Ssurf =    0.073152     Ave. chord Cave =    0.160000

 Forces referred to Sref, Cref, Bref about Xref, Yref, Zref
 Standard axis orientation,  X fwd, Z down         
     CLsurf  =   0.24829     Clsurf  =  -0.05410
     CYsurf  =   0.00697     Cmsurf  =  -0.09129
     CDsurf  =   0.00766     Cnsurf  =  -0.00698
     CDisurf =   0.00766     CDvsurf =   0.00000

 Forces referred to Ssurf, Cave 
     CLsurf  =   0.49656     CDsurf  =   0.01532

 Strip Forces referred to Strip Area, Chord
    j     Xle      Yle      Zle      Chord    Area     c_cl     ai     cl_norm    cl       cd       cdv    cm_c/4     cm_LE   C.P.x/c
     1   0.0005   0.0007   0.0000   0.2284   0.0006   0.0954   0.0414   0.5301   0.3991   0.1870   0.0000  -0.0242  -0.1078    0.311
     2   0.0041   0.0063   0.0000   0.2267   0.0019   0.0954   0.0416   0.5567   0.4191   0.0390   0.0000  -0.0222  -0.1067    0.303
     3   0.0114   0.0174   0.0000   0.2234   0.0031   0.0955   0.0438   0.5667   0.4267   0.0320   0.0000  -0.0169  -0.1036    0.289
     4   0.0220   0.0337   0.0000   0.2185   0.0041   0.0957   0.0467   0.5811   0.4375   0.0281   0.0000  -0.0106  -0.1006    0.274
     5   0.0357   0.0548   0.0000   0.2122   0.0049   0.0958   0.0494   0.5998   0.4515   0.0242   0.0000  -0.0052  -0.0988    0.261
     6   0.0523   0.0801   0.0000   0.2046   0.0056   0.0956   0.0513   0.6214   0.4678   0.0208   0.0000  -0.0010  -0.0986    0.252
     7   0.0712   0.1092   0.0000   0.1958   0.0060   0.0949   0.0525   0.6448   0.4855   0.0179   0.0000   0.0019  -0.0998    0.246
     8   0.0921   0.1411   0.0000   0.1863   0.0062   0.0935   0.0530   0.6687   0.5034   0.0154   0.0000   0.0038  -0.1019    0.242
     9   0.1143   0.1752   0.0000   0.1760   0.0061   0.0914   0.0531   0.6919   0.5209   0.0133   0.0000   0.0051  -0.1044    0.240
    10   0.1374   0.2107   0.0000   0.1654   0.0059   0.0885   0.0532   0.7133   0.5370   0.0113   0.0000   0.0061  -0.1069    0.239
    11   0.1609   0.2465   0.0000   0.1546   0.0055   0.0848   0.0537   0.7315   0.5508   0.0095   0.0000   0.0070  -0.1090    0.237
    12   0.1840   0.2820   0.0000   0.1440   0.0050   0.0804   0.0552   0.7448   0.5608   0.0078   0.0000   0.0081  -0.1101    0.236
    13   0.2062   0.3161   0.0000   0.1337   0.0044   0.0752   0.0581   0.7505   0.5651   0.0061   0.0000   0.0098  -0.1095    0.233
    14   0.2271   0.3480   0.0000   0.1242   0.0038   0.0692   0.0632   0.7445   0.5605   0.0044   0.0000   0.0125  -0.1063    0.228
    15   0.2460   0.3771   0.0000   0.1154   0.0031   0.0622   0.0706   0.7204   0.5424   0.0025   0.0000   0.0168  -0.0988    0.219
    16   0.2626   0.4024   0.0000   0.1078   0.0025   0.0540   0.0795   0.6692   0.5038   0.0002   0.0000   0.0232  -0.0854    0.204
    17   0.2763   0.4235   0.0000   0.1015   0.0019   0.0441   0.0874   0.5815   0.4378  -0.0025   0.0000   0.0308  -0.0652    0.180
    18   0.2869   0.4398   0.0000   0.0966   0.0013   0.0326   0.0908   0.4521   0.3404  -0.0049   0.0000   0.0357  -0.0408    0.145
    19   0.2942   0.4509   0.0000   0.0933   0.0008   0.0199   0.0873   0.2859   0.2152  -0.0058   0.0000   0.0311  -0.0186    0.106
    20   0.2978   0.4565   0.0000   0.0916   0.0003   0.0066   0.0797   0.0976   0.0735  -0.0046   0.0000   0.0127  -0.0046    0.078

  Surface # 2     Wing (YDUP)                             
     # Chordwise = 10   # Spanwise = 20     First strip = 21
     Surface area Ssurf =    0.073152     Ave. chord Cave =    0.160000

 Forces referred to Sref, Cref, Bref about Xref, Yref, Zref
 Standard axis orientation,  X fwd, Z down         
     CLsurf  =   0.24829     Clsurf  =   0.05410
     CYsurf  =  -0.00697     Cmsurf  =  -0.09129
     CDsurf  =   0.00766     Cnsurf  =   0.00698
     CDisurf =   0.00766     CDvsurf =   0.00000

 Forces referred to Ssurf, Cave 
     CLsurf  =   0.49656     CDsurf  =   0.01532

 Strip Forces referred to Strip Area, Chord
    j     Xle      Yle      Zle      Chord    Area     c_cl     ai     cl_norm    cl       cd       cdv    cm_c/4     cm_LE   C.P.x/c
    21   0.0005  -0.0007   0.0000   0.2284   0.0006   0.0954   0.0414   0.5301   0.3991   0.1870   0.0000  -0.0242   0.1078    0.311
    22   0.0041  -0.0063   0.0000   0.2267   0.0019   0.0954   0.0416   0.5567   0.4191   0.0390   0.0000  -0.0222   0.1067    0.303
    23   0.0114  -0.0174   0.0000   0.2234   0.0031   0.0955   0.0438   0.5667   0.4267   0.0320   0.0000  -0.0169   0.1036    0.289
    24   0.0220  -0.0337   0.0000   0.2185   0.0041   0.0957   0.0467   0.5811   0.4375   0.0281   0.0000  -0.0106   0.1006    0.274
    25   0.0357  -0.0548   0.0000   0.2122   0.0049   0.0958   0.0494   0.5998   0.4515   0.0242   0.0000  -0.0052   0.0988    0.261
    26   0.0523  -0.0801   0.0000   0.2046   0.0056   0.0956   0.0513   0.6214   0.4678   0.0208   0.0000  -0.0010   0.0986    0.252
    27   0.0712  -0.1092   0.0000   0.1958   0.0060   0.0949   0.0525   0.6448   0.4855   0.0179   0.0000   0.0019   0.0998    0.246
    28   0.0921  -0.1411   0.0000   0.1863   0.0062   0.0935   0.0530   0.6687   0.5034   0.0154   0.0000   0.0038   0.1019    0.242
    29   0.1143  -0.1752   0.0000   0.1760   0.0061   0.0914   0.0531   0.6919   0.5209   0.0133   0.0000   0.0051   0.1044    0.240
    30   0.1374  -0.2107   0.0000   0.1654   0.0059   0.0885   0.0532   0.7133   0.5370   0.0113   0.0000   0.0061   0.1069    0.239
    31   0.1609  -0.2465   0.0000   0.1546   0.0055   0.0848   0.0537   0.7315   0.5508   0.0095   0.0000   0.0070   0.1090    0.237
    32   0.1840  -0.2820   0.0000   0.1440   0.0050   0.0804   0.0552   0.7448   0.5608   0.0078   0.0000   0.0081   0.1101    0.236
    33   0.2062  -0.3161   0.0000   0.1337   0.0044   0.0752   0.0581   0.7505   0.5651   0.0061   0.0000   0.0098   0.1095    0.233
    34   0.2271  -0.3480   0.0000   0.1242   0.0038   0.0692   0.0632   0.7445   0.5605   0.0044   0.0000   0.0125   0.1063    0.228
    35   0.2460  -0.3771   0.0000   0.1154   0.0031   0.0622   0.0706   0.7204   0.5424   0.0025   0.0000   0.0168   0.0988    0.219
    36   0.2626  -0.4024   0.0000   0.1078   0.0025   0.0540   0.0795   0.6692   0.5038   0.0002   0.0000   0.0232   0.0854    0.204
    37   0.2763  -0.4235   0.0000   0.1015   0.0019   0.0441   0.0874   0.5815   0.4378  -0.0025   0.0000   0.0308   0.0652    0.180
    38   0.2869  -0.4398   0.0000   0.0966   0.0013   0.0326   0.0908   0.4521   0.3404  -0.0049   0.0000   0.0357   0.0408    0.145
    39   0.2942  -0.4509   0.0000   0.0933   0.0008   0.0199   0.0873   0.2859   0.2152  -0.0058   0.0000   0.0311   0.0186    0.106
    40   0.2978  -0.4565   0.0000   0.0916   0.0003   0.0066   0.0797   0.0976   0.0735  -0.0046   0.0000   0.0127   0.0046    0.078
 ---------------------------------------------------------------
