 ---------------------------------------------------------------
 Surface and Strip Forces by surface

  Sref = 0.16260       Cref = 0.22860       Bref = 0.71120    
  Xref = 0.10920       Yref =  0.0000       Zref =  0.0000    

  Surface # 1     Wing                                    
     # Chordwise = 10   # Spanwise = 20     First strip =  1
     Surface area Ssurf =    0.081290     Ave. chord Cave =    0.228600

 Forces referred to Sref, Cref, Bref about Xref, Yref, Zref
 Standard axis orientation,  X fwd, Z down         
     CLsurf  =   0.22340     Clsurf  =  -0.04883
     CYsurf  =   0.00682     Cmsurf  =   0.00275
     CDsurf  =   0.01101     Cnsurf  =  -0.00692
     CDisurf =   0.01101     CDvsurf =   0.00000

 Forces referred to Ssurf, Cave 
     CLsurf  =   0.44685     CDsurf  =   0.02203

 Strip Forces referred to Strip Area, Chord
    j     Xle      Yle      Zle      Chord    Area     c_cl     ai     cl_norm    cl       cd       cdv    cm_c/4     cm_LE   C.P.x/c
     1   0.0002   0.0005   0.0000   0.2286   0.0005   0.1208   0.0658   0.5628   0.4981   0.2611   0.0000  -0.0149  -0.1381    0.280
     2   0.0018   0.0049   0.0000   0.2286   0.0015   0.1208   0.0658   0.5945   0.5262   0.0516   0.0000  -0.0136  -0.1370    0.276
     3   0.0049   0.0135   0.0000   0.2286   0.0024   0.1209   0.0676   0.5967   0.5281   0.0399   0.0000  -0.0101  -0.1337    0.269
     4   0.0095   0.0262   0.0000   0.2286   0.0033   0.1210   0.0705   0.5981   0.5294   0.0356   0.0000  -0.0055  -0.1295    0.260
     5   0.0155   0.0426   0.0000   0.2286   0.0041   0.1212   0.0741   0.5994   0.5305   0.0320   0.0000  -0.0009  -0.1253    0.252
     6   0.0227   0.0623   0.0000   0.2286   0.0048   0.1212   0.0778   0.5998   0.5309   0.0289   0.0000   0.0032  -0.1215    0.244
     7   0.0309   0.0849   0.0000   0.2286   0.0054   0.1208   0.0818   0.5985   0.5298   0.0264   0.0000   0.0066  -0.1180    0.237
     8   0.0399   0.1098   0.0000   0.2286   0.0059   0.1199   0.0858   0.5944   0.5261   0.0243   0.0000   0.0096  -0.1142    0.232
     9   0.0496   0.1363   0.0000   0.2286   0.0062   0.1183   0.0902   0.5862   0.5189   0.0226   0.0000   0.0123  -0.1100    0.226
    10   0.0596   0.1638   0.0000   0.2286   0.0064   0.1156   0.0948   0.5730   0.5072   0.0210   0.0000   0.0150  -0.1047    0.220
    11   0.0698   0.1918   0.0000   0.2286   0.0064   0.1116   0.0996   0.5536   0.4900   0.0195   0.0000   0.0178  -0.0980    0.214
    12   0.0798   0.2193   0.0000   0.2286   0.0062   0.1062   0.1046   0.5270   0.4665   0.0179   0.0000   0.0208  -0.0896    0.205
    13   0.0895   0.2458   0.0000   0.2286   0.0059   0.0992   0.1092   0.4922   0.4356   0.0161   0.0000   0.0240  -0.0794    0.195
    14   0.0985   0.2707   0.0000   0.2286   0.0054   0.0904   0.1131   0.4486   0.3970   0.0140   0.0000   0.0270  -0.0675    0.182
    15   0.1067   0.2933   0.0000   0.2286   0.0048   0.0798   0.1157   0.3960   0.3505   0.0117   0.0000   0.0292  -0.0545    0.167
    16   0.1139   0.3130   0.0000   0.2286   0.0041   0.0675   0.1165   0.3351   0.2966   0.0092   0.0000   0.0300  -0.0411    0.149
    17   0.1199   0.3294   0.0000   0.2286   0.0033   0.0538   0.1151   0.2671   0.2364   0.0067   0.0000   0.0285  -0.0285    0.129
    18   0.1245   0.3421   0.0000   0.2286   0.0024   0.0390   0.1117   0.1938   0.1715   0.0040   0.0000   0.0239  -0.0176    0.110
    19   0.1276   0.3507   0.0000   0.2286   0.0015   0.0236   0.1070   0.1173   0.1038   0.0013   0.0000   0.0161  -0.0091    0.095
    20   0.1292   0.3551   0.0000   0.2286   0.0005   0.0079   0.1040   0.0394   0.0349  -0.0011   0.0000   0.0057  -0.0028    0.088

  Surface # 2     Wing (YDUP)                             
     # Chordwise = 10   # Spanwise = 20     First strip = 21
     Surface area Ssurf =    0.081290     Ave. chord Cave =    0.228600

 Forces referred to Sref, Cref, Bref about Xref, Yref, Zref
 Standard axis orientation,  X fwd, Z down         
     CLsurf  =   0.22340     Clsurf  =   0.04883
     CYsurf  =  -0.00682     Cmsurf  =   0.00275
     CDsurf  =   0.01101     Cnsurf  =   0.00692
     CDisurf =   0.01101     CDvsurf =   0.00000

 Forces referred to Ssurf, Cave 
     CLsurf  =   0.44685     CDsurf  =   0.02203

 Strip Forces referred to Strip Area, Chord
    j     Xle      Yle      Zle      Chord    Area     c_cl     ai     cl_norm    cl       cd       cdv    cm_c/4     cm_LE   C.P.x/c
    21   0.0002  -0.0005   0.0000   0.2286   0.0005   0.1208   0.0658   0.5628   0.4981   0.2611   0.0000  -0.0149   0.1381    0.280
    22   0.0018  -0.0049   0.0000   0.2286   0.0015   0.1208   0.0658   0.5945   0.5262   0.0516   0.0000  -0.0136   0.1370    0.276
    23   0.0049  -0.0135   0.0000   0.2286   0.0024   0.1209   0.0676   0.5967   0.5281   0.0399   0.0000  -0.0101   0.1337    0.269
    24   0.0095  -0.0262   0.0000   0.2286   0.0033   0.1210   0.0705   0.5981   0.5294   0.0356   0.0000  -0.0055   0.1295    0.260
    25   0.0155  -0.0426   0.0000   0.2286   0.0041   0.1212   0.0741   0.5994   0.5305   0.0320   0.0000  -0.0009   0.1253    0.252
    26   0.0227  -0.0623   0.0000   0.2286   0.0048   0.1212   0.0778   0.5998   0.5309   0.0289   0.0000   0.0032   0.1215    0.244
    27   0.0309  -0.0849   0.0000   0.2286   0.0054   0.1208   0.0818   0.5985   0.5298   0.0264   0.0000   0.0066   0.1180    0.237
    28   0.0399  -0.1098   0.0000   0.2286   0.0059   0.1199   0.0858   0.5944   0.5261   0.0243   0.0000   0.0096   0.1142    0.232
    29   0.0496  -0.1363   0.0000   0.2286   0.0062   0.1183   0.0902   0.5862   0.5189   0.0226   0.0000   0.0123   0.1100    0.226
    30   0.0596  -0.1638   0.0000   0.2286   0.0064   0.1156   0.0948   0.5730   0.5072   0.0210   0.0000   0.0150   0.1047    0.220
    31   0.0698  -0.1918   0.0000   0.2286   0.0064   0.1116   0.0996   0.5536   0.4900   0.0195   0.0000   0.0178   0.0980    0.214
    32   0.0798  -0.2193   0.0000   0.2286   0.0062   0.1062   0.1046   0.5270   0.4665   0.0179   0.0000   0.0208   0.0896    0.205
    33   0.0895  -0.2458   0.0000   0.2286   0.0059   0.0992   0.1092   0.4922   0.4356   0.0161   0.0000   0.0240   0.0794    0.195
    34   0.0985  -0.2707   0.0000   0.2286   0.0054   0.0904   0.1131   0.4486   0.3970   0.0140   0.0000   0.0270   0.0675    0.182
    35   0.1067  -0.2933   0.0000   0.2286   0.0048   0.0798   0.1157   0.3960   0.3505   0.0117   0.0000   0.0292   0.0545    0.167
    36   0.1139  -0.3130   0.0000   0.2286   0.0041   0.0675   0.1165   0.3351   0.2966   0.0092   0.0000   0.0300   0.0411    0.149
    37   0.1199  -0.3294   0.0000   0.2286   0.0033   0.0538   0.1151   0.2671   0.2364   0.0067   0.0000   0.0285   0.0285    0.129
    38   0.1245  -0.3421   0.0000   0.2286   0.0024   0.0390   0.1117   0.1938   0.1715   0.0040   0.0000   0.0239   0.0176    0.110
    39   0.1276  -0.3507   0.0000   0.2286   0.0015   0.0236   0.1070   0.1173   0.1038   0.0013   0.0000   0.0161   0.0091    0.095
    40   0.1292  -0.3551   0.0000   0.2286   0.0005   0.0079   0.1040   0.0394   0.0349  -0.0011   0.0000   0.0057   0.0028    0.088
 ---------------------------------------------------------------
