 ---------------------------------------------------------------
 Surface and Strip Forces by surface

  Sref = 0.18170       Cref = 0.22820       Bref = 0.81280    
  Xref = 0.10920       Yref =  0.0000       Zref =  0.0000    

  Surface # 1     Wing                                    
     # Chordwise = 10   # Spanwise = 20     First strip =  1
     Surface area Ssurf =    0.090830     Ave. chord Cave =    0.223500

 Forces referred to Sref, Cref, Bref about Xref, Yref, Zref
 Standard axis orientation,  X fwd, Z down         
     CLsurf  =   0.19991     Clsurf  =  -0.04371
     CYsurf  =   0.00442     Cmsurf  =  -0.05207
     CDsurf  =   0.00779     Cnsurf  =  -0.00555
     CDisurf =   0.00779     CDvsurf =   0.00000

 Forces referred to Ssurf, Cave 
     CLsurf  =   0.39991     CDsurf  =   0.01558

 Strip Forces referred to Strip Area, Chord
    j     Xle      Yle      Zle      Chord    Area     c_cl     ai     cl_norm    cl       cd       cdv    cm_c/4     cm_LE   C.P.x/c
     1   0.0004   0.0006   0.0000   0.2792   0.0007   0.1065   0.0535   0.4780   0.3597   0.2190   0.0000  -0.0202  -0.0971    0.306
     2   0.0036   0.0056   0.0000   0.2779   0.0021   0.1065   0.0528   0.5065   0.3812   0.0387   0.0000  -0.0190  -0.0964    0.300
     3   0.0100   0.0155   0.0000   0.2751   0.0034   0.1065   0.0539   0.5131   0.3862   0.0296   0.0000  -0.0154  -0.0942    0.290
     4   0.0193   0.0299   0.0000   0.2712   0.0045   0.1066   0.0560   0.5215   0.3925   0.0268   0.0000  -0.0105  -0.0913    0.277
     5   0.0315   0.0487   0.0000   0.2660   0.0055   0.1066   0.0584   0.5323   0.4007   0.0239   0.0000  -0.0056  -0.0889    0.264
     6   0.0460   0.0712   0.0000   0.2598   0.0063   0.1065   0.0609   0.5447   0.4100   0.0212   0.0000  -0.0014  -0.0873    0.253
     7   0.0627   0.0970   0.0000   0.2527   0.0069   0.1060   0.0631   0.5577   0.4198   0.0188   0.0000   0.0020  -0.0864    0.245
     8   0.0811   0.1254   0.0000   0.2449   0.0072   0.1049   0.0653   0.5701   0.4291   0.0167   0.0000   0.0048  -0.0860    0.239
     9   0.1006   0.1558   0.0000   0.2365   0.0073   0.1031   0.0675   0.5806   0.4370   0.0148   0.0000   0.0071  -0.0856    0.234
    10   0.1210   0.1873   0.0000   0.2279   0.0072   0.1005   0.0701   0.5877   0.4423   0.0132   0.0000   0.0092  -0.0849    0.229
    11   0.1416   0.2191   0.0000   0.2191   0.0070   0.0970   0.0732   0.5898   0.4439   0.0116   0.0000   0.0114  -0.0833    0.224
    12   0.1620   0.2506   0.0000   0.2105   0.0065   0.0923   0.0770   0.5848   0.4402   0.0100   0.0000   0.0141  -0.0803    0.218
    13   0.1815   0.2810   0.0000   0.2021   0.0060   0.0864   0.0814   0.5702   0.4292   0.0082   0.0000   0.0174  -0.0752    0.209
    14   0.1999   0.3094   0.0000   0.1943   0.0053   0.0791   0.0862   0.5431   0.4088   0.0063   0.0000   0.0214  -0.0675    0.198
    15   0.2166   0.3352   0.0000   0.1872   0.0045   0.0702   0.0905   0.5007   0.3769   0.0041   0.0000   0.0259  -0.0570    0.181
    16   0.2311   0.3577   0.0000   0.1810   0.0037   0.0597   0.0934   0.4409   0.3319   0.0018   0.0000   0.0299  -0.0442    0.160
    17   0.2433   0.3765   0.0000   0.1758   0.0029   0.0478   0.0936   0.3634   0.2735  -0.0004   0.0000   0.0318  -0.0304    0.134
    18   0.2526   0.3909   0.0000   0.1719   0.0021   0.0347   0.0907   0.2703   0.2035  -0.0021   0.0000   0.0295  -0.0176    0.105
    19   0.2590   0.4008   0.0000   0.1691   0.0013   0.0210   0.0851   0.1661   0.1250  -0.0031   0.0000   0.0214  -0.0081    0.079
    20   0.2622   0.4058   0.0000   0.1678   0.0004   0.0070   0.0802   0.0562   0.0423  -0.0033   0.0000   0.0078  -0.0022    0.065

  Surface # 2     Wing (YDUP)                             
     # Chordwise = 10   # Spanwise = 20     First strip = 21
     Surface area Ssurf =    0.090830     Ave. chord Cave =    0.223500

 Forces referred to Sref, Cref, Bref about Xref, Yref, Zref
 Standard axis orientation,  X fwd, Z down         
     CLsurf  =   0.19991     Clsurf  =   0.04371
     CYsurf  =  -0.00442     Cmsurf  =  -0.05207
     CDsurf  =   0.00779     Cnsurf  =   0.00555
     CDisurf =   0.00779     CDvsurf =   0.00000

 Forces referred to Ssurf, Cave 
     CLsurf  =   0.39991     CDsurf  =   0.01558

 Strip Forces referred to Strip Area, Chord
    j     Xle      Yle      Zle      Chord    Area     c_cl     ai     cl_norm    cl       cd       cdv    cm_c/4     cm_LE   C.P.x/c
    21   0.0004  -0.0006   0.0000   0.2792   0.0007   0.1065   0.0535   0.4780   0.3597   0.2190   0.0000  -0.0202   0.0971    0.306
    22   0.0036  -0.0056   0.0000   0.2779   0.0021   0.1065   0.0528   0.5065   0.3812   0.0387   0.0000  -0.0190   0.0964    0.300
    23   0.0100  -0.0155   0.0000   0.2751   0.0034   0.1065   0.0539   0.5131   0.3862   0.0296   0.0000  -0.0154   0.0942    0.290
    24   0.0193  -0.0299   0.0000   0.2712   0.0045   0.1066   0.0560   0.5215   0.3925   0.0268   0.0000  -0.0105   0.0913    0.277
    25   0.0315  -0.0487   0.0000   0.2660   0.0055   0.1066   0.0584   0.5323   0.4007   0.0239   0.0000  -0.0056   0.0889    0.264
    26   0.0460  -0.0712   0.0000   0.2598   0.0063   0.1065   0.0609   0.5447   0.4100   0.0212   0.0000  -0.0014   0.0873    0.253
    27   0.0627  -0.0970   0.0000   0.2527   0.0069   0.1060   0.0631   0.5577   0.4198   0.0188   0.0000   0.0020   0.0864    0.245
    28   0.0811  -0.1254   0.0000   0.2449   0.0072   0.1049   0.0653   0.5701   0.4291   0.0167   0.0000   0.0048   0.0860    0.239
    29   0.1006  -0.1558   0.0000   0.2365   0.0073   0.1031   0.0675   0.5806   0.4370   0.0148   0.0000   0.0071   0.0856    0.234
    30   0.1210  -0.1873   0.0000   0.2279   0.0072   0.1005   0.0701   0.5877   0.4423   0.0132   0.0000   0.0092   0.0849    0.229
    31   0.1416  -0.2191   0.0000   0.2191   0.0070   0.0970   0.0732   0.5898   0.4439   0.0116   0.0000   0.0114   0.0833    0.224
    32   0.1620  -0.2506   0.0000   0.2105   0.0065   0.0923   0.0770   0.5848   0.4402   0.0100   0.0000   0.0141   0.0803    0.218
    33   0.1815  -0.2810   0.0000   0.2021   0.0060   0.0864   0.0814   0.5702   0.4292   0.0082   0.0000   0.0174   0.0752    0.209
    34   0.1999  -0.3094   0.0000   0.1943   0.0053   0.0791   0.0862   0.5431   0.4088   0.0063   0.0000   0.0214   0.0675    0.198
    35   0.2166  -0.3352   0.0000   0.1872   0.0045   0.0702   0.0905   0.5007   0.3769   0.0041   0.0000   0.0259   0.0570    0.181
    36   0.2311  -0.3577   0.0000   0.1810   0.0037   0.0597   0.0934   0.4409   0.3319   0.0018   0.0000   0.0299   0.0442    0.160
    37   0.2433  -0.3765   0.0000   0.1758   0.0029   0.0478   0.0936   0.3634   0.2735  -0.0004   0.0000   0.0318   0.0304    0.134
    38   0.2526  -0.3909   0.0000   0.1719   0.0021   0.0347   0.0907   0.2703   0.2035  -0.0021   0.0000   0.0295   0.0176    0.105
    39   0.2590  -0.4008   0.0000   0.1691   0.0013   0.0210   0.0851   0.1661   0.1250  -0.0031   0.0000   0.0214   0.0081    0.079
    40   0.2622  -0.4058   0.0000   0.1678   0.0004   0.0070   0.0802   0.0562   0.0423  -0.0033   0.0000   0.0078   0.0022    0.065
 ---------------------------------------------------------------
