 ---------------------------------------------------------------
 Surface and Strip Forces by surface

  Sref = 0.18580       Cref = 0.22950       Bref = 0.81280    
  Xref = 0.10920       Yref =  0.0000       Zref =  0.0000    

  Surface # 1     Wing                                    
     # Chordwise = 10   # Spanwise = 20     First strip =  1
     Surface area Ssurf =    0.092903     Ave. chord Cave =    0.228600

 Forces referred to Sref, Cref, Bref about Xref, Yref, Zref
 Standard axis orientation,  X fwd, Z down         
     CLsurf  =   0.19550     Clsurf  =  -0.04317
     CYsurf  =   0.00630     Cmsurf  =  -0.04500
     CDsurf  =   0.00759     Cnsurf  =  -0.00604
     CDisurf =   0.00759     CDvsurf =   0.00000

 Forces referred to Ssurf, Cave 
     CLsurf  =   0.39099     CDsurf  =   0.01519

 Strip Forces referred to Strip Area, Chord
    j     Xle      Yle      Zle      Chord    Area     c_cl     ai     cl_norm    cl       cd       cdv    cm_c/4     cm_LE   C.P.x/c
     1   0.0004   0.0006   0.0000   0.2539   0.0006   0.1035   0.0441   0.5125   0.3858   0.2225   0.0000  -0.0232  -0.1069    0.310
     2   0.0034   0.0056   0.0000   0.2533   0.0019   0.1035   0.0440   0.5404   0.4069   0.0397   0.0000  -0.0217  -0.1058    0.303
     3   0.0094   0.0155   0.0000   0.2521   0.0031   0.1037   0.0462   0.5451   0.4104   0.0307   0.0000  -0.0173  -0.1026    0.292
     4   0.0182   0.0299   0.0000   0.2503   0.0042   0.1039   0.0497   0.5509   0.4148   0.0274   0.0000  -0.0116  -0.0986    0.278
     5   0.0296   0.0487   0.0000   0.2479   0.0051   0.1043   0.0535   0.5585   0.4205   0.0242   0.0000  -0.0062  -0.0951    0.265
     6   0.0433   0.0712   0.0000   0.2451   0.0059   0.1045   0.0572   0.5668   0.4267   0.0212   0.0000  -0.0017  -0.0925    0.254
     7   0.0590   0.0970   0.0000   0.2419   0.0066   0.1045   0.0607   0.5746   0.4327   0.0187   0.0000   0.0020  -0.0906    0.245
     8   0.0763   0.1254   0.0000   0.2383   0.0070   0.1040   0.0642   0.5808   0.4373   0.0167   0.0000   0.0049  -0.0891    0.239
     9   0.0948   0.1558   0.0000   0.2345   0.0073   0.1029   0.0678   0.5841   0.4397   0.0149   0.0000   0.0074  -0.0874    0.233
    10   0.1139   0.1873   0.0000   0.2306   0.0073   0.1009   0.0717   0.5829   0.4389   0.0134   0.0000   0.0097  -0.0852    0.228
    11   0.1334   0.2191   0.0000   0.2266   0.0072   0.0980   0.0763   0.5758   0.4335   0.0119   0.0000   0.0123  -0.0818    0.222
    12   0.1525   0.2506   0.0000   0.2227   0.0069   0.0937   0.0813   0.5610   0.4224   0.0105   0.0000   0.0153  -0.0769    0.214
    13   0.1710   0.2810   0.0000   0.2189   0.0064   0.0881   0.0866   0.5365   0.4040   0.0089   0.0000   0.0188  -0.0699    0.203
    14   0.1883   0.3094   0.0000   0.2153   0.0059   0.0808   0.0915   0.5005   0.3768   0.0070   0.0000   0.0229  -0.0606    0.189
    15   0.2040   0.3352   0.0000   0.2121   0.0051   0.0718   0.0953   0.4515   0.3399   0.0049   0.0000   0.0268  -0.0494    0.171
    16   0.2177   0.3577   0.0000   0.2093   0.0043   0.0610   0.0970   0.3891   0.2930   0.0028   0.0000   0.0298  -0.0368    0.148
    17   0.2291   0.3765   0.0000   0.2069   0.0034   0.0487   0.0959   0.3145   0.2368   0.0007   0.0000   0.0303  -0.0244    0.122
    18   0.2379   0.3909   0.0000   0.2051   0.0025   0.0353   0.0920   0.2303   0.1734  -0.0010   0.0000   0.0270  -0.0138    0.094
    19   0.2439   0.4008   0.0000   0.2039   0.0015   0.0213   0.0862   0.1400   0.1054  -0.0022   0.0000   0.0189  -0.0062    0.071
    20   0.2469   0.4058   0.0000   0.2033   0.0005   0.0071   0.0819   0.0472   0.0355  -0.0027   0.0000   0.0068  -0.0017    0.059

  Surface # 2     Wing (YDUP)                             
     # Chordwise = 10   # Spanwise = 20     First strip = 21
     Surface area Ssurf =    0.092903     Ave. chord Cave =    0.228600

 Forces referred to Sref, Cref, Bref about Xref, Yref, Zref
 Standard axis orientation,  X fwd, Z down         
     CLsurf  =   0.19550     Clsurf  =   0.04317
     CYsurf  =  -0.00630     Cmsurf  =  -0.04500
     CDsurf  =   0.00759     Cnsurf  =   0.00604
     CDisurf =   0.00759     CDvsurf =   0.00000

 Forces referred to Ssurf, Cave 
     CLsurf  =   0.39099     CDsurf  =   0.01519

 Strip Forces referred to Strip Area, Chord
    j     Xle      Yle      Zle      Chord    Area     c_cl     ai     cl_norm    cl       cd       cdv    cm_c/4     cm_LE   C.P.x/c
    21   0.0004  -0.0006   0.0000   0.2539   0.0006   0.1035   0.0441   0.5125   0.3858   0.2225   0.0000  -0.0232   0.1069    0.310
    22   0.0034  -0.0056   0.0000   0.2533   0.0019   0.1035   0.0440   0.5404   0.4069   0.0397   0.0000  -0.0217   0.1058    0.303
    23   0.0094  -0.0155   0.0000   0.2521   0.0031   0.1037   0.0462   0.5451   0.4104   0.0307   0.0000  -0.0173   0.1026    0.292
    24   0.0182  -0.0299   0.0000   0.2503   0.0042   0.1039   0.0497   0.5509   0.4148   0.0274   0.0000  -0.0116   0.0986    0.278
    25   0.0296  -0.0487   0.0000   0.2479   0.0051   0.1043   0.0535   0.5585   0.4205   0.0242   0.0000  -0.0062   0.0951    0.265
    26   0.0433  -0.0712   0.0000   0.2451   0.0059   0.1045   0.0572   0.5668   0.4267   0.0212   0.0000  -0.0017   0.0925    0.254
    27   0.0590  -0.0970   0.0000   0.2419   0.0066   0.1045   0.0607   0.5746   0.4327   0.0187   0.0000   0.0020   0.0906    0.245
    28   0.0763  -0.1254   0.0000   0.2383   0.0070   0.1040   0.0642   0.5808   0.4373   0.0167   0.0000   0.0049   0.0891    0.239
    29   0.0948  -0.1558   0.0000   0.2345   0.0073   0.1029   0.0678   0.5841   0.4397   0.0149   0.0000   0.0074   0.0874    0.233
    30   0.1139  -0.1873   0.0000   0.2306   0.0073   0.1009   0.0717   0.5829   0.4389   0.0134   0.0000   0.0097   0.0852    0.228
    31   0.1334  -0.2191   0.0000   0.2266   0.0072   0.0980   0.0763   0.5758   0.4335   0.0119   0.0000   0.0123   0.0818    0.222
    32   0.1525  -0.2506   0.0000   0.2227   0.0069   0.0937   0.0813   0.5610   0.4224   0.0105   0.0000   0.0153   0.0769    0.214
    33   0.1710  -0.2810   0.0000   0.2189   0.0064   0.0881   0.0866   0.5365   0.4040   0.0089   0.0000   0.0188   0.0699    0.203
    34   0.1883  -0.3094   0.0000   0.2153   0.0059   0.0808   0.0915   0.5005   0.3768   0.0070   0.0000   0.0229   0.0606    0.189
    35   0.2040  -0.3352   0.0000   0.2121   0.0051   0.0718   0.0953   0.4515   0.3399   0.0049   0.0000   0.0268   0.0494    0.171
    36   0.2177  -0.3577   0.0000   0.2093   0.0043   0.0610   0.0970   0.3891   0.2930   0.0028   0.0000   0.0298   0.0368    0.148
    37   0.2291  -0.3765   0.0000   0.2069   0.0034   0.0487   0.0959   0.3145   0.2368   0.0007   0.0000   0.0303   0.0244    0.122
    38   0.2379  -0.3909   0.0000   0.2051   0.0025   0.0353   0.0920   0.2303   0.1734  -0.0010   0.0000   0.0270   0.0138    0.094
    39   0.2439  -0.4008   0.0000   0.2039   0.0015   0.0213   0.0862   0.1400   0.1054  -0.0022   0.0000   0.0189   0.0062    0.071
    40   0.2469  -0.4058   0.0000   0.2033   0.0005   0.0071   0.0819   0.0472   0.0355  -0.0027   0.0000   0.0068   0.0017    0.059
 ---------------------------------------------------------------
