 ---------------------------------------------------------------
 Surface and Strip Forces by surface

  Sref = 0.20900       Cref = 0.22950       Bref = 0.91440    
  Xref = 0.10920       Yref =  0.0000       Zref =  0.0000    

  Surface # 1     Wing                                    
     # Chordwise = 10   # Spanwise = 20     First strip =  1
     Surface area Ssurf =    0.104516     Ave. chord Cave =    0.228600

 Forces referred to Sref, Cref, Bref about Xref, Yref, Zref
 Standard axis orientation,  X fwd, Z down         
     CLsurf  =   0.17380     Clsurf  =  -0.03813
     CYsurf  =   0.00258     Cmsurf  =  -0.01611
     CDsurf  =   0.00520     Cnsurf  =  -0.00319
     CDisurf =   0.00520     CDvsurf =   0.00000

 Forces referred to Ssurf, Cave 
     CLsurf  =   0.34755     CDsurf  =   0.01041

 Strip Forces referred to Strip Area, Chord
    j     Xle      Yle      Zle      Chord    Area     c_cl     ai     cl_norm    cl       cd       cdv    cm_c/4     cm_LE   C.P.x/c
     1   0.0003   0.0007   0.0000   0.2539   0.0007   0.0941   0.0419   0.4090   0.3614   0.1201   0.0000  -0.0113  -0.0967    0.281
     2   0.0025   0.0063   0.0000   0.2533   0.0021   0.0941   0.0408   0.4194   0.3707   0.0240   0.0000  -0.0102  -0.0959    0.277
     3   0.0068   0.0174   0.0000   0.2521   0.0035   0.0941   0.0414   0.4221   0.3730   0.0189   0.0000  -0.0072  -0.0936    0.269
     4   0.0132   0.0337   0.0000   0.2503   0.0047   0.0942   0.0429   0.4257   0.3762   0.0168   0.0000  -0.0036  -0.0909    0.260
     5   0.0215   0.0548   0.0000   0.2479   0.0058   0.0942   0.0448   0.4302   0.3802   0.0149   0.0000  -0.0002  -0.0886    0.250
     6   0.0314   0.0801   0.0000   0.2451   0.0067   0.0941   0.0468   0.4350   0.3844   0.0133   0.0000   0.0027  -0.0869    0.243
     7   0.0428   0.1092   0.0000   0.2419   0.0074   0.0938   0.0488   0.4392   0.3882   0.0120   0.0000   0.0049  -0.0857    0.237
     8   0.0553   0.1411   0.0000   0.2383   0.0079   0.0930   0.0509   0.4421   0.3907   0.0109   0.0000   0.0066  -0.0846    0.233
     9   0.0686   0.1752   0.0000   0.2345   0.0082   0.0916   0.0531   0.4426   0.3912   0.0101   0.0000   0.0082  -0.0833    0.229
    10   0.0825   0.2107   0.0000   0.2306   0.0082   0.0895   0.0556   0.4399   0.3888   0.0094   0.0000   0.0096  -0.0814    0.225
    11   0.0966   0.2465   0.0000   0.2266   0.0081   0.0865   0.0585   0.4328   0.3825   0.0087   0.0000   0.0112  -0.0784    0.221
    12   0.1105   0.2820   0.0000   0.2227   0.0078   0.0825   0.0620   0.4202   0.3714   0.0081   0.0000   0.0132  -0.0740    0.215
    13   0.1238   0.3161   0.0000   0.2189   0.0073   0.0774   0.0658   0.4007   0.3542   0.0073   0.0000   0.0155  -0.0679    0.206
    14   0.1363   0.3480   0.0000   0.2153   0.0066   0.0709   0.0696   0.3731   0.3298   0.0065   0.0000   0.0182  -0.0597    0.195
    15   0.1477   0.3771   0.0000   0.2121   0.0058   0.0629   0.0727   0.3362   0.2972   0.0054   0.0000   0.0209  -0.0496    0.180
    16   0.1576   0.4024   0.0000   0.2093   0.0049   0.0535   0.0745   0.2897   0.2560   0.0042   0.0000   0.0231  -0.0380    0.160
    17   0.1659   0.4235   0.0000   0.2069   0.0039   0.0427   0.0740   0.2341   0.2069   0.0029   0.0000   0.0236  -0.0261    0.136
    18   0.1723   0.4398   0.0000   0.2051   0.0028   0.0309   0.0708   0.1712   0.1513   0.0015   0.0000   0.0212  -0.0154    0.110
    19   0.1766   0.4509   0.0000   0.2039   0.0017   0.0186   0.0653   0.1038   0.0918   0.0001   0.0000   0.0150  -0.0073    0.087
    20   0.1788   0.4565   0.0000   0.2033   0.0006   0.0062   0.0607   0.0348   0.0308  -0.0010   0.0000   0.0054  -0.0020    0.073

  Surface # 2     Wing (YDUP)                             
     # Chordwise = 10   # Spanwise = 20     First strip = 21
     Surface area Ssurf =    0.104516     Ave. chord Cave =    0.228600

 Forces referred to Sref, Cref, Bref about Xref, Yref, Zref
 Standard axis orientation,  X fwd, Z down         
     CLsurf  =   0.17380     Clsurf  =   0.03813
     CYsurf  =  -0.00258     Cmsurf  =  -0.01611
     CDsurf  =   0.00520     Cnsurf  =   0.00319
     CDisurf =   0.00520     CDvsurf =   0.00000

 Forces referred to Ssurf, Cave 
     CLsurf  =   0.34755     CDsurf  =   0.01041

 Strip Forces referred to Strip Area, Chord
    j     Xle      Yle      Zle      Chord    Area     c_cl     ai     cl_norm    cl       cd       cdv    cm_c/4     cm_LE   C.P.x/c
    21   0.0003  -0.0007   0.0000   0.2539   0.0007   0.0941   0.0419   0.4090   0.3614   0.1201   0.0000  -0.0113   0.0967    0.281
    22   0.0025  -0.0063   0.0000   0.2533   0.0021   0.0941   0.0408   0.4194   0.3707   0.0240   0.0000  -0.0102   0.0959    0.277
    23   0.0068  -0.0174   0.0000   0.2521   0.0035   0.0941   0.0414   0.4221   0.3730   0.0189   0.0000  -0.0072   0.0936    0.269
    24   0.0132  -0.0337   0.0000   0.2503   0.0047   0.0942   0.0429   0.4257   0.3762   0.0168   0.0000  -0.0036   0.0909    0.260
    25   0.0215  -0.0548   0.0000   0.2479   0.0058   0.0942   0.0448   0.4302   0.3802   0.0149   0.0000  -0.0002   0.0886    0.250
    26   0.0314  -0.0801   0.0000   0.2451   0.0067   0.0941   0.0468   0.4350   0.3844   0.0133   0.0000   0.0027   0.0869    0.243
    27   0.0428  -0.1092   0.0000   0.2419   0.0074   0.0938   0.0488   0.4392   0.3882   0.0120   0.0000   0.0049   0.0857    0.237
    28   0.0553  -0.1411   0.0000   0.2383   0.0079   0.0930   0.0509   0.4421   0.3907   0.0109   0.0000   0.0066   0.0846    0.233
    29   0.0686  -0.1752   0.0000   0.2345   0.0082   0.0916   0.0531   0.4426   0.3912   0.0101   0.0000   0.0082   0.0833    0.229
    30   0.0825  -0.2107   0.0000   0.2306   0.0082   0.0895   0.0556   0.4399   0.3888   0.0094   0.0000   0.0096   0.0814    0.225
    31   0.0966  -0.2465   0.0000   0.2266   0.0081   0.0865   0.0585   0.4328   0.3825   0.0087   0.0000   0.0112   0.0784    0.221
    32   0.1105  -0.2820   0.0000   0.2227   0.0078   0.0825   0.0620   0.4202   0.3714   0.0081   0.0000   0.0132   0.0740    0.215
    33   0.1238  -0.3161   0.0000   0.2189   0.0073   0.0774   0.0658   0.4007   0.3542   0.0073   0.0000   0.0155   0.0679    0.206
    34   0.1363  -0.3480   0.0000   0.2153   0.0066   0.0709   0.0696   0.3731   0.3298   0.0065   0.0000   0.0182   0.0597    0.195
    35   0.1477  -0.3771   0.0000   0.2121   0.0058   0.0629   0.0727   0.3362   0.2972   0.0054   0.0000   0.0209   0.0496    0.180
    36   0.1576  -0.4024   0.0000   0.2093   0.0049   0.0535   0.0745   0.2897   0.2560   0.0042   0.0000   0.0231   0.0380    0.160
    37   0.1659  -0.4235   0.0000   0.2069   0.0039   0.0427   0.0740   0.2341   0.2069   0.0029   0.0000   0.0236   0.0261    0.136
    38   0.1723  -0.4398   0.0000   0.2051   0.0028   0.0309   0.0708   0.1712   0.1513   0.0015   0.0000   0.0212   0.0154    0.110
    39   0.1766  -0.4509   0.0000   0.2039   0.0017   0.0186   0.0653   0.1038   0.0918   0.0001   0.0000   0.0150   0.0073    0.087
    40   0.1788  -0.4565   0.0000   0.2033   0.0006   0.0062   0.0607   0.0348   0.0308  -0.0010   0.0000   0.0054   0.0020    0.073
 ---------------------------------------------------------------
