 ---------------------------------------------------------------
 Surface and Strip Forces by surface

  Sref = 0.17880       Cref = 0.20760       Bref = 0.91440    
  Xref = 0.10920       Yref =  0.0000       Zref =  0.0000    

  Surface # 1     Wing                                    
     # Chordwise = 10   # Spanwise = 20     First strip =  1
     Surface area Ssurf =    0.089428     Ave. chord Cave =    0.195600

 Forces referred to Sref, Cref, Bref about Xref, Yref, Zref
 Standard axis orientation,  X fwd, Z down         
     CLsurf  =   0.20316     Clsurf  =  -0.04410
     CYsurf  =   0.00355     Cmsurf  =  -0.07206
     CDsurf  =   0.00629     Cnsurf  =  -0.00474
     CDisurf =   0.00629     CDvsurf =   0.00000

 Forces referred to Ssurf, Cave 
     CLsurf  =   0.40618     CDsurf  =   0.01257

 Strip Forces referred to Strip Area, Chord
    j     Xle      Yle      Zle      Chord    Area     c_cl     ai     cl_norm    cl       cd       cdv    cm_c/4     cm_LE   C.P.x/c
     1   0.0005   0.0007   0.0000   0.2791   0.0008   0.0965   0.0465   0.4407   0.3314   0.1647   0.0000  -0.0185  -0.0873    0.306
     2   0.0042   0.0063   0.0000   0.2771   0.0023   0.0965   0.0456   0.4615   0.3471   0.0306   0.0000  -0.0173  -0.0867    0.300
     3   0.0116   0.0174   0.0000   0.2730   0.0037   0.0965   0.0464   0.4694   0.3530   0.0242   0.0000  -0.0136  -0.0847    0.288
     4   0.0225   0.0337   0.0000   0.2671   0.0050   0.0966   0.0479   0.4804   0.3612   0.0218   0.0000  -0.0088  -0.0825    0.274
     5   0.0366   0.0548   0.0000   0.2593   0.0060   0.0965   0.0497   0.4947   0.3720   0.0193   0.0000  -0.0043  -0.0809    0.262
     6   0.0536   0.0801   0.0000   0.2500   0.0068   0.0961   0.0512   0.5116   0.3847   0.0169   0.0000  -0.0006  -0.0804    0.252
     7   0.0730   0.1092   0.0000   0.2394   0.0073   0.0953   0.0522   0.5302   0.3987   0.0148   0.0000   0.0022  -0.0809    0.244
     8   0.0944   0.1411   0.0000   0.2277   0.0075   0.0939   0.0529   0.5495   0.4133   0.0129   0.0000   0.0043  -0.0822    0.240
     9   0.1172   0.1752   0.0000   0.2152   0.0075   0.0918   0.0533   0.5685   0.4275   0.0112   0.0000   0.0058  -0.0838    0.237
    10   0.1409   0.2107   0.0000   0.2022   0.0072   0.0889   0.0538   0.5860   0.4407   0.0097   0.0000   0.0070  -0.0855    0.234
    11   0.1650   0.2465   0.0000   0.1890   0.0068   0.0851   0.0546   0.6007   0.4517   0.0082   0.0000   0.0081  -0.0868    0.232
    12   0.1887   0.2820   0.0000   0.1760   0.0061   0.0806   0.0562   0.6108   0.4593   0.0068   0.0000   0.0096  -0.0872    0.229
    13   0.2115   0.3161   0.0000   0.1635   0.0054   0.0752   0.0590   0.6137   0.4615   0.0053   0.0000   0.0115  -0.0860    0.225
    14   0.2329   0.3480   0.0000   0.1518   0.0046   0.0689   0.0631   0.6058   0.4555   0.0037   0.0000   0.0144  -0.0823    0.218
    15   0.2523   0.3771   0.0000   0.1412   0.0039   0.0615   0.0686   0.5817   0.4374   0.0019   0.0000   0.0187  -0.0750    0.207
    16   0.2693   0.4024   0.0000   0.1319   0.0031   0.0528   0.0744   0.5349   0.4023  -0.0001   0.0000   0.0242  -0.0631    0.190
    17   0.2834   0.4235   0.0000   0.1241   0.0023   0.0427   0.0786   0.4597   0.3457  -0.0023   0.0000   0.0297  -0.0467    0.164
    18   0.2943   0.4398   0.0000   0.1182   0.0016   0.0313   0.0789   0.3540   0.2662  -0.0041   0.0000   0.0319  -0.0284    0.130
    19   0.3017   0.4509   0.0000   0.1141   0.0010   0.0189   0.0741   0.2223   0.1672  -0.0046   0.0000   0.0262  -0.0127    0.094
    20   0.3054   0.4565   0.0000   0.1121   0.0003   0.0063   0.0670   0.0757   0.0569  -0.0037   0.0000   0.0103  -0.0031    0.069

  Surface # 2     Wing (YDUP)                             
     # Chordwise = 10   # Spanwise = 20     First strip = 21
     Surface area Ssurf =    0.089428     Ave. chord Cave =    0.195600

 Forces referred to Sref, Cref, Bref about Xref, Yref, Zref
 Standard axis orientation,  X fwd, Z down         
     CLsurf  =   0.20316     Clsurf  =   0.04410
     CYsurf  =  -0.00355     Cmsurf  =  -0.07206
     CDsurf  =   0.00629     Cnsurf  =   0.00474
     CDisurf =   0.00629     CDvsurf =   0.00000

 Forces referred to Ssurf, Cave 
     CLsurf  =   0.40618     CDsurf  =   0.01257

 Strip Forces referred to Strip Area, Chord
    j     Xle      Yle      Zle      Chord    Area     c_cl     ai     cl_norm    cl       cd       cdv    cm_c/4     cm_LE   C.P.x/c
    21   0.0005  -0.0007   0.0000   0.2791   0.0008   0.0965   0.0465   0.4407   0.3314   0.1647   0.0000  -0.0185   0.0873    0.306
    22   0.0042  -0.0063   0.0000   0.2771   0.0023   0.0965   0.0456   0.4615   0.3471   0.0306   0.0000  -0.0173   0.0867    0.300
    23   0.0116  -0.0174   0.0000   0.2730   0.0037   0.0965   0.0464   0.4694   0.3530   0.0242   0.0000  -0.0136   0.0847    0.288
    24   0.0225  -0.0337   0.0000   0.2671   0.0050   0.0966   0.0479   0.4804   0.3612   0.0218   0.0000  -0.0088   0.0825    0.274
    25   0.0366  -0.0548   0.0000   0.2593   0.0060   0.0965   0.0497   0.4947   0.3720   0.0193   0.0000  -0.0043   0.0809    0.262
    26   0.0536  -0.0801   0.0000   0.2500   0.0068   0.0961   0.0512   0.5116   0.3847   0.0169   0.0000  -0.0006   0.0804    0.252
    27   0.0730  -0.1092   0.0000   0.2394   0.0073   0.0953   0.0522   0.5302   0.3987   0.0148   0.0000   0.0022   0.0809    0.244
    28   0.0944  -0.1411   0.0000   0.2277   0.0075   0.0939   0.0529   0.5495   0.4133   0.0129   0.0000   0.0043   0.0822    0.240
    29   0.1172  -0.1752   0.0000   0.2152   0.0075   0.0918   0.0533   0.5685   0.4275   0.0112   0.0000   0.0058   0.0838    0.237
    30   0.1409  -0.2107   0.0000   0.2022   0.0072   0.0889   0.0538   0.5860   0.4407   0.0097   0.0000   0.0070   0.0855    0.234
    31   0.1650  -0.2465   0.0000   0.1890   0.0068   0.0851   0.0546   0.6007   0.4517   0.0082   0.0000   0.0081   0.0868    0.232
    32   0.1887  -0.2820   0.0000   0.1760   0.0061   0.0806   0.0562   0.6108   0.4593   0.0068   0.0000   0.0096   0.0872    0.229
    33   0.2115  -0.3161   0.0000   0.1635   0.0054   0.0752   0.0590   0.6137   0.4615   0.0053   0.0000   0.0115   0.0860    0.225
    34   0.2329  -0.3480   0.0000   0.1518   0.0046   0.0689   0.0631   0.6058   0.4555   0.0037   0.0000   0.0144   0.0823    0.218
    35   0.2523  -0.3771   0.0000   0.1412   0.0039   0.0615   0.0686   0.5817   0.4374   0.0019   0.0000   0.0187   0.0750    0.207
    36   0.2693  -0.4024   0.0000   0.1319   0.0031   0.0528   0.0744   0.5349   0.4023  -0.0001   0.0000   0.0242   0.0631    0.190
    37   0.2834  -0.4235   0.0000   0.1241   0.0023   0.0427   0.0786   0.4597   0.3457  -0.0023   0.0000   0.0297   0.0467    0.164
    38   0.2943  -0.4398   0.0000   0.1182   0.0016   0.0313   0.0789   0.3540   0.2662  -0.0041   0.0000   0.0319   0.0284    0.130
    39   0.3017  -0.4509   0.0000   0.1141   0.0010   0.0189   0.0741   0.2223   0.1672  -0.0046   0.0000   0.0262   0.0127    0.094
    40   0.3054  -0.4565   0.0000   0.1121   0.0003   0.0063   0.0670   0.0757   0.0569  -0.0037   0.0000   0.0103   0.0031    0.069
 ---------------------------------------------------------------
