 ---------------------------------------------------------------
 Surface and Strip Forces by surface

  Sref = 0.13630       Cref = 0.19250       Bref = 0.81280    
  Xref = 0.10920       Yref =  0.0000       Zref =  0.0000    

  Surface # 1     Wing                                    
     # Chordwise = 10   # Spanwise = 20     First strip =  1
     Surface area Ssurf =    0.068133     Ave. chord Cave =    0.167650

 Forces referred to Sref, Cref, Bref about Xref, Yref, Zref
 Standard axis orientation,  X fwd, Z down         
     CLsurf  =   0.26650     Clsurf  =  -0.05620
     CYsurf  =   0.00278     Cmsurf  =  -0.08259
     CDsurf  =   0.01053     Cnsurf  =  -0.00733
     CDisurf =   0.01053     CDvsurf =   0.00000

 Forces referred to Ssurf, Cave 
     CLsurf  =   0.53314     CDsurf  =   0.02107

 Strip Forces referred to Strip Area, Chord
    j     Xle      Yle      Zle      Chord    Area     c_cl     ai     cl_norm    cl       cd       cdv    cm_c/4     cm_LE   C.P.x/c
     1   0.0004   0.0006   0.0000   0.2791   0.0007   0.1142   0.0708   0.5045   0.3803   0.2499   0.0000  -0.0200  -0.0995    0.303
     2   0.0040   0.0056   0.0000   0.2763   0.0021   0.1142   0.0705   0.5446   0.4104   0.0483   0.0000  -0.0188  -0.0994    0.296
     3   0.0111   0.0155   0.0000   0.2709   0.0033   0.1141   0.0710   0.5572   0.4199   0.0382   0.0000  -0.0152  -0.0981    0.286
     4   0.0214   0.0299   0.0000   0.2629   0.0044   0.1140   0.0719   0.5741   0.4326   0.0348   0.0000  -0.0104  -0.0966    0.274
     5   0.0348   0.0487   0.0000   0.2526   0.0052   0.1136   0.0728   0.5960   0.4492   0.0313   0.0000  -0.0056  -0.0960    0.262
     6   0.0509   0.0712   0.0000   0.2402   0.0058   0.1126   0.0734   0.6225   0.4692   0.0279   0.0000  -0.0015  -0.0966    0.253
     7   0.0694   0.0970   0.0000   0.2260   0.0061   0.1110   0.0733   0.6528   0.4920   0.0246   0.0000   0.0017  -0.0985    0.247
     8   0.0897   0.1254   0.0000   0.2104   0.0062   0.1085   0.0725   0.6860   0.5170   0.0216   0.0000   0.0040  -0.1016    0.242
     9   0.1113   0.1558   0.0000   0.1937   0.0060   0.1049   0.0711   0.7213   0.5436   0.0186   0.0000   0.0056  -0.1055    0.240
    10   0.1339   0.1873   0.0000   0.1764   0.0056   0.1003   0.0693   0.7579   0.5712   0.0156   0.0000   0.0068  -0.1101    0.238
    11   0.1566   0.2191   0.0000   0.1589   0.0051   0.0946   0.0672   0.7947   0.5989   0.0125   0.0000   0.0076  -0.1149    0.237
    12   0.1792   0.2506   0.0000   0.1416   0.0044   0.0880   0.0653   0.8303   0.6258   0.0091   0.0000   0.0085  -0.1195    0.236
    13   0.2008   0.2810   0.0000   0.1249   0.0037   0.0806   0.0642   0.8624   0.6500   0.0055   0.0000   0.0097  -0.1234    0.235
    14   0.2211   0.3094   0.0000   0.1093   0.0030   0.0725   0.0645   0.8871   0.6685   0.0015   0.0000   0.0116  -0.1255    0.233
    15   0.2396   0.3352   0.0000   0.0951   0.0023   0.0637   0.0673   0.8972   0.6762  -0.0027   0.0000   0.0150  -0.1241    0.228
    16   0.2557   0.3577   0.0000   0.0827   0.0017   0.0543   0.0735   0.8800   0.6632  -0.0073   0.0000   0.0210  -0.1165    0.218
    17   0.2691   0.3765   0.0000   0.0724   0.0012   0.0440   0.0824   0.8153   0.6144  -0.0121   0.0000   0.0303  -0.0989    0.201
    18   0.2794   0.3909   0.0000   0.0644   0.0008   0.0325   0.0904   0.6781   0.5111  -0.0163   0.0000   0.0405  -0.0697    0.171
    19   0.2865   0.4008   0.0000   0.0590   0.0004   0.0199   0.0919   0.4542   0.3423  -0.0169   0.0000   0.0412  -0.0351    0.130
    20   0.2901   0.4058   0.0000   0.0562   0.0001   0.0067   0.0852   0.1602   0.1207  -0.0105   0.0000   0.0188  -0.0088    0.095

  Surface # 2     Wing (YDUP)                             
     # Chordwise = 10   # Spanwise = 20     First strip = 21
     Surface area Ssurf =    0.068133     Ave. chord Cave =    0.167650

 Forces referred to Sref, Cref, Bref about Xref, Yref, Zref
 Standard axis orientation,  X fwd, Z down         
     CLsurf  =   0.26650     Clsurf  =   0.05620
     CYsurf  =  -0.00278     Cmsurf  =  -0.08259
     CDsurf  =   0.01053     Cnsurf  =   0.00733
     CDisurf =   0.01053     CDvsurf =   0.00000

 Forces referred to Ssurf, Cave 
     CLsurf  =   0.53314     CDsurf  =   0.02107

 Strip Forces referred to Strip Area, Chord
    j     Xle      Yle      Zle      Chord    Area     c_cl     ai     cl_norm    cl       cd       cdv    cm_c/4     cm_LE   C.P.x/c
    21   0.0004  -0.0006   0.0000   0.2791   0.0007   0.1142   0.0708   0.5045   0.3803   0.2499   0.0000  -0.0200   0.0995    0.303
    22   0.0040  -0.0056   0.0000   0.2763   0.0021   0.1142   0.0705   0.5446   0.4104   0.0483   0.0000  -0.0188   0.0994    0.296
    23   0.0111  -0.0155   0.0000   0.2709   0.0033   0.1141   0.0710   0.5572   0.4199   0.0382   0.0000  -0.0152   0.0981    0.286
    24   0.0214  -0.0299   0.0000   0.2629   0.0044   0.1140   0.0719   0.5741   0.4326   0.0348   0.0000  -0.0104   0.0966    0.274
    25   0.0348  -0.0487   0.0000   0.2526   0.0052   0.1136   0.0728   0.5960   0.4492   0.0313   0.0000  -0.0056   0.0960    0.262
    26   0.0509  -0.0712   0.0000   0.2402   0.0058   0.1126   0.0734   0.6225   0.4692   0.0279   0.0000  -0.0015   0.0966    0.253
    27   0.0694  -0.0970   0.0000   0.2260   0.0061   0.1110   0.0733   0.6528   0.4920   0.0246   0.0000   0.0017   0.0985    0.247
    28   0.0897  -0.1254   0.0000   0.2104   0.0062   0.1085   0.0725   0.6860   0.5170   0.0216   0.0000   0.0040   0.1016    0.242
    29   0.1113  -0.1558   0.0000   0.1937   0.0060   0.1049   0.0711   0.7213   0.5436   0.0186   0.0000   0.0056   0.1055    0.240
    30   0.1339  -0.1873   0.0000   0.1764   0.0056   0.1003   0.0693   0.7579   0.5712   0.0156   0.0000   0.0068   0.1101    0.238
    31   0.1566  -0.2191   0.0000   0.1589   0.0051   0.0946   0.0672   0.7947   0.5989   0.0125   0.0000   0.0076   0.1149    0.237
    32   0.1792  -0.2506   0.0000   0.1416   0.0044   0.0880   0.0653   0.8303   0.6258   0.0091   0.0000   0.0085   0.1195    0.236
    33   0.2008  -0.2810   0.0000   0.1249   0.0037   0.0806   0.0642   0.8624   0.6500   0.0055   0.0000   0.0097   0.1234    0.235
    34   0.2211  -0.3094   0.0000   0.1093   0.0030   0.0725   0.0645   0.8871   0.6685   0.0015   0.0000   0.0116   0.1255    0.233
    35   0.2396  -0.3352   0.0000   0.0951   0.0023   0.0637   0.0673   0.8972   0.6762  -0.0027   0.0000   0.0150   0.1241    0.228
    36   0.2557  -0.3577   0.0000   0.0827   0.0017   0.0543   0.0735   0.8800   0.6632  -0.0073   0.0000   0.0210   0.1165    0.218
    37   0.2691  -0.3765   0.0000   0.0724   0.0012   0.0440   0.0824   0.8153   0.6144  -0.0121   0.0000   0.0303   0.0989    0.201
    38   0.2794  -0.3909   0.0000   0.0644   0.0008   0.0325   0.0904   0.6781   0.5111  -0.0163   0.0000   0.0405   0.0697    0.171
    39   0.2865  -0.4008   0.0000   0.0590   0.0004   0.0199   0.0919   0.4542   0.3423  -0.0169   0.0000   0.0412   0.0351    0.130
    40   0.2901  -0.4058   0.0000   0.0562   0.0001   0.0067   0.0852   0.1602   0.1207  -0.0105   0.0000   0.0188   0.0088    0.095
 ---------------------------------------------------------------
