 ---------------------------------------------------------------
 Surface and Strip Forces by surface

  Sref = 0.18580       Cref = 0.20320       Bref = 0.91440    
  Xref = 0.10920       Yref =  0.0000       Zref =  0.0000    

  Surface # 1     Wing                                    
     # Chordwise = 10   # Spanwise = 20     First strip =  1
     Surface area Ssurf =    0.092903     Ave. chord Cave =    0.203200

 Forces referred to Sref, Cref, Bref about Xref, Yref, Zref
 Standard axis orientation,  X fwd, Z down         
     CLsurf  =   0.19550     Clsurf  =  -0.04390
     CYsurf  =   0.00614     Cmsurf  =  -0.03130
     CDsurf  =   0.00595     Cnsurf  =  -0.00485
     CDisurf =   0.00595     CDvsurf =   0.00000

 Forces referred to Ssurf, Cave 
     CLsurf  =   0.39099     CDsurf  =   0.01190

 Strip Forces referred to Strip Area, Chord
    j     Xle      Yle      Zle      Chord    Area     c_cl     ai     cl_norm    cl       cd       cdv    cm_c/4     cm_LE   C.P.x/c
     1   0.0003   0.0007   0.0000   0.2032   0.0006   0.0883   0.0245   0.5123   0.4216   0.1510   0.0000  -0.0218  -0.1182    0.302
     2   0.0029   0.0063   0.0000   0.2032   0.0017   0.0883   0.0250   0.5268   0.4336   0.0310   0.0000  -0.0196  -0.1162    0.295
     3   0.0081   0.0174   0.0000   0.2032   0.0028   0.0885   0.0284   0.5288   0.4353   0.0249   0.0000  -0.0142  -0.1116    0.283
     4   0.0157   0.0337   0.0000   0.2032   0.0038   0.0890   0.0328   0.5321   0.4380   0.0213   0.0000  -0.0083  -0.1067    0.269
     5   0.0255   0.0548   0.0000   0.2032   0.0047   0.0896   0.0373   0.5364   0.4415   0.0182   0.0000  -0.0032  -0.1029    0.257
     6   0.0374   0.0801   0.0000   0.2032   0.0055   0.0903   0.0414   0.5407   0.4451   0.0158   0.0000   0.0005  -0.1002    0.249
     7   0.0509   0.1092   0.0000   0.2032   0.0062   0.0908   0.0451   0.5440   0.4478   0.0140   0.0000   0.0033  -0.0983    0.243
     8   0.0658   0.1411   0.0000   0.2032   0.0067   0.0910   0.0488   0.5452   0.4487   0.0126   0.0000   0.0053  -0.0967    0.238
     9   0.0817   0.1752   0.0000   0.2032   0.0071   0.0907   0.0525   0.5432   0.4471   0.0116   0.0000   0.0070  -0.0948    0.234
    10   0.0982   0.2107   0.0000   0.2032   0.0073   0.0896   0.0568   0.5372   0.4422   0.0109   0.0000   0.0086  -0.0921    0.230
    11   0.1150   0.2465   0.0000   0.2032   0.0073   0.0877   0.0616   0.5259   0.4328   0.0102   0.0000   0.0105  -0.0883    0.226
    12   0.1315   0.2820   0.0000   0.2032   0.0071   0.0847   0.0671   0.5079   0.4181   0.0094   0.0000   0.0129  -0.0828    0.219
    13   0.1474   0.3161   0.0000   0.2032   0.0067   0.0804   0.0731   0.4818   0.3966   0.0085   0.0000   0.0158  -0.0753    0.210
    14   0.1623   0.3480   0.0000   0.2032   0.0062   0.0744   0.0788   0.4460   0.3671   0.0074   0.0000   0.0192  -0.0655    0.198
    15   0.1758   0.3771   0.0000   0.2032   0.0055   0.0666   0.0835   0.3994   0.3287   0.0060   0.0000   0.0229  -0.0535    0.180
    16   0.1877   0.4024   0.0000   0.2032   0.0047   0.0570   0.0860   0.3417   0.2813   0.0044   0.0000   0.0258  -0.0401    0.158
    17   0.1975   0.4235   0.0000   0.2032   0.0038   0.0457   0.0856   0.2742   0.2257   0.0026   0.0000   0.0267  -0.0268    0.132
    18   0.2051   0.4398   0.0000   0.2032   0.0028   0.0332   0.0819   0.1993   0.1641   0.0010   0.0000   0.0241  -0.0152    0.103
    19   0.2103   0.4509   0.0000   0.2032   0.0017   0.0200   0.0758   0.1204   0.0991  -0.0004   0.0000   0.0171  -0.0069    0.078
    20   0.2129   0.4565   0.0000   0.2032   0.0006   0.0067   0.0710   0.0403   0.0332  -0.0015   0.0000   0.0062  -0.0018    0.064

  Surface # 2     Wing (YDUP)                             
     # Chordwise = 10   # Spanwise = 20     First strip = 21
     Surface area Ssurf =    0.092903     Ave. chord Cave =    0.203200

 Forces referred to Sref, Cref, Bref about Xref, Yref, Zref
 Standard axis orientation,  X fwd, Z down         
     CLsurf  =   0.19550     Clsurf  =   0.04390
     CYsurf  =  -0.00614     Cmsurf  =  -0.03130
     CDsurf  =   0.00595     Cnsurf  =   0.00485
     CDisurf =   0.00595     CDvsurf =   0.00000

 Forces referred to Ssurf, Cave 
     CLsurf  =   0.39099     CDsurf  =   0.01190

 Strip Forces referred to Strip Area, Chord
    j     Xle      Yle      Zle      Chord    Area     c_cl     ai     cl_norm    cl       cd       cdv    cm_c/4     cm_LE   C.P.x/c
    21   0.0003  -0.0007   0.0000   0.2032   0.0006   0.0883   0.0245   0.5123   0.4216   0.1510   0.0000  -0.0218   0.1182    0.302
    22   0.0029  -0.0063   0.0000   0.2032   0.0017   0.0883   0.0250   0.5268   0.4336   0.0310   0.0000  -0.0196   0.1162    0.295
    23   0.0081  -0.0174   0.0000   0.2032   0.0028   0.0885   0.0284   0.5288   0.4353   0.0249   0.0000  -0.0142   0.1116    0.283
    24   0.0157  -0.0337   0.0000   0.2032   0.0038   0.0890   0.0328   0.5321   0.4380   0.0213   0.0000  -0.0083   0.1067    0.269
    25   0.0255  -0.0548   0.0000   0.2032   0.0047   0.0896   0.0373   0.5364   0.4415   0.0182   0.0000  -0.0032   0.1029    0.257
    26   0.0374  -0.0801   0.0000   0.2032   0.0055   0.0903   0.0414   0.5407   0.4451   0.0158   0.0000   0.0005   0.1002    0.249
    27   0.0509  -0.1092   0.0000   0.2032   0.0062   0.0908   0.0451   0.5440   0.4478   0.0140   0.0000   0.0033   0.0983    0.243
    28   0.0658  -0.1411   0.0000   0.2032   0.0067   0.0910   0.0488   0.5452   0.4487   0.0126   0.0000   0.0053   0.0967    0.238
    29   0.0817  -0.1752   0.0000   0.2032   0.0071   0.0907   0.0525   0.5432   0.4471   0.0116   0.0000   0.0070   0.0948    0.234
    30   0.0982  -0.2107   0.0000   0.2032   0.0073   0.0896   0.0568   0.5372   0.4422   0.0109   0.0000   0.0086   0.0921    0.230
    31   0.1150  -0.2465   0.0000   0.2032   0.0073   0.0877   0.0616   0.5259   0.4328   0.0102   0.0000   0.0105   0.0883    0.226
    32   0.1315  -0.2820   0.0000   0.2032   0.0071   0.0847   0.0671   0.5079   0.4181   0.0094   0.0000   0.0129   0.0828    0.219
    33   0.1474  -0.3161   0.0000   0.2032   0.0067   0.0804   0.0731   0.4818   0.3966   0.0085   0.0000   0.0158   0.0753    0.210
    34   0.1623  -0.3480   0.0000   0.2032   0.0062   0.0744   0.0788   0.4460   0.3671   0.0074   0.0000   0.0192   0.0655    0.198
    35   0.1758  -0.3771   0.0000   0.2032   0.0055   0.0666   0.0835   0.3994   0.3287   0.0060   0.0000   0.0229   0.0535    0.180
    36   0.1877  -0.4024   0.0000   0.2032   0.0047   0.0570   0.0860   0.3417   0.2813   0.0044   0.0000   0.0258   0.0401    0.158
    37   0.1975  -0.4235   0.0000   0.2032   0.0038   0.0457   0.0856   0.2742   0.2257   0.0026   0.0000   0.0267   0.0268    0.132
    38   0.2051  -0.4398   0.0000   0.2032   0.0028   0.0332   0.0819   0.1993   0.1641   0.0010   0.0000   0.0241   0.0152    0.103
    39   0.2103  -0.4509   0.0000   0.2032   0.0017   0.0200   0.0758   0.1204   0.0991  -0.0004   0.0000   0.0171   0.0069    0.078
    40   0.2129  -0.4565   0.0000   0.2032   0.0006   0.0067   0.0710   0.0403   0.0332  -0.0015   0.0000   0.0062   0.0018    0.064
 ---------------------------------------------------------------
