 ---------------------------------------------------------------
 Surface and Strip Forces by surface

  Sref = 0.16520       Cref = 0.20740       Bref = 0.81280    
  Xref = 0.10920       Yref =  0.0000       Zref =  0.0000    

  Surface # 1     Wing                                    
     # Chordwise = 10   # Spanwise = 20     First strip =  1
     Surface area Ssurf =    0.082580     Ave. chord Cave =    0.203200

 Forces referred to Sref, Cref, Bref about Xref, Yref, Zref
 Standard axis orientation,  X fwd, Z down         
     CLsurf  =   0.21988     Clsurf  =  -0.04796
     CYsurf  =   0.00390     Cmsurf  =  -0.03545
     CDsurf  =   0.00844     Cnsurf  =  -0.00548
     CDisurf =   0.00844     CDvsurf =   0.00000

 Forces referred to Ssurf, Cave 
     CLsurf  =   0.43987     CDsurf  =   0.01688

 Strip Forces referred to Strip Area, Chord
    j     Xle      Yle      Zle      Chord    Area     c_cl     ai     cl_norm    cl       cd       cdv    cm_c/4     cm_LE   C.P.x/c
     1   0.0003   0.0006   0.0000   0.2538   0.0006   0.1071   0.0554   0.4874   0.4013   0.2055   0.0000  -0.0173  -0.1085    0.293
     2   0.0030   0.0056   0.0000   0.2526   0.0019   0.1071   0.0549   0.5127   0.4222   0.0397   0.0000  -0.0161  -0.1079    0.288
     3   0.0082   0.0155   0.0000   0.2501   0.0031   0.1071   0.0558   0.5192   0.4275   0.0311   0.0000  -0.0125  -0.1057    0.279
     4   0.0158   0.0299   0.0000   0.2465   0.0041   0.1072   0.0576   0.5275   0.4344   0.0279   0.0000  -0.0078  -0.1030    0.268
     5   0.0257   0.0487   0.0000   0.2418   0.0050   0.1071   0.0597   0.5381   0.4431   0.0248   0.0000  -0.0033  -0.1009    0.258
     6   0.0377   0.0712   0.0000   0.2362   0.0057   0.1069   0.0618   0.5500   0.4529   0.0220   0.0000   0.0005  -0.0996    0.249
     7   0.0513   0.0970   0.0000   0.2297   0.0062   0.1062   0.0636   0.5624   0.4631   0.0197   0.0000   0.0035  -0.0991    0.242
     8   0.0663   0.1254   0.0000   0.2226   0.0066   0.1050   0.0654   0.5740   0.4726   0.0177   0.0000   0.0059  -0.0990    0.238
     9   0.0824   0.1558   0.0000   0.2151   0.0067   0.1031   0.0672   0.5835   0.4805   0.0159   0.0000   0.0078  -0.0990    0.234
    10   0.0990   0.1873   0.0000   0.2072   0.0066   0.1003   0.0694   0.5897   0.4856   0.0144   0.0000   0.0097  -0.0984    0.230
    11   0.1159   0.2191   0.0000   0.1992   0.0063   0.0966   0.0721   0.5910   0.4866   0.0130   0.0000   0.0116  -0.0969    0.226
    12   0.1325   0.2506   0.0000   0.1913   0.0059   0.0919   0.0757   0.5853   0.4819   0.0115   0.0000   0.0140  -0.0937    0.221
    13   0.1486   0.2810   0.0000   0.1838   0.0054   0.0860   0.0800   0.5703   0.4696   0.0100   0.0000   0.0170  -0.0884    0.214
    14   0.1636   0.3094   0.0000   0.1767   0.0048   0.0787   0.0849   0.5432   0.4473   0.0083   0.0000   0.0207  -0.0801    0.204
    15   0.1772   0.3352   0.0000   0.1702   0.0041   0.0699   0.0897   0.5013   0.4128   0.0064   0.0000   0.0250  -0.0687    0.190
    16   0.1892   0.3577   0.0000   0.1646   0.0034   0.0596   0.0934   0.4421   0.3641   0.0043   0.0000   0.0290  -0.0545    0.170
    17   0.1991   0.3765   0.0000   0.1599   0.0027   0.0478   0.0947   0.3651   0.3007   0.0021   0.0000   0.0311  -0.0386    0.147
    18   0.2067   0.3909   0.0000   0.1563   0.0019   0.0348   0.0928   0.2721   0.2241   0.0001   0.0000   0.0292  -0.0234    0.120
    19   0.2119   0.4008   0.0000   0.1538   0.0011   0.0210   0.0877   0.1674   0.1379  -0.0014   0.0000   0.0214  -0.0113    0.095
    20   0.2146   0.4058   0.0000   0.1526   0.0004   0.0070   0.0827   0.0566   0.0466  -0.0024   0.0000   0.0079  -0.0032    0.081

  Surface # 2     Wing (YDUP)                             
     # Chordwise = 10   # Spanwise = 20     First strip = 21
     Surface area Ssurf =    0.082580     Ave. chord Cave =    0.203200

 Forces referred to Sref, Cref, Bref about Xref, Yref, Zref
 Standard axis orientation,  X fwd, Z down         
     CLsurf  =   0.21988     Clsurf  =   0.04796
     CYsurf  =  -0.00390     Cmsurf  =  -0.03545
     CDsurf  =   0.00844     Cnsurf  =   0.00548
     CDisurf =   0.00844     CDvsurf =   0.00000

 Forces referred to Ssurf, Cave 
     CLsurf  =   0.43987     CDsurf  =   0.01688

 Strip Forces referred to Strip Area, Chord
    j     Xle      Yle      Zle      Chord    Area     c_cl     ai     cl_norm    cl       cd       cdv    cm_c/4     cm_LE   C.P.x/c
    21   0.0003  -0.0006   0.0000   0.2538   0.0006   0.1071   0.0554   0.4874   0.4013   0.2055   0.0000  -0.0173   0.1085    0.293
    22   0.0030  -0.0056   0.0000   0.2526   0.0019   0.1071   0.0549   0.5127   0.4222   0.0397   0.0000  -0.0161   0.1079    0.288
    23   0.0082  -0.0155   0.0000   0.2501   0.0031   0.1071   0.0558   0.5192   0.4275   0.0311   0.0000  -0.0125   0.1057    0.279
    24   0.0158  -0.0299   0.0000   0.2465   0.0041   0.1072   0.0576   0.5275   0.4344   0.0279   0.0000  -0.0078   0.1030    0.268
    25   0.0257  -0.0487   0.0000   0.2418   0.0050   0.1071   0.0597   0.5381   0.4431   0.0248   0.0000  -0.0033   0.1009    0.258
    26   0.0377  -0.0712   0.0000   0.2362   0.0057   0.1069   0.0618   0.5500   0.4529   0.0220   0.0000   0.0005   0.0996    0.249
    27   0.0513  -0.0970   0.0000   0.2297   0.0062   0.1062   0.0636   0.5624   0.4631   0.0197   0.0000   0.0035   0.0991    0.242
    28   0.0663  -0.1254   0.0000   0.2226   0.0066   0.1050   0.0654   0.5740   0.4726   0.0177   0.0000   0.0059   0.0990    0.238
    29   0.0824  -0.1558   0.0000   0.2151   0.0067   0.1031   0.0672   0.5835   0.4805   0.0159   0.0000   0.0078   0.0990    0.234
    30   0.0990  -0.1873   0.0000   0.2072   0.0066   0.1003   0.0694   0.5897   0.4856   0.0144   0.0000   0.0097   0.0984    0.230
    31   0.1159  -0.2191   0.0000   0.1992   0.0063   0.0966   0.0721   0.5910   0.4866   0.0130   0.0000   0.0116   0.0969    0.226
    32   0.1325  -0.2506   0.0000   0.1913   0.0059   0.0919   0.0757   0.5853   0.4819   0.0115   0.0000   0.0140   0.0937    0.221
    33   0.1486  -0.2810   0.0000   0.1838   0.0054   0.0860   0.0800   0.5703   0.4696   0.0100   0.0000   0.0170   0.0884    0.214
    34   0.1636  -0.3094   0.0000   0.1767   0.0048   0.0787   0.0849   0.5432   0.4473   0.0083   0.0000   0.0207   0.0801    0.204
    35   0.1772  -0.3352   0.0000   0.1702   0.0041   0.0699   0.0897   0.5013   0.4128   0.0064   0.0000   0.0250   0.0687    0.190
    36   0.1892  -0.3577   0.0000   0.1646   0.0034   0.0596   0.0934   0.4421   0.3641   0.0043   0.0000   0.0290   0.0545    0.170
    37   0.1991  -0.3765   0.0000   0.1599   0.0027   0.0478   0.0947   0.3651   0.3007   0.0021   0.0000   0.0311   0.0386    0.147
    38   0.2067  -0.3909   0.0000   0.1563   0.0019   0.0348   0.0928   0.2721   0.2241   0.0001   0.0000   0.0292   0.0234    0.120
    39   0.2119  -0.4008   0.0000   0.1538   0.0011   0.0210   0.0877   0.1674   0.1379  -0.0014   0.0000   0.0214   0.0113    0.095
    40   0.2146  -0.4058   0.0000   0.1526   0.0004   0.0070   0.0827   0.0566   0.0466  -0.0024   0.0000   0.0079   0.0032    0.081
 ---------------------------------------------------------------
