 ---------------------------------------------------------------
 Surface and Strip Forces by surface

  Sref = 0.15900       Cref = 0.20760       Bref = 0.81280    
  Xref = 0.10920       Yref =  0.0000       Zref =  0.0000    

  Surface # 1     Wing                                    
     # Chordwise = 10   # Spanwise = 20     First strip =  1
     Surface area Ssurf =    0.079492     Ave. chord Cave =    0.195600

 Forces referred to Sref, Cref, Bref about Xref, Yref, Zref
 Standard axis orientation,  X fwd, Z down         
     CLsurf  =   0.22846     Clsurf  =  -0.04941
     CYsurf  =   0.00370     Cmsurf  =  -0.06662
     CDsurf  =   0.00892     Cnsurf  =  -0.00615
     CDisurf =   0.00892     CDvsurf =   0.00000

 Forces referred to Ssurf, Cave 
     CLsurf  =   0.45696     CDsurf  =   0.01784

 Strip Forces referred to Strip Area, Chord
    j     Xle      Yle      Zle      Chord    Area     c_cl     ai     cl_norm    cl       cd       cdv    cm_c/4     cm_LE   C.P.x/c
     1   0.0004   0.0006   0.0000   0.2791   0.0007   0.1092   0.0602   0.4872   0.3669   0.2295   0.0000  -0.0200  -0.0974    0.305
     2   0.0038   0.0056   0.0000   0.2771   0.0021   0.1092   0.0597   0.5202   0.3917   0.0423   0.0000  -0.0189  -0.0970    0.298
     3   0.0105   0.0155   0.0000   0.2730   0.0033   0.1092   0.0605   0.5295   0.3987   0.0328   0.0000  -0.0153  -0.0953    0.288
     4   0.0204   0.0299   0.0000   0.2671   0.0044   0.1091   0.0620   0.5418   0.4080   0.0298   0.0000  -0.0104  -0.0931    0.276
     5   0.0331   0.0487   0.0000   0.2593   0.0054   0.1090   0.0637   0.5577   0.4200   0.0267   0.0000  -0.0057  -0.0915    0.263
     6   0.0485   0.0712   0.0000   0.2500   0.0061   0.1085   0.0652   0.5765   0.4341   0.0237   0.0000  -0.0015  -0.0910    0.254
     7   0.0660   0.0970   0.0000   0.2394   0.0065   0.1075   0.0664   0.5972   0.4498   0.0210   0.0000   0.0018  -0.0914    0.246
     8   0.0853   0.1254   0.0000   0.2277   0.0067   0.1059   0.0672   0.6188   0.4660   0.0186   0.0000   0.0043  -0.0926    0.241
     9   0.1060   0.1558   0.0000   0.2152   0.0067   0.1034   0.0678   0.6401   0.4820   0.0163   0.0000   0.0062  -0.0942    0.237
    10   0.1274   0.1873   0.0000   0.2022   0.0064   0.1001   0.0686   0.6596   0.4967   0.0142   0.0000   0.0079  -0.0958    0.234
    11   0.1491   0.2191   0.0000   0.1890   0.0060   0.0958   0.0698   0.6758   0.5090   0.0122   0.0000   0.0096  -0.0969    0.231
    12   0.1705   0.2506   0.0000   0.1760   0.0055   0.0906   0.0717   0.6865   0.5170   0.0101   0.0000   0.0115  -0.0969    0.228
    13   0.1912   0.2810   0.0000   0.1635   0.0048   0.0844   0.0749   0.6886   0.5186   0.0080   0.0000   0.0141  -0.0950    0.223
    14   0.2105   0.3094   0.0000   0.1518   0.0041   0.0771   0.0794   0.6778   0.5104   0.0056   0.0000   0.0178  -0.0902    0.215
    15   0.2280   0.3352   0.0000   0.1412   0.0034   0.0685   0.0849   0.6484   0.4883   0.0030   0.0000   0.0229  -0.0814    0.203
    16   0.2434   0.3577   0.0000   0.1319   0.0027   0.0586   0.0905   0.5938   0.4472   0.0001   0.0000   0.0289  -0.0679    0.185
    17   0.2561   0.3765   0.0000   0.1241   0.0021   0.0472   0.0943   0.5085   0.3829  -0.0029   0.0000   0.0343  -0.0502    0.160
    18   0.2660   0.3909   0.0000   0.1182   0.0014   0.0345   0.0944   0.3908   0.2943  -0.0052   0.0000   0.0355  -0.0309    0.129
    19   0.2727   0.4008   0.0000   0.1141   0.0008   0.0209   0.0899   0.2457   0.1851  -0.0059   0.0000   0.0282  -0.0145    0.098
    20   0.2761   0.4058   0.0000   0.1121   0.0003   0.0070   0.0837   0.0840   0.0632  -0.0049   0.0000   0.0109  -0.0038    0.077

  Surface # 2     Wing (YDUP)                             
     # Chordwise = 10   # Spanwise = 20     First strip = 21
     Surface area Ssurf =    0.079492     Ave. chord Cave =    0.195600

 Forces referred to Sref, Cref, Bref about Xref, Yref, Zref
 Standard axis orientation,  X fwd, Z down         
     CLsurf  =   0.22846     Clsurf  =   0.04941
     CYsurf  =  -0.00370     Cmsurf  =  -0.06662
     CDsurf  =   0.00892     Cnsurf  =   0.00615
     CDisurf =   0.00892     CDvsurf =   0.00000

 Forces referred to Ssurf, Cave 
     CLsurf  =   0.45696     CDsurf  =   0.01784

 Strip Forces referred to Strip Area, Chord
    j     Xle      Yle      Zle      Chord    Area     c_cl     ai     cl_norm    cl       cd       cdv    cm_c/4     cm_LE   C.P.x/c
    21   0.0004  -0.0006   0.0000   0.2791   0.0007   0.1092   0.0602   0.4872   0.3669   0.2295   0.0000  -0.0200   0.0974    0.305
    22   0.0038  -0.0056   0.0000   0.2771   0.0021   0.1092   0.0597   0.5202   0.3917   0.0423   0.0000  -0.0189   0.0970    0.298
    23   0.0105  -0.0155   0.0000   0.2730   0.0033   0.1092   0.0605   0.5295   0.3987   0.0328   0.0000  -0.0153   0.0953    0.288
    24   0.0204  -0.0299   0.0000   0.2671   0.0044   0.1091   0.0620   0.5418   0.4080   0.0298   0.0000  -0.0104   0.0931    0.276
    25   0.0331  -0.0487   0.0000   0.2593   0.0054   0.1090   0.0637   0.5577   0.4200   0.0267   0.0000  -0.0057   0.0915    0.263
    26   0.0485  -0.0712   0.0000   0.2500   0.0061   0.1085   0.0652   0.5765   0.4341   0.0237   0.0000  -0.0015   0.0910    0.254
    27   0.0660  -0.0970   0.0000   0.2394   0.0065   0.1075   0.0664   0.5972   0.4498   0.0210   0.0000   0.0018   0.0914    0.246
    28   0.0853  -0.1254   0.0000   0.2277   0.0067   0.1059   0.0672   0.6188   0.4660   0.0186   0.0000   0.0043   0.0926    0.241
    29   0.1060  -0.1558   0.0000   0.2152   0.0067   0.1034   0.0678   0.6401   0.4820   0.0163   0.0000   0.0062   0.0942    0.237
    30   0.1274  -0.1873   0.0000   0.2022   0.0064   0.1001   0.0686   0.6596   0.4967   0.0142   0.0000   0.0079   0.0958    0.234
    31   0.1491  -0.2191   0.0000   0.1890   0.0060   0.0958   0.0698   0.6758   0.5090   0.0122   0.0000   0.0096   0.0969    0.231
    32   0.1705  -0.2506   0.0000   0.1760   0.0055   0.0906   0.0717   0.6865   0.5170   0.0101   0.0000   0.0115   0.0969    0.228
    33   0.1912  -0.2810   0.0000   0.1635   0.0048   0.0844   0.0749   0.6886   0.5186   0.0080   0.0000   0.0141   0.0950    0.223
    34   0.2105  -0.3094   0.0000   0.1518   0.0041   0.0771   0.0794   0.6778   0.5104   0.0056   0.0000   0.0178   0.0902    0.215
    35   0.2280  -0.3352   0.0000   0.1412   0.0034   0.0685   0.0849   0.6484   0.4883   0.0030   0.0000   0.0229   0.0814    0.203
    36   0.2434  -0.3577   0.0000   0.1319   0.0027   0.0586   0.0905   0.5938   0.4472   0.0001   0.0000   0.0289   0.0679    0.185
    37   0.2561  -0.3765   0.0000   0.1241   0.0021   0.0472   0.0943   0.5085   0.3829  -0.0029   0.0000   0.0343   0.0502    0.160
    38   0.2660  -0.3909   0.0000   0.1182   0.0014   0.0345   0.0944   0.3908   0.2943  -0.0052   0.0000   0.0355   0.0309    0.129
    39   0.2727  -0.4008   0.0000   0.1141   0.0008   0.0209   0.0899   0.2457   0.1851  -0.0059   0.0000   0.0282   0.0145    0.098
    40   0.2761  -0.4058   0.0000   0.1121   0.0003   0.0070   0.0837   0.0840   0.0632  -0.0049   0.0000   0.0109   0.0038    0.077
 ---------------------------------------------------------------
