 ---------------------------------------------------------------
 Surface and Strip Forces by surface

  Sref = 0.10120       Cref = 0.15090       Bref = 0.71120    
  Xref = 0.10920       Yref =  0.0000       Zref =  0.0000    

  Surface # 1     Wing                                    
     # Chordwise = 10   # Spanwise = 20     First strip =  1
     Surface area Ssurf =    0.050584     Ave. chord Cave =    0.142250

 Forces referred to Sref, Cref, Bref about Xref, Yref, Zref
 Standard axis orientation,  X fwd, Z down         
     CLsurf  =   0.35894     Clsurf  =  -0.07674
     CYsurf  =   0.00337     Cmsurf  =   0.00955
     CDsurf  =   0.01773     Cnsurf  =  -0.01127
     CDisurf =   0.01773     CDvsurf =   0.00000

 Forces referred to Ssurf, Cave 
     CLsurf  =   0.71810     CDsurf  =   0.03547

 Strip Forces referred to Strip Area, Chord
    j     Xle      Yle      Zle      Chord    Area     c_cl     ai     cl_norm    cl       cd       cdv    cm_c/4     cm_LE   C.P.x/c
     1   0.0002   0.0005   0.0000   0.2030   0.0004   0.1267   0.0855   0.6511   0.5770   0.3266   0.0000  -0.0184  -0.1590    0.282
     2   0.0022   0.0049   0.0000   0.2015   0.0013   0.1267   0.0858   0.7051   0.6248   0.0762   0.0000  -0.0168  -0.1587    0.277
     3   0.0061   0.0135   0.0000   0.1986   0.0021   0.1267   0.0866   0.7184   0.6366   0.0619   0.0000  -0.0126  -0.1569    0.270
     4   0.0118   0.0262   0.0000   0.1942   0.0028   0.1265   0.0878   0.7353   0.6516   0.0550   0.0000  -0.0073  -0.1552    0.261
     5   0.0192   0.0426   0.0000   0.1886   0.0034   0.1261   0.0888   0.7562   0.6701   0.0491   0.0000  -0.0024  -0.1546    0.254
     6   0.0280   0.0623   0.0000   0.1818   0.0039   0.1252   0.0894   0.7801   0.6913   0.0439   0.0000   0.0017  -0.1555    0.248
     7   0.0382   0.0849   0.0000   0.1741   0.0041   0.1237   0.0895   0.8058   0.7140   0.0395   0.0000   0.0047  -0.1577    0.243
     8   0.0494   0.1098   0.0000   0.1656   0.0043   0.1213   0.0893   0.8318   0.7371   0.0357   0.0000   0.0069  -0.1607    0.241
     9   0.0613   0.1363   0.0000   0.1565   0.0042   0.1179   0.0887   0.8568   0.7593   0.0323   0.0000   0.0085  -0.1641    0.239
    10   0.0737   0.1638   0.0000   0.1470   0.0041   0.1136   0.0884   0.8791   0.7790   0.0291   0.0000   0.0099  -0.1671    0.237
    11   0.0862   0.1918   0.0000   0.1375   0.0038   0.1082   0.0886   0.8966   0.7945   0.0262   0.0000   0.0113  -0.1692    0.236
    12   0.0986   0.2193   0.0000   0.1280   0.0035   0.1019   0.0899   0.9069   0.8036   0.0233   0.0000   0.0131  -0.1695    0.234
    13   0.1105   0.2458   0.0000   0.1189   0.0031   0.0945   0.0929   0.9063   0.8031   0.0204   0.0000   0.0157  -0.1669    0.230
    14   0.1217   0.2707   0.0000   0.1104   0.0026   0.0861   0.0980   0.8898   0.7885   0.0176   0.0000   0.0195  -0.1601    0.225
    15   0.1319   0.2933   0.0000   0.1027   0.0022   0.0765   0.1053   0.8506   0.7538   0.0145   0.0000   0.0249  -0.1472    0.217
    16   0.1407   0.3130   0.0000   0.0959   0.0017   0.0655   0.1140   0.7804   0.6915   0.0111   0.0000   0.0317  -0.1269    0.204
    17   0.1481   0.3294   0.0000   0.0903   0.0013   0.0530   0.1222   0.6711   0.5947   0.0073   0.0000   0.0384  -0.0989    0.185
    18   0.1538   0.3421   0.0000   0.0859   0.0009   0.0390   0.1271   0.5190   0.4599   0.0034   0.0000   0.0409  -0.0661    0.161
    19   0.1577   0.3507   0.0000   0.0830   0.0005   0.0238   0.1264   0.3284   0.2910   0.0001   0.0000   0.0336  -0.0348    0.135
    20   0.1597   0.3551   0.0000   0.0815   0.0002   0.0080   0.1216   0.1127   0.0998  -0.0030   0.0000   0.0133  -0.0102    0.117

  Surface # 2     Wing (YDUP)                             
     # Chordwise = 10   # Spanwise = 20     First strip = 21
     Surface area Ssurf =    0.050584     Ave. chord Cave =    0.142250

 Forces referred to Sref, Cref, Bref about Xref, Yref, Zref
 Standard axis orientation,  X fwd, Z down         
     CLsurf  =   0.35894     Clsurf  =   0.07674
     CYsurf  =  -0.00337     Cmsurf  =   0.00955
     CDsurf  =   0.01773     Cnsurf  =   0.01127
     CDisurf =   0.01773     CDvsurf =   0.00000

 Forces referred to Ssurf, Cave 
     CLsurf  =   0.71810     CDsurf  =   0.03547

 Strip Forces referred to Strip Area, Chord
    j     Xle      Yle      Zle      Chord    Area     c_cl     ai     cl_norm    cl       cd       cdv    cm_c/4     cm_LE   C.P.x/c
    21   0.0002  -0.0005   0.0000   0.2030   0.0004   0.1267   0.0855   0.6511   0.5770   0.3266   0.0000  -0.0184   0.1590    0.282
    22   0.0022  -0.0049   0.0000   0.2015   0.0013   0.1267   0.0858   0.7051   0.6248   0.0762   0.0000  -0.0168   0.1587    0.277
    23   0.0061  -0.0135   0.0000   0.1986   0.0021   0.1267   0.0866   0.7184   0.6366   0.0619   0.0000  -0.0126   0.1569    0.270
    24   0.0118  -0.0262   0.0000   0.1942   0.0028   0.1265   0.0878   0.7353   0.6516   0.0550   0.0000  -0.0073   0.1552    0.261
    25   0.0192  -0.0426   0.0000   0.1886   0.0034   0.1261   0.0888   0.7562   0.6701   0.0491   0.0000  -0.0024   0.1546    0.254
    26   0.0280  -0.0623   0.0000   0.1818   0.0039   0.1252   0.0894   0.7801   0.6913   0.0439   0.0000   0.0017   0.1555    0.248
    27   0.0382  -0.0849   0.0000   0.1741   0.0041   0.1237   0.0895   0.8058   0.7140   0.0395   0.0000   0.0047   0.1577    0.243
    28   0.0494  -0.1098   0.0000   0.1656   0.0043   0.1213   0.0893   0.8318   0.7371   0.0357   0.0000   0.0069   0.1607    0.241
    29   0.0613  -0.1363   0.0000   0.1565   0.0042   0.1179   0.0887   0.8568   0.7593   0.0323   0.0000   0.0085   0.1641    0.239
    30   0.0737  -0.1638   0.0000   0.1470   0.0041   0.1136   0.0884   0.8791   0.7790   0.0291   0.0000   0.0099   0.1671    0.237
    31   0.0862  -0.1918   0.0000   0.1375   0.0038   0.1082   0.0886   0.8966   0.7945   0.0262   0.0000   0.0113   0.1692    0.236
    32   0.0986  -0.2193   0.0000   0.1280   0.0035   0.1019   0.0899   0.9069   0.8036   0.0233   0.0000   0.0131   0.1695    0.234
    33   0.1105  -0.2458   0.0000   0.1189   0.0031   0.0945   0.0929   0.9063   0.8031   0.0204   0.0000   0.0157   0.1669    0.230
    34   0.1217  -0.2707   0.0000   0.1104   0.0026   0.0861   0.0980   0.8898   0.7885   0.0176   0.0000   0.0195   0.1601    0.225
    35   0.1319  -0.2933   0.0000   0.1027   0.0022   0.0765   0.1053   0.8506   0.7538   0.0145   0.0000   0.0249   0.1472    0.217
    36   0.1407  -0.3130   0.0000   0.0959   0.0017   0.0655   0.1140   0.7804   0.6915   0.0111   0.0000   0.0317   0.1269    0.204
    37   0.1481  -0.3294   0.0000   0.0903   0.0013   0.0530   0.1222   0.6711   0.5947   0.0073   0.0000   0.0384   0.0989    0.185
    38   0.1538  -0.3421   0.0000   0.0859   0.0009   0.0390   0.1271   0.5190   0.4599   0.0034   0.0000   0.0409   0.0661    0.161
    39   0.1577  -0.3507   0.0000   0.0830   0.0005   0.0238   0.1264   0.3284   0.2910   0.0001   0.0000   0.0336   0.0348    0.135
    40   0.1597  -0.3551   0.0000   0.0815   0.0002   0.0080   0.1216   0.1127   0.0998  -0.0030   0.0000   0.0133   0.0102    0.117
 ---------------------------------------------------------------
