 ---------------------------------------------------------------
 Surface and Strip Forces by surface

  Sref = 0.19820       Cref = 0.24890       Bref = 0.81280    
  Xref = 0.10920       Yref =  0.0000       Zref =  0.0000    

  Surface # 1     Wing                                    
     # Chordwise = 10   # Spanwise = 20     First strip =  1
     Surface area Ssurf =    0.099101     Ave. chord Cave =    0.243850

 Forces referred to Sref, Cref, Bref about Xref, Yref, Zref
 Standard axis orientation,  X fwd, Z down         
     CLsurf  =   0.18327     Clsurf  =  -0.03992
     CYsurf  =   0.00329     Cmsurf  =  -0.04732
     CDsurf  =   0.00716     Cnsurf  =  -0.00478
     CDisurf =   0.00716     CDvsurf =   0.00000

 Forces referred to Ssurf, Cave 
     CLsurf  =   0.36654     CDsurf  =   0.01431

 Strip Forces referred to Strip Area, Chord
    j     Xle      Yle      Zle      Chord    Area     c_cl     ai     cl_norm    cl       cd       cdv    cm_c/4     cm_LE   C.P.x/c
     1   0.0004   0.0006   0.0000   0.3046   0.0008   0.1074   0.0566   0.4425   0.3330   0.2094   0.0000  -0.0177  -0.0887    0.303
     2   0.0037   0.0056   0.0000   0.3031   0.0023   0.1074   0.0555   0.4686   0.3526   0.0356   0.0000  -0.0167  -0.0882    0.297
     3   0.0101   0.0155   0.0000   0.3002   0.0037   0.1074   0.0560   0.4745   0.3570   0.0265   0.0000  -0.0136  -0.0863    0.288
     4   0.0195   0.0299   0.0000   0.2958   0.0049   0.1074   0.0575   0.4820   0.3626   0.0241   0.0000  -0.0093  -0.0838    0.276
     5   0.0318   0.0487   0.0000   0.2902   0.0060   0.1074   0.0595   0.4915   0.3698   0.0217   0.0000  -0.0049  -0.0816    0.263
     6   0.0465   0.0712   0.0000   0.2834   0.0069   0.1071   0.0617   0.5025   0.3780   0.0194   0.0000  -0.0009  -0.0799    0.252
     7   0.0633   0.0970   0.0000   0.2757   0.0075   0.1065   0.0637   0.5139   0.3866   0.0173   0.0000   0.0024  -0.0789    0.244
     8   0.0818   0.1254   0.0000   0.2672   0.0079   0.1053   0.0658   0.5247   0.3948   0.0154   0.0000   0.0052  -0.0782    0.237
     9   0.1016   0.1558   0.0000   0.2581   0.0080   0.1035   0.0679   0.5337   0.4016   0.0137   0.0000   0.0075  -0.0776    0.231
    10   0.1222   0.1873   0.0000   0.2486   0.0079   0.1007   0.0704   0.5395   0.4059   0.0122   0.0000   0.0098  -0.0766    0.226
    11   0.1429   0.2191   0.0000   0.2391   0.0076   0.0970   0.0732   0.5406   0.4067   0.0107   0.0000   0.0121  -0.0748    0.220
    12   0.1635   0.2506   0.0000   0.2296   0.0071   0.0921   0.0767   0.5348   0.4024   0.0091   0.0000   0.0148  -0.0716    0.213
    13   0.1833   0.2810   0.0000   0.2205   0.0065   0.0860   0.0805   0.5201   0.3913   0.0075   0.0000   0.0180  -0.0666    0.204
    14   0.2018   0.3094   0.0000   0.2120   0.0058   0.0785   0.0845   0.4939   0.3716   0.0057   0.0000   0.0218  -0.0592    0.191
    15   0.2186   0.3352   0.0000   0.2043   0.0050   0.0695   0.0879   0.4538   0.3414   0.0036   0.0000   0.0258  -0.0496    0.174
    16   0.2333   0.3577   0.0000   0.1975   0.0041   0.0589   0.0897   0.3983   0.2997   0.0015   0.0000   0.0292  -0.0380    0.153
    17   0.2456   0.3765   0.0000   0.1919   0.0032   0.0470   0.0892   0.3274   0.2463  -0.0005   0.0000   0.0304  -0.0258    0.127
    18   0.2550   0.3909   0.0000   0.1875   0.0023   0.0341   0.0859   0.2430   0.1828  -0.0020   0.0000   0.0277  -0.0149    0.099
    19   0.2614   0.4008   0.0000   0.1846   0.0014   0.0205   0.0803   0.1491   0.1122  -0.0028   0.0000   0.0198  -0.0067    0.074
    20   0.2647   0.4058   0.0000   0.1831   0.0005   0.0069   0.0757   0.0504   0.0379  -0.0030   0.0000   0.0072  -0.0018    0.061

  Surface # 2     Wing (YDUP)                             
     # Chordwise = 10   # Spanwise = 20     First strip = 21
     Surface area Ssurf =    0.099101     Ave. chord Cave =    0.243850

 Forces referred to Sref, Cref, Bref about Xref, Yref, Zref
 Standard axis orientation,  X fwd, Z down         
     CLsurf  =   0.18327     Clsurf  =   0.03992
     CYsurf  =  -0.00329     Cmsurf  =  -0.04732
     CDsurf  =   0.00716     Cnsurf  =   0.00478
     CDisurf =   0.00716     CDvsurf =   0.00000

 Forces referred to Ssurf, Cave 
     CLsurf  =   0.36654     CDsurf  =   0.01431

 Strip Forces referred to Strip Area, Chord
    j     Xle      Yle      Zle      Chord    Area     c_cl     ai     cl_norm    cl       cd       cdv    cm_c/4     cm_LE   C.P.x/c
    21   0.0004  -0.0006   0.0000   0.3046   0.0008   0.1074   0.0566   0.4425   0.3330   0.2094   0.0000  -0.0177   0.0887    0.303
    22   0.0037  -0.0056   0.0000   0.3031   0.0023   0.1074   0.0555   0.4686   0.3526   0.0356   0.0000  -0.0167   0.0882    0.297
    23   0.0101  -0.0155   0.0000   0.3002   0.0037   0.1074   0.0560   0.4745   0.3570   0.0265   0.0000  -0.0136   0.0863    0.288
    24   0.0195  -0.0299   0.0000   0.2958   0.0049   0.1074   0.0575   0.4820   0.3626   0.0241   0.0000  -0.0093   0.0838    0.276
    25   0.0318  -0.0487   0.0000   0.2902   0.0060   0.1074   0.0595   0.4915   0.3698   0.0217   0.0000  -0.0049   0.0816    0.263
    26   0.0465  -0.0712   0.0000   0.2834   0.0069   0.1071   0.0617   0.5025   0.3780   0.0194   0.0000  -0.0009   0.0799    0.252
    27   0.0633  -0.0970   0.0000   0.2757   0.0075   0.1065   0.0637   0.5139   0.3866   0.0173   0.0000   0.0024   0.0789    0.244
    28   0.0818  -0.1254   0.0000   0.2672   0.0079   0.1053   0.0658   0.5247   0.3948   0.0154   0.0000   0.0052   0.0782    0.237
    29   0.1016  -0.1558   0.0000   0.2581   0.0080   0.1035   0.0679   0.5337   0.4016   0.0137   0.0000   0.0075   0.0776    0.231
    30   0.1222  -0.1873   0.0000   0.2486   0.0079   0.1007   0.0704   0.5395   0.4059   0.0122   0.0000   0.0098   0.0766    0.226
    31   0.1429  -0.2191   0.0000   0.2391   0.0076   0.0970   0.0732   0.5406   0.4067   0.0107   0.0000   0.0121   0.0748    0.220
    32   0.1635  -0.2506   0.0000   0.2296   0.0071   0.0921   0.0767   0.5348   0.4024   0.0091   0.0000   0.0148   0.0716    0.213
    33   0.1833  -0.2810   0.0000   0.2205   0.0065   0.0860   0.0805   0.5201   0.3913   0.0075   0.0000   0.0180   0.0666    0.204
    34   0.2018  -0.3094   0.0000   0.2120   0.0058   0.0785   0.0845   0.4939   0.3716   0.0057   0.0000   0.0218   0.0592    0.191
    35   0.2186  -0.3352   0.0000   0.2043   0.0050   0.0695   0.0879   0.4538   0.3414   0.0036   0.0000   0.0258   0.0496    0.174
    36   0.2333  -0.3577   0.0000   0.1975   0.0041   0.0589   0.0897   0.3983   0.2997   0.0015   0.0000   0.0292   0.0380    0.153
    37   0.2456  -0.3765   0.0000   0.1919   0.0032   0.0470   0.0892   0.3274   0.2463  -0.0005   0.0000   0.0304   0.0258    0.127
    38   0.2550  -0.3909   0.0000   0.1875   0.0023   0.0341   0.0859   0.2430   0.1828  -0.0020   0.0000   0.0277   0.0149    0.099
    39   0.2614  -0.4008   0.0000   0.1846   0.0014   0.0205   0.0803   0.1491   0.1122  -0.0028   0.0000   0.0198   0.0067    0.074
    40   0.2647  -0.4058   0.0000   0.1831   0.0005   0.0069   0.0757   0.0504   0.0379  -0.0030   0.0000   0.0072   0.0018    0.061
 ---------------------------------------------------------------
