 ---------------------------------------------------------------
 Surface and Strip Forces by surface

  Sref = 0.20900       Cref = 0.22950       Bref = 0.91440    
  Xref = 0.10920       Yref =  0.0000       Zref =  0.0000    

  Surface # 1     Wing                                    
     # Chordwise = 10   # Spanwise = 20     First strip =  1
     Surface area Ssurf =    0.104516     Ave. chord Cave =    0.228600

 Forces referred to Sref, Cref, Bref about Xref, Yref, Zref
 Standard axis orientation,  X fwd, Z down         
     CLsurf  =   0.17380     Clsurf  =  -0.03863
     CYsurf  =   0.00494     Cmsurf  =  -0.05055
     CDsurf  =   0.00535     Cnsurf  =  -0.00444
     CDisurf =   0.00535     CDvsurf =   0.00000

 Forces referred to Ssurf, Cave 
     CLsurf  =   0.34755     CDsurf  =   0.01071

 Strip Forces referred to Strip Area, Chord
    j     Xle      Yle      Zle      Chord    Area     c_cl     ai     cl_norm    cl       cd       cdv    cm_c/4     cm_LE   C.P.x/c
     1   0.0004   0.0007   0.0000   0.2539   0.0007   0.0909   0.0326   0.4589   0.3450   0.1574   0.0000  -0.0214  -0.0949    0.312
     2   0.0038   0.0063   0.0000   0.2533   0.0021   0.0909   0.0319   0.4757   0.3577   0.0285   0.0000  -0.0198  -0.0936    0.305
     3   0.0105   0.0174   0.0000   0.2521   0.0035   0.0910   0.0339   0.4794   0.3605   0.0224   0.0000  -0.0153  -0.0903    0.292
     4   0.0204   0.0337   0.0000   0.2503   0.0047   0.0913   0.0371   0.4849   0.3646   0.0198   0.0000  -0.0098  -0.0865    0.277
     5   0.0331   0.0548   0.0000   0.2479   0.0058   0.0917   0.0407   0.4920   0.3699   0.0172   0.0000  -0.0049  -0.0833    0.263
     6   0.0485   0.0801   0.0000   0.2451   0.0067   0.0921   0.0440   0.4999   0.3759   0.0149   0.0000  -0.0009  -0.0811    0.252
     7   0.0661   0.1092   0.0000   0.2419   0.0074   0.0922   0.0470   0.5075   0.3816   0.0131   0.0000   0.0021  -0.0797    0.244
     8   0.0854   0.1411   0.0000   0.2383   0.0079   0.0919   0.0499   0.5138   0.3863   0.0115   0.0000   0.0044  -0.0787    0.239
     9   0.1061   0.1752   0.0000   0.2345   0.0082   0.0911   0.0529   0.5176   0.3892   0.0103   0.0000   0.0063  -0.0777    0.234
    10   0.1275   0.2107   0.0000   0.2306   0.0082   0.0896   0.0562   0.5178   0.3893   0.0093   0.0000   0.0081  -0.0762    0.229
    11   0.1492   0.2465   0.0000   0.2266   0.0081   0.0872   0.0602   0.5129   0.3857   0.0083   0.0000   0.0100  -0.0737    0.224
    12   0.1706   0.2820   0.0000   0.2227   0.0078   0.0838   0.0648   0.5014   0.3770   0.0074   0.0000   0.0124  -0.0698    0.217
    13   0.1913   0.3161   0.0000   0.2189   0.0073   0.0790   0.0698   0.4815   0.3620   0.0063   0.0000   0.0154  -0.0641    0.208
    14   0.2106   0.3480   0.0000   0.2153   0.0066   0.0728   0.0748   0.4511   0.3392   0.0050   0.0000   0.0189  -0.0562    0.194
    15   0.2282   0.3771   0.0000   0.2121   0.0058   0.0650   0.0788   0.4086   0.3072   0.0035   0.0000   0.0228  -0.0460    0.176
    16   0.2436   0.4024   0.0000   0.2093   0.0049   0.0554   0.0809   0.3532   0.2656   0.0019   0.0000   0.0260  -0.0343    0.152
    17   0.2563   0.4235   0.0000   0.2069   0.0039   0.0443   0.0800   0.2859   0.2150   0.0003   0.0000   0.0273  -0.0225    0.123
    18   0.2662   0.4398   0.0000   0.2051   0.0028   0.0321   0.0760   0.2092   0.1573  -0.0010   0.0000   0.0249  -0.0122    0.092
    19   0.2729   0.4509   0.0000   0.2039   0.0017   0.0193   0.0697   0.1269   0.0954  -0.0019   0.0000   0.0178  -0.0051    0.064
    20   0.2763   0.4565   0.0000   0.2033   0.0006   0.0064   0.0648   0.0426   0.0320  -0.0022   0.0000   0.0064  -0.0013    0.049

  Surface # 2     Wing (YDUP)                             
     # Chordwise = 10   # Spanwise = 20     First strip = 21
     Surface area Ssurf =    0.104516     Ave. chord Cave =    0.228600

 Forces referred to Sref, Cref, Bref about Xref, Yref, Zref
 Standard axis orientation,  X fwd, Z down         
     CLsurf  =   0.17380     Clsurf  =   0.03863
     CYsurf  =  -0.00494     Cmsurf  =  -0.05055
     CDsurf  =   0.00535     Cnsurf  =   0.00444
     CDisurf =   0.00535     CDvsurf =   0.00000

 Forces referred to Ssurf, Cave 
     CLsurf  =   0.34755     CDsurf  =   0.01071

 Strip Forces referred to Strip Area, Chord
    j     Xle      Yle      Zle      Chord    Area     c_cl     ai     cl_norm    cl       cd       cdv    cm_c/4     cm_LE   C.P.x/c
    21   0.0004  -0.0007   0.0000   0.2539   0.0007   0.0909   0.0326   0.4589   0.3450   0.1574   0.0000  -0.0214   0.0949    0.312
    22   0.0038  -0.0063   0.0000   0.2533   0.0021   0.0909   0.0319   0.4757   0.3577   0.0285   0.0000  -0.0198   0.0936    0.305
    23   0.0105  -0.0174   0.0000   0.2521   0.0035   0.0910   0.0339   0.4794   0.3605   0.0224   0.0000  -0.0153   0.0903    0.292
    24   0.0204  -0.0337   0.0000   0.2503   0.0047   0.0913   0.0371   0.4849   0.3646   0.0198   0.0000  -0.0098   0.0865    0.277
    25   0.0331  -0.0548   0.0000   0.2479   0.0058   0.0917   0.0407   0.4920   0.3699   0.0172   0.0000  -0.0049   0.0833    0.263
    26   0.0485  -0.0801   0.0000   0.2451   0.0067   0.0921   0.0440   0.4999   0.3759   0.0149   0.0000  -0.0009   0.0811    0.252
    27   0.0661  -0.1092   0.0000   0.2419   0.0074   0.0922   0.0470   0.5075   0.3816   0.0131   0.0000   0.0021   0.0797    0.244
    28   0.0854  -0.1411   0.0000   0.2383   0.0079   0.0919   0.0499   0.5138   0.3863   0.0115   0.0000   0.0044   0.0787    0.239
    29   0.1061  -0.1752   0.0000   0.2345   0.0082   0.0911   0.0529   0.5176   0.3892   0.0103   0.0000   0.0063   0.0777    0.234
    30   0.1275  -0.2107   0.0000   0.2306   0.0082   0.0896   0.0562   0.5178   0.3893   0.0093   0.0000   0.0081   0.0762    0.229
    31   0.1492  -0.2465   0.0000   0.2266   0.0081   0.0872   0.0602   0.5129   0.3857   0.0083   0.0000   0.0100   0.0737    0.224
    32   0.1706  -0.2820   0.0000   0.2227   0.0078   0.0838   0.0648   0.5014   0.3770   0.0074   0.0000   0.0124   0.0698    0.217
    33   0.1913  -0.3161   0.0000   0.2189   0.0073   0.0790   0.0698   0.4815   0.3620   0.0063   0.0000   0.0154   0.0641    0.208
    34   0.2106  -0.3480   0.0000   0.2153   0.0066   0.0728   0.0748   0.4511   0.3392   0.0050   0.0000   0.0189   0.0562    0.194
    35   0.2282  -0.3771   0.0000   0.2121   0.0058   0.0650   0.0788   0.4086   0.3072   0.0035   0.0000   0.0228   0.0460    0.176
    36   0.2436  -0.4024   0.0000   0.2093   0.0049   0.0554   0.0809   0.3532   0.2656   0.0019   0.0000   0.0260   0.0343    0.152
    37   0.2563  -0.4235   0.0000   0.2069   0.0039   0.0443   0.0800   0.2859   0.2150   0.0003   0.0000   0.0273   0.0225    0.123
    38   0.2662  -0.4398   0.0000   0.2051   0.0028   0.0321   0.0760   0.2092   0.1573  -0.0010   0.0000   0.0249   0.0122    0.092
    39   0.2729  -0.4509   0.0000   0.2039   0.0017   0.0193   0.0697   0.1269   0.0954  -0.0019   0.0000   0.0178   0.0051    0.064
    40   0.2763  -0.4565   0.0000   0.2033   0.0006   0.0064   0.0648   0.0426   0.0320  -0.0022   0.0000   0.0064   0.0013    0.049
 ---------------------------------------------------------------
