 ---------------------------------------------------------------
 Surface and Strip Forces by surface

  Sref = 0.19510       Cref = 0.22640       Bref = 0.91440    
  Xref = 0.10920       Yref =  0.0000       Zref =  0.0000    

  Surface # 1     Wing                                    
     # Chordwise = 10   # Spanwise = 20     First strip =  1
     Surface area Ssurf =    0.097544     Ave. chord Cave =    0.213350

 Forces referred to Sref, Cref, Bref about Xref, Yref, Zref
 Standard axis orientation,  X fwd, Z down         
     CLsurf  =   0.18618     Clsurf  =  -0.03988
     CYsurf  =  -0.00001     Cmsurf  =  -0.02818
     CDsurf  =   0.00561     Cnsurf  =  -0.00279
     CDisurf =   0.00561     CDvsurf =   0.00000

 Forces referred to Ssurf, Cave 
     CLsurf  =   0.37239     CDsurf  =   0.01122

 Strip Forces referred to Strip Area, Chord
    j     Xle      Yle      Zle      Chord    Area     c_cl     ai     cl_norm    cl       cd       cdv    cm_c/4     cm_LE   C.P.x/c
     1   0.0003   0.0007   0.0000   0.3045   0.0009   0.0994   0.0531   0.3592   0.3174   0.1180   0.0000  -0.0069  -0.0803    0.272
     2   0.0029   0.0063   0.0000   0.3023   0.0025   0.0994   0.0528   0.3714   0.3282   0.0235   0.0000  -0.0062  -0.0802    0.269
     3   0.0081   0.0174   0.0000   0.2978   0.0041   0.0994   0.0528   0.3773   0.3334   0.0185   0.0000  -0.0042  -0.0795    0.263
     4   0.0156   0.0337   0.0000   0.2913   0.0055   0.0992   0.0531   0.3853   0.3405   0.0168   0.0000  -0.0015  -0.0786    0.254
     5   0.0254   0.0548   0.0000   0.2829   0.0066   0.0989   0.0535   0.3955   0.3495   0.0153   0.0000   0.0012  -0.0782    0.247
     6   0.0372   0.0801   0.0000   0.2727   0.0074   0.0981   0.0538   0.4074   0.3600   0.0138   0.0000   0.0035  -0.0784    0.240
     7   0.0506   0.1092   0.0000   0.2611   0.0080   0.0969   0.0539   0.4204   0.3715   0.0125   0.0000   0.0054  -0.0793    0.235
     8   0.0655   0.1411   0.0000   0.2483   0.0082   0.0951   0.0539   0.4337   0.3833   0.0114   0.0000   0.0068  -0.0806    0.232
     9   0.0813   0.1752   0.0000   0.2347   0.0082   0.0925   0.0538   0.4465   0.3946   0.0103   0.0000   0.0080  -0.0821    0.230
    10   0.0977   0.2107   0.0000   0.2205   0.0079   0.0891   0.0538   0.4579   0.4046   0.0094   0.0000   0.0089  -0.0835    0.228
    11   0.1144   0.2465   0.0000   0.2062   0.0074   0.0848   0.0541   0.4666   0.4124   0.0084   0.0000   0.0100  -0.0843    0.226
    12   0.1308   0.2820   0.0000   0.1920   0.0067   0.0798   0.0549   0.4713   0.4165   0.0075   0.0000   0.0112  -0.0841    0.223
    13   0.1466   0.3161   0.0000   0.1784   0.0059   0.0739   0.0564   0.4699   0.4152   0.0065   0.0000   0.0129  -0.0823    0.219
    14   0.1615   0.3480   0.0000   0.1656   0.0051   0.0671   0.0589   0.4596   0.4061   0.0054   0.0000   0.0152  -0.0781    0.213
    15   0.1749   0.3771   0.0000   0.1540   0.0042   0.0593   0.0621   0.4370   0.3862   0.0043   0.0000   0.0182  -0.0708    0.203
    16   0.1867   0.4024   0.0000   0.1438   0.0034   0.0504   0.0657   0.3981   0.3518   0.0031   0.0000   0.0218  -0.0597    0.188
    17   0.1965   0.4235   0.0000   0.1354   0.0025   0.0405   0.0681   0.3395   0.3000   0.0017   0.0000   0.0249  -0.0452    0.167
    18   0.2040   0.4398   0.0000   0.1289   0.0018   0.0295   0.0680   0.2600   0.2298   0.0005   0.0000   0.0253  -0.0290    0.140
    19   0.2092   0.4509   0.0000   0.1244   0.0010   0.0178   0.0639   0.1629   0.1439  -0.0006   0.0000   0.0200  -0.0144    0.111
    20   0.2118   0.4565   0.0000   0.1222   0.0003   0.0059   0.0578   0.0554   0.0489  -0.0015   0.0000   0.0077  -0.0040    0.092

  Surface # 2     Wing (YDUP)                             
     # Chordwise = 10   # Spanwise = 20     First strip = 21
     Surface area Ssurf =    0.097544     Ave. chord Cave =    0.213350

 Forces referred to Sref, Cref, Bref about Xref, Yref, Zref
 Standard axis orientation,  X fwd, Z down         
     CLsurf  =   0.18618     Clsurf  =   0.03988
     CYsurf  =   0.00001     Cmsurf  =  -0.02818
     CDsurf  =   0.00561     Cnsurf  =   0.00279
     CDisurf =   0.00561     CDvsurf =   0.00000

 Forces referred to Ssurf, Cave 
     CLsurf  =   0.37239     CDsurf  =   0.01122

 Strip Forces referred to Strip Area, Chord
    j     Xle      Yle      Zle      Chord    Area     c_cl     ai     cl_norm    cl       cd       cdv    cm_c/4     cm_LE   C.P.x/c
    21   0.0003  -0.0007   0.0000   0.3045   0.0009   0.0994   0.0531   0.3592   0.3174   0.1180   0.0000  -0.0069   0.0803    0.272
    22   0.0029  -0.0063   0.0000   0.3023   0.0025   0.0994   0.0528   0.3714   0.3282   0.0235   0.0000  -0.0062   0.0802    0.269
    23   0.0081  -0.0174   0.0000   0.2978   0.0041   0.0994   0.0528   0.3773   0.3334   0.0185   0.0000  -0.0042   0.0795    0.263
    24   0.0156  -0.0337   0.0000   0.2913   0.0055   0.0992   0.0531   0.3853   0.3405   0.0168   0.0000  -0.0015   0.0786    0.254
    25   0.0254  -0.0548   0.0000   0.2829   0.0066   0.0989   0.0535   0.3955   0.3495   0.0153   0.0000   0.0012   0.0782    0.247
    26   0.0372  -0.0801   0.0000   0.2727   0.0074   0.0981   0.0538   0.4074   0.3600   0.0138   0.0000   0.0035   0.0784    0.240
    27   0.0506  -0.1092   0.0000   0.2611   0.0080   0.0969   0.0539   0.4204   0.3715   0.0125   0.0000   0.0054   0.0793    0.235
    28   0.0655  -0.1411   0.0000   0.2483   0.0082   0.0951   0.0539   0.4337   0.3833   0.0114   0.0000   0.0068   0.0806    0.232
    29   0.0813  -0.1752   0.0000   0.2347   0.0082   0.0925   0.0538   0.4465   0.3946   0.0103   0.0000   0.0080   0.0821    0.230
    30   0.0977  -0.2107   0.0000   0.2205   0.0079   0.0891   0.0538   0.4579   0.4046   0.0094   0.0000   0.0089   0.0835    0.228
    31   0.1144  -0.2465   0.0000   0.2062   0.0074   0.0848   0.0541   0.4666   0.4124   0.0084   0.0000   0.0100   0.0843    0.226
    32   0.1308  -0.2820   0.0000   0.1920   0.0067   0.0798   0.0549   0.4713   0.4165   0.0075   0.0000   0.0112   0.0841    0.223
    33   0.1466  -0.3161   0.0000   0.1784   0.0059   0.0739   0.0564   0.4699   0.4152   0.0065   0.0000   0.0129   0.0823    0.219
    34   0.1615  -0.3480   0.0000   0.1656   0.0051   0.0671   0.0589   0.4596   0.4061   0.0054   0.0000   0.0152   0.0781    0.213
    35   0.1749  -0.3771   0.0000   0.1540   0.0042   0.0593   0.0621   0.4370   0.3862   0.0043   0.0000   0.0182   0.0708    0.203
    36   0.1867  -0.4024   0.0000   0.1438   0.0034   0.0504   0.0657   0.3981   0.3518   0.0031   0.0000   0.0218   0.0597    0.188
    37   0.1965  -0.4235   0.0000   0.1354   0.0025   0.0405   0.0681   0.3395   0.3000   0.0017   0.0000   0.0249   0.0452    0.167
    38   0.2040  -0.4398   0.0000   0.1289   0.0018   0.0295   0.0680   0.2600   0.2298   0.0005   0.0000   0.0253   0.0290    0.140
    39   0.2092  -0.4509   0.0000   0.1244   0.0010   0.0178   0.0639   0.1629   0.1439  -0.0006   0.0000   0.0200   0.0144    0.111
    40   0.2118  -0.4565   0.0000   0.1222   0.0003   0.0059   0.0578   0.0554   0.0489  -0.0015   0.0000   0.0077   0.0040    0.092
 ---------------------------------------------------------------
