 ---------------------------------------------------------------
 Surface and Strip Forces by surface

  Sref = 0.19510       Cref = 0.27540       Bref = 0.71120    
  Xref = 0.10920       Yref =  0.0000       Zref =  0.0000    

  Surface # 1     Wing                                    
     # Chordwise = 10   # Spanwise = 20     First strip =  1
     Surface area Ssurf =    0.097541     Ave. chord Cave =    0.274300

 Forces referred to Sref, Cref, Bref about Xref, Yref, Zref
 Standard axis orientation,  X fwd, Z down         
     CLsurf  =   0.18618     Clsurf  =  -0.04027
     CYsurf  =   0.00365     Cmsurf  =  -0.01972
     CDsurf  =   0.00936     Cnsurf  =  -0.00558
     CDisurf =   0.00936     CDvsurf =   0.00000

 Forces referred to Ssurf, Cave 
     CLsurf  =   0.37240     CDsurf  =   0.01872

 Strip Forces referred to Strip Area, Chord
    j     Xle      Yle      Zle      Chord    Area     c_cl     ai     cl_norm    cl       cd       cdv    cm_c/4     cm_LE   C.P.x/c
     1   0.0003   0.0005   0.0000   0.3047   0.0007   0.1243   0.0777   0.4592   0.3783   0.2683   0.0000  -0.0126  -0.1021    0.283
     2   0.0025   0.0049   0.0000   0.3040   0.0020   0.1243   0.0766   0.4931   0.4062   0.0462   0.0000  -0.0119  -0.1016    0.279
     3   0.0069   0.0135   0.0000   0.3025   0.0032   0.1242   0.0769   0.4973   0.4097   0.0335   0.0000  -0.0093  -0.0998    0.273
     4   0.0133   0.0262   0.0000   0.3003   0.0044   0.1242   0.0782   0.5012   0.4129   0.0303   0.0000  -0.0055  -0.0970    0.263
     5   0.0217   0.0426   0.0000   0.2975   0.0054   0.1240   0.0801   0.5058   0.4166   0.0277   0.0000  -0.0014  -0.0942    0.253
     6   0.0317   0.0623   0.0000   0.2941   0.0062   0.1236   0.0824   0.5103   0.4204   0.0252   0.0000   0.0024  -0.0915    0.244
     7   0.0432   0.0849   0.0000   0.2902   0.0069   0.1228   0.0850   0.5139   0.4234   0.0229   0.0000   0.0059  -0.0889    0.236
     8   0.0559   0.1098   0.0000   0.2860   0.0074   0.1213   0.0877   0.5156   0.4247   0.0208   0.0000   0.0091  -0.0864    0.229
     9   0.0694   0.1363   0.0000   0.2814   0.0076   0.1190   0.0907   0.5141   0.4235   0.0189   0.0000   0.0120  -0.0834    0.222
    10   0.0834   0.1638   0.0000   0.2767   0.0077   0.1156   0.0938   0.5083   0.4188   0.0171   0.0000   0.0149  -0.0798    0.214
    11   0.0977   0.1918   0.0000   0.2719   0.0076   0.1110   0.0972   0.4969   0.4093   0.0153   0.0000   0.0178  -0.0750    0.206
    12   0.1117   0.2193   0.0000   0.2672   0.0072   0.1050   0.1005   0.4786   0.3942   0.0135   0.0000   0.0209  -0.0689    0.197
    13   0.1252   0.2458   0.0000   0.2626   0.0068   0.0975   0.1036   0.4521   0.3725   0.0115   0.0000   0.0240  -0.0613    0.186
    14   0.1379   0.2707   0.0000   0.2584   0.0061   0.0883   0.1061   0.4167   0.3433   0.0094   0.0000   0.0269  -0.0522    0.172
    15   0.1494   0.2933   0.0000   0.2545   0.0054   0.0776   0.1075   0.3718   0.3062   0.0072   0.0000   0.0291  -0.0420    0.155
    16   0.1594   0.3130   0.0000   0.2511   0.0045   0.0654   0.1073   0.3176   0.2616   0.0050   0.0000   0.0299  -0.0314    0.136
    17   0.1678   0.3294   0.0000   0.2483   0.0036   0.0519   0.1053   0.2552   0.2103   0.0029   0.0000   0.0283  -0.0213    0.115
    18   0.1742   0.3421   0.0000   0.2461   0.0026   0.0376   0.1016   0.1864   0.1536   0.0009   0.0000   0.0237  -0.0128    0.095
    19   0.1786   0.3507   0.0000   0.2446   0.0016   0.0227   0.0969   0.1134   0.0934  -0.0009   0.0000   0.0159  -0.0064    0.079
    20   0.1808   0.3551   0.0000   0.2439   0.0005   0.0076   0.0939   0.0383   0.0315  -0.0021   0.0000   0.0056  -0.0019    0.072

  Surface # 2     Wing (YDUP)                             
     # Chordwise = 10   # Spanwise = 20     First strip = 21
     Surface area Ssurf =    0.097541     Ave. chord Cave =    0.274300

 Forces referred to Sref, Cref, Bref about Xref, Yref, Zref
 Standard axis orientation,  X fwd, Z down         
     CLsurf  =   0.18618     Clsurf  =   0.04027
     CYsurf  =  -0.00365     Cmsurf  =  -0.01972
     CDsurf  =   0.00936     Cnsurf  =   0.00558
     CDisurf =   0.00936     CDvsurf =   0.00000

 Forces referred to Ssurf, Cave 
     CLsurf  =   0.37240     CDsurf  =   0.01872

 Strip Forces referred to Strip Area, Chord
    j     Xle      Yle      Zle      Chord    Area     c_cl     ai     cl_norm    cl       cd       cdv    cm_c/4     cm_LE   C.P.x/c
    21   0.0003  -0.0005   0.0000   0.3047   0.0007   0.1243   0.0777   0.4592   0.3783   0.2683   0.0000  -0.0126   0.1021    0.283
    22   0.0025  -0.0049   0.0000   0.3040   0.0020   0.1243   0.0766   0.4931   0.4062   0.0462   0.0000  -0.0119   0.1016    0.279
    23   0.0069  -0.0135   0.0000   0.3025   0.0032   0.1242   0.0769   0.4973   0.4097   0.0335   0.0000  -0.0093   0.0998    0.273
    24   0.0133  -0.0262   0.0000   0.3003   0.0044   0.1242   0.0782   0.5012   0.4129   0.0303   0.0000  -0.0055   0.0970    0.263
    25   0.0217  -0.0426   0.0000   0.2975   0.0054   0.1240   0.0801   0.5058   0.4166   0.0277   0.0000  -0.0014   0.0942    0.253
    26   0.0317  -0.0623   0.0000   0.2941   0.0062   0.1236   0.0824   0.5103   0.4204   0.0252   0.0000   0.0024   0.0915    0.244
    27   0.0432  -0.0849   0.0000   0.2902   0.0069   0.1228   0.0850   0.5139   0.4234   0.0229   0.0000   0.0059   0.0889    0.236
    28   0.0559  -0.1098   0.0000   0.2860   0.0074   0.1213   0.0877   0.5156   0.4247   0.0208   0.0000   0.0091   0.0864    0.229
    29   0.0694  -0.1363   0.0000   0.2814   0.0076   0.1190   0.0907   0.5141   0.4235   0.0189   0.0000   0.0120   0.0834    0.222
    30   0.0834  -0.1638   0.0000   0.2767   0.0077   0.1156   0.0938   0.5083   0.4188   0.0171   0.0000   0.0149   0.0798    0.214
    31   0.0977  -0.1918   0.0000   0.2719   0.0076   0.1110   0.0972   0.4969   0.4093   0.0153   0.0000   0.0178   0.0750    0.206
    32   0.1117  -0.2193   0.0000   0.2672   0.0072   0.1050   0.1005   0.4786   0.3942   0.0135   0.0000   0.0209   0.0689    0.197
    33   0.1252  -0.2458   0.0000   0.2626   0.0068   0.0975   0.1036   0.4521   0.3725   0.0115   0.0000   0.0240   0.0613    0.186
    34   0.1379  -0.2707   0.0000   0.2584   0.0061   0.0883   0.1061   0.4167   0.3433   0.0094   0.0000   0.0269   0.0522    0.172
    35   0.1494  -0.2933   0.0000   0.2545   0.0054   0.0776   0.1075   0.3718   0.3062   0.0072   0.0000   0.0291   0.0420    0.155
    36   0.1594  -0.3130   0.0000   0.2511   0.0045   0.0654   0.1073   0.3176   0.2616   0.0050   0.0000   0.0299   0.0314    0.136
    37   0.1678  -0.3294   0.0000   0.2483   0.0036   0.0519   0.1053   0.2552   0.2103   0.0029   0.0000   0.0283   0.0213    0.115
    38   0.1742  -0.3421   0.0000   0.2461   0.0026   0.0376   0.1016   0.1864   0.1536   0.0009   0.0000   0.0237   0.0128    0.095
    39   0.1786  -0.3507   0.0000   0.2446   0.0016   0.0227   0.0969   0.1134   0.0934  -0.0009   0.0000   0.0159   0.0064    0.079
    40   0.1808  -0.3551   0.0000   0.2439   0.0005   0.0076   0.0939   0.0383   0.0315  -0.0021   0.0000   0.0056   0.0019    0.072
 ---------------------------------------------------------------
