 ---------------------------------------------------------------
 Surface and Strip Forces by surface

  Sref = 0.16720       Cref = 0.20660       Bref = 0.81280    
  Xref = 0.10920       Yref =  0.0000       Zref =  0.0000    

  Surface # 1     Wing                                    
     # Chordwise = 10   # Spanwise = 20     First strip =  1
     Surface area Ssurf =    0.083617     Ave. chord Cave =    0.205750

 Forces referred to Sref, Cref, Bref about Xref, Yref, Zref
 Standard axis orientation,  X fwd, Z down         
     CLsurf  =   0.21725     Clsurf  =  -0.04825
     CYsurf  =   0.00807     Cmsurf  =  -0.05079
     CDsurf  =   0.00843     Cnsurf  =  -0.00708
     CDisurf =   0.00843     CDvsurf =   0.00000

 Forces referred to Ssurf, Cave 
     CLsurf  =   0.43441     CDsurf  =   0.01686

 Strip Forces referred to Strip Area, Chord
    j     Xle      Yle      Zle      Chord    Area     c_cl     ai     cl_norm    cl       cd       cdv    cm_c/4     cm_LE   C.P.x/c
     1   0.0004   0.0006   0.0000   0.2285   0.0006   0.1020   0.0387   0.5601   0.4219   0.2346   0.0000  -0.0265  -0.1181    0.313
     2   0.0034   0.0056   0.0000   0.2280   0.0017   0.1020   0.0395   0.5915   0.4455   0.0442   0.0000  -0.0245  -0.1167    0.305
     3   0.0094   0.0155   0.0000   0.2269   0.0028   0.1022   0.0429   0.5969   0.4496   0.0350   0.0000  -0.0192  -0.1128    0.293
     4   0.0181   0.0299   0.0000   0.2252   0.0038   0.1026   0.0473   0.6042   0.4551   0.0309   0.0000  -0.0128  -0.1083    0.278
     5   0.0295   0.0487   0.0000   0.2231   0.0046   0.1031   0.0518   0.6134   0.4620   0.0269   0.0000  -0.0068  -0.1046    0.265
     6   0.0431   0.0712   0.0000   0.2206   0.0053   0.1035   0.0559   0.6236   0.4697   0.0234   0.0000  -0.0020  -0.1021    0.254
     7   0.0588   0.0970   0.0000   0.2177   0.0059   0.1037   0.0597   0.6333   0.4770   0.0206   0.0000   0.0017  -0.1004    0.246
     8   0.0760   0.1254   0.0000   0.2145   0.0063   0.1033   0.0633   0.6412   0.4830   0.0182   0.0000   0.0045  -0.0992    0.241
     9   0.0943   0.1558   0.0000   0.2111   0.0065   0.1024   0.0671   0.6460   0.4866   0.0164   0.0000   0.0069  -0.0979    0.236
    10   0.1134   0.1873   0.0000   0.2075   0.0066   0.1007   0.0713   0.6462   0.4867   0.0148   0.0000   0.0091  -0.0960    0.231
    11   0.1327   0.2191   0.0000   0.2040   0.0065   0.0980   0.0762   0.6400   0.4821   0.0133   0.0000   0.0115  -0.0929    0.226
    12   0.1518   0.2506   0.0000   0.2004   0.0062   0.0941   0.0819   0.6257   0.4713   0.0118   0.0000   0.0145  -0.0880    0.219
    13   0.1701   0.2810   0.0000   0.1970   0.0058   0.0888   0.0882   0.6008   0.4525   0.0101   0.0000   0.0182  -0.0808    0.210
    14   0.1873   0.3094   0.0000   0.1938   0.0053   0.0818   0.0944   0.5629   0.4240   0.0082   0.0000   0.0225  -0.0710    0.197
    15   0.2030   0.3352   0.0000   0.1909   0.0046   0.0730   0.0996   0.5101   0.3842   0.0059   0.0000   0.0272  -0.0585    0.179
    16   0.2166   0.3577   0.0000   0.1884   0.0039   0.0623   0.1025   0.4415   0.3326   0.0034   0.0000   0.0310  -0.0442    0.157
    17   0.2280   0.3765   0.0000   0.1863   0.0031   0.0499   0.1024   0.3582   0.2698   0.0010   0.0000   0.0323  -0.0297    0.130
    18   0.2367   0.3909   0.0000   0.1846   0.0023   0.0363   0.0990   0.2630   0.1981  -0.0010   0.0000   0.0293  -0.0170    0.102
    19   0.2427   0.4008   0.0000   0.1835   0.0014   0.0219   0.0931   0.1602   0.1207  -0.0024   0.0000   0.0209  -0.0077    0.077
    20   0.2457   0.4058   0.0000   0.1830   0.0005   0.0073   0.0884   0.0540   0.0407  -0.0030   0.0000   0.0076  -0.0021    0.064

  Surface # 2     Wing (YDUP)                             
     # Chordwise = 10   # Spanwise = 20     First strip = 21
     Surface area Ssurf =    0.083617     Ave. chord Cave =    0.205750

 Forces referred to Sref, Cref, Bref about Xref, Yref, Zref
 Standard axis orientation,  X fwd, Z down         
     CLsurf  =   0.21725     Clsurf  =   0.04825
     CYsurf  =  -0.00807     Cmsurf  =  -0.05079
     CDsurf  =   0.00843     Cnsurf  =   0.00708
     CDisurf =   0.00843     CDvsurf =   0.00000

 Forces referred to Ssurf, Cave 
     CLsurf  =   0.43441     CDsurf  =   0.01686

 Strip Forces referred to Strip Area, Chord
    j     Xle      Yle      Zle      Chord    Area     c_cl     ai     cl_norm    cl       cd       cdv    cm_c/4     cm_LE   C.P.x/c
    21   0.0004  -0.0006   0.0000   0.2285   0.0006   0.1020   0.0387   0.5601   0.4219   0.2346   0.0000  -0.0265   0.1181    0.313
    22   0.0034  -0.0056   0.0000   0.2280   0.0017   0.1020   0.0395   0.5915   0.4455   0.0442   0.0000  -0.0245   0.1167    0.305
    23   0.0094  -0.0155   0.0000   0.2269   0.0028   0.1022   0.0429   0.5969   0.4496   0.0350   0.0000  -0.0192   0.1128    0.293
    24   0.0181  -0.0299   0.0000   0.2252   0.0038   0.1026   0.0473   0.6042   0.4551   0.0309   0.0000  -0.0128   0.1083    0.278
    25   0.0295  -0.0487   0.0000   0.2231   0.0046   0.1031   0.0518   0.6134   0.4620   0.0269   0.0000  -0.0068   0.1046    0.265
    26   0.0431  -0.0712   0.0000   0.2206   0.0053   0.1035   0.0559   0.6236   0.4697   0.0234   0.0000  -0.0020   0.1021    0.254
    27   0.0588  -0.0970   0.0000   0.2177   0.0059   0.1037   0.0597   0.6333   0.4770   0.0206   0.0000   0.0017   0.1004    0.246
    28   0.0760  -0.1254   0.0000   0.2145   0.0063   0.1033   0.0633   0.6412   0.4830   0.0182   0.0000   0.0045   0.0992    0.241
    29   0.0943  -0.1558   0.0000   0.2111   0.0065   0.1024   0.0671   0.6460   0.4866   0.0164   0.0000   0.0069   0.0979    0.236
    30   0.1134  -0.1873   0.0000   0.2075   0.0066   0.1007   0.0713   0.6462   0.4867   0.0148   0.0000   0.0091   0.0960    0.231
    31   0.1327  -0.2191   0.0000   0.2040   0.0065   0.0980   0.0762   0.6400   0.4821   0.0133   0.0000   0.0115   0.0929    0.226
    32   0.1518  -0.2506   0.0000   0.2004   0.0062   0.0941   0.0819   0.6257   0.4713   0.0118   0.0000   0.0145   0.0880    0.219
    33   0.1701  -0.2810   0.0000   0.1970   0.0058   0.0888   0.0882   0.6008   0.4525   0.0101   0.0000   0.0182   0.0808    0.210
    34   0.1873  -0.3094   0.0000   0.1938   0.0053   0.0818   0.0944   0.5629   0.4240   0.0082   0.0000   0.0225   0.0710    0.197
    35   0.2030  -0.3352   0.0000   0.1909   0.0046   0.0730   0.0996   0.5101   0.3842   0.0059   0.0000   0.0272   0.0585    0.179
    36   0.2166  -0.3577   0.0000   0.1884   0.0039   0.0623   0.1025   0.4415   0.3326   0.0034   0.0000   0.0310   0.0442    0.157
    37   0.2280  -0.3765   0.0000   0.1863   0.0031   0.0499   0.1024   0.3582   0.2698   0.0010   0.0000   0.0323   0.0297    0.130
    38   0.2367  -0.3909   0.0000   0.1846   0.0023   0.0363   0.0990   0.2630   0.1981  -0.0010   0.0000   0.0293   0.0170    0.102
    39   0.2427  -0.4008   0.0000   0.1835   0.0014   0.0219   0.0931   0.1602   0.1207  -0.0024   0.0000   0.0209   0.0077    0.077
    40   0.2457  -0.4058   0.0000   0.1830   0.0005   0.0073   0.0884   0.0540   0.0407  -0.0030   0.0000   0.0076   0.0021    0.064
 ---------------------------------------------------------------
