 ---------------------------------------------------------------
 Surface and Strip Forces by surface

  Sref = 0.19870       Cref = 0.27940       Bref = 0.71120    
  Xref = 0.10920       Yref =  0.0000       Zref =  0.0000    

  Surface # 1     Wing                                    
     # Chordwise = 10   # Spanwise = 20     First strip =  1
     Surface area Ssurf =    0.099355     Ave. chord Cave =    0.279400

 Forces referred to Sref, Cref, Bref about Xref, Yref, Zref
 Standard axis orientation,  X fwd, Z down         
     CLsurf  =   0.18281     Clsurf  =  -0.03975
     CYsurf  =   0.00607     Cmsurf  =  -0.01437
     CDsurf  =   0.00916     Cnsurf  =  -0.00642
     CDisurf =   0.00916     CDvsurf =   0.00000

 Forces referred to Ssurf, Cave 
     CLsurf  =   0.36560     CDsurf  =   0.01832

 Strip Forces referred to Strip Area, Chord
    j     Xle      Yle      Zle      Chord    Area     c_cl     ai     cl_norm    cl       cd       cdv    cm_c/4     cm_LE   C.P.x/c
     1   0.0003   0.0005   0.0000   0.2794   0.0006   0.1223   0.0705   0.4943   0.4074   0.2761   0.0000  -0.0154  -0.1131    0.288
     2   0.0023   0.0049   0.0000   0.2794   0.0018   0.1223   0.0695   0.5281   0.4352   0.0476   0.0000  -0.0144  -0.1122    0.283
     3   0.0063   0.0135   0.0000   0.2794   0.0030   0.1223   0.0706   0.5302   0.4369   0.0347   0.0000  -0.0112  -0.1094    0.276
     4   0.0122   0.0262   0.0000   0.2794   0.0041   0.1224   0.0730   0.5311   0.4376   0.0312   0.0000  -0.0068  -0.1055    0.266
     5   0.0199   0.0426   0.0000   0.2794   0.0051   0.1225   0.0762   0.5318   0.4383   0.0282   0.0000  -0.0022  -0.1014    0.255
     6   0.0291   0.0623   0.0000   0.2794   0.0059   0.1224   0.0798   0.5318   0.4382   0.0254   0.0000   0.0021  -0.0974    0.245
     7   0.0396   0.0849   0.0000   0.2794   0.0066   0.1219   0.0836   0.5301   0.4368   0.0230   0.0000   0.0059  -0.0936    0.237
     8   0.0512   0.1098   0.0000   0.2794   0.0072   0.1209   0.0875   0.5258   0.4333   0.0209   0.0000   0.0093  -0.0896    0.229
     9   0.0635   0.1363   0.0000   0.2794   0.0076   0.1190   0.0915   0.5177   0.4266   0.0190   0.0000   0.0124  -0.0852    0.221
    10   0.0764   0.1638   0.0000   0.2794   0.0078   0.1160   0.0957   0.5049   0.4161   0.0172   0.0000   0.0154  -0.0801    0.213
    11   0.0894   0.1918   0.0000   0.2794   0.0078   0.1117   0.0998   0.4865   0.4009   0.0155   0.0000   0.0185  -0.0738    0.204
    12   0.1023   0.2193   0.0000   0.2794   0.0076   0.1059   0.1037   0.4614   0.3802   0.0136   0.0000   0.0216  -0.0663    0.193
    13   0.1146   0.2458   0.0000   0.2794   0.0072   0.0985   0.1070   0.4291   0.3536   0.0117   0.0000   0.0246  -0.0576    0.181
    14   0.1262   0.2707   0.0000   0.2794   0.0066   0.0893   0.1092   0.3892   0.3208   0.0097   0.0000   0.0271  -0.0478    0.165
    15   0.1367   0.2933   0.0000   0.2794   0.0059   0.0784   0.1100   0.3420   0.2818   0.0075   0.0000   0.0288  -0.0375    0.148
    16   0.1459   0.3130   0.0000   0.2794   0.0051   0.0660   0.1092   0.2881   0.2374   0.0054   0.0000   0.0288  -0.0274    0.128
    17   0.1536   0.3294   0.0000   0.2794   0.0041   0.0524   0.1065   0.2288   0.1885   0.0033   0.0000   0.0267  -0.0183    0.108
    18   0.1595   0.3421   0.0000   0.2794   0.0030   0.0379   0.1024   0.1655   0.1364   0.0014   0.0000   0.0219  -0.0108    0.089
    19   0.1635   0.3507   0.0000   0.2794   0.0018   0.0229   0.0977   0.1001   0.0825  -0.0005   0.0000   0.0145  -0.0054    0.074
    20   0.1655   0.3551   0.0000   0.2794   0.0006   0.0076   0.0951   0.0337   0.0277  -0.0018   0.0000   0.0051  -0.0016    0.068

  Surface # 2     Wing (YDUP)                             
     # Chordwise = 10   # Spanwise = 20     First strip = 21
     Surface area Ssurf =    0.099355     Ave. chord Cave =    0.279400

 Forces referred to Sref, Cref, Bref about Xref, Yref, Zref
 Standard axis orientation,  X fwd, Z down         
     CLsurf  =   0.18281     Clsurf  =   0.03975
     CYsurf  =  -0.00607     Cmsurf  =  -0.01437
     CDsurf  =   0.00916     Cnsurf  =   0.00642
     CDisurf =   0.00916     CDvsurf =   0.00000

 Forces referred to Ssurf, Cave 
     CLsurf  =   0.36560     CDsurf  =   0.01832

 Strip Forces referred to Strip Area, Chord
    j     Xle      Yle      Zle      Chord    Area     c_cl     ai     cl_norm    cl       cd       cdv    cm_c/4     cm_LE   C.P.x/c
    21   0.0003  -0.0005   0.0000   0.2794   0.0006   0.1223   0.0705   0.4943   0.4074   0.2761   0.0000  -0.0154   0.1131    0.288
    22   0.0023  -0.0049   0.0000   0.2794   0.0018   0.1223   0.0695   0.5281   0.4352   0.0476   0.0000  -0.0144   0.1122    0.283
    23   0.0063  -0.0135   0.0000   0.2794   0.0030   0.1223   0.0706   0.5302   0.4369   0.0347   0.0000  -0.0112   0.1094    0.276
    24   0.0122  -0.0262   0.0000   0.2794   0.0041   0.1224   0.0730   0.5311   0.4376   0.0312   0.0000  -0.0068   0.1055    0.266
    25   0.0199  -0.0426   0.0000   0.2794   0.0051   0.1225   0.0762   0.5318   0.4383   0.0282   0.0000  -0.0022   0.1014    0.255
    26   0.0291  -0.0623   0.0000   0.2794   0.0059   0.1224   0.0798   0.5318   0.4382   0.0254   0.0000   0.0021   0.0974    0.245
    27   0.0396  -0.0849   0.0000   0.2794   0.0066   0.1219   0.0836   0.5301   0.4368   0.0230   0.0000   0.0059   0.0936    0.237
    28   0.0512  -0.1098   0.0000   0.2794   0.0072   0.1209   0.0875   0.5258   0.4333   0.0209   0.0000   0.0093   0.0896    0.229
    29   0.0635  -0.1363   0.0000   0.2794   0.0076   0.1190   0.0915   0.5177   0.4266   0.0190   0.0000   0.0124   0.0852    0.221
    30   0.0764  -0.1638   0.0000   0.2794   0.0078   0.1160   0.0957   0.5049   0.4161   0.0172   0.0000   0.0154   0.0801    0.213
    31   0.0894  -0.1918   0.0000   0.2794   0.0078   0.1117   0.0998   0.4865   0.4009   0.0155   0.0000   0.0185   0.0738    0.204
    32   0.1023  -0.2193   0.0000   0.2794   0.0076   0.1059   0.1037   0.4614   0.3802   0.0136   0.0000   0.0216   0.0663    0.193
    33   0.1146  -0.2458   0.0000   0.2794   0.0072   0.0985   0.1070   0.4291   0.3536   0.0117   0.0000   0.0246   0.0576    0.181
    34   0.1262  -0.2707   0.0000   0.2794   0.0066   0.0893   0.1092   0.3892   0.3208   0.0097   0.0000   0.0271   0.0478    0.165
    35   0.1367  -0.2933   0.0000   0.2794   0.0059   0.0784   0.1100   0.3420   0.2818   0.0075   0.0000   0.0288   0.0375    0.148
    36   0.1459  -0.3130   0.0000   0.2794   0.0051   0.0660   0.1092   0.2881   0.2374   0.0054   0.0000   0.0288   0.0274    0.128
    37   0.1536  -0.3294   0.0000   0.2794   0.0041   0.0524   0.1065   0.2288   0.1885   0.0033   0.0000   0.0267   0.0183    0.108
    38   0.1595  -0.3421   0.0000   0.2794   0.0030   0.0379   0.1024   0.1655   0.1364   0.0014   0.0000   0.0219   0.0108    0.089
    39   0.1635  -0.3507   0.0000   0.2794   0.0018   0.0229   0.0977   0.1001   0.0825  -0.0005   0.0000   0.0145   0.0054    0.074
    40   0.1655  -0.3551   0.0000   0.2794   0.0006   0.0076   0.0951   0.0337   0.0277  -0.0018   0.0000   0.0051   0.0016    0.068
 ---------------------------------------------------------------
