 ---------------------------------------------------------------
 Surface and Strip Forces by surface

  Sref = 0.14450       Cref = 0.20320       Bref = 0.71120    
  Xref = 0.10920       Yref =  0.0000       Zref =  0.0000    

  Surface # 1     Wing                                    
     # Chordwise = 10   # Spanwise = 20     First strip =  1
     Surface area Ssurf =    0.072258     Ave. chord Cave =    0.203200

 Forces referred to Sref, Cref, Bref about Xref, Yref, Zref
 Standard axis orientation,  X fwd, Z down         
     CLsurf  =   0.25138     Clsurf  =  -0.05526
     CYsurf  =   0.00852     Cmsurf  =   0.00880
     CDsurf  =   0.01239     Cnsurf  =  -0.00810
     CDisurf =   0.01239     CDvsurf =   0.00000

 Forces referred to Ssurf, Cave 
     CLsurf  =   0.50270     CDsurf  =   0.02478

 Strip Forces referred to Strip Area, Chord
    j     Xle      Yle      Zle      Chord    Area     c_cl     ai     cl_norm    cl       cd       cdv    cm_c/4     cm_LE   C.P.x/c
     1   0.0002   0.0005   0.0000   0.2032   0.0004   0.1190   0.0594   0.6228   0.5514   0.2793   0.0000  -0.0184  -0.1549    0.283
     2   0.0018   0.0049   0.0000   0.2032   0.0013   0.1190   0.0603   0.6588   0.5833   0.0578   0.0000  -0.0168  -0.1534    0.279
     3   0.0049   0.0135   0.0000   0.2032   0.0022   0.1191   0.0631   0.6615   0.5857   0.0455   0.0000  -0.0125  -0.1495    0.271
     4   0.0095   0.0262   0.0000   0.2032   0.0030   0.1194   0.0670   0.6638   0.5877   0.0402   0.0000  -0.0071  -0.1447    0.262
     5   0.0155   0.0426   0.0000   0.2032   0.0037   0.1197   0.0713   0.6662   0.5898   0.0357   0.0000  -0.0020  -0.1402    0.253
     6   0.0227   0.0623   0.0000   0.2032   0.0043   0.1199   0.0757   0.6678   0.5913   0.0321   0.0000   0.0024  -0.1363    0.246
     7   0.0309   0.0849   0.0000   0.2032   0.0048   0.1197   0.0801   0.6676   0.5911   0.0292   0.0000   0.0059  -0.1328    0.240
     8   0.0399   0.1098   0.0000   0.2032   0.0052   0.1191   0.0846   0.6643   0.5882   0.0269   0.0000   0.0089  -0.1293    0.235
     9   0.0496   0.1363   0.0000   0.2032   0.0055   0.1177   0.0894   0.6568   0.5816   0.0251   0.0000   0.0116  -0.1252    0.230
    10   0.0596   0.1638   0.0000   0.2032   0.0057   0.1153   0.0946   0.6438   0.5700   0.0235   0.0000   0.0143  -0.1199    0.225
    11   0.0698   0.1918   0.0000   0.2032   0.0057   0.1118   0.1002   0.6239   0.5525   0.0220   0.0000   0.0171  -0.1131    0.219
    12   0.0798   0.2193   0.0000   0.2032   0.0055   0.1067   0.1061   0.5960   0.5277   0.0204   0.0000   0.0203  -0.1043    0.211
    13   0.0895   0.2458   0.0000   0.2032   0.0052   0.1000   0.1119   0.5588   0.4947   0.0185   0.0000   0.0238  -0.0933    0.202
    14   0.0985   0.2707   0.0000   0.2032   0.0048   0.0915   0.1171   0.5113   0.4527   0.0163   0.0000   0.0274  -0.0801    0.190
    15   0.1067   0.2933   0.0000   0.2032   0.0043   0.0811   0.1210   0.4532   0.4012   0.0138   0.0000   0.0303  -0.0653    0.174
    16   0.1139   0.3130   0.0000   0.2032   0.0037   0.0689   0.1230   0.3848   0.3407   0.0110   0.0000   0.0319  -0.0497    0.157
    17   0.1199   0.3294   0.0000   0.2032   0.0030   0.0550   0.1224   0.3076   0.2724   0.0080   0.0000   0.0309  -0.0346    0.137
    18   0.1245   0.3421   0.0000   0.2032   0.0022   0.0400   0.1194   0.2237   0.1980   0.0050   0.0000   0.0263  -0.0215    0.117
    19   0.1276   0.3507   0.0000   0.2032   0.0013   0.0242   0.1147   0.1356   0.1200   0.0018   0.0000   0.0179  -0.0111    0.100
    20   0.1292   0.3551   0.0000   0.2032   0.0004   0.0081   0.1114   0.0456   0.0404  -0.0011   0.0000   0.0064  -0.0034    0.092

  Surface # 2     Wing (YDUP)                             
     # Chordwise = 10   # Spanwise = 20     First strip = 21
     Surface area Ssurf =    0.072258     Ave. chord Cave =    0.203200

 Forces referred to Sref, Cref, Bref about Xref, Yref, Zref
 Standard axis orientation,  X fwd, Z down         
     CLsurf  =   0.25138     Clsurf  =   0.05526
     CYsurf  =  -0.00852     Cmsurf  =   0.00880
     CDsurf  =   0.01239     Cnsurf  =   0.00810
     CDisurf =   0.01239     CDvsurf =   0.00000

 Forces referred to Ssurf, Cave 
     CLsurf  =   0.50270     CDsurf  =   0.02478

 Strip Forces referred to Strip Area, Chord
    j     Xle      Yle      Zle      Chord    Area     c_cl     ai     cl_norm    cl       cd       cdv    cm_c/4     cm_LE   C.P.x/c
    21   0.0002  -0.0005   0.0000   0.2032   0.0004   0.1190   0.0594   0.6228   0.5514   0.2793   0.0000  -0.0184   0.1549    0.283
    22   0.0018  -0.0049   0.0000   0.2032   0.0013   0.1190   0.0603   0.6588   0.5833   0.0578   0.0000  -0.0168   0.1534    0.279
    23   0.0049  -0.0135   0.0000   0.2032   0.0022   0.1191   0.0631   0.6615   0.5857   0.0455   0.0000  -0.0125   0.1495    0.271
    24   0.0095  -0.0262   0.0000   0.2032   0.0030   0.1194   0.0670   0.6638   0.5877   0.0402   0.0000  -0.0071   0.1447    0.262
    25   0.0155  -0.0426   0.0000   0.2032   0.0037   0.1197   0.0713   0.6662   0.5898   0.0357   0.0000  -0.0020   0.1402    0.253
    26   0.0227  -0.0623   0.0000   0.2032   0.0043   0.1199   0.0757   0.6678   0.5913   0.0321   0.0000   0.0024   0.1363    0.246
    27   0.0309  -0.0849   0.0000   0.2032   0.0048   0.1197   0.0801   0.6676   0.5911   0.0292   0.0000   0.0059   0.1328    0.240
    28   0.0399  -0.1098   0.0000   0.2032   0.0052   0.1191   0.0846   0.6643   0.5882   0.0269   0.0000   0.0089   0.1293    0.235
    29   0.0496  -0.1363   0.0000   0.2032   0.0055   0.1177   0.0894   0.6568   0.5816   0.0251   0.0000   0.0116   0.1252    0.230
    30   0.0596  -0.1638   0.0000   0.2032   0.0057   0.1153   0.0946   0.6438   0.5700   0.0235   0.0000   0.0143   0.1199    0.225
    31   0.0698  -0.1918   0.0000   0.2032   0.0057   0.1118   0.1002   0.6239   0.5525   0.0220   0.0000   0.0171   0.1131    0.219
    32   0.0798  -0.2193   0.0000   0.2032   0.0055   0.1067   0.1061   0.5960   0.5277   0.0204   0.0000   0.0203   0.1043    0.211
    33   0.0895  -0.2458   0.0000   0.2032   0.0052   0.1000   0.1119   0.5588   0.4947   0.0185   0.0000   0.0238   0.0933    0.202
    34   0.0985  -0.2707   0.0000   0.2032   0.0048   0.0915   0.1171   0.5113   0.4527   0.0163   0.0000   0.0274   0.0801    0.190
    35   0.1067  -0.2933   0.0000   0.2032   0.0043   0.0811   0.1210   0.4532   0.4012   0.0138   0.0000   0.0303   0.0653    0.174
    36   0.1139  -0.3130   0.0000   0.2032   0.0037   0.0689   0.1230   0.3848   0.3407   0.0110   0.0000   0.0319   0.0497    0.157
    37   0.1199  -0.3294   0.0000   0.2032   0.0030   0.0550   0.1224   0.3076   0.2724   0.0080   0.0000   0.0309   0.0346    0.137
    38   0.1245  -0.3421   0.0000   0.2032   0.0022   0.0400   0.1194   0.2237   0.1980   0.0050   0.0000   0.0263   0.0215    0.117
    39   0.1276  -0.3507   0.0000   0.2032   0.0013   0.0242   0.1147   0.1356   0.1200   0.0018   0.0000   0.0179   0.0111    0.100
    40   0.1292  -0.3551   0.0000   0.2032   0.0004   0.0081   0.1114   0.0456   0.0404  -0.0011   0.0000   0.0064   0.0034    0.092
 ---------------------------------------------------------------
