 ---------------------------------------------------------------
 Surface and Strip Forces by surface

  Sref = 0.16720       Cref = 0.20660       Bref = 0.81280    
  Xref = 0.10920       Yref =  0.0000       Zref =  0.0000    

  Surface # 1     Wing                                    
     # Chordwise = 10   # Spanwise = 20     First strip =  1
     Surface area Ssurf =    0.083617     Ave. chord Cave =    0.205750

 Forces referred to Sref, Cref, Bref about Xref, Yref, Zref
 Standard axis orientation,  X fwd, Z down         
     CLsurf  =   0.21725     Clsurf  =  -0.04763
     CYsurf  =   0.00421     Cmsurf  =  -0.00832
     CDsurf  =   0.00821     Cnsurf  =  -0.00512
     CDisurf =   0.00821     CDvsurf =   0.00000

 Forces referred to Ssurf, Cave 
     CLsurf  =   0.43441     CDsurf  =   0.01641

 Strip Forces referred to Strip Area, Chord
    j     Xle      Yle      Zle      Chord    Area     c_cl     ai     cl_norm    cl       cd       cdv    cm_c/4     cm_LE   C.P.x/c
     1   0.0002   0.0006   0.0000   0.2285   0.0006   0.1057   0.0515   0.5032   0.4451   0.1798   0.0000  -0.0143  -0.1209    0.282
     2   0.0022   0.0056   0.0000   0.2280   0.0017   0.1057   0.0512   0.5227   0.4623   0.0373   0.0000  -0.0130  -0.1200    0.278
     3   0.0061   0.0155   0.0000   0.2269   0.0028   0.1057   0.0524   0.5265   0.4656   0.0296   0.0000  -0.0095  -0.1173    0.270
     4   0.0117   0.0299   0.0000   0.2252   0.0038   0.1058   0.0545   0.5313   0.4699   0.0263   0.0000  -0.0051  -0.1141    0.261
     5   0.0191   0.0487   0.0000   0.2231   0.0046   0.1059   0.0570   0.5371   0.4750   0.0233   0.0000  -0.0010  -0.1114    0.252
     6   0.0279   0.0712   0.0000   0.2206   0.0053   0.1058   0.0595   0.5432   0.4804   0.0209   0.0000   0.0024  -0.1094    0.245
     7   0.0380   0.0970   0.0000   0.2177   0.0059   0.1054   0.0620   0.5486   0.4852   0.0189   0.0000   0.0051  -0.1080    0.240
     8   0.0492   0.1254   0.0000   0.2145   0.0063   0.1045   0.0645   0.5522   0.4884   0.0173   0.0000   0.0073  -0.1067    0.235
     9   0.0611   0.1558   0.0000   0.2111   0.0065   0.1029   0.0673   0.5528   0.4890   0.0160   0.0000   0.0091  -0.1050    0.231
    10   0.0734   0.1873   0.0000   0.2075   0.0066   0.1006   0.0704   0.5494   0.4859   0.0149   0.0000   0.0110  -0.1026    0.227
    11   0.0859   0.2191   0.0000   0.2040   0.0065   0.0972   0.0741   0.5405   0.4781   0.0139   0.0000   0.0130  -0.0988    0.223
    12   0.0982   0.2506   0.0000   0.2004   0.0062   0.0927   0.0784   0.5247   0.4641   0.0129   0.0000   0.0154  -0.0934    0.217
    13   0.1101   0.2810   0.0000   0.1970   0.0058   0.0869   0.0831   0.5004   0.4426   0.0117   0.0000   0.0182  -0.0857    0.209
    14   0.1213   0.3094   0.0000   0.1938   0.0053   0.0796   0.0879   0.4660   0.4122   0.0104   0.0000   0.0215  -0.0756    0.198
    15   0.1314   0.3352   0.0000   0.1909   0.0046   0.0707   0.0920   0.4202   0.3717   0.0088   0.0000   0.0248  -0.0631    0.183
    16   0.1402   0.3577   0.0000   0.1884   0.0039   0.0602   0.0946   0.3625   0.3206   0.0069   0.0000   0.0273  -0.0489    0.165
    17   0.1476   0.3765   0.0000   0.1863   0.0031   0.0481   0.0948   0.2934   0.2595   0.0049   0.0000   0.0278  -0.0343    0.143
    18   0.1532   0.3909   0.0000   0.1846   0.0023   0.0350   0.0921   0.2152   0.1904   0.0029   0.0000   0.0248  -0.0210    0.120
    19   0.1571   0.4008   0.0000   0.1835   0.0014   0.0212   0.0871   0.1310   0.1159   0.0008   0.0000   0.0175  -0.0105    0.099
    20   0.1591   0.4058   0.0000   0.1830   0.0005   0.0071   0.0828   0.0441   0.0390  -0.0011   0.0000   0.0064  -0.0031    0.087

  Surface # 2     Wing (YDUP)                             
     # Chordwise = 10   # Spanwise = 20     First strip = 21
     Surface area Ssurf =    0.083617     Ave. chord Cave =    0.205750

 Forces referred to Sref, Cref, Bref about Xref, Yref, Zref
 Standard axis orientation,  X fwd, Z down         
     CLsurf  =   0.21725     Clsurf  =   0.04763
     CYsurf  =  -0.00421     Cmsurf  =  -0.00832
     CDsurf  =   0.00821     Cnsurf  =   0.00512
     CDisurf =   0.00821     CDvsurf =   0.00000

 Forces referred to Ssurf, Cave 
     CLsurf  =   0.43441     CDsurf  =   0.01641

 Strip Forces referred to Strip Area, Chord
    j     Xle      Yle      Zle      Chord    Area     c_cl     ai     cl_norm    cl       cd       cdv    cm_c/4     cm_LE   C.P.x/c
    21   0.0002  -0.0006   0.0000   0.2285   0.0006   0.1057   0.0515   0.5032   0.4451   0.1798   0.0000  -0.0143   0.1209    0.282
    22   0.0022  -0.0056   0.0000   0.2280   0.0017   0.1057   0.0512   0.5227   0.4623   0.0373   0.0000  -0.0130   0.1200    0.278
    23   0.0061  -0.0155   0.0000   0.2269   0.0028   0.1057   0.0524   0.5265   0.4656   0.0296   0.0000  -0.0095   0.1173    0.270
    24   0.0117  -0.0299   0.0000   0.2252   0.0038   0.1058   0.0545   0.5313   0.4699   0.0263   0.0000  -0.0051   0.1141    0.261
    25   0.0191  -0.0487   0.0000   0.2231   0.0046   0.1059   0.0570   0.5371   0.4750   0.0233   0.0000  -0.0010   0.1114    0.252
    26   0.0279  -0.0712   0.0000   0.2206   0.0053   0.1058   0.0595   0.5432   0.4804   0.0209   0.0000   0.0024   0.1094    0.245
    27   0.0380  -0.0970   0.0000   0.2177   0.0059   0.1054   0.0620   0.5486   0.4852   0.0189   0.0000   0.0051   0.1080    0.240
    28   0.0492  -0.1254   0.0000   0.2145   0.0063   0.1045   0.0645   0.5522   0.4884   0.0173   0.0000   0.0073   0.1067    0.235
    29   0.0611  -0.1558   0.0000   0.2111   0.0065   0.1029   0.0673   0.5528   0.4890   0.0160   0.0000   0.0091   0.1050    0.231
    30   0.0734  -0.1873   0.0000   0.2075   0.0066   0.1006   0.0704   0.5494   0.4859   0.0149   0.0000   0.0110   0.1026    0.227
    31   0.0859  -0.2191   0.0000   0.2040   0.0065   0.0972   0.0741   0.5405   0.4781   0.0139   0.0000   0.0130   0.0988    0.223
    32   0.0982  -0.2506   0.0000   0.2004   0.0062   0.0927   0.0784   0.5247   0.4641   0.0129   0.0000   0.0154   0.0934    0.217
    33   0.1101  -0.2810   0.0000   0.1970   0.0058   0.0869   0.0831   0.5004   0.4426   0.0117   0.0000   0.0182   0.0857    0.209
    34   0.1213  -0.3094   0.0000   0.1938   0.0053   0.0796   0.0879   0.4660   0.4122   0.0104   0.0000   0.0215   0.0756    0.198
    35   0.1314  -0.3352   0.0000   0.1909   0.0046   0.0707   0.0920   0.4202   0.3717   0.0088   0.0000   0.0248   0.0631    0.183
    36   0.1402  -0.3577   0.0000   0.1884   0.0039   0.0602   0.0946   0.3625   0.3206   0.0069   0.0000   0.0273   0.0489    0.165
    37   0.1476  -0.3765   0.0000   0.1863   0.0031   0.0481   0.0948   0.2934   0.2595   0.0049   0.0000   0.0278   0.0343    0.143
    38   0.1532  -0.3909   0.0000   0.1846   0.0023   0.0350   0.0921   0.2152   0.1904   0.0029   0.0000   0.0248   0.0210    0.120
    39   0.1571  -0.4008   0.0000   0.1835   0.0014   0.0212   0.0871   0.1310   0.1159   0.0008   0.0000   0.0175   0.0105    0.099
    40   0.1591  -0.4058   0.0000   0.1830   0.0005   0.0071   0.0828   0.0441   0.0390  -0.0011   0.0000   0.0064   0.0031    0.087
 ---------------------------------------------------------------
