 ---------------------------------------------------------------
 Surface and Strip Forces by surface

  Sref = 0.14630       Cref = 0.20660       Bref = 0.71120    
  Xref = 0.10920       Yref =  0.0000       Zref =  0.0000    

  Surface # 1     Wing                                    
     # Chordwise = 10   # Spanwise = 20     First strip =  1
     Surface area Ssurf =    0.073165     Ave. chord Cave =    0.205750

 Forces referred to Sref, Cref, Bref about Xref, Yref, Zref
 Standard axis orientation,  X fwd, Z down         
     CLsurf  =   0.24829     Clsurf  =  -0.05409
     CYsurf  =   0.00536     Cmsurf  =   0.00099
     CDsurf  =   0.01224     Cnsurf  =  -0.00720
     CDisurf =   0.01224     CDvsurf =   0.00000

 Forces referred to Ssurf, Cave 
     CLsurf  =   0.49647     CDsurf  =   0.02448

 Strip Forces referred to Strip Area, Chord
    j     Xle      Yle      Zle      Chord    Area     c_cl     ai     cl_norm    cl       cd       cdv    cm_c/4     cm_LE   C.P.x/c
     1   0.0002   0.0005   0.0000   0.2285   0.0005   0.1221   0.0710   0.5668   0.5017   0.2691   0.0000  -0.0149  -0.1380    0.280
     2   0.0019   0.0049   0.0000   0.2280   0.0015   0.1221   0.0709   0.6021   0.5330   0.0551   0.0000  -0.0137  -0.1372    0.276
     3   0.0054   0.0135   0.0000   0.2269   0.0024   0.1221   0.0723   0.6072   0.5374   0.0431   0.0000  -0.0102  -0.1346    0.269
     4   0.0104   0.0262   0.0000   0.2252   0.0033   0.1222   0.0745   0.6126   0.5422   0.0385   0.0000  -0.0057  -0.1313    0.260
     5   0.0169   0.0426   0.0000   0.2231   0.0040   0.1221   0.0771   0.6190   0.5479   0.0346   0.0000  -0.0012  -0.1283    0.252
     6   0.0247   0.0623   0.0000   0.2206   0.0047   0.1219   0.0799   0.6255   0.5536   0.0313   0.0000   0.0028  -0.1259    0.245
     7   0.0336   0.0849   0.0000   0.2177   0.0052   0.1213   0.0827   0.6309   0.5584   0.0285   0.0000   0.0060  -0.1238    0.239
     8   0.0435   0.1098   0.0000   0.2145   0.0055   0.1200   0.0857   0.6342   0.5613   0.0262   0.0000   0.0088  -0.1218    0.234
     9   0.0540   0.1363   0.0000   0.2111   0.0057   0.1180   0.0889   0.6338   0.5610   0.0242   0.0000   0.0113  -0.1194    0.230
    10   0.0649   0.1638   0.0000   0.2075   0.0058   0.1150   0.0926   0.6286   0.5563   0.0225   0.0000   0.0138  -0.1160    0.225
    11   0.0760   0.1918   0.0000   0.2040   0.0057   0.1109   0.0968   0.6168   0.5459   0.0209   0.0000   0.0164  -0.1111    0.220
    12   0.0869   0.2193   0.0000   0.2004   0.0054   0.1054   0.1015   0.5969   0.5283   0.0192   0.0000   0.0194  -0.1042    0.213
    13   0.0974   0.2458   0.0000   0.1970   0.0051   0.0984   0.1065   0.5673   0.5021   0.0173   0.0000   0.0228  -0.0949    0.205
    14   0.1073   0.2707   0.0000   0.1938   0.0046   0.0898   0.1113   0.5263   0.4658   0.0152   0.0000   0.0264  -0.0832    0.193
    15   0.1162   0.2933   0.0000   0.1909   0.0041   0.0795   0.1153   0.4728   0.4185   0.0128   0.0000   0.0297  -0.0691    0.179
    16   0.1240   0.3130   0.0000   0.1884   0.0034   0.0674   0.1177   0.4067   0.3600   0.0101   0.0000   0.0318  -0.0536    0.162
    17   0.1305   0.3294   0.0000   0.1863   0.0027   0.0539   0.1177   0.3288   0.2910   0.0072   0.0000   0.0314  -0.0380    0.142
    18   0.1355   0.3421   0.0000   0.1846   0.0020   0.0391   0.1153   0.2412   0.2135   0.0044   0.0000   0.0274  -0.0238    0.122
    19   0.1390   0.3507   0.0000   0.1835   0.0012   0.0237   0.1108   0.1470   0.1301   0.0014   0.0000   0.0190  -0.0124    0.104
    20   0.1407   0.3551   0.0000   0.1830   0.0004   0.0079   0.1072   0.0496   0.0439  -0.0014   0.0000   0.0068  -0.0037    0.095

  Surface # 2     Wing (YDUP)                             
     # Chordwise = 10   # Spanwise = 20     First strip = 21
     Surface area Ssurf =    0.073165     Ave. chord Cave =    0.205750

 Forces referred to Sref, Cref, Bref about Xref, Yref, Zref
 Standard axis orientation,  X fwd, Z down         
     CLsurf  =   0.24829     Clsurf  =   0.05409
     CYsurf  =  -0.00536     Cmsurf  =   0.00099
     CDsurf  =   0.01224     Cnsurf  =   0.00720
     CDisurf =   0.01224     CDvsurf =   0.00000

 Forces referred to Ssurf, Cave 
     CLsurf  =   0.49647     CDsurf  =   0.02448

 Strip Forces referred to Strip Area, Chord
    j     Xle      Yle      Zle      Chord    Area     c_cl     ai     cl_norm    cl       cd       cdv    cm_c/4     cm_LE   C.P.x/c
    21   0.0002  -0.0005   0.0000   0.2285   0.0005   0.1221   0.0710   0.5668   0.5017   0.2691   0.0000  -0.0149   0.1380    0.280
    22   0.0019  -0.0049   0.0000   0.2280   0.0015   0.1221   0.0709   0.6021   0.5330   0.0551   0.0000  -0.0137   0.1372    0.276
    23   0.0054  -0.0135   0.0000   0.2269   0.0024   0.1221   0.0723   0.6072   0.5374   0.0431   0.0000  -0.0102   0.1346    0.269
    24   0.0104  -0.0262   0.0000   0.2252   0.0033   0.1222   0.0745   0.6126   0.5422   0.0385   0.0000  -0.0057   0.1313    0.260
    25   0.0169  -0.0426   0.0000   0.2231   0.0040   0.1221   0.0771   0.6190   0.5479   0.0346   0.0000  -0.0012   0.1283    0.252
    26   0.0247  -0.0623   0.0000   0.2206   0.0047   0.1219   0.0799   0.6255   0.5536   0.0313   0.0000   0.0028   0.1259    0.245
    27   0.0336  -0.0849   0.0000   0.2177   0.0052   0.1213   0.0827   0.6309   0.5584   0.0285   0.0000   0.0060   0.1238    0.239
    28   0.0435  -0.1098   0.0000   0.2145   0.0055   0.1200   0.0857   0.6342   0.5613   0.0262   0.0000   0.0088   0.1218    0.234
    29   0.0540  -0.1363   0.0000   0.2111   0.0057   0.1180   0.0889   0.6338   0.5610   0.0242   0.0000   0.0113   0.1194    0.230
    30   0.0649  -0.1638   0.0000   0.2075   0.0058   0.1150   0.0926   0.6286   0.5563   0.0225   0.0000   0.0138   0.1160    0.225
    31   0.0760  -0.1918   0.0000   0.2040   0.0057   0.1109   0.0968   0.6168   0.5459   0.0209   0.0000   0.0164   0.1111    0.220
    32   0.0869  -0.2193   0.0000   0.2004   0.0054   0.1054   0.1015   0.5969   0.5283   0.0192   0.0000   0.0194   0.1042    0.213
    33   0.0974  -0.2458   0.0000   0.1970   0.0051   0.0984   0.1065   0.5673   0.5021   0.0173   0.0000   0.0228   0.0949    0.205
    34   0.1073  -0.2707   0.0000   0.1938   0.0046   0.0898   0.1113   0.5263   0.4658   0.0152   0.0000   0.0264   0.0832    0.193
    35   0.1162  -0.2933   0.0000   0.1909   0.0041   0.0795   0.1153   0.4728   0.4185   0.0128   0.0000   0.0297   0.0691    0.179
    36   0.1240  -0.3130   0.0000   0.1884   0.0034   0.0674   0.1177   0.4067   0.3600   0.0101   0.0000   0.0318   0.0536    0.162
    37   0.1305  -0.3294   0.0000   0.1863   0.0027   0.0539   0.1177   0.3288   0.2910   0.0072   0.0000   0.0314   0.0380    0.142
    38   0.1355  -0.3421   0.0000   0.1846   0.0020   0.0391   0.1153   0.2412   0.2135   0.0044   0.0000   0.0274   0.0238    0.122
    39   0.1390  -0.3507   0.0000   0.1835   0.0012   0.0237   0.1108   0.1470   0.1301   0.0014   0.0000   0.0190   0.0124    0.104
    40   0.1407  -0.3551   0.0000   0.1830   0.0004   0.0079   0.1072   0.0496   0.0439  -0.0014   0.0000   0.0068   0.0037    0.095
 ---------------------------------------------------------------
