 ---------------------------------------------------------------
 Surface and Strip Forces by surface

  Sref = 0.11920       Cref = 0.19250       Bref = 0.71120    
  Xref = 0.10920       Yref =  0.0000       Zref =  0.0000    

  Surface # 1     Wing                                    
     # Chordwise = 10   # Spanwise = 20     First strip =  1
     Surface area Ssurf =    0.059616     Ave. chord Cave =    0.167650

 Forces referred to Sref, Cref, Bref about Xref, Yref, Zref
 Standard axis orientation,  X fwd, Z down         
     CLsurf  =   0.30473     Clsurf  =  -0.06418
     CYsurf  =   0.00086     Cmsurf  =  -0.07484
     CDsurf  =   0.01568     Cnsurf  =  -0.00947
     CDisurf =   0.01568     CDvsurf =   0.00000

 Forces referred to Ssurf, Cave 
     CLsurf  =   0.60930     CDsurf  =   0.03136

 Strip Forces referred to Strip Area, Chord
    j     Xle      Yle      Zle      Chord    Area     c_cl     ai     cl_norm    cl       cd       cdv    cm_c/4     cm_LE   C.P.x/c
     1   0.0004   0.0005   0.0000   0.2791   0.0006   0.1305   0.0936   0.5500   0.4155   0.3642   0.0000  -0.0216  -0.1116    0.302
     2   0.0036   0.0049   0.0000   0.2763   0.0018   0.1304   0.0936   0.6181   0.4670   0.0694   0.0000  -0.0206  -0.1117    0.294
     3   0.0099   0.0135   0.0000   0.2709   0.0029   0.1304   0.0940   0.6337   0.4788   0.0538   0.0000  -0.0171  -0.1108    0.286
     4   0.0192   0.0262   0.0000   0.2629   0.0038   0.1302   0.0946   0.6530   0.4934   0.0493   0.0000  -0.0122  -0.1096    0.275
     5   0.0313   0.0426   0.0000   0.2526   0.0046   0.1296   0.0952   0.6780   0.5123   0.0450   0.0000  -0.0072  -0.1092    0.264
     6   0.0458   0.0623   0.0000   0.2402   0.0051   0.1285   0.0955   0.7082   0.5351   0.0407   0.0000  -0.0027  -0.1099    0.255
     7   0.0624   0.0849   0.0000   0.2260   0.0054   0.1266   0.0952   0.7429   0.5613   0.0365   0.0000   0.0010  -0.1120    0.248
     8   0.0806   0.1098   0.0000   0.2104   0.0054   0.1237   0.0943   0.7811   0.5902   0.0324   0.0000   0.0039  -0.1154    0.243
     9   0.1001   0.1363   0.0000   0.1937   0.0053   0.1197   0.0927   0.8222   0.6212   0.0284   0.0000   0.0060  -0.1197    0.240
    10   0.1204   0.1638   0.0000   0.1764   0.0049   0.1145   0.0908   0.8650   0.6535   0.0242   0.0000   0.0076  -0.1247    0.238
    11   0.1408   0.1918   0.0000   0.1589   0.0044   0.1082   0.0886   0.9082   0.6862   0.0199   0.0000   0.0089  -0.1300    0.237
    12   0.1611   0.2193   0.0000   0.1416   0.0038   0.1007   0.0867   0.9502   0.7179   0.0151   0.0000   0.0103  -0.1350    0.236
    13   0.1806   0.2458   0.0000   0.1249   0.0032   0.0922   0.0855   0.9878   0.7463   0.0099   0.0000   0.0121  -0.1391    0.234
    14   0.1988   0.2707   0.0000   0.1093   0.0026   0.0829   0.0860   1.0161   0.7678   0.0040   0.0000   0.0149  -0.1409    0.231
    15   0.2154   0.2933   0.0000   0.0951   0.0020   0.0728   0.0891   1.0264   0.7755  -0.0024   0.0000   0.0195  -0.1385    0.225
    16   0.2299   0.3130   0.0000   0.0827   0.0015   0.0618   0.0953   1.0038   0.7585  -0.0095   0.0000   0.0271  -0.1288    0.214
    17   0.2420   0.3294   0.0000   0.0724   0.0011   0.0498   0.1039   0.9259   0.6996  -0.0169   0.0000   0.0378  -0.1082    0.196
    18   0.2513   0.3421   0.0000   0.0644   0.0007   0.0366   0.1114   0.7670   0.5795  -0.0231   0.0000   0.0479  -0.0760    0.167
    19   0.2576   0.3507   0.0000   0.0590   0.0004   0.0224   0.1129   0.5132   0.3877  -0.0239   0.0000   0.0463  -0.0391    0.131
    20   0.2608   0.3551   0.0000   0.0562   0.0001   0.0075   0.1073   0.1817   0.1373  -0.0153   0.0000   0.0204  -0.0104    0.102

  Surface # 2     Wing (YDUP)                             
     # Chordwise = 10   # Spanwise = 20     First strip = 21
     Surface area Ssurf =    0.059616     Ave. chord Cave =    0.167650

 Forces referred to Sref, Cref, Bref about Xref, Yref, Zref
 Standard axis orientation,  X fwd, Z down         
     CLsurf  =   0.30473     Clsurf  =   0.06418
     CYsurf  =  -0.00086     Cmsurf  =  -0.07484
     CDsurf  =   0.01568     Cnsurf  =   0.00947
     CDisurf =   0.01568     CDvsurf =   0.00000

 Forces referred to Ssurf, Cave 
     CLsurf  =   0.60930     CDsurf  =   0.03136

 Strip Forces referred to Strip Area, Chord
    j     Xle      Yle      Zle      Chord    Area     c_cl     ai     cl_norm    cl       cd       cdv    cm_c/4     cm_LE   C.P.x/c
    21   0.0004  -0.0005   0.0000   0.2791   0.0006   0.1305   0.0936   0.5500   0.4155   0.3642   0.0000  -0.0216   0.1116    0.302
    22   0.0036  -0.0049   0.0000   0.2763   0.0018   0.1304   0.0936   0.6181   0.4670   0.0694   0.0000  -0.0206   0.1117    0.294
    23   0.0099  -0.0135   0.0000   0.2709   0.0029   0.1304   0.0940   0.6337   0.4788   0.0538   0.0000  -0.0171   0.1108    0.286
    24   0.0192  -0.0262   0.0000   0.2629   0.0038   0.1302   0.0946   0.6530   0.4934   0.0493   0.0000  -0.0122   0.1096    0.275
    25   0.0313  -0.0426   0.0000   0.2526   0.0046   0.1296   0.0952   0.6780   0.5123   0.0450   0.0000  -0.0072   0.1092    0.264
    26   0.0458  -0.0623   0.0000   0.2402   0.0051   0.1285   0.0955   0.7082   0.5351   0.0407   0.0000  -0.0027   0.1099    0.255
    27   0.0624  -0.0849   0.0000   0.2260   0.0054   0.1266   0.0952   0.7429   0.5613   0.0365   0.0000   0.0010   0.1120    0.248
    28   0.0806  -0.1098   0.0000   0.2104   0.0054   0.1237   0.0943   0.7811   0.5902   0.0324   0.0000   0.0039   0.1154    0.243
    29   0.1001  -0.1363   0.0000   0.1937   0.0053   0.1197   0.0927   0.8222   0.6212   0.0284   0.0000   0.0060   0.1197    0.240
    30   0.1204  -0.1638   0.0000   0.1764   0.0049   0.1145   0.0908   0.8650   0.6535   0.0242   0.0000   0.0076   0.1247    0.238
    31   0.1408  -0.1918   0.0000   0.1589   0.0044   0.1082   0.0886   0.9082   0.6862   0.0199   0.0000   0.0089   0.1300    0.237
    32   0.1611  -0.2193   0.0000   0.1416   0.0038   0.1007   0.0867   0.9502   0.7179   0.0151   0.0000   0.0103   0.1350    0.236
    33   0.1806  -0.2458   0.0000   0.1249   0.0032   0.0922   0.0855   0.9878   0.7463   0.0099   0.0000   0.0121   0.1391    0.234
    34   0.1988  -0.2707   0.0000   0.1093   0.0026   0.0829   0.0860   1.0161   0.7678   0.0040   0.0000   0.0149   0.1409    0.231
    35   0.2154  -0.2933   0.0000   0.0951   0.0020   0.0728   0.0891   1.0264   0.7755  -0.0024   0.0000   0.0195   0.1385    0.225
    36   0.2299  -0.3130   0.0000   0.0827   0.0015   0.0618   0.0953   1.0038   0.7585  -0.0095   0.0000   0.0271   0.1288    0.214
    37   0.2420  -0.3294   0.0000   0.0724   0.0011   0.0498   0.1039   0.9259   0.6996  -0.0169   0.0000   0.0378   0.1082    0.196
    38   0.2513  -0.3421   0.0000   0.0644   0.0007   0.0366   0.1114   0.7670   0.5795  -0.0231   0.0000   0.0479   0.0760    0.167
    39   0.2576  -0.3507   0.0000   0.0590   0.0004   0.0224   0.1129   0.5132   0.3877  -0.0239   0.0000   0.0463   0.0391    0.131
    40   0.2608  -0.3551   0.0000   0.0562   0.0001   0.0075   0.1073   0.1817   0.1373  -0.0153   0.0000   0.0204   0.0104    0.102
 ---------------------------------------------------------------
