 ---------------------------------------------------------------
 Surface and Strip Forces by surface

  Sref = 0.11560       Cref = 0.15090       Bref = 0.81280    
  Xref = 0.10920       Yref =  0.0000       Zref =  0.0000    

  Surface # 1     Wing                                    
     # Chordwise = 10   # Spanwise = 20     First strip =  1
     Surface area Ssurf =    0.057810     Ave. chord Cave =    0.142250

 Forces referred to Sref, Cref, Bref about Xref, Yref, Zref
 Standard axis orientation,  X fwd, Z down         
     CLsurf  =   0.31422     Clsurf  =  -0.06745
     CYsurf  =   0.00397     Cmsurf  =  -0.00859
     CDsurf  =   0.01189     Cnsurf  =  -0.00843
     CDisurf =   0.01189     CDvsurf =   0.00000

 Forces referred to Ssurf, Cave 
     CLsurf  =   0.62834     CDsurf  =   0.02378

 Strip Forces referred to Strip Area, Chord
    j     Xle      Yle      Zle      Chord    Area     c_cl     ai     cl_norm    cl       cd       cdv    cm_c/4     cm_LE   C.P.x/c
     1   0.0003   0.0006   0.0000   0.2030   0.0005   0.1106   0.0637   0.5865   0.5191   0.2202   0.0000  -0.0170  -0.1402    0.283
     2   0.0025   0.0056   0.0000   0.2015   0.0015   0.1106   0.0639   0.6178   0.5468   0.0528   0.0000  -0.0153  -0.1396    0.278
     3   0.0068   0.0155   0.0000   0.1986   0.0024   0.1106   0.0649   0.6286   0.5564   0.0432   0.0000  -0.0110  -0.1376    0.270
     4   0.0131   0.0299   0.0000   0.1942   0.0032   0.1105   0.0663   0.6432   0.5693   0.0380   0.0000  -0.0060  -0.1357    0.260
     5   0.0214   0.0487   0.0000   0.1886   0.0039   0.1102   0.0675   0.6615   0.5854   0.0335   0.0000  -0.0014  -0.1351    0.252
     6   0.0313   0.0712   0.0000   0.1818   0.0044   0.1095   0.0682   0.6824   0.6040   0.0296   0.0000   0.0020  -0.1360    0.247
     7   0.0426   0.0970   0.0000   0.1741   0.0047   0.1082   0.0684   0.7048   0.6238   0.0264   0.0000   0.0045  -0.1381    0.243
     8   0.0551   0.1254   0.0000   0.1656   0.0049   0.1061   0.0680   0.7274   0.6438   0.0236   0.0000   0.0062  -0.1410    0.240
     9   0.0684   0.1558   0.0000   0.1565   0.0049   0.1032   0.0674   0.7489   0.6629   0.0212   0.0000   0.0073  -0.1442    0.239
    10   0.0822   0.1873   0.0000   0.1470   0.0047   0.0994   0.0669   0.7681   0.6799   0.0190   0.0000   0.0082  -0.1472    0.238
    11   0.0962   0.2191   0.0000   0.1375   0.0044   0.0947   0.0669   0.7834   0.6934   0.0170   0.0000   0.0092  -0.1493    0.237
    12   0.1100   0.2506   0.0000   0.1280   0.0040   0.0892   0.0679   0.7928   0.7017   0.0150   0.0000   0.0104  -0.1500    0.235
    13   0.1233   0.2810   0.0000   0.1189   0.0035   0.0829   0.0704   0.7933   0.7021   0.0132   0.0000   0.0123  -0.1483    0.233
    14   0.1358   0.3094   0.0000   0.1104   0.0030   0.0757   0.0749   0.7808   0.6910   0.0114   0.0000   0.0152  -0.1431    0.228
    15   0.1471   0.3352   0.0000   0.1027   0.0025   0.0675   0.0817   0.7491   0.6630   0.0096   0.0000   0.0195  -0.1327    0.221
    16   0.1570   0.3577   0.0000   0.0959   0.0020   0.0581   0.0903   0.6905   0.6111   0.0075   0.0000   0.0256  -0.1154    0.208
    17   0.1653   0.3765   0.0000   0.0903   0.0015   0.0473   0.0987   0.5966   0.5281   0.0051   0.0000   0.0322  -0.0904    0.189
    18   0.1716   0.3909   0.0000   0.0859   0.0010   0.0349   0.1037   0.4630   0.4098   0.0024   0.0000   0.0358  -0.0602    0.163
    19   0.1759   0.4008   0.0000   0.0830   0.0006   0.0213   0.1027   0.2931   0.2594   0.0001   0.0000   0.0305  -0.0309    0.133
    20   0.1781   0.4058   0.0000   0.0815   0.0002   0.0071   0.0969   0.1003   0.0888  -0.0021   0.0000   0.0124  -0.0087    0.111

  Surface # 2     Wing (YDUP)                             
     # Chordwise = 10   # Spanwise = 20     First strip = 21
     Surface area Ssurf =    0.057810     Ave. chord Cave =    0.142250

 Forces referred to Sref, Cref, Bref about Xref, Yref, Zref
 Standard axis orientation,  X fwd, Z down         
     CLsurf  =   0.31422     Clsurf  =   0.06745
     CYsurf  =  -0.00397     Cmsurf  =  -0.00859
     CDsurf  =   0.01189     Cnsurf  =   0.00843
     CDisurf =   0.01189     CDvsurf =   0.00000

 Forces referred to Ssurf, Cave 
     CLsurf  =   0.62834     CDsurf  =   0.02378

 Strip Forces referred to Strip Area, Chord
    j     Xle      Yle      Zle      Chord    Area     c_cl     ai     cl_norm    cl       cd       cdv    cm_c/4     cm_LE   C.P.x/c
    21   0.0003  -0.0006   0.0000   0.2030   0.0005   0.1106   0.0637   0.5865   0.5191   0.2202   0.0000  -0.0170   0.1402    0.283
    22   0.0025  -0.0056   0.0000   0.2015   0.0015   0.1106   0.0639   0.6178   0.5468   0.0528   0.0000  -0.0153   0.1396    0.278
    23   0.0068  -0.0155   0.0000   0.1986   0.0024   0.1106   0.0649   0.6286   0.5564   0.0432   0.0000  -0.0110   0.1376    0.270
    24   0.0131  -0.0299   0.0000   0.1942   0.0032   0.1105   0.0663   0.6432   0.5693   0.0380   0.0000  -0.0060   0.1357    0.260
    25   0.0214  -0.0487   0.0000   0.1886   0.0039   0.1102   0.0675   0.6615   0.5854   0.0335   0.0000  -0.0014   0.1351    0.252
    26   0.0313  -0.0712   0.0000   0.1818   0.0044   0.1095   0.0682   0.6824   0.6040   0.0296   0.0000   0.0020   0.1360    0.247
    27   0.0426  -0.0970   0.0000   0.1741   0.0047   0.1082   0.0684   0.7048   0.6238   0.0264   0.0000   0.0045   0.1381    0.243
    28   0.0551  -0.1254   0.0000   0.1656   0.0049   0.1061   0.0680   0.7274   0.6438   0.0236   0.0000   0.0062   0.1410    0.240
    29   0.0684  -0.1558   0.0000   0.1565   0.0049   0.1032   0.0674   0.7489   0.6629   0.0212   0.0000   0.0073   0.1442    0.239
    30   0.0822  -0.1873   0.0000   0.1470   0.0047   0.0994   0.0669   0.7681   0.6799   0.0190   0.0000   0.0082   0.1472    0.238
    31   0.0962  -0.2191   0.0000   0.1375   0.0044   0.0947   0.0669   0.7834   0.6934   0.0170   0.0000   0.0092   0.1493    0.237
    32   0.1100  -0.2506   0.0000   0.1280   0.0040   0.0892   0.0679   0.7928   0.7017   0.0150   0.0000   0.0104   0.1500    0.235
    33   0.1233  -0.2810   0.0000   0.1189   0.0035   0.0829   0.0704   0.7933   0.7021   0.0132   0.0000   0.0123   0.1483    0.233
    34   0.1358  -0.3094   0.0000   0.1104   0.0030   0.0757   0.0749   0.7808   0.6910   0.0114   0.0000   0.0152   0.1431    0.228
    35   0.1471  -0.3352   0.0000   0.1027   0.0025   0.0675   0.0817   0.7491   0.6630   0.0096   0.0000   0.0195   0.1327    0.221
    36   0.1570  -0.3577   0.0000   0.0959   0.0020   0.0581   0.0903   0.6905   0.6111   0.0075   0.0000   0.0256   0.1154    0.208
    37   0.1653  -0.3765   0.0000   0.0903   0.0015   0.0473   0.0987   0.5966   0.5281   0.0051   0.0000   0.0322   0.0904    0.189
    38   0.1716  -0.3909   0.0000   0.0859   0.0010   0.0349   0.1037   0.4630   0.4098   0.0024   0.0000   0.0358   0.0602    0.163
    39   0.1759  -0.4008   0.0000   0.0830   0.0006   0.0213   0.1027   0.2931   0.2594   0.0001   0.0000   0.0305   0.0309    0.133
    40   0.1781  -0.4058   0.0000   0.0815   0.0002   0.0071   0.0969   0.1003   0.0888  -0.0021   0.0000   0.0124   0.0087    0.111
 ---------------------------------------------------------------
