 ---------------------------------------------------------------
 Surface and Strip Forces by surface

  Sref = 0.24770       Cref = 0.30480       Bref = 0.81280    
  Xref = 0.10920       Yref =  0.0000       Zref =  0.0000    

  Surface # 1     Wing                                    
     # Chordwise = 10   # Spanwise = 20     First strip =  1
     Surface area Ssurf =    0.123871     Ave. chord Cave =    0.304800

 Forces referred to Sref, Cref, Bref about Xref, Yref, Zref
 Standard axis orientation,  X fwd, Z down         
     CLsurf  =   0.14665     Clsurf  =  -0.03193
     CYsurf  =   0.00367     Cmsurf  =  -0.01796
     CDsurf  =   0.00564     Cnsurf  =  -0.00390
     CDisurf =   0.00564     CDvsurf =   0.00000

 Forces referred to Ssurf, Cave 
     CLsurf  =   0.29324     CDsurf  =   0.01128

 Strip Forces referred to Strip Area, Chord
    j     Xle      Yle      Zle      Chord    Area     c_cl     ai     cl_norm    cl       cd       cdv    cm_c/4     cm_LE   C.P.x/c
     1   0.0003   0.0006   0.0000   0.3048   0.0008   0.1069   0.0549   0.4078   0.3356   0.1790   0.0000  -0.0131  -0.0913    0.289
     2   0.0026   0.0056   0.0000   0.3048   0.0023   0.1069   0.0530   0.4245   0.3493   0.0299   0.0000  -0.0122  -0.0905    0.285
     3   0.0072   0.0155   0.0000   0.3048   0.0037   0.1069   0.0533   0.4254   0.3501   0.0217   0.0000  -0.0095  -0.0880    0.277
     4   0.0140   0.0299   0.0000   0.3048   0.0051   0.1069   0.0550   0.4259   0.3505   0.0195   0.0000  -0.0057  -0.0846    0.266
     5   0.0227   0.0487   0.0000   0.3048   0.0063   0.1070   0.0575   0.4264   0.3509   0.0176   0.0000  -0.0017  -0.0811    0.255
     6   0.0332   0.0712   0.0000   0.3048   0.0074   0.1069   0.0603   0.4264   0.3509   0.0158   0.0000   0.0018  -0.0778    0.245
     7   0.0452   0.0970   0.0000   0.3048   0.0083   0.1066   0.0634   0.4251   0.3499   0.0142   0.0000   0.0050  -0.0747    0.236
     8   0.0585   0.1254   0.0000   0.3048   0.0090   0.1057   0.0666   0.4218   0.3471   0.0128   0.0000   0.0077  -0.0716    0.228
     9   0.0726   0.1558   0.0000   0.3048   0.0095   0.1041   0.0699   0.4156   0.3420   0.0116   0.0000   0.0102  -0.0682    0.220
    10   0.0873   0.1873   0.0000   0.3048   0.0097   0.1016   0.0733   0.4057   0.3338   0.0105   0.0000   0.0126  -0.0641    0.212
    11   0.1022   0.2191   0.0000   0.3048   0.0097   0.0979   0.0767   0.3911   0.3218   0.0094   0.0000   0.0151  -0.0592    0.203
    12   0.1169   0.2506   0.0000   0.3048   0.0095   0.0929   0.0799   0.3712   0.3055   0.0083   0.0000   0.0176  -0.0531    0.192
    13   0.1310   0.2810   0.0000   0.3048   0.0090   0.0865   0.0826   0.3454   0.2842   0.0071   0.0000   0.0201  -0.0460    0.179
    14   0.1443   0.3094   0.0000   0.3048   0.0083   0.0784   0.0844   0.3133   0.2578   0.0058   0.0000   0.0224  -0.0380    0.163
    15   0.1563   0.3352   0.0000   0.3048   0.0074   0.0688   0.0848   0.2751   0.2264   0.0044   0.0000   0.0240  -0.0294    0.144
    16   0.1668   0.3577   0.0000   0.3048   0.0063   0.0579   0.0835   0.2314   0.1904   0.0030   0.0000   0.0243  -0.0210    0.122
    17   0.1755   0.3765   0.0000   0.3048   0.0051   0.0458   0.0805   0.1833   0.1508   0.0017   0.0000   0.0227  -0.0135    0.099
    18   0.1823   0.3909   0.0000   0.3048   0.0037   0.0330   0.0760   0.1322   0.1088   0.0004   0.0000   0.0188  -0.0075    0.077
    19   0.1869   0.4008   0.0000   0.3048   0.0023   0.0199   0.0710   0.0797   0.0656  -0.0008   0.0000   0.0125  -0.0035    0.060
    20   0.1892   0.4058   0.0000   0.3048   0.0008   0.0066   0.0681   0.0267   0.0220  -0.0014   0.0000   0.0044  -0.0010    0.051

  Surface # 2     Wing (YDUP)                             
     # Chordwise = 10   # Spanwise = 20     First strip = 21
     Surface area Ssurf =    0.123871     Ave. chord Cave =    0.304800

 Forces referred to Sref, Cref, Bref about Xref, Yref, Zref
 Standard axis orientation,  X fwd, Z down         
     CLsurf  =   0.14665     Clsurf  =   0.03193
     CYsurf  =  -0.00367     Cmsurf  =  -0.01796
     CDsurf  =   0.00564     Cnsurf  =   0.00390
     CDisurf =   0.00564     CDvsurf =   0.00000

 Forces referred to Ssurf, Cave 
     CLsurf  =   0.29324     CDsurf  =   0.01128

 Strip Forces referred to Strip Area, Chord
    j     Xle      Yle      Zle      Chord    Area     c_cl     ai     cl_norm    cl       cd       cdv    cm_c/4     cm_LE   C.P.x/c
    21   0.0003  -0.0006   0.0000   0.3048   0.0008   0.1069   0.0549   0.4078   0.3356   0.1790   0.0000  -0.0131   0.0913    0.289
    22   0.0026  -0.0056   0.0000   0.3048   0.0023   0.1069   0.0530   0.4245   0.3493   0.0299   0.0000  -0.0122   0.0905    0.285
    23   0.0072  -0.0155   0.0000   0.3048   0.0037   0.1069   0.0533   0.4254   0.3501   0.0217   0.0000  -0.0095   0.0880    0.277
    24   0.0140  -0.0299   0.0000   0.3048   0.0051   0.1069   0.0550   0.4259   0.3505   0.0195   0.0000  -0.0057   0.0846    0.266
    25   0.0227  -0.0487   0.0000   0.3048   0.0063   0.1070   0.0575   0.4264   0.3509   0.0176   0.0000  -0.0017   0.0811    0.255
    26   0.0332  -0.0712   0.0000   0.3048   0.0074   0.1069   0.0603   0.4264   0.3509   0.0158   0.0000   0.0018   0.0778    0.245
    27   0.0452  -0.0970   0.0000   0.3048   0.0083   0.1066   0.0634   0.4251   0.3499   0.0142   0.0000   0.0050   0.0747    0.236
    28   0.0585  -0.1254   0.0000   0.3048   0.0090   0.1057   0.0666   0.4218   0.3471   0.0128   0.0000   0.0077   0.0716    0.228
    29   0.0726  -0.1558   0.0000   0.3048   0.0095   0.1041   0.0699   0.4156   0.3420   0.0116   0.0000   0.0102   0.0682    0.220
    30   0.0873  -0.1873   0.0000   0.3048   0.0097   0.1016   0.0733   0.4057   0.3338   0.0105   0.0000   0.0126   0.0641    0.212
    31   0.1022  -0.2191   0.0000   0.3048   0.0097   0.0979   0.0767   0.3911   0.3218   0.0094   0.0000   0.0151   0.0592    0.203
    32   0.1169  -0.2506   0.0000   0.3048   0.0095   0.0929   0.0799   0.3712   0.3055   0.0083   0.0000   0.0176   0.0531    0.192
    33   0.1310  -0.2810   0.0000   0.3048   0.0090   0.0865   0.0826   0.3454   0.2842   0.0071   0.0000   0.0201   0.0460    0.179
    34   0.1443  -0.3094   0.0000   0.3048   0.0083   0.0784   0.0844   0.3133   0.2578   0.0058   0.0000   0.0224   0.0380    0.163
    35   0.1563  -0.3352   0.0000   0.3048   0.0074   0.0688   0.0848   0.2751   0.2264   0.0044   0.0000   0.0240   0.0294    0.144
    36   0.1668  -0.3577   0.0000   0.3048   0.0063   0.0579   0.0835   0.2314   0.1904   0.0030   0.0000   0.0243   0.0210    0.122
    37   0.1755  -0.3765   0.0000   0.3048   0.0051   0.0458   0.0805   0.1833   0.1508   0.0017   0.0000   0.0227   0.0135    0.099
    38   0.1823  -0.3909   0.0000   0.3048   0.0037   0.0330   0.0760   0.1322   0.1088   0.0004   0.0000   0.0188   0.0075    0.077
    39   0.1869  -0.4008   0.0000   0.3048   0.0023   0.0199   0.0710   0.0797   0.0656  -0.0008   0.0000   0.0125   0.0035    0.060
    40   0.1892  -0.4058   0.0000   0.3048   0.0008   0.0066   0.0681   0.0267   0.0220  -0.0014   0.0000   0.0044   0.0010    0.051
 ---------------------------------------------------------------
