 ---------------------------------------------------------------
 Surface and Strip Forces by surface

  Sref = 0.13010       Cref = 0.18360       Bref = 0.71120    
  Xref = 0.10920       Yref =  0.0000       Zref =  0.0000    

  Surface # 1     Wing                                    
     # Chordwise = 10   # Spanwise = 20     First strip =  1
     Surface area Ssurf =    0.065039     Ave. chord Cave =    0.182900

 Forces referred to Sref, Cref, Bref about Xref, Yref, Zref
 Standard axis orientation,  X fwd, Z down         
     CLsurf  =   0.27920     Clsurf  =  -0.06147
     CYsurf  =   0.01032     Cmsurf  =  -0.01703
     CDsurf  =   0.01395     Cnsurf  =  -0.01007
     CDisurf =   0.01395     CDvsurf =   0.00000

 Forces referred to Ssurf, Cave 
     CLsurf  =   0.55850     CDsurf  =   0.02790

 Strip Forces referred to Strip Area, Chord
    j     Xle      Yle      Zle      Chord    Area     c_cl     ai     cl_norm    cl       cd       cdv    cm_c/4     cm_LE   C.P.x/c
     1   0.0003   0.0005   0.0000   0.2031   0.0004   0.1186   0.0577   0.6529   0.5389   0.3368   0.0000  -0.0261  -0.1542    0.298
     2   0.0024   0.0049   0.0000   0.2026   0.0013   0.1186   0.0593   0.7047   0.5816   0.0682   0.0000  -0.0242  -0.1528    0.292
     3   0.0067   0.0135   0.0000   0.2017   0.0022   0.1187   0.0628   0.7118   0.5874   0.0538   0.0000  -0.0188  -0.1488    0.282
     4   0.0130   0.0262   0.0000   0.2002   0.0029   0.1190   0.0671   0.7199   0.5942   0.0474   0.0000  -0.0122  -0.1441    0.270
     5   0.0211   0.0426   0.0000   0.1983   0.0036   0.1193   0.0716   0.7298   0.6023   0.0417   0.0000  -0.0060  -0.1402    0.260
     6   0.0308   0.0623   0.0000   0.1961   0.0042   0.1195   0.0759   0.7403   0.6110   0.0369   0.0000  -0.0008  -0.1373    0.251
     7   0.0420   0.0849   0.0000   0.1935   0.0046   0.1194   0.0800   0.7499   0.6189   0.0330   0.0000   0.0032  -0.1353    0.245
     8   0.0543   0.1098   0.0000   0.1907   0.0049   0.1186   0.0839   0.7572   0.6249   0.0298   0.0000   0.0065  -0.1336    0.240
     9   0.0675   0.1363   0.0000   0.1876   0.0051   0.1172   0.0881   0.7604   0.6276   0.0272   0.0000   0.0092  -0.1316    0.235
    10   0.0811   0.1638   0.0000   0.1845   0.0051   0.1148   0.0929   0.7580   0.6256   0.0249   0.0000   0.0119  -0.1287    0.231
    11   0.0949   0.1918   0.0000   0.1813   0.0050   0.1113   0.0984   0.7481   0.6174   0.0228   0.0000   0.0149  -0.1242    0.226
    12   0.1085   0.2193   0.0000   0.1782   0.0048   0.1065   0.1047   0.7285   0.6013   0.0207   0.0000   0.0183  -0.1174    0.220
    13   0.1217   0.2458   0.0000   0.1751   0.0045   0.1001   0.1116   0.6969   0.5752   0.0184   0.0000   0.0225  -0.1078    0.211
    14   0.1340   0.2707   0.0000   0.1723   0.0041   0.0919   0.1185   0.6509   0.5372   0.0157   0.0000   0.0273  -0.0950    0.199
    15   0.1452   0.2933   0.0000   0.1697   0.0036   0.0818   0.1246   0.5885   0.4857   0.0126   0.0000   0.0321  -0.0792    0.184
    16   0.1549   0.3130   0.0000   0.1675   0.0030   0.0698   0.1285   0.5090   0.4201   0.0091   0.0000   0.0358  -0.0612    0.165
    17   0.1630   0.3294   0.0000   0.1656   0.0024   0.0560   0.1296   0.4133   0.3411   0.0056   0.0000   0.0367  -0.0428    0.142
    18   0.1693   0.3421   0.0000   0.1641   0.0018   0.0408   0.1274   0.3041   0.2510   0.0024   0.0000   0.0329  -0.0262    0.119
    19   0.1736   0.3507   0.0000   0.1632   0.0011   0.0247   0.1226   0.1858   0.1533  -0.0004   0.0000   0.0232  -0.0132    0.099
    20   0.1757   0.3551   0.0000   0.1627   0.0004   0.0083   0.1185   0.0628   0.0519  -0.0029   0.0000   0.0084  -0.0039    0.089

  Surface # 2     Wing (YDUP)                             
     # Chordwise = 10   # Spanwise = 20     First strip = 21
     Surface area Ssurf =    0.065039     Ave. chord Cave =    0.182900

 Forces referred to Sref, Cref, Bref about Xref, Yref, Zref
 Standard axis orientation,  X fwd, Z down         
     CLsurf  =   0.27920     Clsurf  =   0.06147
     CYsurf  =  -0.01032     Cmsurf  =  -0.01703
     CDsurf  =   0.01395     Cnsurf  =   0.01007
     CDisurf =   0.01395     CDvsurf =   0.00000

 Forces referred to Ssurf, Cave 
     CLsurf  =   0.55850     CDsurf  =   0.02790

 Strip Forces referred to Strip Area, Chord
    j     Xle      Yle      Zle      Chord    Area     c_cl     ai     cl_norm    cl       cd       cdv    cm_c/4     cm_LE   C.P.x/c
    21   0.0003  -0.0005   0.0000   0.2031   0.0004   0.1186   0.0577   0.6529   0.5389   0.3368   0.0000  -0.0261   0.1542    0.298
    22   0.0024  -0.0049   0.0000   0.2026   0.0013   0.1186   0.0593   0.7047   0.5816   0.0682   0.0000  -0.0242   0.1528    0.292
    23   0.0067  -0.0135   0.0000   0.2017   0.0022   0.1187   0.0628   0.7118   0.5874   0.0538   0.0000  -0.0188   0.1488    0.282
    24   0.0130  -0.0262   0.0000   0.2002   0.0029   0.1190   0.0671   0.7199   0.5942   0.0474   0.0000  -0.0122   0.1441    0.270
    25   0.0211  -0.0426   0.0000   0.1983   0.0036   0.1193   0.0716   0.7298   0.6023   0.0417   0.0000  -0.0060   0.1402    0.260
    26   0.0308  -0.0623   0.0000   0.1961   0.0042   0.1195   0.0759   0.7403   0.6110   0.0369   0.0000  -0.0008   0.1373    0.251
    27   0.0420  -0.0849   0.0000   0.1935   0.0046   0.1194   0.0800   0.7499   0.6189   0.0330   0.0000   0.0032   0.1353    0.245
    28   0.0543  -0.1098   0.0000   0.1907   0.0049   0.1186   0.0839   0.7572   0.6249   0.0298   0.0000   0.0065   0.1336    0.240
    29   0.0675  -0.1363   0.0000   0.1876   0.0051   0.1172   0.0881   0.7604   0.6276   0.0272   0.0000   0.0092   0.1316    0.235
    30   0.0811  -0.1638   0.0000   0.1845   0.0051   0.1148   0.0929   0.7580   0.6256   0.0249   0.0000   0.0119   0.1287    0.231
    31   0.0949  -0.1918   0.0000   0.1813   0.0050   0.1113   0.0984   0.7481   0.6174   0.0228   0.0000   0.0149   0.1242    0.226
    32   0.1085  -0.2193   0.0000   0.1782   0.0048   0.1065   0.1047   0.7285   0.6013   0.0207   0.0000   0.0183   0.1174    0.220
    33   0.1217  -0.2458   0.0000   0.1751   0.0045   0.1001   0.1116   0.6969   0.5752   0.0184   0.0000   0.0225   0.1078    0.211
    34   0.1340  -0.2707   0.0000   0.1723   0.0041   0.0919   0.1185   0.6509   0.5372   0.0157   0.0000   0.0273   0.0950    0.199
    35   0.1452  -0.2933   0.0000   0.1697   0.0036   0.0818   0.1246   0.5885   0.4857   0.0126   0.0000   0.0321   0.0792    0.184
    36   0.1549  -0.3130   0.0000   0.1675   0.0030   0.0698   0.1285   0.5090   0.4201   0.0091   0.0000   0.0358   0.0612    0.165
    37   0.1630  -0.3294   0.0000   0.1656   0.0024   0.0560   0.1296   0.4133   0.3411   0.0056   0.0000   0.0367   0.0428    0.142
    38   0.1693  -0.3421   0.0000   0.1641   0.0018   0.0408   0.1274   0.3041   0.2510   0.0024   0.0000   0.0329   0.0262    0.119
    39   0.1736  -0.3507   0.0000   0.1632   0.0011   0.0247   0.1226   0.1858   0.1533  -0.0004   0.0000   0.0232   0.0132    0.099
    40   0.1757  -0.3551   0.0000   0.1627   0.0004   0.0083   0.1185   0.0628   0.0519  -0.0029   0.0000   0.0084   0.0039    0.089
 ---------------------------------------------------------------
