 ---------------------------------------------------------------
 Surface and Strip Forces by surface

  Sref = 0.14860       Cref = 0.18670       Bref = 0.81280    
  Xref = 0.10920       Yref =  0.0000       Zref =  0.0000    

  Surface # 1     Wing                                    
     # Chordwise = 10   # Spanwise = 20     First strip =  1
     Surface area Ssurf =    0.074331     Ave. chord Cave =    0.182900

 Forces referred to Sref, Cref, Bref about Xref, Yref, Zref
 Standard axis orientation,  X fwd, Z down         
     CLsurf  =   0.24444     Clsurf  =  -0.05388
     CYsurf  =   0.00800     Cmsurf  =  -0.06465
     CDsurf  =   0.00949     Cnsurf  =  -0.00783
     CDisurf =   0.00949     CDvsurf =   0.00000

 Forces referred to Ssurf, Cave 
     CLsurf  =   0.48869     CDsurf  =   0.01897

 Strip Forces referred to Strip Area, Chord
    j     Xle      Yle      Zle      Chord    Area     c_cl     ai     cl_norm    cl       cd       cdv    cm_c/4     cm_LE   C.P.x/c
     1   0.0004   0.0006   0.0000   0.2285   0.0006   0.1042   0.0454   0.5695   0.4292   0.2451   0.0000  -0.0265  -0.1187    0.312
     2   0.0036   0.0056   0.0000   0.2273   0.0017   0.1043   0.0461   0.6054   0.4562   0.0479   0.0000  -0.0246  -0.1176    0.304
     3   0.0098   0.0155   0.0000   0.2251   0.0027   0.1044   0.0489   0.6138   0.4626   0.0383   0.0000  -0.0193  -0.1142    0.292
     4   0.0190   0.0299   0.0000   0.2219   0.0037   0.1047   0.0525   0.6252   0.4711   0.0339   0.0000  -0.0129  -0.1105    0.277
     5   0.0308   0.0487   0.0000   0.2177   0.0045   0.1049   0.0562   0.6397   0.4821   0.0296   0.0000  -0.0070  -0.1077    0.264
     6   0.0451   0.0712   0.0000   0.2126   0.0052   0.1050   0.0593   0.6563   0.4946   0.0258   0.0000  -0.0022  -0.1062    0.254
     7   0.0615   0.0970   0.0000   0.2068   0.0056   0.1047   0.0620   0.6735   0.5076   0.0226   0.0000   0.0014  -0.1058    0.247
     8   0.0795   0.1254   0.0000   0.2004   0.0059   0.1039   0.0643   0.6900   0.5200   0.0199   0.0000   0.0040  -0.1061    0.242
     9   0.0987   0.1558   0.0000   0.1936   0.0060   0.1024   0.0665   0.7042   0.5307   0.0176   0.0000   0.0061  -0.1065    0.239
    10   0.1186   0.1873   0.0000   0.1865   0.0059   0.1000   0.0692   0.7148   0.5387   0.0157   0.0000   0.0079  -0.1066    0.235
    11   0.1389   0.2191   0.0000   0.1793   0.0057   0.0968   0.0726   0.7198   0.5424   0.0139   0.0000   0.0099  -0.1057    0.232
    12   0.1588   0.2506   0.0000   0.1722   0.0053   0.0926   0.0771   0.7169   0.5403   0.0121   0.0000   0.0123  -0.1031    0.227
    13   0.1780   0.2810   0.0000   0.1654   0.0049   0.0872   0.0829   0.7032   0.5299   0.0103   0.0000   0.0156  -0.0981    0.221
    14   0.1960   0.3094   0.0000   0.1590   0.0043   0.0804   0.0898   0.6748   0.5085   0.0082   0.0000   0.0200  -0.0899    0.211
    15   0.2124   0.3352   0.0000   0.1532   0.0037   0.0720   0.0968   0.6274   0.4728   0.0057   0.0000   0.0255  -0.0777    0.196
    16   0.2267   0.3577   0.0000   0.1481   0.0031   0.0618   0.1026   0.5572   0.4199   0.0028   0.0000   0.0312  -0.0617    0.176
    17   0.2385   0.3765   0.0000   0.1439   0.0024   0.0498   0.1053   0.4629   0.3488  -0.0001   0.0000   0.0351  -0.0434    0.149
    18   0.2477   0.3909   0.0000   0.1407   0.0017   0.0364   0.1038   0.3464   0.2611  -0.0025   0.0000   0.0342  -0.0257    0.119
    19   0.2539   0.4008   0.0000   0.1385   0.0010   0.0221   0.0985   0.2137   0.1610  -0.0038   0.0000   0.0258  -0.0119    0.090
    20   0.2571   0.4058   0.0000   0.1373   0.0003   0.0074   0.0928   0.0724   0.0546  -0.0040   0.0000   0.0096  -0.0032    0.074

  Surface # 2     Wing (YDUP)                             
     # Chordwise = 10   # Spanwise = 20     First strip = 21
     Surface area Ssurf =    0.074331     Ave. chord Cave =    0.182900

 Forces referred to Sref, Cref, Bref about Xref, Yref, Zref
 Standard axis orientation,  X fwd, Z down         
     CLsurf  =   0.24444     Clsurf  =   0.05388
     CYsurf  =  -0.00800     Cmsurf  =  -0.06465
     CDsurf  =   0.00949     Cnsurf  =   0.00783
     CDisurf =   0.00949     CDvsurf =   0.00000

 Forces referred to Ssurf, Cave 
     CLsurf  =   0.48869     CDsurf  =   0.01897

 Strip Forces referred to Strip Area, Chord
    j     Xle      Yle      Zle      Chord    Area     c_cl     ai     cl_norm    cl       cd       cdv    cm_c/4     cm_LE   C.P.x/c
    21   0.0004  -0.0006   0.0000   0.2285   0.0006   0.1042   0.0454   0.5695   0.4292   0.2451   0.0000  -0.0265   0.1187    0.312
    22   0.0036  -0.0056   0.0000   0.2273   0.0017   0.1043   0.0461   0.6054   0.4562   0.0479   0.0000  -0.0246   0.1176    0.304
    23   0.0098  -0.0155   0.0000   0.2251   0.0027   0.1044   0.0489   0.6138   0.4626   0.0383   0.0000  -0.0193   0.1142    0.292
    24   0.0190  -0.0299   0.0000   0.2219   0.0037   0.1047   0.0525   0.6252   0.4711   0.0339   0.0000  -0.0129   0.1105    0.277
    25   0.0308  -0.0487   0.0000   0.2177   0.0045   0.1049   0.0562   0.6397   0.4821   0.0296   0.0000  -0.0070   0.1077    0.264
    26   0.0451  -0.0712   0.0000   0.2126   0.0052   0.1050   0.0593   0.6563   0.4946   0.0258   0.0000  -0.0022   0.1062    0.254
    27   0.0615  -0.0970   0.0000   0.2068   0.0056   0.1047   0.0620   0.6735   0.5076   0.0226   0.0000   0.0014   0.1058    0.247
    28   0.0795  -0.1254   0.0000   0.2004   0.0059   0.1039   0.0643   0.6900   0.5200   0.0199   0.0000   0.0040   0.1061    0.242
    29   0.0987  -0.1558   0.0000   0.1936   0.0060   0.1024   0.0665   0.7042   0.5307   0.0176   0.0000   0.0061   0.1065    0.239
    30   0.1186  -0.1873   0.0000   0.1865   0.0059   0.1000   0.0692   0.7148   0.5387   0.0157   0.0000   0.0079   0.1066    0.235
    31   0.1389  -0.2191   0.0000   0.1793   0.0057   0.0968   0.0726   0.7198   0.5424   0.0139   0.0000   0.0099   0.1057    0.232
    32   0.1588  -0.2506   0.0000   0.1722   0.0053   0.0926   0.0771   0.7169   0.5403   0.0121   0.0000   0.0123   0.1031    0.227
    33   0.1780  -0.2810   0.0000   0.1654   0.0049   0.0872   0.0829   0.7032   0.5299   0.0103   0.0000   0.0156   0.0981    0.221
    34   0.1960  -0.3094   0.0000   0.1590   0.0043   0.0804   0.0898   0.6748   0.5085   0.0082   0.0000   0.0200   0.0899    0.211
    35   0.2124  -0.3352   0.0000   0.1532   0.0037   0.0720   0.0968   0.6274   0.4728   0.0057   0.0000   0.0255   0.0777    0.196
    36   0.2267  -0.3577   0.0000   0.1481   0.0031   0.0618   0.1026   0.5572   0.4199   0.0028   0.0000   0.0312   0.0617    0.176
    37   0.2385  -0.3765   0.0000   0.1439   0.0024   0.0498   0.1053   0.4629   0.3488  -0.0001   0.0000   0.0351   0.0434    0.149
    38   0.2477  -0.3909   0.0000   0.1407   0.0017   0.0364   0.1038   0.3464   0.2611  -0.0025   0.0000   0.0342   0.0257    0.119
    39   0.2539  -0.4008   0.0000   0.1385   0.0010   0.0221   0.0985   0.2137   0.1610  -0.0038   0.0000   0.0258   0.0119    0.090
    40   0.2571  -0.4058   0.0000   0.1373   0.0003   0.0074   0.0928   0.0724   0.0546  -0.0040   0.0000   0.0096   0.0032    0.074
 ---------------------------------------------------------------
