 ---------------------------------------------------------------
 Surface and Strip Forces by surface

  Sref = 0.14860       Cref = 0.21000       Bref = 0.81280    
  Xref = 0.10920       Yref =  0.0000       Zref =  0.0000    

  Surface # 1     Wing                                    
     # Chordwise = 10   # Spanwise = 20     First strip =  1
     Surface area Ssurf =    0.074331     Ave. chord Cave =    0.182900

 Forces referred to Sref, Cref, Bref about Xref, Yref, Zref
 Standard axis orientation,  X fwd, Z down         
     CLsurf  =   0.24444     Clsurf  =  -0.05159
     CYsurf  =   0.00112     Cmsurf  =  -0.07645
     CDsurf  =   0.00967     Cnsurf  =  -0.00601
     CDisurf =   0.00967     CDvsurf =   0.00000

 Forces referred to Ssurf, Cave 
     CLsurf  =   0.48869     CDsurf  =   0.01934

 Strip Forces referred to Strip Area, Chord
    j     Xle      Yle      Zle      Chord    Area     c_cl     ai     cl_norm    cl       cd       cdv    cm_c/4     cm_LE   C.P.x/c
     1   0.0005   0.0006   0.0000   0.3044   0.0008   0.1143   0.0714   0.4643   0.3496   0.2344   0.0000  -0.0172  -0.0898    0.299
     2   0.0041   0.0056   0.0000   0.3014   0.0022   0.1143   0.0711   0.5000   0.3766   0.0435   0.0000  -0.0163  -0.0898    0.293
     3   0.0113   0.0155   0.0000   0.2955   0.0036   0.1142   0.0713   0.5115   0.3852   0.0337   0.0000  -0.0133  -0.0889    0.284
     4   0.0218   0.0299   0.0000   0.2868   0.0048   0.1140   0.0719   0.5267   0.3967   0.0309   0.0000  -0.0091  -0.0877    0.273
     5   0.0354   0.0487   0.0000   0.2756   0.0057   0.1135   0.0725   0.5466   0.4116   0.0281   0.0000  -0.0048  -0.0872    0.262
     6   0.0518   0.0712   0.0000   0.2621   0.0064   0.1126   0.0729   0.5706   0.4298   0.0252   0.0000  -0.0010  -0.0877    0.252
     7   0.0706   0.0970   0.0000   0.2466   0.0067   0.1110   0.0727   0.5983   0.4506   0.0225   0.0000   0.0021  -0.0893    0.245
     8   0.0912   0.1254   0.0000   0.2295   0.0068   0.1085   0.0721   0.6288   0.4735   0.0199   0.0000   0.0043  -0.0920    0.241
     9   0.1133   0.1558   0.0000   0.2114   0.0066   0.1050   0.0709   0.6614   0.4981   0.0173   0.0000   0.0060  -0.0955    0.238
    10   0.1362   0.1873   0.0000   0.1925   0.0061   0.1004   0.0693   0.6954   0.5237   0.0146   0.0000   0.0072  -0.0996    0.236
    11   0.1594   0.2191   0.0000   0.1733   0.0055   0.0948   0.0676   0.7297   0.5495   0.0119   0.0000   0.0082  -0.1039    0.235
    12   0.1823   0.2506   0.0000   0.1544   0.0048   0.0882   0.0660   0.7629   0.5745   0.0089   0.0000   0.0092  -0.1081    0.234
    13   0.2044   0.2810   0.0000   0.1363   0.0040   0.0808   0.0650   0.7927   0.5970   0.0056   0.0000   0.0105  -0.1114    0.232
    14   0.2250   0.3094   0.0000   0.1192   0.0032   0.0727   0.0654   0.8152   0.6139   0.0020   0.0000   0.0126  -0.1130    0.229
    15   0.2438   0.3352   0.0000   0.1037   0.0025   0.0638   0.0679   0.8235   0.6202  -0.0020   0.0000   0.0162  -0.1113    0.224
    16   0.2602   0.3577   0.0000   0.0902   0.0019   0.0543   0.0732   0.8057   0.6068  -0.0064   0.0000   0.0221  -0.1038    0.214
    17   0.2738   0.3765   0.0000   0.0790   0.0013   0.0438   0.0804   0.7436   0.5600  -0.0109   0.0000   0.0308  -0.0872    0.195
    18   0.2843   0.3909   0.0000   0.0703   0.0009   0.0322   0.0865   0.6158   0.4638  -0.0147   0.0000   0.0394  -0.0608    0.165
    19   0.2915   0.4008   0.0000   0.0644   0.0005   0.0197   0.0865   0.4111   0.3096  -0.0151   0.0000   0.0386  -0.0305    0.125
    20   0.2951   0.4058   0.0000   0.0614   0.0002   0.0066   0.0797   0.1447   0.1090  -0.0095   0.0000   0.0172  -0.0077    0.092

  Surface # 2     Wing (YDUP)                             
     # Chordwise = 10   # Spanwise = 20     First strip = 21
     Surface area Ssurf =    0.074331     Ave. chord Cave =    0.182900

 Forces referred to Sref, Cref, Bref about Xref, Yref, Zref
 Standard axis orientation,  X fwd, Z down         
     CLsurf  =   0.24444     Clsurf  =   0.05159
     CYsurf  =  -0.00112     Cmsurf  =  -0.07645
     CDsurf  =   0.00967     Cnsurf  =   0.00601
     CDisurf =   0.00967     CDvsurf =   0.00000

 Forces referred to Ssurf, Cave 
     CLsurf  =   0.48869     CDsurf  =   0.01934

 Strip Forces referred to Strip Area, Chord
    j     Xle      Yle      Zle      Chord    Area     c_cl     ai     cl_norm    cl       cd       cdv    cm_c/4     cm_LE   C.P.x/c
    21   0.0005  -0.0006   0.0000   0.3044   0.0008   0.1143   0.0714   0.4643   0.3496   0.2344   0.0000  -0.0172   0.0898    0.299
    22   0.0041  -0.0056   0.0000   0.3014   0.0022   0.1143   0.0711   0.5000   0.3766   0.0435   0.0000  -0.0163   0.0898    0.293
    23   0.0113  -0.0155   0.0000   0.2955   0.0036   0.1142   0.0713   0.5115   0.3852   0.0337   0.0000  -0.0133   0.0889    0.284
    24   0.0218  -0.0299   0.0000   0.2868   0.0048   0.1140   0.0719   0.5267   0.3967   0.0309   0.0000  -0.0091   0.0877    0.273
    25   0.0354  -0.0487   0.0000   0.2756   0.0057   0.1135   0.0725   0.5466   0.4116   0.0281   0.0000  -0.0048   0.0872    0.262
    26   0.0518  -0.0712   0.0000   0.2621   0.0064   0.1126   0.0729   0.5706   0.4298   0.0252   0.0000  -0.0010   0.0877    0.252
    27   0.0706  -0.0970   0.0000   0.2466   0.0067   0.1110   0.0727   0.5983   0.4506   0.0225   0.0000   0.0021   0.0893    0.245
    28   0.0912  -0.1254   0.0000   0.2295   0.0068   0.1085   0.0721   0.6288   0.4735   0.0199   0.0000   0.0043   0.0920    0.241
    29   0.1133  -0.1558   0.0000   0.2114   0.0066   0.1050   0.0709   0.6614   0.4981   0.0173   0.0000   0.0060   0.0955    0.238
    30   0.1362  -0.1873   0.0000   0.1925   0.0061   0.1004   0.0693   0.6954   0.5237   0.0146   0.0000   0.0072   0.0996    0.236
    31   0.1594  -0.2191   0.0000   0.1733   0.0055   0.0948   0.0676   0.7297   0.5495   0.0119   0.0000   0.0082   0.1039    0.235
    32   0.1823  -0.2506   0.0000   0.1544   0.0048   0.0882   0.0660   0.7629   0.5745   0.0089   0.0000   0.0092   0.1081    0.234
    33   0.2044  -0.2810   0.0000   0.1363   0.0040   0.0808   0.0650   0.7927   0.5970   0.0056   0.0000   0.0105   0.1114    0.232
    34   0.2250  -0.3094   0.0000   0.1192   0.0032   0.0727   0.0654   0.8152   0.6139   0.0020   0.0000   0.0126   0.1130    0.229
    35   0.2438  -0.3352   0.0000   0.1037   0.0025   0.0638   0.0679   0.8235   0.6202  -0.0020   0.0000   0.0162   0.1113    0.224
    36   0.2602  -0.3577   0.0000   0.0902   0.0019   0.0543   0.0732   0.8057   0.6068  -0.0064   0.0000   0.0221   0.1038    0.214
    37   0.2738  -0.3765   0.0000   0.0790   0.0013   0.0438   0.0804   0.7436   0.5600  -0.0109   0.0000   0.0308   0.0872    0.195
    38   0.2843  -0.3909   0.0000   0.0703   0.0009   0.0322   0.0865   0.6158   0.4638  -0.0147   0.0000   0.0394   0.0608    0.165
    39   0.2915  -0.4008   0.0000   0.0644   0.0005   0.0197   0.0865   0.4111   0.3096  -0.0151   0.0000   0.0386   0.0305    0.125
    40   0.2951  -0.4058   0.0000   0.0614   0.0002   0.0066   0.0797   0.1447   0.1090  -0.0095   0.0000   0.0172   0.0077    0.092
 ---------------------------------------------------------------
