 ---------------------------------------------------------------
 Surface and Strip Forces by surface

  Sref = 0.15900       Cref = 0.22820       Bref = 0.71120    
  Xref = 0.10920       Yref =  0.0000       Zref =  0.0000    

  Surface # 1     Wing                                    
     # Chordwise = 10   # Spanwise = 20     First strip =  1
     Surface area Ssurf =    0.079477     Ave. chord Cave =    0.223500

 Forces referred to Sref, Cref, Bref about Xref, Yref, Zref
 Standard axis orientation,  X fwd, Z down         
     CLsurf  =   0.22846     Clsurf  =  -0.04917
     CYsurf  =   0.00089     Cmsurf  =  -0.01065
     CDsurf  =   0.01131     Cnsurf  =  -0.00532
     CDisurf =   0.01131     CDvsurf =   0.00000

 Forces referred to Ssurf, Cave 
     CLsurf  =   0.45705     CDsurf  =   0.02262

 Strip Forces referred to Strip Area, Chord
    j     Xle      Yle      Zle      Chord    Area     c_cl     ai     cl_norm    cl       cd       cdv    cm_c/4     cm_LE   C.P.x/c
     1   0.0002   0.0005   0.0000   0.2792   0.0006   0.1259   0.0829   0.4774   0.4223   0.2458   0.0000  -0.0090  -0.1113    0.271
     2   0.0022   0.0049   0.0000   0.2779   0.0018   0.1259   0.0825   0.5092   0.4505   0.0484   0.0000  -0.0083  -0.1111    0.268
     3   0.0060   0.0135   0.0000   0.2751   0.0029   0.1258   0.0827   0.5158   0.4563   0.0371   0.0000  -0.0060  -0.1100    0.263
     4   0.0116   0.0262   0.0000   0.2712   0.0040   0.1257   0.0833   0.5233   0.4630   0.0337   0.0000  -0.0027  -0.1084    0.256
     5   0.0189   0.0426   0.0000   0.2660   0.0048   0.1253   0.0843   0.5325   0.4711   0.0309   0.0000   0.0008  -0.1070    0.248
     6   0.0276   0.0623   0.0000   0.2598   0.0055   0.1246   0.0854   0.5426   0.4801   0.0283   0.0000   0.0040  -0.1060    0.242
     7   0.0376   0.0849   0.0000   0.2527   0.0060   0.1234   0.0866   0.5528   0.4891   0.0260   0.0000   0.0069  -0.1053    0.236
     8   0.0486   0.1098   0.0000   0.2449   0.0063   0.1215   0.0879   0.5618   0.4971   0.0239   0.0000   0.0093  -0.1048    0.231
     9   0.0603   0.1363   0.0000   0.2365   0.0064   0.1187   0.0894   0.5686   0.5031   0.0221   0.0000   0.0116  -0.1041    0.227
    10   0.0725   0.1638   0.0000   0.2279   0.0063   0.1149   0.0912   0.5717   0.5058   0.0203   0.0000   0.0138  -0.1026    0.223
    11   0.0849   0.1918   0.0000   0.2191   0.0061   0.1100   0.0935   0.5694   0.5038   0.0186   0.0000   0.0161  -0.1000    0.218
    12   0.0971   0.2193   0.0000   0.2105   0.0057   0.1038   0.0963   0.5600   0.4954   0.0168   0.0000   0.0187  -0.0957    0.212
    13   0.1088   0.2458   0.0000   0.2021   0.0052   0.0964   0.0996   0.5413   0.4789   0.0150   0.0000   0.0218  -0.0891    0.205
    14   0.1198   0.2707   0.0000   0.1943   0.0046   0.0875   0.1031   0.5112   0.4523   0.0129   0.0000   0.0251  -0.0799    0.194
    15   0.1298   0.2933   0.0000   0.1872   0.0040   0.0771   0.1063   0.4677   0.4138   0.0106   0.0000   0.0284  -0.0681    0.181
    16   0.1385   0.3130   0.0000   0.1810   0.0033   0.0652   0.1085   0.4095   0.3623   0.0081   0.0000   0.0308  -0.0542    0.165
    17   0.1458   0.3294   0.0000   0.1758   0.0026   0.0520   0.1089   0.3364   0.2976   0.0055   0.0000   0.0310  -0.0392    0.146
    18   0.1514   0.3421   0.0000   0.1719   0.0018   0.0378   0.1069   0.2500   0.2212   0.0030   0.0000   0.0276  -0.0250    0.125
    19   0.1552   0.3507   0.0000   0.1691   0.0011   0.0228   0.1027   0.1538   0.1361   0.0006   0.0000   0.0194  -0.0131    0.107
    20   0.1572   0.3551   0.0000   0.1678   0.0004   0.0076   0.0988   0.0521   0.0461  -0.0017   0.0000   0.0070  -0.0040    0.097

  Surface # 2     Wing (YDUP)                             
     # Chordwise = 10   # Spanwise = 20     First strip = 21
     Surface area Ssurf =    0.079477     Ave. chord Cave =    0.223500

 Forces referred to Sref, Cref, Bref about Xref, Yref, Zref
 Standard axis orientation,  X fwd, Z down         
     CLsurf  =   0.22846     Clsurf  =   0.04917
     CYsurf  =  -0.00089     Cmsurf  =  -0.01065
     CDsurf  =   0.01131     Cnsurf  =   0.00532
     CDisurf =   0.01131     CDvsurf =   0.00000

 Forces referred to Ssurf, Cave 
     CLsurf  =   0.45705     CDsurf  =   0.02262

 Strip Forces referred to Strip Area, Chord
    j     Xle      Yle      Zle      Chord    Area     c_cl     ai     cl_norm    cl       cd       cdv    cm_c/4     cm_LE   C.P.x/c
    21   0.0002  -0.0005   0.0000   0.2792   0.0006   0.1259   0.0829   0.4774   0.4223   0.2458   0.0000  -0.0090   0.1113    0.271
    22   0.0022  -0.0049   0.0000   0.2779   0.0018   0.1259   0.0825   0.5092   0.4505   0.0484   0.0000  -0.0083   0.1111    0.268
    23   0.0060  -0.0135   0.0000   0.2751   0.0029   0.1258   0.0827   0.5158   0.4563   0.0371   0.0000  -0.0060   0.1100    0.263
    24   0.0116  -0.0262   0.0000   0.2712   0.0040   0.1257   0.0833   0.5233   0.4630   0.0337   0.0000  -0.0027   0.1084    0.256
    25   0.0189  -0.0426   0.0000   0.2660   0.0048   0.1253   0.0843   0.5325   0.4711   0.0309   0.0000   0.0008   0.1070    0.248
    26   0.0276  -0.0623   0.0000   0.2598   0.0055   0.1246   0.0854   0.5426   0.4801   0.0283   0.0000   0.0040   0.1060    0.242
    27   0.0376  -0.0849   0.0000   0.2527   0.0060   0.1234   0.0866   0.5528   0.4891   0.0260   0.0000   0.0069   0.1053    0.236
    28   0.0486  -0.1098   0.0000   0.2449   0.0063   0.1215   0.0879   0.5618   0.4971   0.0239   0.0000   0.0093   0.1048    0.231
    29   0.0603  -0.1363   0.0000   0.2365   0.0064   0.1187   0.0894   0.5686   0.5031   0.0221   0.0000   0.0116   0.1041    0.227
    30   0.0725  -0.1638   0.0000   0.2279   0.0063   0.1149   0.0912   0.5717   0.5058   0.0203   0.0000   0.0138   0.1026    0.223
    31   0.0849  -0.1918   0.0000   0.2191   0.0061   0.1100   0.0935   0.5694   0.5038   0.0186   0.0000   0.0161   0.1000    0.218
    32   0.0971  -0.2193   0.0000   0.2105   0.0057   0.1038   0.0963   0.5600   0.4954   0.0168   0.0000   0.0187   0.0957    0.212
    33   0.1088  -0.2458   0.0000   0.2021   0.0052   0.0964   0.0996   0.5413   0.4789   0.0150   0.0000   0.0218   0.0891    0.205
    34   0.1198  -0.2707   0.0000   0.1943   0.0046   0.0875   0.1031   0.5112   0.4523   0.0129   0.0000   0.0251   0.0799    0.194
    35   0.1298  -0.2933   0.0000   0.1872   0.0040   0.0771   0.1063   0.4677   0.4138   0.0106   0.0000   0.0284   0.0681    0.181
    36   0.1385  -0.3130   0.0000   0.1810   0.0033   0.0652   0.1085   0.4095   0.3623   0.0081   0.0000   0.0308   0.0542    0.165
    37   0.1458  -0.3294   0.0000   0.1758   0.0026   0.0520   0.1089   0.3364   0.2976   0.0055   0.0000   0.0310   0.0392    0.146
    38   0.1514  -0.3421   0.0000   0.1719   0.0018   0.0378   0.1069   0.2500   0.2212   0.0030   0.0000   0.0276   0.0250    0.125
    39   0.1552  -0.3507   0.0000   0.1691   0.0011   0.0228   0.1027   0.1538   0.1361   0.0006   0.0000   0.0194   0.0131    0.107
    40   0.1572  -0.3551   0.0000   0.1678   0.0004   0.0076   0.0988   0.0521   0.0461  -0.0017   0.0000   0.0070   0.0040    0.097
 ---------------------------------------------------------------
