 ---------------------------------------------------------------
 Surface and Strip Forces by surface

  Sref = 0.14860       Cref = 0.18670       Bref = 0.81280    
  Xref = 0.10920       Yref =  0.0000       Zref =  0.0000    

  Surface # 1     Wing                                    
     # Chordwise = 10   # Spanwise = 20     First strip =  1
     Surface area Ssurf =    0.074331     Ave. chord Cave =    0.182900

 Forces referred to Sref, Cref, Bref about Xref, Yref, Zref
 Standard axis orientation,  X fwd, Z down         
     CLsurf  =   0.24444     Clsurf  =  -0.05352
     CYsurf  =   0.00547     Cmsurf  =  -0.03714
     CDsurf  =   0.00937     Cnsurf  =  -0.00661
     CDisurf =   0.00937     CDvsurf =   0.00000

 Forces referred to Ssurf, Cave 
     CLsurf  =   0.48869     CDsurf  =   0.01873

 Strip Forces referred to Strip Area, Chord
    j     Xle      Yle      Zle      Chord    Area     c_cl     ai     cl_norm    cl       cd       cdv    cm_c/4     cm_LE   C.P.x/c
     1   0.0003   0.0006   0.0000   0.2285   0.0006   0.1061   0.0519   0.5354   0.4411   0.2190   0.0000  -0.0203  -0.1209    0.296
     2   0.0029   0.0056   0.0000   0.2273   0.0017   0.1061   0.0520   0.5641   0.4647   0.0445   0.0000  -0.0187  -0.1200    0.290
     3   0.0081   0.0155   0.0000   0.2251   0.0027   0.1062   0.0536   0.5714   0.4707   0.0355   0.0000  -0.0144  -0.1172    0.281
     4   0.0156   0.0299   0.0000   0.2219   0.0037   0.1063   0.0561   0.5811   0.4787   0.0315   0.0000  -0.0090  -0.1141    0.269
     5   0.0254   0.0487   0.0000   0.2177   0.0045   0.1063   0.0587   0.5934   0.4888   0.0277   0.0000  -0.0040  -0.1118    0.258
     6   0.0372   0.0712   0.0000   0.2126   0.0052   0.1062   0.0610   0.6072   0.5002   0.0244   0.0000   0.0000  -0.1106    0.250
     7   0.0507   0.0970   0.0000   0.2068   0.0056   0.1056   0.0631   0.6215   0.5120   0.0217   0.0000   0.0031  -0.1104    0.244
     8   0.0656   0.1254   0.0000   0.2004   0.0059   0.1045   0.0649   0.6349   0.5230   0.0194   0.0000   0.0055  -0.1107    0.240
     9   0.0814   0.1558   0.0000   0.1936   0.0060   0.1027   0.0667   0.6462   0.5323   0.0175   0.0000   0.0073  -0.1110    0.236
    10   0.0979   0.1873   0.0000   0.1865   0.0059   0.1001   0.0689   0.6538   0.5386   0.0158   0.0000   0.0090  -0.1109    0.233
    11   0.1145   0.2191   0.0000   0.1793   0.0057   0.0965   0.0718   0.6562   0.5406   0.0143   0.0000   0.0109  -0.1096    0.230
    12   0.1310   0.2506   0.0000   0.1722   0.0053   0.0920   0.0757   0.6513   0.5365   0.0128   0.0000   0.0132  -0.1067    0.225
    13   0.1468   0.2810   0.0000   0.1654   0.0049   0.0863   0.0807   0.6364   0.5243   0.0112   0.0000   0.0162  -0.1013    0.219
    14   0.1617   0.3094   0.0000   0.1590   0.0043   0.0793   0.0865   0.6084   0.5012   0.0095   0.0000   0.0201  -0.0927    0.210
    15   0.1752   0.3352   0.0000   0.1532   0.0037   0.0708   0.0926   0.5637   0.4643   0.0074   0.0000   0.0248  -0.0803    0.197
    16   0.1870   0.3577   0.0000   0.1481   0.0031   0.0606   0.0978   0.4993   0.4113   0.0051   0.0000   0.0296  -0.0644    0.178
    17   0.1968   0.3765   0.0000   0.1439   0.0024   0.0488   0.1004   0.4140   0.3410   0.0026   0.0000   0.0327  -0.0461    0.154
    18   0.2043   0.3909   0.0000   0.1407   0.0017   0.0356   0.0992   0.3095   0.2550   0.0003   0.0000   0.0315  -0.0282    0.127
    19   0.2095   0.4008   0.0000   0.1385   0.0010   0.0216   0.0944   0.1908   0.1572  -0.0014   0.0000   0.0235  -0.0137    0.100
    20   0.2121   0.4058   0.0000   0.1373   0.0003   0.0072   0.0891   0.0646   0.0532  -0.0026   0.0000   0.0088  -0.0038    0.085

  Surface # 2     Wing (YDUP)                             
     # Chordwise = 10   # Spanwise = 20     First strip = 21
     Surface area Ssurf =    0.074331     Ave. chord Cave =    0.182900

 Forces referred to Sref, Cref, Bref about Xref, Yref, Zref
 Standard axis orientation,  X fwd, Z down         
     CLsurf  =   0.24444     Clsurf  =   0.05352
     CYsurf  =  -0.00547     Cmsurf  =  -0.03714
     CDsurf  =   0.00937     Cnsurf  =   0.00661
     CDisurf =   0.00937     CDvsurf =   0.00000

 Forces referred to Ssurf, Cave 
     CLsurf  =   0.48869     CDsurf  =   0.01873

 Strip Forces referred to Strip Area, Chord
    j     Xle      Yle      Zle      Chord    Area     c_cl     ai     cl_norm    cl       cd       cdv    cm_c/4     cm_LE   C.P.x/c
    21   0.0003  -0.0006   0.0000   0.2285   0.0006   0.1061   0.0519   0.5354   0.4411   0.2190   0.0000  -0.0203   0.1209    0.296
    22   0.0029  -0.0056   0.0000   0.2273   0.0017   0.1061   0.0520   0.5641   0.4647   0.0445   0.0000  -0.0187   0.1200    0.290
    23   0.0081  -0.0155   0.0000   0.2251   0.0027   0.1062   0.0536   0.5714   0.4707   0.0355   0.0000  -0.0144   0.1172    0.281
    24   0.0156  -0.0299   0.0000   0.2219   0.0037   0.1063   0.0561   0.5811   0.4787   0.0315   0.0000  -0.0090   0.1141    0.269
    25   0.0254  -0.0487   0.0000   0.2177   0.0045   0.1063   0.0587   0.5934   0.4888   0.0277   0.0000  -0.0040   0.1118    0.258
    26   0.0372  -0.0712   0.0000   0.2126   0.0052   0.1062   0.0610   0.6072   0.5002   0.0244   0.0000   0.0000   0.1106    0.250
    27   0.0507  -0.0970   0.0000   0.2068   0.0056   0.1056   0.0631   0.6215   0.5120   0.0217   0.0000   0.0031   0.1104    0.244
    28   0.0656  -0.1254   0.0000   0.2004   0.0059   0.1045   0.0649   0.6349   0.5230   0.0194   0.0000   0.0055   0.1107    0.240
    29   0.0814  -0.1558   0.0000   0.1936   0.0060   0.1027   0.0667   0.6462   0.5323   0.0175   0.0000   0.0073   0.1110    0.236
    30   0.0979  -0.1873   0.0000   0.1865   0.0059   0.1001   0.0689   0.6538   0.5386   0.0158   0.0000   0.0090   0.1109    0.233
    31   0.1145  -0.2191   0.0000   0.1793   0.0057   0.0965   0.0718   0.6562   0.5406   0.0143   0.0000   0.0109   0.1096    0.230
    32   0.1310  -0.2506   0.0000   0.1722   0.0053   0.0920   0.0757   0.6513   0.5365   0.0128   0.0000   0.0132   0.1067    0.225
    33   0.1468  -0.2810   0.0000   0.1654   0.0049   0.0863   0.0807   0.6364   0.5243   0.0112   0.0000   0.0162   0.1013    0.219
    34   0.1617  -0.3094   0.0000   0.1590   0.0043   0.0793   0.0865   0.6084   0.5012   0.0095   0.0000   0.0201   0.0927    0.210
    35   0.1752  -0.3352   0.0000   0.1532   0.0037   0.0708   0.0926   0.5637   0.4643   0.0074   0.0000   0.0248   0.0803    0.197
    36   0.1870  -0.3577   0.0000   0.1481   0.0031   0.0606   0.0978   0.4993   0.4113   0.0051   0.0000   0.0296   0.0644    0.178
    37   0.1968  -0.3765   0.0000   0.1439   0.0024   0.0488   0.1004   0.4140   0.3410   0.0026   0.0000   0.0327   0.0461    0.154
    38   0.2043  -0.3909   0.0000   0.1407   0.0017   0.0356   0.0992   0.3095   0.2550   0.0003   0.0000   0.0315   0.0282    0.127
    39   0.2095  -0.4008   0.0000   0.1385   0.0010   0.0216   0.0944   0.1908   0.1572  -0.0014   0.0000   0.0235   0.0137    0.100
    40   0.2121  -0.4058   0.0000   0.1373   0.0003   0.0072   0.0891   0.0646   0.0532  -0.0026   0.0000   0.0088   0.0038    0.085
 ---------------------------------------------------------------
