 ---------------------------------------------------------------
 Surface and Strip Forces by surface

  Sref = 0.25080       Cref = 0.27540       Bref = 0.91440    
  Xref = 0.10920       Yref =  0.0000       Zref =  0.0000    

  Surface # 1     Wing                                    
     # Chordwise = 10   # Spanwise = 20     First strip =  1
     Surface area Ssurf =    0.125410     Ave. chord Cave =    0.274300

 Forces referred to Sref, Cref, Bref about Xref, Yref, Zref
 Standard axis orientation,  X fwd, Z down         
     CLsurf  =   0.14483     Clsurf  =  -0.03185
     CYsurf  =   0.00317     Cmsurf  =  -0.03968
     CDsurf  =   0.00448     Cnsurf  =  -0.00336
     CDisurf =   0.00448     CDvsurf =   0.00000

 Forces referred to Ssurf, Cave 
     CLsurf  =   0.28965     CDsurf  =   0.00896

 Strip Forces referred to Strip Area, Chord
    j     Xle      Yle      Zle      Chord    Area     c_cl     ai     cl_norm    cl       cd       cdv    cm_c/4     cm_LE   C.P.x/c
     1   0.0004   0.0007   0.0000   0.3047   0.0009   0.0932   0.0399   0.3928   0.2952   0.1461   0.0000  -0.0170  -0.0798    0.308
     2   0.0039   0.0063   0.0000   0.3040   0.0025   0.0932   0.0381   0.4067   0.3057   0.0240   0.0000  -0.0159  -0.0790    0.302
     3   0.0106   0.0174   0.0000   0.3025   0.0042   0.0932   0.0386   0.4095   0.3078   0.0180   0.0000  -0.0126  -0.0765    0.291
     4   0.0206   0.0337   0.0000   0.3003   0.0056   0.0934   0.0406   0.4133   0.3106   0.0162   0.0000  -0.0083  -0.0734    0.277
     5   0.0334   0.0548   0.0000   0.2975   0.0069   0.0936   0.0431   0.4183   0.3143   0.0143   0.0000  -0.0040  -0.0705    0.263
     6   0.0489   0.0801   0.0000   0.2941   0.0080   0.0937   0.0458   0.4238   0.3185   0.0126   0.0000  -0.0004  -0.0683    0.251
     7   0.0667   0.1092   0.0000   0.2902   0.0089   0.0935   0.0484   0.4290   0.3224   0.0111   0.0000   0.0026  -0.0666    0.242
     8   0.0862   0.1411   0.0000   0.2860   0.0095   0.0930   0.0510   0.4330   0.3254   0.0099   0.0000   0.0050  -0.0651    0.235
     9   0.1070   0.1752   0.0000   0.2814   0.0098   0.0918   0.0538   0.4347   0.3267   0.0088   0.0000   0.0070  -0.0636    0.228
    10   0.1286   0.2107   0.0000   0.2767   0.0099   0.0899   0.0569   0.4331   0.3255   0.0078   0.0000   0.0090  -0.0617    0.222
    11   0.1506   0.2465   0.0000   0.2719   0.0097   0.0871   0.0602   0.4270   0.3209   0.0069   0.0000   0.0111  -0.0589    0.215
    12   0.1722   0.2820   0.0000   0.2672   0.0093   0.0832   0.0639   0.4150   0.3119   0.0060   0.0000   0.0135  -0.0549    0.207
    13   0.1930   0.3161   0.0000   0.2626   0.0087   0.0780   0.0676   0.3957   0.2974   0.0050   0.0000   0.0163  -0.0494    0.195
    14   0.2125   0.3480   0.0000   0.2584   0.0079   0.0713   0.0708   0.3678   0.2764   0.0038   0.0000   0.0194  -0.0423    0.180
    15   0.2303   0.3771   0.0000   0.2545   0.0069   0.0630   0.0729   0.3304   0.2483   0.0026   0.0000   0.0224  -0.0338    0.160
    16   0.2458   0.4024   0.0000   0.2511   0.0058   0.0533   0.0732   0.2834   0.2130   0.0012   0.0000   0.0245  -0.0244    0.135
    17   0.2586   0.4235   0.0000   0.2483   0.0047   0.0424   0.0710   0.2279   0.1713   0.0000   0.0000   0.0246  -0.0154    0.106
    18   0.2686   0.4398   0.0000   0.2461   0.0034   0.0306   0.0664   0.1660   0.1248  -0.0010   0.0000   0.0217  -0.0080    0.076
    19   0.2753   0.4509   0.0000   0.2446   0.0020   0.0184   0.0604   0.1005   0.0755  -0.0017   0.0000   0.0150  -0.0032    0.051
    20   0.2788   0.4565   0.0000   0.2439   0.0007   0.0061   0.0562   0.0337   0.0253  -0.0019   0.0000   0.0054  -0.0008    0.037

  Surface # 2     Wing (YDUP)                             
     # Chordwise = 10   # Spanwise = 20     First strip = 21
     Surface area Ssurf =    0.125410     Ave. chord Cave =    0.274300

 Forces referred to Sref, Cref, Bref about Xref, Yref, Zref
 Standard axis orientation,  X fwd, Z down         
     CLsurf  =   0.14483     Clsurf  =   0.03185
     CYsurf  =  -0.00317     Cmsurf  =  -0.03968
     CDsurf  =   0.00448     Cnsurf  =   0.00336
     CDisurf =   0.00448     CDvsurf =   0.00000

 Forces referred to Ssurf, Cave 
     CLsurf  =   0.28965     CDsurf  =   0.00896

 Strip Forces referred to Strip Area, Chord
    j     Xle      Yle      Zle      Chord    Area     c_cl     ai     cl_norm    cl       cd       cdv    cm_c/4     cm_LE   C.P.x/c
    21   0.0004  -0.0007   0.0000   0.3047   0.0009   0.0932   0.0399   0.3928   0.2952   0.1461   0.0000  -0.0170   0.0798    0.308
    22   0.0039  -0.0063   0.0000   0.3040   0.0025   0.0932   0.0381   0.4067   0.3057   0.0240   0.0000  -0.0159   0.0790    0.302
    23   0.0106  -0.0174   0.0000   0.3025   0.0042   0.0932   0.0386   0.4095   0.3078   0.0180   0.0000  -0.0126   0.0765    0.291
    24   0.0206  -0.0337   0.0000   0.3003   0.0056   0.0934   0.0406   0.4133   0.3106   0.0162   0.0000  -0.0083   0.0734    0.277
    25   0.0334  -0.0548   0.0000   0.2975   0.0069   0.0936   0.0431   0.4183   0.3143   0.0143   0.0000  -0.0040   0.0705    0.263
    26   0.0489  -0.0801   0.0000   0.2941   0.0080   0.0937   0.0458   0.4238   0.3185   0.0126   0.0000  -0.0004   0.0683    0.251
    27   0.0667  -0.1092   0.0000   0.2902   0.0089   0.0935   0.0484   0.4290   0.3224   0.0111   0.0000   0.0026   0.0666    0.242
    28   0.0862  -0.1411   0.0000   0.2860   0.0095   0.0930   0.0510   0.4330   0.3254   0.0099   0.0000   0.0050   0.0651    0.235
    29   0.1070  -0.1752   0.0000   0.2814   0.0098   0.0918   0.0538   0.4347   0.3267   0.0088   0.0000   0.0070   0.0636    0.228
    30   0.1286  -0.2107   0.0000   0.2767   0.0099   0.0899   0.0569   0.4331   0.3255   0.0078   0.0000   0.0090   0.0617    0.222
    31   0.1506  -0.2465   0.0000   0.2719   0.0097   0.0871   0.0602   0.4270   0.3209   0.0069   0.0000   0.0111   0.0589    0.215
    32   0.1722  -0.2820   0.0000   0.2672   0.0093   0.0832   0.0639   0.4150   0.3119   0.0060   0.0000   0.0135   0.0549    0.207
    33   0.1930  -0.3161   0.0000   0.2626   0.0087   0.0780   0.0676   0.3957   0.2974   0.0050   0.0000   0.0163   0.0494    0.195
    34   0.2125  -0.3480   0.0000   0.2584   0.0079   0.0713   0.0708   0.3678   0.2764   0.0038   0.0000   0.0194   0.0423    0.180
    35   0.2303  -0.3771   0.0000   0.2545   0.0069   0.0630   0.0729   0.3304   0.2483   0.0026   0.0000   0.0224   0.0338    0.160
    36   0.2458  -0.4024   0.0000   0.2511   0.0058   0.0533   0.0732   0.2834   0.2130   0.0012   0.0000   0.0245   0.0244    0.135
    37   0.2586  -0.4235   0.0000   0.2483   0.0047   0.0424   0.0710   0.2279   0.1713   0.0000   0.0000   0.0246   0.0154    0.106
    38   0.2686  -0.4398   0.0000   0.2461   0.0034   0.0306   0.0664   0.1660   0.1248  -0.0010   0.0000   0.0217   0.0080    0.076
    39   0.2753  -0.4509   0.0000   0.2446   0.0020   0.0184   0.0604   0.1005   0.0755  -0.0017   0.0000   0.0150   0.0032    0.051
    40   0.2788  -0.4565   0.0000   0.2439   0.0007   0.0061   0.0562   0.0337   0.0253  -0.0019   0.0000   0.0054   0.0008    0.037
 ---------------------------------------------------------------
