 ---------------------------------------------------------------
 Surface and Strip Forces by surface

  Sref = 0.16720       Cref = 0.21000       Bref = 0.91440    
  Xref = 0.10920       Yref =  0.0000       Zref =  0.0000    

  Surface # 1     Wing                                    
     # Chordwise = 10   # Spanwise = 20     First strip =  1
     Surface area Ssurf =    0.083622     Ave. chord Cave =    0.182900

 Forces referred to Sref, Cref, Bref about Xref, Yref, Zref
 Standard axis orientation,  X fwd, Z down         
     CLsurf  =   0.21725     Clsurf  =  -0.04564
     CYsurf  =   0.00022     Cmsurf  =  -0.05710
     CDsurf  =   0.00673     Cnsurf  =  -0.00397
     CDisurf =   0.00673     CDvsurf =   0.00000

 Forces referred to Ssurf, Cave 
     CLsurf  =   0.43439     CDsurf  =   0.01345

 Strip Forces referred to Strip Area, Chord
    j     Xle      Yle      Zle      Chord    Area     c_cl     ai     cl_norm    cl       cd       cdv    cm_c/4     cm_LE   C.P.x/c
     1   0.0004   0.0007   0.0000   0.3044   0.0009   0.1027   0.0585   0.3941   0.3242   0.1502   0.0000  -0.0112  -0.0819    0.285
     2   0.0038   0.0063   0.0000   0.3014   0.0025   0.1027   0.0582   0.4127   0.3395   0.0294   0.0000  -0.0104  -0.0819    0.281
     3   0.0104   0.0174   0.0000   0.2955   0.0041   0.1026   0.0583   0.4215   0.3467   0.0233   0.0000  -0.0078  -0.0812    0.273
     4   0.0202   0.0337   0.0000   0.2868   0.0054   0.1024   0.0586   0.4338   0.3568   0.0212   0.0000  -0.0044  -0.0803    0.262
     5   0.0328   0.0548   0.0000   0.2756   0.0064   0.1020   0.0589   0.4496   0.3699   0.0192   0.0000  -0.0010  -0.0802    0.253
     6   0.0481   0.0801   0.0000   0.2621   0.0071   0.1010   0.0589   0.4688   0.3856   0.0172   0.0000   0.0019  -0.0810    0.245
     7   0.0655   0.1092   0.0000   0.2466   0.0075   0.0994   0.0585   0.4905   0.4035   0.0153   0.0000   0.0041  -0.0829    0.240
     8   0.0846   0.1411   0.0000   0.2295   0.0076   0.0970   0.0576   0.5144   0.4231   0.0136   0.0000   0.0057  -0.0857    0.237
     9   0.1051   0.1752   0.0000   0.2114   0.0074   0.0936   0.0562   0.5396   0.4439   0.0119   0.0000   0.0068  -0.0891    0.235
    10   0.1263   0.2107   0.0000   0.1925   0.0069   0.0893   0.0545   0.5656   0.4653   0.0102   0.0000   0.0075  -0.0930    0.234
    11   0.1479   0.2465   0.0000   0.1733   0.0062   0.0841   0.0526   0.5915   0.4865   0.0084   0.0000   0.0081  -0.0970    0.233
    12   0.1691   0.2820   0.0000   0.1544   0.0054   0.0780   0.0508   0.6161   0.5068   0.0065   0.0000   0.0087  -0.1008    0.233
    13   0.1896   0.3161   0.0000   0.1363   0.0045   0.0712   0.0496   0.6379   0.5247   0.0044   0.0000   0.0096  -0.1038    0.232
    14   0.2087   0.3480   0.0000   0.1192   0.0036   0.0638   0.0493   0.6538   0.5378   0.0022   0.0000   0.0110  -0.1054    0.230
    15   0.2261   0.3771   0.0000   0.1037   0.0028   0.0559   0.0509   0.6586   0.5418  -0.0001   0.0000   0.0134  -0.1041    0.225
    16   0.2414   0.4024   0.0000   0.0902   0.0021   0.0475   0.0550   0.6433   0.5292  -0.0025   0.0000   0.0177  -0.0977    0.217
    17   0.2540   0.4235   0.0000   0.0790   0.0015   0.0383   0.0612   0.5937   0.4884  -0.0050   0.0000   0.0243  -0.0832    0.200
    18   0.2638   0.4398   0.0000   0.0703   0.0010   0.0283   0.0670   0.4921   0.4048  -0.0070   0.0000   0.0315  -0.0592    0.172
    19   0.2704   0.4509   0.0000   0.0644   0.0005   0.0173   0.0674   0.3283   0.2701  -0.0073   0.0000   0.0317  -0.0303    0.133
    20   0.2738   0.4565   0.0000   0.0614   0.0002   0.0058   0.0603   0.1151   0.0947  -0.0048   0.0000   0.0145  -0.0077    0.097

  Surface # 2     Wing (YDUP)                             
     # Chordwise = 10   # Spanwise = 20     First strip = 21
     Surface area Ssurf =    0.083622     Ave. chord Cave =    0.182900

 Forces referred to Sref, Cref, Bref about Xref, Yref, Zref
 Standard axis orientation,  X fwd, Z down         
     CLsurf  =   0.21725     Clsurf  =   0.04564
     CYsurf  =  -0.00022     Cmsurf  =  -0.05710
     CDsurf  =   0.00673     Cnsurf  =   0.00397
     CDisurf =   0.00673     CDvsurf =   0.00000

 Forces referred to Ssurf, Cave 
     CLsurf  =   0.43439     CDsurf  =   0.01345

 Strip Forces referred to Strip Area, Chord
    j     Xle      Yle      Zle      Chord    Area     c_cl     ai     cl_norm    cl       cd       cdv    cm_c/4     cm_LE   C.P.x/c
    21   0.0004  -0.0007   0.0000   0.3044   0.0009   0.1027   0.0585   0.3941   0.3242   0.1502   0.0000  -0.0112   0.0819    0.285
    22   0.0038  -0.0063   0.0000   0.3014   0.0025   0.1027   0.0582   0.4127   0.3395   0.0294   0.0000  -0.0104   0.0819    0.281
    23   0.0104  -0.0174   0.0000   0.2955   0.0041   0.1026   0.0583   0.4215   0.3467   0.0233   0.0000  -0.0078   0.0812    0.273
    24   0.0202  -0.0337   0.0000   0.2868   0.0054   0.1024   0.0586   0.4338   0.3568   0.0212   0.0000  -0.0044   0.0803    0.262
    25   0.0328  -0.0548   0.0000   0.2756   0.0064   0.1020   0.0589   0.4496   0.3699   0.0192   0.0000  -0.0010   0.0802    0.253
    26   0.0481  -0.0801   0.0000   0.2621   0.0071   0.1010   0.0589   0.4688   0.3856   0.0172   0.0000   0.0019   0.0810    0.245
    27   0.0655  -0.1092   0.0000   0.2466   0.0075   0.0994   0.0585   0.4905   0.4035   0.0153   0.0000   0.0041   0.0829    0.240
    28   0.0846  -0.1411   0.0000   0.2295   0.0076   0.0970   0.0576   0.5144   0.4231   0.0136   0.0000   0.0057   0.0857    0.237
    29   0.1051  -0.1752   0.0000   0.2114   0.0074   0.0936   0.0562   0.5396   0.4439   0.0119   0.0000   0.0068   0.0891    0.235
    30   0.1263  -0.2107   0.0000   0.1925   0.0069   0.0893   0.0545   0.5656   0.4653   0.0102   0.0000   0.0075   0.0930    0.234
    31   0.1479  -0.2465   0.0000   0.1733   0.0062   0.0841   0.0526   0.5915   0.4865   0.0084   0.0000   0.0081   0.0970    0.233
    32   0.1691  -0.2820   0.0000   0.1544   0.0054   0.0780   0.0508   0.6161   0.5068   0.0065   0.0000   0.0087   0.1008    0.233
    33   0.1896  -0.3161   0.0000   0.1363   0.0045   0.0712   0.0496   0.6379   0.5247   0.0044   0.0000   0.0096   0.1038    0.232
    34   0.2087  -0.3480   0.0000   0.1192   0.0036   0.0638   0.0493   0.6538   0.5378   0.0022   0.0000   0.0110   0.1054    0.230
    35   0.2261  -0.3771   0.0000   0.1037   0.0028   0.0559   0.0509   0.6586   0.5418  -0.0001   0.0000   0.0134   0.1041    0.225
    36   0.2414  -0.4024   0.0000   0.0902   0.0021   0.0475   0.0550   0.6433   0.5292  -0.0025   0.0000   0.0177   0.0977    0.217
    37   0.2540  -0.4235   0.0000   0.0790   0.0015   0.0383   0.0612   0.5937   0.4884  -0.0050   0.0000   0.0243   0.0832    0.200
    38   0.2638  -0.4398   0.0000   0.0703   0.0010   0.0283   0.0670   0.4921   0.4048  -0.0070   0.0000   0.0315   0.0592    0.172
    39   0.2704  -0.4509   0.0000   0.0644   0.0005   0.0173   0.0674   0.3283   0.2701  -0.0073   0.0000   0.0317   0.0303    0.133
    40   0.2738  -0.4565   0.0000   0.0614   0.0002   0.0058   0.0603   0.1151   0.0947  -0.0048   0.0000   0.0145   0.0077    0.097
 ---------------------------------------------------------------
