 ---------------------------------------------------------------
 Surface and Strip Forces by surface

  Sref = 0.12540       Cref = 0.15750       Bref = 0.91440    
  Xref = 0.10920       Yref =  0.0000       Zref =  0.0000    

  Surface # 1     Wing                                    
     # Chordwise = 10   # Spanwise = 20     First strip =  1
     Surface area Ssurf =    0.062705     Ave. chord Cave =    0.137150

 Forces referred to Sref, Cref, Bref about Xref, Yref, Zref
 Standard axis orientation,  X fwd, Z down         
     CLsurf  =   0.28967     Clsurf  =  -0.06022
     CYsurf  =   0.00151     Cmsurf  =  -0.03029
     CDsurf  =   0.00882     Cnsurf  =  -0.00651
     CDisurf =   0.00882     CDvsurf =   0.00000

 Forces referred to Ssurf, Cave 
     CLsurf  =   0.57929     CDsurf  =   0.01764

 Strip Forces referred to Strip Area, Chord
    j     Xle      Yle      Zle      Chord    Area     c_cl     ai     cl_norm    cl       cd       cdv    cm_c/4     cm_LE   C.P.x/c
     1   0.0003   0.0007   0.0000   0.2283   0.0006   0.1043   0.0615   0.4982   0.4407   0.1612   0.0000  -0.0127  -0.1152    0.279
     2   0.0029   0.0063   0.0000   0.2261   0.0019   0.1043   0.0614   0.5201   0.4600   0.0393   0.0000  -0.0113  -0.1149    0.275
     3   0.0081   0.0174   0.0000   0.2216   0.0030   0.1043   0.0617   0.5313   0.4699   0.0326   0.0000  -0.0078  -0.1137    0.267
     4   0.0156   0.0337   0.0000   0.2151   0.0040   0.1040   0.0621   0.5468   0.4836   0.0288   0.0000  -0.0036  -0.1129    0.257
     5   0.0254   0.0548   0.0000   0.2067   0.0048   0.1035   0.0623   0.5666   0.5011   0.0255   0.0000   0.0002  -0.1134    0.250
     6   0.0372   0.0801   0.0000   0.1965   0.0054   0.1023   0.0620   0.5899   0.5217   0.0225   0.0000   0.0030  -0.1153    0.244
     7   0.0506   0.1092   0.0000   0.1849   0.0057   0.1004   0.0609   0.6157   0.5446   0.0199   0.0000   0.0050  -0.1186    0.241
     8   0.0655   0.1411   0.0000   0.1721   0.0057   0.0976   0.0591   0.6433   0.5689   0.0175   0.0000   0.0062  -0.1230    0.239
     9   0.0813   0.1752   0.0000   0.1585   0.0055   0.0938   0.0567   0.6717   0.5941   0.0153   0.0000   0.0068  -0.1280    0.239
    10   0.0977   0.2107   0.0000   0.1443   0.0052   0.0889   0.0538   0.7001   0.6192   0.0130   0.0000   0.0072  -0.1333    0.238
    11   0.1144   0.2465   0.0000   0.1300   0.0046   0.0832   0.0508   0.7279   0.6438   0.0107   0.0000   0.0074  -0.1385    0.239
    12   0.1308   0.2820   0.0000   0.1158   0.0040   0.0768   0.0480   0.7538   0.6667   0.0083   0.0000   0.0076  -0.1434    0.239
    13   0.1466   0.3161   0.0000   0.1022   0.0034   0.0697   0.0458   0.7762   0.6865   0.0059   0.0000   0.0081  -0.1474    0.238
    14   0.1615   0.3480   0.0000   0.0894   0.0027   0.0622   0.0448   0.7924   0.7009   0.0034   0.0000   0.0090  -0.1497    0.237
    15   0.1749   0.3771   0.0000   0.0778   0.0021   0.0544   0.0462   0.7972   0.7051   0.0011   0.0000   0.0109  -0.1489    0.235
    16   0.1867   0.4024   0.0000   0.0676   0.0016   0.0463   0.0511   0.7808   0.6906  -0.0009   0.0000   0.0146  -0.1422    0.229
    17   0.1965   0.4235   0.0000   0.0592   0.0011   0.0377   0.0604   0.7263   0.6424  -0.0027   0.0000   0.0214  -0.1252    0.217
    18   0.2040   0.4398   0.0000   0.0527   0.0007   0.0282   0.0716   0.6096   0.5392  -0.0041   0.0000   0.0306  -0.0935    0.193
    19   0.2092   0.4509   0.0000   0.0482   0.0004   0.0174   0.0776   0.4118   0.3643  -0.0046   0.0000   0.0345  -0.0506    0.155
    20   0.2118   0.4565   0.0000   0.0460   0.0001   0.0058   0.0724   0.1452   0.1284  -0.0034   0.0000   0.0172  -0.0132    0.116

  Surface # 2     Wing (YDUP)                             
     # Chordwise = 10   # Spanwise = 20     First strip = 21
     Surface area Ssurf =    0.062705     Ave. chord Cave =    0.137150

 Forces referred to Sref, Cref, Bref about Xref, Yref, Zref
 Standard axis orientation,  X fwd, Z down         
     CLsurf  =   0.28967     Clsurf  =   0.06022
     CYsurf  =  -0.00151     Cmsurf  =  -0.03029
     CDsurf  =   0.00882     Cnsurf  =   0.00651
     CDisurf =   0.00882     CDvsurf =   0.00000

 Forces referred to Ssurf, Cave 
     CLsurf  =   0.57929     CDsurf  =   0.01764

 Strip Forces referred to Strip Area, Chord
    j     Xle      Yle      Zle      Chord    Area     c_cl     ai     cl_norm    cl       cd       cdv    cm_c/4     cm_LE   C.P.x/c
    21   0.0003  -0.0007   0.0000   0.2283   0.0006   0.1043   0.0615   0.4982   0.4407   0.1612   0.0000  -0.0127   0.1152    0.279
    22   0.0029  -0.0063   0.0000   0.2261   0.0019   0.1043   0.0614   0.5201   0.4600   0.0393   0.0000  -0.0113   0.1149    0.275
    23   0.0081  -0.0174   0.0000   0.2216   0.0030   0.1043   0.0617   0.5313   0.4699   0.0326   0.0000  -0.0078   0.1137    0.267
    24   0.0156  -0.0337   0.0000   0.2151   0.0040   0.1040   0.0621   0.5468   0.4836   0.0288   0.0000  -0.0036   0.1129    0.257
    25   0.0254  -0.0548   0.0000   0.2067   0.0048   0.1035   0.0623   0.5666   0.5011   0.0255   0.0000   0.0002   0.1134    0.250
    26   0.0372  -0.0801   0.0000   0.1965   0.0054   0.1023   0.0620   0.5899   0.5217   0.0225   0.0000   0.0030   0.1153    0.244
    27   0.0506  -0.1092   0.0000   0.1849   0.0057   0.1004   0.0609   0.6157   0.5446   0.0199   0.0000   0.0050   0.1186    0.241
    28   0.0655  -0.1411   0.0000   0.1721   0.0057   0.0976   0.0591   0.6433   0.5689   0.0175   0.0000   0.0062   0.1230    0.239
    29   0.0813  -0.1752   0.0000   0.1585   0.0055   0.0938   0.0567   0.6717   0.5941   0.0153   0.0000   0.0068   0.1280    0.239
    30   0.0977  -0.2107   0.0000   0.1443   0.0052   0.0889   0.0538   0.7001   0.6192   0.0130   0.0000   0.0072   0.1333    0.238
    31   0.1144  -0.2465   0.0000   0.1300   0.0046   0.0832   0.0508   0.7279   0.6438   0.0107   0.0000   0.0074   0.1385    0.239
    32   0.1308  -0.2820   0.0000   0.1158   0.0040   0.0768   0.0480   0.7538   0.6667   0.0083   0.0000   0.0076   0.1434    0.239
    33   0.1466  -0.3161   0.0000   0.1022   0.0034   0.0697   0.0458   0.7762   0.6865   0.0059   0.0000   0.0081   0.1474    0.238
    34   0.1615  -0.3480   0.0000   0.0894   0.0027   0.0622   0.0448   0.7924   0.7009   0.0034   0.0000   0.0090   0.1497    0.237
    35   0.1749  -0.3771   0.0000   0.0778   0.0021   0.0544   0.0462   0.7972   0.7051   0.0011   0.0000   0.0109   0.1489    0.235
    36   0.1867  -0.4024   0.0000   0.0676   0.0016   0.0463   0.0511   0.7808   0.6906  -0.0009   0.0000   0.0146   0.1422    0.229
    37   0.1965  -0.4235   0.0000   0.0592   0.0011   0.0377   0.0604   0.7263   0.6424  -0.0027   0.0000   0.0214   0.1252    0.217
    38   0.2040  -0.4398   0.0000   0.0527   0.0007   0.0282   0.0716   0.6096   0.5392  -0.0041   0.0000   0.0306   0.0935    0.193
    39   0.2092  -0.4509   0.0000   0.0482   0.0004   0.0174   0.0776   0.4118   0.3643  -0.0046   0.0000   0.0345   0.0506    0.155
    40   0.2118  -0.4565   0.0000   0.0460   0.0001   0.0058   0.0724   0.1452   0.1284  -0.0034   0.0000   0.0172   0.0132    0.116
 ---------------------------------------------------------------
