 ---------------------------------------------------------------
 Surface and Strip Forces by surface

  Sref = 0.16720       Cref = 0.18670       Bref = 0.91440    
  Xref = 0.10920       Yref =  0.0000       Zref =  0.0000    

  Surface # 1     Wing                                    
     # Chordwise = 10   # Spanwise = 20     First strip =  1
     Surface area Ssurf =    0.083622     Ave. chord Cave =    0.182900

 Forces referred to Sref, Cref, Bref about Xref, Yref, Zref
 Standard axis orientation,  X fwd, Z down         
     CLsurf  =   0.21725     Clsurf  =  -0.04815
     CYsurf  =   0.00656     Cmsurf  =  -0.07323
     CDsurf  =   0.00669     Cnsurf  =  -0.00592
     CDisurf =   0.00669     CDvsurf =   0.00000

 Forces referred to Ssurf, Cave 
     CLsurf  =   0.43439     CDsurf  =   0.01337

 Strip Forces referred to Strip Area, Chord
    j     Xle      Yle      Zle      Chord    Area     c_cl     ai     cl_norm    cl       cd       cdv    cm_c/4     cm_LE   C.P.x/c
     1   0.0004   0.0007   0.0000   0.2285   0.0006   0.0918   0.0337   0.5128   0.3859   0.1736   0.0000  -0.0241  -0.1055    0.312
     2   0.0040   0.0063   0.0000   0.2273   0.0019   0.0918   0.0339   0.5349   0.4025   0.0347   0.0000  -0.0220  -0.1042    0.305
     3   0.0109   0.0174   0.0000   0.2251   0.0031   0.0920   0.0365   0.5420   0.4079   0.0282   0.0000  -0.0167  -0.1007    0.291
     4   0.0211   0.0337   0.0000   0.2219   0.0042   0.0923   0.0400   0.5523   0.4156   0.0246   0.0000  -0.0106  -0.0970    0.275
     5   0.0344   0.0548   0.0000   0.2177   0.0051   0.0926   0.0434   0.5656   0.4256   0.0212   0.0000  -0.0052  -0.0945    0.262
     6   0.0503   0.0801   0.0000   0.2126   0.0058   0.0928   0.0462   0.5807   0.4370   0.0182   0.0000  -0.0010  -0.0933    0.252
     7   0.0685   0.1092   0.0000   0.2068   0.0063   0.0926   0.0485   0.5964   0.4488   0.0158   0.0000   0.0019  -0.0933    0.246
     8   0.0885   0.1411   0.0000   0.2004   0.0066   0.0920   0.0503   0.6114   0.4601   0.0138   0.0000   0.0040  -0.0939    0.241
     9   0.1099   0.1752   0.0000   0.1936   0.0068   0.0907   0.0520   0.6245   0.4700   0.0121   0.0000   0.0055  -0.0946    0.238
    10   0.1321   0.2107   0.0000   0.1865   0.0067   0.0888   0.0541   0.6345   0.4775   0.0108   0.0000   0.0068  -0.0950    0.236
    11   0.1547   0.2465   0.0000   0.1793   0.0064   0.0861   0.0568   0.6399   0.4815   0.0095   0.0000   0.0082  -0.0947    0.233
    12   0.1769   0.2820   0.0000   0.1722   0.0060   0.0825   0.0606   0.6387   0.4807   0.0084   0.0000   0.0100  -0.0929    0.229
    13   0.1983   0.3161   0.0000   0.1654   0.0055   0.0779   0.0658   0.6285   0.4730   0.0071   0.0000   0.0126  -0.0891    0.223
    14   0.2183   0.3480   0.0000   0.1590   0.0049   0.0722   0.0722   0.6056   0.4557   0.0058   0.0000   0.0161  -0.0824    0.215
    15   0.2365   0.3771   0.0000   0.1532   0.0042   0.0649   0.0792   0.5658   0.4258   0.0041   0.0000   0.0209  -0.0720    0.201
    16   0.2524   0.4024   0.0000   0.1481   0.0035   0.0560   0.0853   0.5049   0.3799   0.0020   0.0000   0.0264  -0.0577    0.180
    17   0.2657   0.4235   0.0000   0.1439   0.0027   0.0453   0.0885   0.4209   0.3167  -0.0002   0.0000   0.0308  -0.0406    0.153
    18   0.2759   0.4398   0.0000   0.1407   0.0019   0.0332   0.0871   0.3154   0.2373  -0.0021   0.0000   0.0311  -0.0236    0.119
    19   0.2828   0.4509   0.0000   0.1385   0.0012   0.0201   0.0813   0.1943   0.1462  -0.0030   0.0000   0.0240  -0.0104    0.086
    20   0.2864   0.4565   0.0000   0.1373   0.0004   0.0067   0.0749   0.0656   0.0494  -0.0031   0.0000   0.0091  -0.0026    0.065

  Surface # 2     Wing (YDUP)                             
     # Chordwise = 10   # Spanwise = 20     First strip = 21
     Surface area Ssurf =    0.083622     Ave. chord Cave =    0.182900

 Forces referred to Sref, Cref, Bref about Xref, Yref, Zref
 Standard axis orientation,  X fwd, Z down         
     CLsurf  =   0.21725     Clsurf  =   0.04815
     CYsurf  =  -0.00656     Cmsurf  =  -0.07323
     CDsurf  =   0.00669     Cnsurf  =   0.00592
     CDisurf =   0.00669     CDvsurf =   0.00000

 Forces referred to Ssurf, Cave 
     CLsurf  =   0.43439     CDsurf  =   0.01337

 Strip Forces referred to Strip Area, Chord
    j     Xle      Yle      Zle      Chord    Area     c_cl     ai     cl_norm    cl       cd       cdv    cm_c/4     cm_LE   C.P.x/c
    21   0.0004  -0.0007   0.0000   0.2285   0.0006   0.0918   0.0337   0.5128   0.3859   0.1736   0.0000  -0.0241   0.1055    0.312
    22   0.0040  -0.0063   0.0000   0.2273   0.0019   0.0918   0.0339   0.5349   0.4025   0.0347   0.0000  -0.0220   0.1042    0.305
    23   0.0109  -0.0174   0.0000   0.2251   0.0031   0.0920   0.0365   0.5420   0.4079   0.0282   0.0000  -0.0167   0.1007    0.291
    24   0.0211  -0.0337   0.0000   0.2219   0.0042   0.0923   0.0400   0.5523   0.4156   0.0246   0.0000  -0.0106   0.0970    0.275
    25   0.0344  -0.0548   0.0000   0.2177   0.0051   0.0926   0.0434   0.5656   0.4256   0.0212   0.0000  -0.0052   0.0945    0.262
    26   0.0503  -0.0801   0.0000   0.2126   0.0058   0.0928   0.0462   0.5807   0.4370   0.0182   0.0000  -0.0010   0.0933    0.252
    27   0.0685  -0.1092   0.0000   0.2068   0.0063   0.0926   0.0485   0.5964   0.4488   0.0158   0.0000   0.0019   0.0933    0.246
    28   0.0885  -0.1411   0.0000   0.2004   0.0066   0.0920   0.0503   0.6114   0.4601   0.0138   0.0000   0.0040   0.0939    0.241
    29   0.1099  -0.1752   0.0000   0.1936   0.0068   0.0907   0.0520   0.6245   0.4700   0.0121   0.0000   0.0055   0.0946    0.238
    30   0.1321  -0.2107   0.0000   0.1865   0.0067   0.0888   0.0541   0.6345   0.4775   0.0108   0.0000   0.0068   0.0950    0.236
    31   0.1547  -0.2465   0.0000   0.1793   0.0064   0.0861   0.0568   0.6399   0.4815   0.0095   0.0000   0.0082   0.0947    0.233
    32   0.1769  -0.2820   0.0000   0.1722   0.0060   0.0825   0.0606   0.6387   0.4807   0.0084   0.0000   0.0100   0.0929    0.229
    33   0.1983  -0.3161   0.0000   0.1654   0.0055   0.0779   0.0658   0.6285   0.4730   0.0071   0.0000   0.0126   0.0891    0.223
    34   0.2183  -0.3480   0.0000   0.1590   0.0049   0.0722   0.0722   0.6056   0.4557   0.0058   0.0000   0.0161   0.0824    0.215
    35   0.2365  -0.3771   0.0000   0.1532   0.0042   0.0649   0.0792   0.5658   0.4258   0.0041   0.0000   0.0209   0.0720    0.201
    36   0.2524  -0.4024   0.0000   0.1481   0.0035   0.0560   0.0853   0.5049   0.3799   0.0020   0.0000   0.0264   0.0577    0.180
    37   0.2657  -0.4235   0.0000   0.1439   0.0027   0.0453   0.0885   0.4209   0.3167  -0.0002   0.0000   0.0308   0.0406    0.153
    38   0.2759  -0.4398   0.0000   0.1407   0.0019   0.0332   0.0871   0.3154   0.2373  -0.0021   0.0000   0.0311   0.0236    0.119
    39   0.2828  -0.4509   0.0000   0.1385   0.0012   0.0201   0.0813   0.1943   0.1462  -0.0030   0.0000   0.0240   0.0104    0.086
    40   0.2864  -0.4565   0.0000   0.1373   0.0004   0.0067   0.0749   0.0656   0.0494  -0.0031   0.0000   0.0091   0.0026    0.065
 ---------------------------------------------------------------
