 ---------------------------------------------------------------
 Surface and Strip Forces by surface

  Sref = 0.18580       Cref = 0.22860       Bref = 0.81280    
  Xref = 0.10920       Yref =  0.0000       Zref =  0.0000    

  Surface # 1     Wing                                    
     # Chordwise = 10   # Spanwise = 20     First strip =  1
     Surface area Ssurf =    0.092903     Ave. chord Cave =    0.228600

 Forces referred to Sref, Cref, Bref about Xref, Yref, Zref
 Standard axis orientation,  X fwd, Z down         
     CLsurf  =   0.19550     Clsurf  =  -0.04358
     CYsurf  =   0.00818     Cmsurf  =  -0.03979
     CDsurf  =   0.00759     Cnsurf  =  -0.00662
     CDisurf =   0.00759     CDvsurf =   0.00000

 Forces referred to Ssurf, Cave 
     CLsurf  =   0.39099     CDsurf  =   0.01518

 Strip Forces referred to Strip Area, Chord
    j     Xle      Yle      Zle      Chord    Area     c_cl     ai     cl_norm    cl       cd       cdv    cm_c/4     cm_LE   C.P.x/c
     1   0.0004   0.0006   0.0000   0.2286   0.0006   0.1006   0.0333   0.5539   0.4172   0.2274   0.0000  -0.0265  -0.1182    0.314
     2   0.0032   0.0056   0.0000   0.2286   0.0017   0.1006   0.0344   0.5817   0.4381   0.0414   0.0000  -0.0245  -0.1165    0.306
     3   0.0089   0.0155   0.0000   0.2286   0.0028   0.1008   0.0383   0.5844   0.4402   0.0325   0.0000  -0.0191  -0.1121    0.293
     4   0.0173   0.0299   0.0000   0.2286   0.0038   0.1013   0.0435   0.5879   0.4427   0.0286   0.0000  -0.0126  -0.1069    0.278
     5   0.0281   0.0487   0.0000   0.2286   0.0047   0.1020   0.0488   0.5923   0.4461   0.0248   0.0000  -0.0066  -0.1023    0.265
     6   0.0411   0.0712   0.0000   0.2286   0.0055   0.1027   0.0539   0.5968   0.4495   0.0216   0.0000  -0.0018  -0.0988    0.254
     7   0.0560   0.0970   0.0000   0.2286   0.0062   0.1032   0.0587   0.6001   0.4519   0.0190   0.0000   0.0020  -0.0959    0.246
     8   0.0724   0.1254   0.0000   0.2286   0.0067   0.1032   0.0634   0.6009   0.4525   0.0170   0.0000   0.0050  -0.0934    0.239
     9   0.0899   0.1558   0.0000   0.2286   0.0071   0.1027   0.0683   0.5980   0.4504   0.0153   0.0000   0.0076  -0.0907    0.233
    10   0.1081   0.1873   0.0000   0.2286   0.0073   0.1013   0.0735   0.5902   0.4445   0.0139   0.0000   0.0101  -0.0872    0.227
    11   0.1265   0.2191   0.0000   0.2286   0.0073   0.0989   0.0793   0.5761   0.4339   0.0126   0.0000   0.0129  -0.0825    0.220
    12   0.1447   0.2506   0.0000   0.2286   0.0071   0.0951   0.0853   0.5540   0.4173   0.0112   0.0000   0.0161  -0.0761    0.211
    13   0.1622   0.2810   0.0000   0.2286   0.0067   0.0897   0.0912   0.5226   0.3936   0.0096   0.0000   0.0198  -0.0678    0.200
    14   0.1786   0.3094   0.0000   0.2286   0.0062   0.0824   0.0963   0.4805   0.3619   0.0077   0.0000   0.0237  -0.0575    0.184
    15   0.1935   0.3352   0.0000   0.2286   0.0055   0.0733   0.0997   0.4273   0.3218   0.0056   0.0000   0.0273  -0.0457    0.165
    16   0.2065   0.3577   0.0000   0.2286   0.0047   0.0622   0.1007   0.3633   0.2736   0.0034   0.0000   0.0296  -0.0333    0.142
    17   0.2173   0.3765   0.0000   0.2286   0.0038   0.0497   0.0988   0.2901   0.2185   0.0014   0.0000   0.0294  -0.0216    0.115
    18   0.2257   0.3909   0.0000   0.2286   0.0028   0.0360   0.0943   0.2105   0.1585  -0.0003   0.0000   0.0255  -0.0120    0.089
    19   0.2314   0.4008   0.0000   0.2286   0.0017   0.0217   0.0884   0.1272   0.0958  -0.0017   0.0000   0.0175  -0.0054    0.067
    20   0.2342   0.4058   0.0000   0.2286   0.0006   0.0073   0.0846   0.0427   0.0322  -0.0024   0.0000   0.0062  -0.0015    0.056

  Surface # 2     Wing (YDUP)                             
     # Chordwise = 10   # Spanwise = 20     First strip = 21
     Surface area Ssurf =    0.092903     Ave. chord Cave =    0.228600

 Forces referred to Sref, Cref, Bref about Xref, Yref, Zref
 Standard axis orientation,  X fwd, Z down         
     CLsurf  =   0.19550     Clsurf  =   0.04358
     CYsurf  =  -0.00818     Cmsurf  =  -0.03979
     CDsurf  =   0.00759     Cnsurf  =   0.00662
     CDisurf =   0.00759     CDvsurf =   0.00000

 Forces referred to Ssurf, Cave 
     CLsurf  =   0.39099     CDsurf  =   0.01518

 Strip Forces referred to Strip Area, Chord
    j     Xle      Yle      Zle      Chord    Area     c_cl     ai     cl_norm    cl       cd       cdv    cm_c/4     cm_LE   C.P.x/c
    21   0.0004  -0.0006   0.0000   0.2286   0.0006   0.1006   0.0333   0.5539   0.4172   0.2274   0.0000  -0.0265   0.1182    0.314
    22   0.0032  -0.0056   0.0000   0.2286   0.0017   0.1006   0.0344   0.5817   0.4381   0.0414   0.0000  -0.0245   0.1165    0.306
    23   0.0089  -0.0155   0.0000   0.2286   0.0028   0.1008   0.0383   0.5844   0.4402   0.0325   0.0000  -0.0191   0.1121    0.293
    24   0.0173  -0.0299   0.0000   0.2286   0.0038   0.1013   0.0435   0.5879   0.4427   0.0286   0.0000  -0.0126   0.1069    0.278
    25   0.0281  -0.0487   0.0000   0.2286   0.0047   0.1020   0.0488   0.5923   0.4461   0.0248   0.0000  -0.0066   0.1023    0.265
    26   0.0411  -0.0712   0.0000   0.2286   0.0055   0.1027   0.0539   0.5968   0.4495   0.0216   0.0000  -0.0018   0.0988    0.254
    27   0.0560  -0.0970   0.0000   0.2286   0.0062   0.1032   0.0587   0.6001   0.4519   0.0190   0.0000   0.0020   0.0959    0.246
    28   0.0724  -0.1254   0.0000   0.2286   0.0067   0.1032   0.0634   0.6009   0.4525   0.0170   0.0000   0.0050   0.0934    0.239
    29   0.0899  -0.1558   0.0000   0.2286   0.0071   0.1027   0.0683   0.5980   0.4504   0.0153   0.0000   0.0076   0.0907    0.233
    30   0.1081  -0.1873   0.0000   0.2286   0.0073   0.1013   0.0735   0.5902   0.4445   0.0139   0.0000   0.0101   0.0872    0.227
    31   0.1265  -0.2191   0.0000   0.2286   0.0073   0.0989   0.0793   0.5761   0.4339   0.0126   0.0000   0.0129   0.0825    0.220
    32   0.1447  -0.2506   0.0000   0.2286   0.0071   0.0951   0.0853   0.5540   0.4173   0.0112   0.0000   0.0161   0.0761    0.211
    33   0.1622  -0.2810   0.0000   0.2286   0.0067   0.0897   0.0912   0.5226   0.3936   0.0096   0.0000   0.0198   0.0678    0.200
    34   0.1786  -0.3094   0.0000   0.2286   0.0062   0.0824   0.0963   0.4805   0.3619   0.0077   0.0000   0.0237   0.0575    0.184
    35   0.1935  -0.3352   0.0000   0.2286   0.0055   0.0733   0.0997   0.4273   0.3218   0.0056   0.0000   0.0273   0.0457    0.165
    36   0.2065  -0.3577   0.0000   0.2286   0.0047   0.0622   0.1007   0.3633   0.2736   0.0034   0.0000   0.0296   0.0333    0.142
    37   0.2173  -0.3765   0.0000   0.2286   0.0038   0.0497   0.0988   0.2901   0.2185   0.0014   0.0000   0.0294   0.0216    0.115
    38   0.2257  -0.3909   0.0000   0.2286   0.0028   0.0360   0.0943   0.2105   0.1585  -0.0003   0.0000   0.0255   0.0120    0.089
    39   0.2314  -0.4008   0.0000   0.2286   0.0017   0.0217   0.0884   0.1272   0.0958  -0.0017   0.0000   0.0175   0.0054    0.067
    40   0.2342  -0.4058   0.0000   0.2286   0.0006   0.0073   0.0846   0.0427   0.0322  -0.0024   0.0000   0.0062   0.0015    0.056
 ---------------------------------------------------------------
