 ---------------------------------------------------------------
 Surface and Strip Forces by surface

  Sref = 0.86700E-01   Cref = 0.14000       Bref = 0.71120    
  Xref = 0.10920       Yref =  0.0000       Zref =  0.0000    

  Surface # 1     Wing                                    
     # Chordwise = 10   # Spanwise = 20     First strip =  1
     Surface area Ssurf =    0.043348     Ave. chord Cave =    0.121900

 Forces referred to Sref, Cref, Bref about Xref, Yref, Zref
 Standard axis orientation,  X fwd, Z down         
     CLsurf  =   0.41897     Clsurf  =  -0.08725
     CYsurf  =   0.00637     Cmsurf  =  -0.03367
     CDsurf  =   0.02126     Cnsurf  =  -0.01608
     CDisurf =   0.02126     CDvsurf =   0.00000

 Forces referred to Ssurf, Cave 
     CLsurf  =   0.83798     CDsurf  =   0.04251

 Strip Forces referred to Strip Area, Chord
    j     Xle      Yle      Zle      Chord    Area     c_cl     ai     cl_norm    cl       cd       cdv    cm_c/4     cm_LE   C.P.x/c
     1   0.0003   0.0005   0.0000   0.2029   0.0004   0.1315   0.0958   0.6976   0.5773   0.4233   0.0000  -0.0268  -0.1632    0.296
     2   0.0029   0.0049   0.0000   0.2010   0.0013   0.1315   0.0964   0.7827   0.6477   0.0975   0.0000  -0.0248  -0.1629    0.288
     3   0.0079   0.0135   0.0000   0.1970   0.0021   0.1315   0.0976   0.8028   0.6644   0.0796   0.0000  -0.0194  -0.1610    0.279
     4   0.0152   0.0262   0.0000   0.1912   0.0028   0.1313   0.0989   0.8285   0.6856   0.0708   0.0000  -0.0126  -0.1593    0.268
     5   0.0247   0.0426   0.0000   0.1837   0.0033   0.1307   0.0998   0.8610   0.7125   0.0627   0.0000  -0.0064  -0.1593    0.259
     6   0.0362   0.0623   0.0000   0.1747   0.0037   0.1294   0.0999   0.8992   0.7442   0.0554   0.0000  -0.0014  -0.1614    0.252
     7   0.0493   0.0849   0.0000   0.1644   0.0039   0.1273   0.0989   0.9421   0.7796   0.0489   0.0000   0.0023  -0.1655    0.247
     8   0.0637   0.1098   0.0000   0.1530   0.0039   0.1241   0.0969   0.9882   0.8178   0.0429   0.0000   0.0047  -0.1712    0.244
     9   0.0791   0.1363   0.0000   0.1409   0.0038   0.1196   0.0939   1.0363   0.8576   0.0371   0.0000   0.0063  -0.1781    0.243
    10   0.0951   0.1638   0.0000   0.1283   0.0036   0.1138   0.0902   1.0854   0.8982   0.0314   0.0000   0.0072  -0.1856    0.242
    11   0.1114   0.1918   0.0000   0.1155   0.0032   0.1069   0.0862   1.1340   0.9384   0.0254   0.0000   0.0079  -0.1933    0.242
    12   0.1274   0.2193   0.0000   0.1029   0.0028   0.0990   0.0825   1.1803   0.9768   0.0191   0.0000   0.0086  -0.2005    0.241
    13   0.1428   0.2458   0.0000   0.0908   0.0023   0.0903   0.0798   1.2216   1.0109   0.0124   0.0000   0.0097  -0.2066    0.240
    14   0.1572   0.2707   0.0000   0.0794   0.0019   0.0809   0.0792   1.2529   1.0368   0.0055   0.0000   0.0116  -0.2101    0.239
    15   0.1703   0.2933   0.0000   0.0691   0.0015   0.0710   0.0822   1.2653   1.0471  -0.0015   0.0000   0.0153  -0.2088    0.235
    16   0.1818   0.3130   0.0000   0.0601   0.0011   0.0605   0.0907   1.2424   1.0281  -0.0083   0.0000   0.0223  -0.1985    0.228
    17   0.1913   0.3294   0.0000   0.0526   0.0008   0.0492   0.1051   1.1563   0.9569  -0.0150   0.0000   0.0341  -0.1729    0.214
    18   0.1986   0.3421   0.0000   0.0468   0.0005   0.0367   0.1213   0.9697   0.8025  -0.0207   0.0000   0.0488  -0.1272    0.189
    19   0.2036   0.3507   0.0000   0.0428   0.0003   0.0226   0.1305   0.6558   0.5427  -0.0220   0.0000   0.0530  -0.0684    0.152
    20   0.2062   0.3551   0.0000   0.0409   0.0001   0.0076   0.1276   0.2332   0.1930  -0.0144   0.0000   0.0254  -0.0184    0.119

  Surface # 2     Wing (YDUP)                             
     # Chordwise = 10   # Spanwise = 20     First strip = 21
     Surface area Ssurf =    0.043348     Ave. chord Cave =    0.121900

 Forces referred to Sref, Cref, Bref about Xref, Yref, Zref
 Standard axis orientation,  X fwd, Z down         
     CLsurf  =   0.41897     Clsurf  =   0.08725
     CYsurf  =  -0.00637     Cmsurf  =  -0.03367
     CDsurf  =   0.02126     Cnsurf  =   0.01608
     CDisurf =   0.02126     CDvsurf =   0.00000

 Forces referred to Ssurf, Cave 
     CLsurf  =   0.83798     CDsurf  =   0.04251

 Strip Forces referred to Strip Area, Chord
    j     Xle      Yle      Zle      Chord    Area     c_cl     ai     cl_norm    cl       cd       cdv    cm_c/4     cm_LE   C.P.x/c
    21   0.0003  -0.0005   0.0000   0.2029   0.0004   0.1315   0.0958   0.6976   0.5773   0.4233   0.0000  -0.0268   0.1632    0.296
    22   0.0029  -0.0049   0.0000   0.2010   0.0013   0.1315   0.0964   0.7827   0.6477   0.0975   0.0000  -0.0248   0.1629    0.288
    23   0.0079  -0.0135   0.0000   0.1970   0.0021   0.1315   0.0976   0.8028   0.6644   0.0796   0.0000  -0.0194   0.1610    0.279
    24   0.0152  -0.0262   0.0000   0.1912   0.0028   0.1313   0.0989   0.8285   0.6856   0.0708   0.0000  -0.0126   0.1593    0.268
    25   0.0247  -0.0426   0.0000   0.1837   0.0033   0.1307   0.0998   0.8610   0.7125   0.0627   0.0000  -0.0064   0.1593    0.259
    26   0.0362  -0.0623   0.0000   0.1747   0.0037   0.1294   0.0999   0.8992   0.7442   0.0554   0.0000  -0.0014   0.1614    0.252
    27   0.0493  -0.0849   0.0000   0.1644   0.0039   0.1273   0.0989   0.9421   0.7796   0.0489   0.0000   0.0023   0.1655    0.247
    28   0.0637  -0.1098   0.0000   0.1530   0.0039   0.1241   0.0969   0.9882   0.8178   0.0429   0.0000   0.0047   0.1712    0.244
    29   0.0791  -0.1363   0.0000   0.1409   0.0038   0.1196   0.0939   1.0363   0.8576   0.0371   0.0000   0.0063   0.1781    0.243
    30   0.0951  -0.1638   0.0000   0.1283   0.0036   0.1138   0.0902   1.0854   0.8982   0.0314   0.0000   0.0072   0.1856    0.242
    31   0.1114  -0.1918   0.0000   0.1155   0.0032   0.1069   0.0862   1.1340   0.9384   0.0254   0.0000   0.0079   0.1933    0.242
    32   0.1274  -0.2193   0.0000   0.1029   0.0028   0.0990   0.0825   1.1803   0.9768   0.0191   0.0000   0.0086   0.2005    0.241
    33   0.1428  -0.2458   0.0000   0.0908   0.0023   0.0903   0.0798   1.2216   1.0109   0.0124   0.0000   0.0097   0.2066    0.240
    34   0.1572  -0.2707   0.0000   0.0794   0.0019   0.0809   0.0792   1.2529   1.0368   0.0055   0.0000   0.0116   0.2101    0.239
    35   0.1703  -0.2933   0.0000   0.0691   0.0015   0.0710   0.0822   1.2653   1.0471  -0.0015   0.0000   0.0153   0.2088    0.235
    36   0.1818  -0.3130   0.0000   0.0601   0.0011   0.0605   0.0907   1.2424   1.0281  -0.0083   0.0000   0.0223   0.1985    0.228
    37   0.1913  -0.3294   0.0000   0.0526   0.0008   0.0492   0.1051   1.1563   0.9569  -0.0150   0.0000   0.0341   0.1729    0.214
    38   0.1986  -0.3421   0.0000   0.0468   0.0005   0.0367   0.1213   0.9697   0.8025  -0.0207   0.0000   0.0488   0.1272    0.189
    39   0.2036  -0.3507   0.0000   0.0428   0.0003   0.0226   0.1305   0.6558   0.5427  -0.0220   0.0000   0.0530   0.0684    0.152
    40   0.2062  -0.3551   0.0000   0.0409   0.0001   0.0076   0.1276   0.2332   0.1930  -0.0144   0.0000   0.0254   0.0184    0.119
 ---------------------------------------------------------------
