 ---------------------------------------------------------------
 Surface and Strip Forces by surface

  Sref = 0.14450       Cref = 0.20320       Bref = 0.71120    
  Xref = 0.10920       Yref =  0.0000       Zref =  0.0000    

  Surface # 1     Wing                                    
     # Chordwise = 10   # Spanwise = 20     First strip =  1
     Surface area Ssurf =    0.072258     Ave. chord Cave =    0.203200

 Forces referred to Sref, Cref, Bref about Xref, Yref, Zref
 Standard axis orientation,  X fwd, Z down         
     CLsurf  =   0.25138     Clsurf  =  -0.05595
     CYsurf  =   0.01415     Cmsurf  =  -0.03482
     CDsurf  =   0.01272     Cnsurf  =  -0.01115
     CDisurf =   0.01272     CDvsurf =   0.00000

 Forces referred to Ssurf, Cave 
     CLsurf  =   0.50270     CDsurf  =   0.02543

 Strip Forces referred to Strip Area, Chord
    j     Xle      Yle      Zle      Chord    Area     c_cl     ai     cl_norm    cl       cd       cdv    cm_c/4     cm_LE   C.P.x/c
     1   0.0003   0.0005   0.0000   0.2032   0.0004   0.1147   0.0404   0.6833   0.5162   0.3638   0.0000  -0.0334  -0.1511    0.315
     2   0.0028   0.0049   0.0000   0.2032   0.0013   0.1147   0.0441   0.7421   0.5606   0.0685   0.0000  -0.0310  -0.1491    0.305
     3   0.0078   0.0135   0.0000   0.2032   0.0022   0.1150   0.0502   0.7470   0.5643   0.0538   0.0000  -0.0244  -0.1437    0.293
     4   0.0151   0.0262   0.0000   0.2032   0.0030   0.1156   0.0573   0.7522   0.5683   0.0473   0.0000  -0.0165  -0.1374    0.279
     5   0.0246   0.0426   0.0000   0.2032   0.0037   0.1164   0.0643   0.7586   0.5731   0.0412   0.0000  -0.0091  -0.1319    0.266
     6   0.0360   0.0623   0.0000   0.2032   0.0043   0.1172   0.0709   0.7648   0.5778   0.0360   0.0000  -0.0030  -0.1275    0.255
     7   0.0490   0.0849   0.0000   0.2032   0.0048   0.1177   0.0771   0.7692   0.5811   0.0318   0.0000   0.0017  -0.1239    0.247
     8   0.0634   0.1098   0.0000   0.2032   0.0052   0.1178   0.0832   0.7704   0.5820   0.0285   0.0000   0.0056  -0.1207    0.240
     9   0.0787   0.1363   0.0000   0.2032   0.0055   0.1172   0.0895   0.7668   0.5793   0.0258   0.0000   0.0089  -0.1172    0.235
    10   0.0946   0.1638   0.0000   0.2032   0.0057   0.1156   0.0963   0.7568   0.5717   0.0234   0.0000   0.0122  -0.1126    0.229
    11   0.1107   0.1918   0.0000   0.2032   0.0057   0.1128   0.1036   0.7385   0.5579   0.0212   0.0000   0.0157  -0.1065    0.222
    12   0.1266   0.2193   0.0000   0.2032   0.0055   0.1084   0.1113   0.7101   0.5365   0.0189   0.0000   0.0198  -0.0983    0.213
    13   0.1419   0.2458   0.0000   0.2032   0.0052   0.1022   0.1189   0.6698   0.5060   0.0163   0.0000   0.0244  -0.0877    0.202
    14   0.1563   0.2707   0.0000   0.2032   0.0048   0.0939   0.1254   0.6161   0.4655   0.0132   0.0000   0.0293  -0.0747    0.187
    15   0.1693   0.2933   0.0000   0.2032   0.0043   0.0835   0.1301   0.5483   0.4142   0.0099   0.0000   0.0337  -0.0598    0.169
    16   0.1807   0.3130   0.0000   0.2032   0.0037   0.0711   0.1321   0.4670   0.3528   0.0063   0.0000   0.0363  -0.0443    0.147
    17   0.1902   0.3294   0.0000   0.2032   0.0030   0.0569   0.1310   0.3739   0.2825   0.0030   0.0000   0.0358  -0.0295    0.123
    18   0.1975   0.3421   0.0000   0.2032   0.0022   0.0413   0.1272   0.2722   0.2056   0.0002   0.0000   0.0309  -0.0172    0.100
    19   0.2025   0.3507   0.0000   0.2032   0.0013   0.0250   0.1217   0.1652   0.1248  -0.0021   0.0000   0.0212  -0.0083    0.080
    20   0.2050   0.3551   0.0000   0.2032   0.0004   0.0084   0.1181   0.0558   0.0422  -0.0036   0.0000   0.0075  -0.0024    0.072

  Surface # 2     Wing (YDUP)                             
     # Chordwise = 10   # Spanwise = 20     First strip = 21
     Surface area Ssurf =    0.072258     Ave. chord Cave =    0.203200

 Forces referred to Sref, Cref, Bref about Xref, Yref, Zref
 Standard axis orientation,  X fwd, Z down         
     CLsurf  =   0.25138     Clsurf  =   0.05595
     CYsurf  =  -0.01415     Cmsurf  =  -0.03482
     CDsurf  =   0.01272     Cnsurf  =   0.01115
     CDisurf =   0.01272     CDvsurf =   0.00000

 Forces referred to Ssurf, Cave 
     CLsurf  =   0.50270     CDsurf  =   0.02543

 Strip Forces referred to Strip Area, Chord
    j     Xle      Yle      Zle      Chord    Area     c_cl     ai     cl_norm    cl       cd       cdv    cm_c/4     cm_LE   C.P.x/c
    21   0.0003  -0.0005   0.0000   0.2032   0.0004   0.1147   0.0404   0.6833   0.5162   0.3638   0.0000  -0.0334   0.1511    0.315
    22   0.0028  -0.0049   0.0000   0.2032   0.0013   0.1147   0.0441   0.7421   0.5606   0.0685   0.0000  -0.0310   0.1491    0.305
    23   0.0078  -0.0135   0.0000   0.2032   0.0022   0.1150   0.0502   0.7470   0.5643   0.0538   0.0000  -0.0244   0.1437    0.293
    24   0.0151  -0.0262   0.0000   0.2032   0.0030   0.1156   0.0573   0.7522   0.5683   0.0473   0.0000  -0.0165   0.1374    0.279
    25   0.0246  -0.0426   0.0000   0.2032   0.0037   0.1164   0.0643   0.7586   0.5731   0.0412   0.0000  -0.0091   0.1319    0.266
    26   0.0360  -0.0623   0.0000   0.2032   0.0043   0.1172   0.0709   0.7648   0.5778   0.0360   0.0000  -0.0030   0.1275    0.255
    27   0.0490  -0.0849   0.0000   0.2032   0.0048   0.1177   0.0771   0.7692   0.5811   0.0318   0.0000   0.0017   0.1239    0.247
    28   0.0634  -0.1098   0.0000   0.2032   0.0052   0.1178   0.0832   0.7704   0.5820   0.0285   0.0000   0.0056   0.1207    0.240
    29   0.0787  -0.1363   0.0000   0.2032   0.0055   0.1172   0.0895   0.7668   0.5793   0.0258   0.0000   0.0089   0.1172    0.235
    30   0.0946  -0.1638   0.0000   0.2032   0.0057   0.1156   0.0963   0.7568   0.5717   0.0234   0.0000   0.0122   0.1126    0.229
    31   0.1107  -0.1918   0.0000   0.2032   0.0057   0.1128   0.1036   0.7385   0.5579   0.0212   0.0000   0.0157   0.1065    0.222
    32   0.1266  -0.2193   0.0000   0.2032   0.0055   0.1084   0.1113   0.7101   0.5365   0.0189   0.0000   0.0198   0.0983    0.213
    33   0.1419  -0.2458   0.0000   0.2032   0.0052   0.1022   0.1189   0.6698   0.5060   0.0163   0.0000   0.0244   0.0877    0.202
    34   0.1563  -0.2707   0.0000   0.2032   0.0048   0.0939   0.1254   0.6161   0.4655   0.0132   0.0000   0.0293   0.0747    0.187
    35   0.1693  -0.2933   0.0000   0.2032   0.0043   0.0835   0.1301   0.5483   0.4142   0.0099   0.0000   0.0337   0.0598    0.169
    36   0.1807  -0.3130   0.0000   0.2032   0.0037   0.0711   0.1321   0.4670   0.3528   0.0063   0.0000   0.0363   0.0443    0.147
    37   0.1902  -0.3294   0.0000   0.2032   0.0030   0.0569   0.1310   0.3739   0.2825   0.0030   0.0000   0.0358   0.0295    0.123
    38   0.1975  -0.3421   0.0000   0.2032   0.0022   0.0413   0.1272   0.2722   0.2056   0.0002   0.0000   0.0309   0.0172    0.100
    39   0.2025  -0.3507   0.0000   0.2032   0.0013   0.0250   0.1217   0.1652   0.1248  -0.0021   0.0000   0.0212   0.0083    0.080
    40   0.2050  -0.3551   0.0000   0.2032   0.0004   0.0084   0.1181   0.0558   0.0422  -0.0036   0.0000   0.0075   0.0024    0.072
 ---------------------------------------------------------------
