 ---------------------------------------------------------------
 Surface and Strip Forces by surface

  Sref = 0.17340       Cref = 0.22640       Bref = 0.81280    
  Xref = 0.10920       Yref =  0.0000       Zref =  0.0000    

  Surface # 1     Wing                                    
     # Chordwise = 10   # Spanwise = 20     First strip =  1
     Surface area Ssurf =    0.086705     Ave. chord Cave =    0.213350

 Forces referred to Sref, Cref, Bref about Xref, Yref, Zref
 Standard axis orientation,  X fwd, Z down         
     CLsurf  =   0.20948     Clsurf  =  -0.04498
     CYsurf  =   0.00061     Cmsurf  =  -0.04170
     CDsurf  =   0.00809     Cnsurf  =  -0.00425
     CDisurf =   0.00809     CDvsurf =   0.00000

 Forces referred to Ssurf, Cave 
     CLsurf  =   0.41894     CDsurf  =   0.01619

 Strip Forces referred to Strip Area, Chord
    j     Xle      Yle      Zle      Chord    Area     c_cl     ai     cl_norm    cl       cd       cdv    cm_c/4     cm_LE   C.P.x/c
     1   0.0004   0.0006   0.0000   0.3045   0.0008   0.1111   0.0655   0.4203   0.3460   0.1928   0.0000  -0.0121  -0.0894    0.285
     2   0.0032   0.0056   0.0000   0.3023   0.0022   0.1110   0.0650   0.4442   0.3657   0.0358   0.0000  -0.0113  -0.0893    0.281
     3   0.0090   0.0155   0.0000   0.2978   0.0036   0.1110   0.0651   0.4518   0.3719   0.0274   0.0000  -0.0088  -0.0883    0.274
     4   0.0173   0.0299   0.0000   0.2913   0.0049   0.1109   0.0656   0.4617   0.3801   0.0250   0.0000  -0.0054  -0.0870    0.264
     5   0.0282   0.0487   0.0000   0.2829   0.0059   0.1105   0.0663   0.4744   0.3905   0.0227   0.0000  -0.0018  -0.0861    0.255
     6   0.0412   0.0712   0.0000   0.2727   0.0066   0.1098   0.0670   0.4893   0.4027   0.0206   0.0000   0.0014  -0.0859    0.246
     7   0.0562   0.0970   0.0000   0.2611   0.0071   0.1086   0.0676   0.5056   0.4162   0.0186   0.0000   0.0041  -0.0864    0.240
     8   0.0726   0.1254   0.0000   0.2483   0.0073   0.1066   0.0680   0.5225   0.4301   0.0167   0.0000   0.0062  -0.0875    0.235
     9   0.0901   0.1558   0.0000   0.2347   0.0073   0.1039   0.0683   0.5390   0.4437   0.0150   0.0000   0.0080  -0.0889    0.232
    10   0.1084   0.1873   0.0000   0.2205   0.0070   0.1003   0.0687   0.5539   0.4559   0.0134   0.0000   0.0096  -0.0901    0.229
    11   0.1268   0.2191   0.0000   0.2062   0.0066   0.0957   0.0695   0.5657   0.4656   0.0118   0.0000   0.0112  -0.0908    0.226
    12   0.1451   0.2506   0.0000   0.1920   0.0060   0.0901   0.0709   0.5724   0.4712   0.0102   0.0000   0.0131  -0.0903    0.222
    13   0.1626   0.2810   0.0000   0.1784   0.0053   0.0836   0.0731   0.5715   0.4704   0.0084   0.0000   0.0155  -0.0880    0.217
    14   0.1790   0.3094   0.0000   0.1656   0.0045   0.0759   0.0763   0.5594   0.4605   0.0066   0.0000   0.0187  -0.0830    0.209
    15   0.1940   0.3352   0.0000   0.1540   0.0037   0.0671   0.0801   0.5320   0.4379   0.0045   0.0000   0.0228  -0.0745    0.198
    16   0.2070   0.3577   0.0000   0.1438   0.0030   0.0570   0.0839   0.4843   0.3986   0.0022   0.0000   0.0274  -0.0621    0.181
    17   0.2179   0.3765   0.0000   0.1354   0.0023   0.0457   0.0863   0.4126   0.3396   0.0000   0.0000   0.0310  -0.0462    0.159
    18   0.2262   0.3909   0.0000   0.1289   0.0016   0.0333   0.0858   0.3159   0.2601  -0.0018   0.0000   0.0308  -0.0292    0.131
    19   0.2320   0.4008   0.0000   0.1244   0.0009   0.0201   0.0816   0.1982   0.1631  -0.0028   0.0000   0.0238  -0.0144    0.104
    20   0.2348   0.4058   0.0000   0.1222   0.0003   0.0067   0.0759   0.0676   0.0556  -0.0031   0.0000   0.0091  -0.0040    0.087

  Surface # 2     Wing (YDUP)                             
     # Chordwise = 10   # Spanwise = 20     First strip = 21
     Surface area Ssurf =    0.086705     Ave. chord Cave =    0.213350

 Forces referred to Sref, Cref, Bref about Xref, Yref, Zref
 Standard axis orientation,  X fwd, Z down         
     CLsurf  =   0.20948     Clsurf  =   0.04498
     CYsurf  =  -0.00061     Cmsurf  =  -0.04170
     CDsurf  =   0.00809     Cnsurf  =   0.00425
     CDisurf =   0.00809     CDvsurf =   0.00000

 Forces referred to Ssurf, Cave 
     CLsurf  =   0.41894     CDsurf  =   0.01619

 Strip Forces referred to Strip Area, Chord
    j     Xle      Yle      Zle      Chord    Area     c_cl     ai     cl_norm    cl       cd       cdv    cm_c/4     cm_LE   C.P.x/c
    21   0.0004  -0.0006   0.0000   0.3045   0.0008   0.1111   0.0655   0.4203   0.3460   0.1928   0.0000  -0.0121   0.0894    0.285
    22   0.0032  -0.0056   0.0000   0.3023   0.0022   0.1110   0.0650   0.4442   0.3657   0.0358   0.0000  -0.0113   0.0893    0.281
    23   0.0090  -0.0155   0.0000   0.2978   0.0036   0.1110   0.0651   0.4518   0.3719   0.0274   0.0000  -0.0088   0.0883    0.274
    24   0.0173  -0.0299   0.0000   0.2913   0.0049   0.1109   0.0656   0.4617   0.3801   0.0250   0.0000  -0.0054   0.0870    0.264
    25   0.0282  -0.0487   0.0000   0.2829   0.0059   0.1105   0.0663   0.4744   0.3905   0.0227   0.0000  -0.0018   0.0861    0.255
    26   0.0412  -0.0712   0.0000   0.2727   0.0066   0.1098   0.0670   0.4893   0.4027   0.0206   0.0000   0.0014   0.0859    0.246
    27   0.0562  -0.0970   0.0000   0.2611   0.0071   0.1086   0.0676   0.5056   0.4162   0.0186   0.0000   0.0041   0.0864    0.240
    28   0.0726  -0.1254   0.0000   0.2483   0.0073   0.1066   0.0680   0.5225   0.4301   0.0167   0.0000   0.0062   0.0875    0.235
    29   0.0901  -0.1558   0.0000   0.2347   0.0073   0.1039   0.0683   0.5390   0.4437   0.0150   0.0000   0.0080   0.0889    0.232
    30   0.1084  -0.1873   0.0000   0.2205   0.0070   0.1003   0.0687   0.5539   0.4559   0.0134   0.0000   0.0096   0.0901    0.229
    31   0.1268  -0.2191   0.0000   0.2062   0.0066   0.0957   0.0695   0.5657   0.4656   0.0118   0.0000   0.0112   0.0908    0.226
    32   0.1451  -0.2506   0.0000   0.1920   0.0060   0.0901   0.0709   0.5724   0.4712   0.0102   0.0000   0.0131   0.0903    0.222
    33   0.1626  -0.2810   0.0000   0.1784   0.0053   0.0836   0.0731   0.5715   0.4704   0.0084   0.0000   0.0155   0.0880    0.217
    34   0.1790  -0.3094   0.0000   0.1656   0.0045   0.0759   0.0763   0.5594   0.4605   0.0066   0.0000   0.0187   0.0830    0.209
    35   0.1940  -0.3352   0.0000   0.1540   0.0037   0.0671   0.0801   0.5320   0.4379   0.0045   0.0000   0.0228   0.0745    0.198
    36   0.2070  -0.3577   0.0000   0.1438   0.0030   0.0570   0.0839   0.4843   0.3986   0.0022   0.0000   0.0274   0.0621    0.181
    37   0.2179  -0.3765   0.0000   0.1354   0.0023   0.0457   0.0863   0.4126   0.3396   0.0000   0.0000   0.0310   0.0462    0.159
    38   0.2262  -0.3909   0.0000   0.1289   0.0016   0.0333   0.0858   0.3159   0.2601  -0.0018   0.0000   0.0308   0.0292    0.131
    39   0.2320  -0.4008   0.0000   0.1244   0.0009   0.0201   0.0816   0.1982   0.1631  -0.0028   0.0000   0.0238   0.0144    0.104
    40   0.2348  -0.4058   0.0000   0.1222   0.0003   0.0067   0.0759   0.0676   0.0556  -0.0031   0.0000   0.0091   0.0040    0.087
 ---------------------------------------------------------------
