 ---------------------------------------------------------------
 Surface and Strip Forces by surface

  Sref = 0.17340       Cref = 0.24890       Bref = 0.71120    
  Xref = 0.10920       Yref =  0.0000       Zref =  0.0000    

  Surface # 1     Wing                                    
     # Chordwise = 10   # Spanwise = 20     First strip =  1
     Surface area Ssurf =    0.086713     Ave. chord Cave =    0.243850

 Forces referred to Sref, Cref, Bref about Xref, Yref, Zref
 Standard axis orientation,  X fwd, Z down         
     CLsurf  =   0.20948     Clsurf  =  -0.04537
     CYsurf  =   0.00361     Cmsurf  =  -0.04258
     CDsurf  =   0.01067     Cnsurf  =  -0.00664
     CDisurf =   0.01067     CDvsurf =   0.00000

 Forces referred to Ssurf, Cave 
     CLsurf  =   0.41890     CDsurf  =   0.02134

 Strip Forces referred to Strip Area, Chord
    j     Xle      Yle      Zle      Chord    Area     c_cl     ai     cl_norm    cl       cd       cdv    cm_c/4     cm_LE   C.P.x/c
     1   0.0004   0.0005   0.0000   0.3046   0.0007   0.1240   0.0770   0.4918   0.3707   0.3090   0.0000  -0.0186  -0.1003    0.300
     2   0.0033   0.0049   0.0000   0.3031   0.0020   0.1240   0.0763   0.5383   0.4057   0.0524   0.0000  -0.0177  -0.1000    0.294
     3   0.0090   0.0135   0.0000   0.3002   0.0032   0.1240   0.0769   0.5461   0.4116   0.0382   0.0000  -0.0147  -0.0983    0.286
     4   0.0174   0.0262   0.0000   0.2958   0.0043   0.1240   0.0784   0.5546   0.4180   0.0348   0.0000  -0.0103  -0.0959    0.275
     5   0.0282   0.0426   0.0000   0.2902   0.0053   0.1238   0.0804   0.5653   0.4261   0.0318   0.0000  -0.0056  -0.0935    0.263
     6   0.0413   0.0623   0.0000   0.2834   0.0060   0.1234   0.0826   0.5774   0.4352   0.0287   0.0000  -0.0012  -0.0917    0.253
     7   0.0563   0.0849   0.0000   0.2757   0.0066   0.1225   0.0848   0.5899   0.4446   0.0259   0.0000   0.0027  -0.0903    0.244
     8   0.0728   0.1098   0.0000   0.2672   0.0069   0.1209   0.0872   0.6015   0.4534   0.0233   0.0000   0.0061  -0.0892    0.236
     9   0.0904   0.1363   0.0000   0.2581   0.0070   0.1186   0.0897   0.6110   0.4605   0.0208   0.0000   0.0092  -0.0881    0.230
    10   0.1086   0.1638   0.0000   0.2486   0.0069   0.1152   0.0925   0.6165   0.4647   0.0185   0.0000   0.0121  -0.0864    0.224
    11   0.1272   0.1918   0.0000   0.2391   0.0066   0.1106   0.0957   0.6163   0.4645   0.0162   0.0000   0.0152  -0.0837    0.217
    12   0.1454   0.2193   0.0000   0.2296   0.0062   0.1048   0.0994   0.6081   0.4583   0.0139   0.0000   0.0187  -0.0795    0.209
    13   0.1630   0.2458   0.0000   0.2205   0.0057   0.0975   0.1033   0.5894   0.4443   0.0113   0.0000   0.0226  -0.0733    0.199
    14   0.1795   0.2707   0.0000   0.2120   0.0050   0.0886   0.1071   0.5578   0.4204   0.0086   0.0000   0.0269  -0.0647    0.186
    15   0.1945   0.2933   0.0000   0.2043   0.0043   0.0782   0.1102   0.5109   0.3851   0.0056   0.0000   0.0310  -0.0539    0.169
    16   0.2076   0.3130   0.0000   0.1975   0.0036   0.0661   0.1117   0.4473   0.3372   0.0026   0.0000   0.0340  -0.0414    0.149
    17   0.2184   0.3294   0.0000   0.1919   0.0028   0.0527   0.1111   0.3673   0.2769  -0.0002   0.0000   0.0344  -0.0285    0.126
    18   0.2268   0.3421   0.0000   0.1875   0.0020   0.0382   0.1079   0.2729   0.2057  -0.0023   0.0000   0.0305  -0.0170    0.102
    19   0.2325   0.3507   0.0000   0.1846   0.0012   0.0231   0.1029   0.1679   0.1265  -0.0036   0.0000   0.0214  -0.0082    0.081
    20   0.2354   0.3551   0.0000   0.1831   0.0004   0.0077   0.0990   0.0570   0.0430  -0.0041   0.0000   0.0077  -0.0024    0.071

  Surface # 2     Wing (YDUP)                             
     # Chordwise = 10   # Spanwise = 20     First strip = 21
     Surface area Ssurf =    0.086713     Ave. chord Cave =    0.243850

 Forces referred to Sref, Cref, Bref about Xref, Yref, Zref
 Standard axis orientation,  X fwd, Z down         
     CLsurf  =   0.20948     Clsurf  =   0.04537
     CYsurf  =  -0.00361     Cmsurf  =  -0.04258
     CDsurf  =   0.01067     Cnsurf  =   0.00664
     CDisurf =   0.01067     CDvsurf =   0.00000

 Forces referred to Ssurf, Cave 
     CLsurf  =   0.41890     CDsurf  =   0.02134

 Strip Forces referred to Strip Area, Chord
    j     Xle      Yle      Zle      Chord    Area     c_cl     ai     cl_norm    cl       cd       cdv    cm_c/4     cm_LE   C.P.x/c
    21   0.0004  -0.0005   0.0000   0.3046   0.0007   0.1240   0.0770   0.4918   0.3707   0.3090   0.0000  -0.0186   0.1003    0.300
    22   0.0033  -0.0049   0.0000   0.3031   0.0020   0.1240   0.0763   0.5383   0.4057   0.0524   0.0000  -0.0177   0.1000    0.294
    23   0.0090  -0.0135   0.0000   0.3002   0.0032   0.1240   0.0769   0.5461   0.4116   0.0382   0.0000  -0.0147   0.0983    0.286
    24   0.0174  -0.0262   0.0000   0.2958   0.0043   0.1240   0.0784   0.5546   0.4180   0.0348   0.0000  -0.0103   0.0959    0.275
    25   0.0282  -0.0426   0.0000   0.2902   0.0053   0.1238   0.0804   0.5653   0.4261   0.0318   0.0000  -0.0056   0.0935    0.263
    26   0.0413  -0.0623   0.0000   0.2834   0.0060   0.1234   0.0826   0.5774   0.4352   0.0287   0.0000  -0.0012   0.0917    0.253
    27   0.0563  -0.0849   0.0000   0.2757   0.0066   0.1225   0.0848   0.5899   0.4446   0.0259   0.0000   0.0027   0.0903    0.244
    28   0.0728  -0.1098   0.0000   0.2672   0.0069   0.1209   0.0872   0.6015   0.4534   0.0233   0.0000   0.0061   0.0892    0.236
    29   0.0904  -0.1363   0.0000   0.2581   0.0070   0.1186   0.0897   0.6110   0.4605   0.0208   0.0000   0.0092   0.0881    0.230
    30   0.1086  -0.1638   0.0000   0.2486   0.0069   0.1152   0.0925   0.6165   0.4647   0.0185   0.0000   0.0121   0.0864    0.224
    31   0.1272  -0.1918   0.0000   0.2391   0.0066   0.1106   0.0957   0.6163   0.4645   0.0162   0.0000   0.0152   0.0837    0.217
    32   0.1454  -0.2193   0.0000   0.2296   0.0062   0.1048   0.0994   0.6081   0.4583   0.0139   0.0000   0.0187   0.0795    0.209
    33   0.1630  -0.2458   0.0000   0.2205   0.0057   0.0975   0.1033   0.5894   0.4443   0.0113   0.0000   0.0226   0.0733    0.199
    34   0.1795  -0.2707   0.0000   0.2120   0.0050   0.0886   0.1071   0.5578   0.4204   0.0086   0.0000   0.0269   0.0647    0.186
    35   0.1945  -0.2933   0.0000   0.2043   0.0043   0.0782   0.1102   0.5109   0.3851   0.0056   0.0000   0.0310   0.0539    0.169
    36   0.2076  -0.3130   0.0000   0.1975   0.0036   0.0661   0.1117   0.4473   0.3372   0.0026   0.0000   0.0340   0.0414    0.149
    37   0.2184  -0.3294   0.0000   0.1919   0.0028   0.0527   0.1111   0.3673   0.2769  -0.0002   0.0000   0.0344   0.0285    0.126
    38   0.2268  -0.3421   0.0000   0.1875   0.0020   0.0382   0.1079   0.2729   0.2057  -0.0023   0.0000   0.0305   0.0170    0.102
    39   0.2325  -0.3507   0.0000   0.1846   0.0012   0.0231   0.1029   0.1679   0.1265  -0.0036   0.0000   0.0214   0.0082    0.081
    40   0.2354  -0.3551   0.0000   0.1831   0.0004   0.0077   0.0990   0.0570   0.0430  -0.0041   0.0000   0.0077   0.0024    0.071
 ---------------------------------------------------------------
