 ---------------------------------------------------------------
 Surface and Strip Forces by surface

  Sref = 0.16520       Cref = 0.20320       Bref = 0.81280    
  Xref = 0.10920       Yref =  0.0000       Zref =  0.0000    

  Surface # 1     Wing                                    
     # Chordwise = 10   # Spanwise = 20     First strip =  1
     Surface area Ssurf =    0.082580     Ave. chord Cave =    0.203200

 Forces referred to Sref, Cref, Bref about Xref, Yref, Zref
 Standard axis orientation,  X fwd, Z down         
     CLsurf  =   0.21988     Clsurf  =  -0.04902
     CYsurf  =   0.00810     Cmsurf  =  -0.02284
     CDsurf  =   0.00843     Cnsurf  =  -0.00660
     CDisurf =   0.00843     CDvsurf =   0.00000

 Forces referred to Ssurf, Cave 
     CLsurf  =   0.43987     CDsurf  =   0.01687

 Strip Forces referred to Strip Area, Chord
    j     Xle      Yle      Zle      Chord    Area     c_cl     ai     cl_norm    cl       cd       cdv    cm_c/4     cm_LE   C.P.x/c
     1   0.0003   0.0006   0.0000   0.2032   0.0005   0.1007   0.0346   0.5750   0.4737   0.2158   0.0000  -0.0239  -0.1339    0.300
     2   0.0026   0.0056   0.0000   0.2032   0.0015   0.1008   0.0358   0.5999   0.4943   0.0432   0.0000  -0.0217  -0.1321    0.294
     3   0.0072   0.0155   0.0000   0.2032   0.0025   0.1010   0.0395   0.6025   0.4964   0.0343   0.0000  -0.0163  -0.1274    0.283
     4   0.0140   0.0299   0.0000   0.2032   0.0034   0.1014   0.0444   0.6059   0.4992   0.0298   0.0000  -0.0100  -0.1222    0.270
     5   0.0227   0.0487   0.0000   0.2032   0.0042   0.1020   0.0494   0.6101   0.5026   0.0258   0.0000  -0.0044  -0.1178    0.259
     6   0.0332   0.0712   0.0000   0.2032   0.0049   0.1026   0.0541   0.6141   0.5060   0.0226   0.0000   0.0000  -0.1144    0.250
     7   0.0452   0.0970   0.0000   0.2032   0.0055   0.1030   0.0585   0.6169   0.5082   0.0201   0.0000   0.0034  -0.1118    0.243
     8   0.0585   0.1254   0.0000   0.2032   0.0060   0.1030   0.0629   0.6170   0.5084   0.0182   0.0000   0.0060  -0.1094    0.238
     9   0.0726   0.1558   0.0000   0.2032   0.0063   0.1024   0.0675   0.6135   0.5055   0.0168   0.0000   0.0083  -0.1067    0.234
    10   0.0873   0.1873   0.0000   0.2032   0.0065   0.1010   0.0725   0.6051   0.4985   0.0156   0.0000   0.0105  -0.1031    0.229
    11   0.1022   0.2191   0.0000   0.2032   0.0065   0.0985   0.0781   0.5905   0.4865   0.0144   0.0000   0.0130  -0.0981    0.223
    12   0.1169   0.2506   0.0000   0.2032   0.0063   0.0948   0.0842   0.5682   0.4681   0.0132   0.0000   0.0159  -0.0913    0.216
    13   0.1310   0.2810   0.0000   0.2032   0.0060   0.0895   0.0905   0.5366   0.4421   0.0119   0.0000   0.0194  -0.0823    0.206
    14   0.1443   0.3094   0.0000   0.2032   0.0055   0.0824   0.0963   0.4945   0.4074   0.0102   0.0000   0.0232  -0.0709    0.193
    15   0.1563   0.3352   0.0000   0.2032   0.0049   0.0735   0.1008   0.4409   0.3632   0.0082   0.0000   0.0269  -0.0576    0.176
    16   0.1668   0.3577   0.0000   0.2032   0.0042   0.0626   0.1030   0.3760   0.3097   0.0060   0.0000   0.0295  -0.0431    0.155
    17   0.1755   0.3765   0.0000   0.2032   0.0034   0.0502   0.1024   0.3012   0.2481   0.0038   0.0000   0.0297  -0.0291    0.130
    18   0.1823   0.3909   0.0000   0.2032   0.0025   0.0365   0.0987   0.2190   0.1804   0.0017   0.0000   0.0261  -0.0170    0.105
    19   0.1869   0.4008   0.0000   0.2032   0.0015   0.0220   0.0932   0.1325   0.1092  -0.0003   0.0000   0.0182  -0.0081    0.084
    20   0.1892   0.4058   0.0000   0.2032   0.0005   0.0074   0.0890   0.0445   0.0367  -0.0018   0.0000   0.0065  -0.0023    0.073

  Surface # 2     Wing (YDUP)                             
     # Chordwise = 10   # Spanwise = 20     First strip = 21
     Surface area Ssurf =    0.082580     Ave. chord Cave =    0.203200

 Forces referred to Sref, Cref, Bref about Xref, Yref, Zref
 Standard axis orientation,  X fwd, Z down         
     CLsurf  =   0.21988     Clsurf  =   0.04902
     CYsurf  =  -0.00810     Cmsurf  =  -0.02284
     CDsurf  =   0.00843     Cnsurf  =   0.00660
     CDisurf =   0.00843     CDvsurf =   0.00000

 Forces referred to Ssurf, Cave 
     CLsurf  =   0.43987     CDsurf  =   0.01687

 Strip Forces referred to Strip Area, Chord
    j     Xle      Yle      Zle      Chord    Area     c_cl     ai     cl_norm    cl       cd       cdv    cm_c/4     cm_LE   C.P.x/c
    21   0.0003  -0.0006   0.0000   0.2032   0.0005   0.1007   0.0346   0.5750   0.4737   0.2158   0.0000  -0.0239   0.1339    0.300
    22   0.0026  -0.0056   0.0000   0.2032   0.0015   0.1008   0.0358   0.5999   0.4943   0.0432   0.0000  -0.0217   0.1321    0.294
    23   0.0072  -0.0155   0.0000   0.2032   0.0025   0.1010   0.0395   0.6025   0.4964   0.0343   0.0000  -0.0163   0.1274    0.283
    24   0.0140  -0.0299   0.0000   0.2032   0.0034   0.1014   0.0444   0.6059   0.4992   0.0298   0.0000  -0.0100   0.1222    0.270
    25   0.0227  -0.0487   0.0000   0.2032   0.0042   0.1020   0.0494   0.6101   0.5026   0.0258   0.0000  -0.0044   0.1178    0.259
    26   0.0332  -0.0712   0.0000   0.2032   0.0049   0.1026   0.0541   0.6141   0.5060   0.0226   0.0000   0.0000   0.1144    0.250
    27   0.0452  -0.0970   0.0000   0.2032   0.0055   0.1030   0.0585   0.6169   0.5082   0.0201   0.0000   0.0034   0.1118    0.243
    28   0.0585  -0.1254   0.0000   0.2032   0.0060   0.1030   0.0629   0.6170   0.5084   0.0182   0.0000   0.0060   0.1094    0.238
    29   0.0726  -0.1558   0.0000   0.2032   0.0063   0.1024   0.0675   0.6135   0.5055   0.0168   0.0000   0.0083   0.1067    0.234
    30   0.0873  -0.1873   0.0000   0.2032   0.0065   0.1010   0.0725   0.6051   0.4985   0.0156   0.0000   0.0105   0.1031    0.229
    31   0.1022  -0.2191   0.0000   0.2032   0.0065   0.0985   0.0781   0.5905   0.4865   0.0144   0.0000   0.0130   0.0981    0.223
    32   0.1169  -0.2506   0.0000   0.2032   0.0063   0.0948   0.0842   0.5682   0.4681   0.0132   0.0000   0.0159   0.0913    0.216
    33   0.1310  -0.2810   0.0000   0.2032   0.0060   0.0895   0.0905   0.5366   0.4421   0.0119   0.0000   0.0194   0.0823    0.206
    34   0.1443  -0.3094   0.0000   0.2032   0.0055   0.0824   0.0963   0.4945   0.4074   0.0102   0.0000   0.0232   0.0709    0.193
    35   0.1563  -0.3352   0.0000   0.2032   0.0049   0.0735   0.1008   0.4409   0.3632   0.0082   0.0000   0.0269   0.0576    0.176
    36   0.1668  -0.3577   0.0000   0.2032   0.0042   0.0626   0.1030   0.3760   0.3097   0.0060   0.0000   0.0295   0.0431    0.155
    37   0.1755  -0.3765   0.0000   0.2032   0.0034   0.0502   0.1024   0.3012   0.2481   0.0038   0.0000   0.0297   0.0291    0.130
    38   0.1823  -0.3909   0.0000   0.2032   0.0025   0.0365   0.0987   0.2190   0.1804   0.0017   0.0000   0.0261   0.0170    0.105
    39   0.1869  -0.4008   0.0000   0.2032   0.0015   0.0220   0.0932   0.1325   0.1092  -0.0003   0.0000   0.0182   0.0081    0.084
    40   0.1892  -0.4058   0.0000   0.2032   0.0005   0.0074   0.0890   0.0445   0.0367  -0.0018   0.0000   0.0065   0.0023    0.073
 ---------------------------------------------------------------
