 ---------------------------------------------------------------
 Surface and Strip Forces by surface

  Sref = 0.14860       Cref = 0.16590       Bref = 0.91440    
  Xref = 0.10920       Yref =  0.0000       Zref =  0.0000    

  Surface # 1     Wing                                    
     # Chordwise = 10   # Spanwise = 20     First strip =  1
     Surface area Ssurf =    0.074318     Ave. chord Cave =    0.162550

 Forces referred to Sref, Cref, Bref about Xref, Yref, Zref
 Standard axis orientation,  X fwd, Z down         
     CLsurf  =   0.24444     Clsurf  =  -0.05441
     CYsurf  =   0.00888     Cmsurf  =  -0.08513
     CDsurf  =   0.00753     Cnsurf  =  -0.00729
     CDisurf =   0.00753     CDvsurf =   0.00000

 Forces referred to Ssurf, Cave 
     CLsurf  =   0.48877     CDsurf  =   0.01505

 Strip Forces referred to Strip Area, Chord
    j     Xle      Yle      Zle      Chord    Area     c_cl     ai     cl_norm    cl       cd       cdv    cm_c/4     cm_LE   C.P.x/c
     1   0.0004   0.0007   0.0000   0.2031   0.0006   0.0907   0.0291   0.5686   0.4282   0.1862   0.0000  -0.0275  -0.1182    0.314
     2   0.0039   0.0063   0.0000   0.2021   0.0017   0.0907   0.0304   0.5941   0.4474   0.0400   0.0000  -0.0249  -0.1165    0.306
     3   0.0108   0.0174   0.0000   0.2001   0.0027   0.0910   0.0342   0.6026   0.4538   0.0330   0.0000  -0.0184  -0.1121    0.291
     4   0.0209   0.0337   0.0000   0.1972   0.0037   0.0914   0.0387   0.6150   0.4631   0.0283   0.0000  -0.0113  -0.1080    0.274
     5   0.0341   0.0548   0.0000   0.1935   0.0045   0.0918   0.0428   0.6309   0.4751   0.0240   0.0000  -0.0054  -0.1054    0.261
     6   0.0498   0.0801   0.0000   0.1890   0.0052   0.0921   0.0459   0.6487   0.4885   0.0204   0.0000  -0.0011  -0.1044    0.252
     7   0.0679   0.1092   0.0000   0.1838   0.0056   0.0921   0.0482   0.6670   0.5023   0.0175   0.0000   0.0018  -0.1048    0.246
     8   0.0878   0.1411   0.0000   0.1781   0.0059   0.0915   0.0500   0.6844   0.5154   0.0153   0.0000   0.0038  -0.1059    0.243
     9   0.1090   0.1752   0.0000   0.1720   0.0060   0.0903   0.0516   0.6996   0.5269   0.0134   0.0000   0.0051  -0.1071    0.240
    10   0.1310   0.2107   0.0000   0.1657   0.0059   0.0884   0.0535   0.7115   0.5358   0.0119   0.0000   0.0063  -0.1079    0.238
    11   0.1533   0.2465   0.0000   0.1594   0.0057   0.0859   0.0562   0.7185   0.5411   0.0106   0.0000   0.0075  -0.1080    0.236
    12   0.1753   0.2820   0.0000   0.1531   0.0053   0.0825   0.0602   0.7187   0.5413   0.0093   0.0000   0.0092  -0.1066    0.233
    13   0.1965   0.3161   0.0000   0.1470   0.0049   0.0782   0.0658   0.7095   0.5343   0.0081   0.0000   0.0115  -0.1031    0.228
    14   0.2164   0.3480   0.0000   0.1413   0.0043   0.0727   0.0732   0.6868   0.5172   0.0067   0.0000   0.0151  -0.0964    0.221
    15   0.2345   0.3771   0.0000   0.1361   0.0037   0.0658   0.0818   0.6454   0.4860   0.0049   0.0000   0.0202  -0.0855    0.208
    16   0.2502   0.4024   0.0000   0.1316   0.0031   0.0571   0.0900   0.5797   0.4366   0.0027   0.0000   0.0265  -0.0697    0.189
    17   0.2634   0.4235   0.0000   0.1279   0.0024   0.0465   0.0952   0.4864   0.3663   0.0001   0.0000   0.0322  -0.0499    0.162
    18   0.2735   0.4398   0.0000   0.1250   0.0017   0.0342   0.0953   0.3664   0.2759  -0.0022   0.0000   0.0337  -0.0295    0.128
    19   0.2804   0.4509   0.0000   0.1230   0.0010   0.0208   0.0900   0.2264   0.1705  -0.0034   0.0000   0.0268  -0.0131    0.093
    20   0.2839   0.4565   0.0000   0.1220   0.0003   0.0069   0.0831   0.0766   0.0576  -0.0035   0.0000   0.0103  -0.0033    0.071

  Surface # 2     Wing (YDUP)                             
     # Chordwise = 10   # Spanwise = 20     First strip = 21
     Surface area Ssurf =    0.074318     Ave. chord Cave =    0.162550

 Forces referred to Sref, Cref, Bref about Xref, Yref, Zref
 Standard axis orientation,  X fwd, Z down         
     CLsurf  =   0.24444     Clsurf  =   0.05441
     CYsurf  =  -0.00888     Cmsurf  =  -0.08513
     CDsurf  =   0.00753     Cnsurf  =   0.00729
     CDisurf =   0.00753     CDvsurf =   0.00000

 Forces referred to Ssurf, Cave 
     CLsurf  =   0.48877     CDsurf  =   0.01505

 Strip Forces referred to Strip Area, Chord
    j     Xle      Yle      Zle      Chord    Area     c_cl     ai     cl_norm    cl       cd       cdv    cm_c/4     cm_LE   C.P.x/c
    21   0.0004  -0.0007   0.0000   0.2031   0.0006   0.0907   0.0291   0.5686   0.4282   0.1862   0.0000  -0.0275   0.1182    0.314
    22   0.0039  -0.0063   0.0000   0.2021   0.0017   0.0907   0.0304   0.5941   0.4474   0.0400   0.0000  -0.0249   0.1165    0.306
    23   0.0108  -0.0174   0.0000   0.2001   0.0027   0.0910   0.0342   0.6026   0.4538   0.0330   0.0000  -0.0184   0.1121    0.291
    24   0.0209  -0.0337   0.0000   0.1972   0.0037   0.0914   0.0387   0.6150   0.4631   0.0283   0.0000  -0.0113   0.1080    0.274
    25   0.0341  -0.0548   0.0000   0.1935   0.0045   0.0918   0.0428   0.6309   0.4751   0.0240   0.0000  -0.0054   0.1054    0.261
    26   0.0498  -0.0801   0.0000   0.1890   0.0052   0.0921   0.0459   0.6487   0.4885   0.0204   0.0000  -0.0011   0.1044    0.252
    27   0.0679  -0.1092   0.0000   0.1838   0.0056   0.0921   0.0482   0.6670   0.5023   0.0175   0.0000   0.0018   0.1048    0.246
    28   0.0878  -0.1411   0.0000   0.1781   0.0059   0.0915   0.0500   0.6844   0.5154   0.0153   0.0000   0.0038   0.1059    0.243
    29   0.1090  -0.1752   0.0000   0.1720   0.0060   0.0903   0.0516   0.6996   0.5269   0.0134   0.0000   0.0051   0.1071    0.240
    30   0.1310  -0.2107   0.0000   0.1657   0.0059   0.0884   0.0535   0.7115   0.5358   0.0119   0.0000   0.0063   0.1079    0.238
    31   0.1533  -0.2465   0.0000   0.1594   0.0057   0.0859   0.0562   0.7185   0.5411   0.0106   0.0000   0.0075   0.1080    0.236
    32   0.1753  -0.2820   0.0000   0.1531   0.0053   0.0825   0.0602   0.7187   0.5413   0.0093   0.0000   0.0092   0.1066    0.233
    33   0.1965  -0.3161   0.0000   0.1470   0.0049   0.0782   0.0658   0.7095   0.5343   0.0081   0.0000   0.0115   0.1031    0.228
    34   0.2164  -0.3480   0.0000   0.1413   0.0043   0.0727   0.0732   0.6868   0.5172   0.0067   0.0000   0.0151   0.0964    0.221
    35   0.2345  -0.3771   0.0000   0.1361   0.0037   0.0658   0.0818   0.6454   0.4860   0.0049   0.0000   0.0202   0.0855    0.208
    36   0.2502  -0.4024   0.0000   0.1316   0.0031   0.0571   0.0900   0.5797   0.4366   0.0027   0.0000   0.0265   0.0697    0.189
    37   0.2634  -0.4235   0.0000   0.1279   0.0024   0.0465   0.0952   0.4864   0.3663   0.0001   0.0000   0.0322   0.0499    0.162
    38   0.2735  -0.4398   0.0000   0.1250   0.0017   0.0342   0.0953   0.3664   0.2759  -0.0022   0.0000   0.0337   0.0295    0.128
    39   0.2804  -0.4509   0.0000   0.1230   0.0010   0.0208   0.0900   0.2264   0.1705  -0.0034   0.0000   0.0268   0.0131    0.093
    40   0.2839  -0.4565   0.0000   0.1220   0.0003   0.0069   0.0831   0.0766   0.0576  -0.0035   0.0000   0.0103   0.0033    0.071
 ---------------------------------------------------------------
