 ---------------------------------------------------------------
 Surface and Strip Forces by surface

  Sref = 0.12390       Cref = 0.17500       Bref = 0.81280    
  Xref = 0.10920       Yref =  0.0000       Zref =  0.0000    

  Surface # 1     Wing                                    
     # Chordwise = 10   # Spanwise = 20     First strip =  1
     Surface area Ssurf =    0.061935     Ave. chord Cave =    0.152400

 Forces referred to Sref, Cref, Bref about Xref, Yref, Zref
 Standard axis orientation,  X fwd, Z down         
     CLsurf  =   0.29318     Clsurf  =  -0.06142
     CYsurf  =   0.00162     Cmsurf  =  -0.05586
     CDsurf  =   0.01142     Cnsurf  =  -0.00759
     CDisurf =   0.01142     CDvsurf =   0.00000

 Forces referred to Ssurf, Cave 
     CLsurf  =   0.58649     CDsurf  =   0.02285

 Strip Forces referred to Strip Area, Chord
    j     Xle      Yle      Zle      Chord    Area     c_cl     ai     cl_norm    cl       cd       cdv    cm_c/4     cm_LE   C.P.x/c
     1   0.0004   0.0006   0.0000   0.2537   0.0006   0.1155   0.0740   0.5181   0.4270   0.2391   0.0000  -0.0170  -0.1126    0.290
     2   0.0033   0.0056   0.0000   0.2512   0.0019   0.1155   0.0739   0.5546   0.4571   0.0507   0.0000  -0.0158  -0.1125    0.285
     3   0.0091   0.0155   0.0000   0.2463   0.0030   0.1154   0.0743   0.5672   0.4675   0.0410   0.0000  -0.0122  -0.1114    0.276
     4   0.0177   0.0299   0.0000   0.2390   0.0040   0.1152   0.0749   0.5841   0.4815   0.0369   0.0000  -0.0076  -0.1103    0.266
     5   0.0288   0.0487   0.0000   0.2297   0.0048   0.1147   0.0753   0.6060   0.4995   0.0331   0.0000  -0.0031  -0.1101    0.256
     6   0.0421   0.0712   0.0000   0.2184   0.0053   0.1136   0.0753   0.6320   0.5209   0.0295   0.0000   0.0006  -0.1114    0.249
     7   0.0574   0.0970   0.0000   0.2055   0.0056   0.1117   0.0747   0.6615   0.5453   0.0262   0.0000   0.0034  -0.1141    0.244
     8   0.0742   0.1254   0.0000   0.1913   0.0056   0.1090   0.0734   0.6936   0.5717   0.0231   0.0000   0.0053  -0.1180    0.241
     9   0.0921   0.1558   0.0000   0.1761   0.0055   0.1051   0.0714   0.7275   0.5996   0.0202   0.0000   0.0066  -0.1227    0.239
    10   0.1107   0.1873   0.0000   0.1604   0.0051   0.1002   0.0689   0.7621   0.6282   0.0172   0.0000   0.0075  -0.1280    0.238
    11   0.1296   0.2191   0.0000   0.1444   0.0046   0.0942   0.0663   0.7966   0.6565   0.0141   0.0000   0.0081  -0.1334    0.238
    12   0.1482   0.2506   0.0000   0.1287   0.0040   0.0874   0.0638   0.8294   0.6836   0.0108   0.0000   0.0088  -0.1385    0.237
    13   0.1661   0.2810   0.0000   0.1135   0.0033   0.0797   0.0620   0.8585   0.7076   0.0072   0.0000   0.0098  -0.1427    0.236
    14   0.1829   0.3094   0.0000   0.0993   0.0027   0.0714   0.0616   0.8801   0.7254   0.0035   0.0000   0.0114  -0.1450    0.234
    15   0.1982   0.3352   0.0000   0.0864   0.0021   0.0626   0.0638   0.8875   0.7315  -0.0003   0.0000   0.0144  -0.1436    0.230
    16   0.2115   0.3577   0.0000   0.0751   0.0016   0.0533   0.0695   0.8687   0.7160  -0.0043   0.0000   0.0198  -0.1355    0.222
    17   0.2226   0.3765   0.0000   0.0658   0.0011   0.0431   0.0787   0.8045   0.6631  -0.0082   0.0000   0.0285  -0.1167    0.207
    18   0.2312   0.3909   0.0000   0.0585   0.0007   0.0319   0.0881   0.6701   0.5523  -0.0115   0.0000   0.0384  -0.0844    0.180
    19   0.2370   0.4008   0.0000   0.0536   0.0004   0.0196   0.0916   0.4498   0.3707  -0.0120   0.0000   0.0399  -0.0444    0.142
    20   0.2399   0.4058   0.0000   0.0511   0.0001   0.0066   0.0859   0.1587   0.1308  -0.0078   0.0000   0.0186  -0.0117    0.108

  Surface # 2     Wing (YDUP)                             
     # Chordwise = 10   # Spanwise = 20     First strip = 21
     Surface area Ssurf =    0.061935     Ave. chord Cave =    0.152400

 Forces referred to Sref, Cref, Bref about Xref, Yref, Zref
 Standard axis orientation,  X fwd, Z down         
     CLsurf  =   0.29318     Clsurf  =   0.06142
     CYsurf  =  -0.00162     Cmsurf  =  -0.05586
     CDsurf  =   0.01142     Cnsurf  =   0.00759
     CDisurf =   0.01142     CDvsurf =   0.00000

 Forces referred to Ssurf, Cave 
     CLsurf  =   0.58649     CDsurf  =   0.02285

 Strip Forces referred to Strip Area, Chord
    j     Xle      Yle      Zle      Chord    Area     c_cl     ai     cl_norm    cl       cd       cdv    cm_c/4     cm_LE   C.P.x/c
    21   0.0004  -0.0006   0.0000   0.2537   0.0006   0.1155   0.0740   0.5181   0.4270   0.2391   0.0000  -0.0170   0.1126    0.290
    22   0.0033  -0.0056   0.0000   0.2512   0.0019   0.1155   0.0739   0.5546   0.4571   0.0507   0.0000  -0.0158   0.1125    0.285
    23   0.0091  -0.0155   0.0000   0.2463   0.0030   0.1154   0.0743   0.5672   0.4675   0.0410   0.0000  -0.0122   0.1114    0.276
    24   0.0177  -0.0299   0.0000   0.2390   0.0040   0.1152   0.0749   0.5841   0.4815   0.0369   0.0000  -0.0076   0.1103    0.266
    25   0.0288  -0.0487   0.0000   0.2297   0.0048   0.1147   0.0753   0.6060   0.4995   0.0331   0.0000  -0.0031   0.1101    0.256
    26   0.0421  -0.0712   0.0000   0.2184   0.0053   0.1136   0.0753   0.6320   0.5209   0.0295   0.0000   0.0006   0.1114    0.249
    27   0.0574  -0.0970   0.0000   0.2055   0.0056   0.1117   0.0747   0.6615   0.5453   0.0262   0.0000   0.0034   0.1141    0.244
    28   0.0742  -0.1254   0.0000   0.1913   0.0056   0.1090   0.0734   0.6936   0.5717   0.0231   0.0000   0.0053   0.1180    0.241
    29   0.0921  -0.1558   0.0000   0.1761   0.0055   0.1051   0.0714   0.7275   0.5996   0.0202   0.0000   0.0066   0.1227    0.239
    30   0.1107  -0.1873   0.0000   0.1604   0.0051   0.1002   0.0689   0.7621   0.6282   0.0172   0.0000   0.0075   0.1280    0.238
    31   0.1296  -0.2191   0.0000   0.1444   0.0046   0.0942   0.0663   0.7966   0.6565   0.0141   0.0000   0.0081   0.1334    0.238
    32   0.1482  -0.2506   0.0000   0.1287   0.0040   0.0874   0.0638   0.8294   0.6836   0.0108   0.0000   0.0088   0.1385    0.237
    33   0.1661  -0.2810   0.0000   0.1135   0.0033   0.0797   0.0620   0.8585   0.7076   0.0072   0.0000   0.0098   0.1427    0.236
    34   0.1829  -0.3094   0.0000   0.0993   0.0027   0.0714   0.0616   0.8801   0.7254   0.0035   0.0000   0.0114   0.1450    0.234
    35   0.1982  -0.3352   0.0000   0.0864   0.0021   0.0626   0.0638   0.8875   0.7315  -0.0003   0.0000   0.0144   0.1436    0.230
    36   0.2115  -0.3577   0.0000   0.0751   0.0016   0.0533   0.0695   0.8687   0.7160  -0.0043   0.0000   0.0198   0.1355    0.222
    37   0.2226  -0.3765   0.0000   0.0658   0.0011   0.0431   0.0787   0.8045   0.6631  -0.0082   0.0000   0.0285   0.1167    0.207
    38   0.2312  -0.3909   0.0000   0.0585   0.0007   0.0319   0.0881   0.6701   0.5523  -0.0115   0.0000   0.0384   0.0844    0.180
    39   0.2370  -0.4008   0.0000   0.0536   0.0004   0.0196   0.0916   0.4498   0.3707  -0.0120   0.0000   0.0399   0.0444    0.142
    40   0.2399  -0.4058   0.0000   0.0511   0.0001   0.0066   0.0859   0.1587   0.1308  -0.0078   0.0000   0.0186   0.0117    0.108
 ---------------------------------------------------------------
