 ---------------------------------------------------------------
 Surface and Strip Forces by surface

  Sref = 0.12650       Cref = 0.18870       Bref = 0.71120    
  Xref = 0.10920       Yref =  0.0000       Zref =  0.0000    

  Surface # 1     Wing                                    
     # Chordwise = 10   # Spanwise = 20     First strip =  1
     Surface area Ssurf =    0.063226     Ave. chord Cave =    0.177800

 Forces referred to Sref, Cref, Bref about Xref, Yref, Zref
 Standard axis orientation,  X fwd, Z down         
     CLsurf  =   0.28715     Clsurf  =  -0.06195
     CYsurf  =   0.00564     Cmsurf  =  -0.06376
     CDsurf  =   0.01459     Cnsurf  =  -0.00995
     CDisurf =   0.01459     CDvsurf =   0.00000

 Forces referred to Ssurf, Cave 
     CLsurf  =   0.57452     CDsurf  =   0.02920

 Strip Forces referred to Strip Area, Chord
    j     Xle      Yle      Zle      Chord    Area     c_cl     ai     cl_norm    cl       cd       cdv    cm_c/4     cm_LE   C.P.x/c
     1   0.0004   0.0005   0.0000   0.2538   0.0006   0.1247   0.0783   0.5851   0.4420   0.3600   0.0000  -0.0252  -0.1222    0.307
     2   0.0034   0.0049   0.0000   0.2519   0.0016   0.1247   0.0785   0.6494   0.4905   0.0683   0.0000  -0.0239  -0.1219    0.299
     3   0.0093   0.0135   0.0000   0.2482   0.0026   0.1248   0.0799   0.6624   0.5004   0.0531   0.0000  -0.0197  -0.1199    0.289
     4   0.0179   0.0262   0.0000   0.2428   0.0035   0.1247   0.0819   0.6783   0.5124   0.0481   0.0000  -0.0140  -0.1175    0.277
     5   0.0292   0.0426   0.0000   0.2357   0.0043   0.1245   0.0839   0.6987   0.5278   0.0433   0.0000  -0.0083  -0.1158    0.266
     6   0.0427   0.0623   0.0000   0.2273   0.0048   0.1240   0.0857   0.7226   0.5458   0.0387   0.0000  -0.0033  -0.1152    0.256
     7   0.0581   0.0849   0.0000   0.2176   0.0052   0.1228   0.0871   0.7488   0.5657   0.0344   0.0000   0.0008  -0.1158    0.249
     8   0.0751   0.1098   0.0000   0.2070   0.0053   0.1209   0.0882   0.7761   0.5863   0.0306   0.0000   0.0040  -0.1172    0.243
     9   0.0933   0.1363   0.0000   0.1956   0.0053   0.1181   0.0890   0.8030   0.6066   0.0270   0.0000   0.0065  -0.1192    0.239
    10   0.1122   0.1638   0.0000   0.1838   0.0051   0.1142   0.0900   0.8277   0.6252   0.0236   0.0000   0.0087  -0.1211    0.236
    11   0.1312   0.1918   0.0000   0.1718   0.0048   0.1093   0.0915   0.8481   0.6406   0.0203   0.0000   0.0108  -0.1223    0.233
    12   0.1501   0.2193   0.0000   0.1600   0.0043   0.1033   0.0940   0.8614   0.6507   0.0170   0.0000   0.0134  -0.1221    0.229
    13   0.1683   0.2458   0.0000   0.1486   0.0038   0.0962   0.0979   0.8638   0.6525   0.0135   0.0000   0.0169  -0.1196    0.224
    14   0.1853   0.2707   0.0000   0.1380   0.0033   0.0878   0.1035   0.8499   0.6420   0.0096   0.0000   0.0216  -0.1134    0.216
    15   0.2007   0.2933   0.0000   0.1283   0.0027   0.0779   0.1103   0.8125   0.6138   0.0054   0.0000   0.0279  -0.1023    0.204
    16   0.2142   0.3130   0.0000   0.1199   0.0022   0.0666   0.1171   0.7439   0.5619   0.0006   0.0000   0.0353  -0.0854    0.187
    17   0.2255   0.3294   0.0000   0.1128   0.0016   0.0536   0.1221   0.6373   0.4814  -0.0041   0.0000   0.0416  -0.0637    0.163
    18   0.2341   0.3421   0.0000   0.1074   0.0011   0.0392   0.1231   0.4907   0.3707  -0.0079   0.0000   0.0427  -0.0401    0.135
    19   0.2400   0.3507   0.0000   0.1037   0.0007   0.0238   0.1195   0.3096   0.2338  -0.0091   0.0000   0.0336  -0.0197    0.106
    20   0.2430   0.3551   0.0000   0.1018   0.0002   0.0080   0.1141   0.1064   0.0804  -0.0078   0.0000   0.0129  -0.0055    0.089

  Surface # 2     Wing (YDUP)                             
     # Chordwise = 10   # Spanwise = 20     First strip = 21
     Surface area Ssurf =    0.063226     Ave. chord Cave =    0.177800

 Forces referred to Sref, Cref, Bref about Xref, Yref, Zref
 Standard axis orientation,  X fwd, Z down         
     CLsurf  =   0.28715     Clsurf  =   0.06195
     CYsurf  =  -0.00564     Cmsurf  =  -0.06376
     CDsurf  =   0.01459     Cnsurf  =   0.00995
     CDisurf =   0.01459     CDvsurf =   0.00000

 Forces referred to Ssurf, Cave 
     CLsurf  =   0.57452     CDsurf  =   0.02920

 Strip Forces referred to Strip Area, Chord
    j     Xle      Yle      Zle      Chord    Area     c_cl     ai     cl_norm    cl       cd       cdv    cm_c/4     cm_LE   C.P.x/c
    21   0.0004  -0.0005   0.0000   0.2538   0.0006   0.1247   0.0783   0.5851   0.4420   0.3600   0.0000  -0.0252   0.1222    0.307
    22   0.0034  -0.0049   0.0000   0.2519   0.0016   0.1247   0.0785   0.6494   0.4905   0.0683   0.0000  -0.0239   0.1219    0.299
    23   0.0093  -0.0135   0.0000   0.2482   0.0026   0.1248   0.0799   0.6624   0.5004   0.0531   0.0000  -0.0197   0.1199    0.289
    24   0.0179  -0.0262   0.0000   0.2428   0.0035   0.1247   0.0819   0.6783   0.5124   0.0481   0.0000  -0.0140   0.1175    0.277
    25   0.0292  -0.0426   0.0000   0.2357   0.0043   0.1245   0.0839   0.6987   0.5278   0.0433   0.0000  -0.0083   0.1158    0.266
    26   0.0427  -0.0623   0.0000   0.2273   0.0048   0.1240   0.0857   0.7226   0.5458   0.0387   0.0000  -0.0033   0.1152    0.256
    27   0.0581  -0.0849   0.0000   0.2176   0.0052   0.1228   0.0871   0.7488   0.5657   0.0344   0.0000   0.0008   0.1158    0.249
    28   0.0751  -0.1098   0.0000   0.2070   0.0053   0.1209   0.0882   0.7761   0.5863   0.0306   0.0000   0.0040   0.1172    0.243
    29   0.0933  -0.1363   0.0000   0.1956   0.0053   0.1181   0.0890   0.8030   0.6066   0.0270   0.0000   0.0065   0.1192    0.239
    30   0.1122  -0.1638   0.0000   0.1838   0.0051   0.1142   0.0900   0.8277   0.6252   0.0236   0.0000   0.0087   0.1211    0.236
    31   0.1312  -0.1918   0.0000   0.1718   0.0048   0.1093   0.0915   0.8481   0.6406   0.0203   0.0000   0.0108   0.1223    0.233
    32   0.1501  -0.2193   0.0000   0.1600   0.0043   0.1033   0.0940   0.8614   0.6507   0.0170   0.0000   0.0134   0.1221    0.229
    33   0.1683  -0.2458   0.0000   0.1486   0.0038   0.0962   0.0979   0.8638   0.6525   0.0135   0.0000   0.0169   0.1196    0.224
    34   0.1853  -0.2707   0.0000   0.1380   0.0033   0.0878   0.1035   0.8499   0.6420   0.0096   0.0000   0.0216   0.1134    0.216
    35   0.2007  -0.2933   0.0000   0.1283   0.0027   0.0779   0.1103   0.8125   0.6138   0.0054   0.0000   0.0279   0.1023    0.204
    36   0.2142  -0.3130   0.0000   0.1199   0.0022   0.0666   0.1171   0.7439   0.5619   0.0006   0.0000   0.0353   0.0854    0.187
    37   0.2255  -0.3294   0.0000   0.1128   0.0016   0.0536   0.1221   0.6373   0.4814  -0.0041   0.0000   0.0416   0.0637    0.163
    38   0.2341  -0.3421   0.0000   0.1074   0.0011   0.0392   0.1231   0.4907   0.3707  -0.0079   0.0000   0.0427   0.0401    0.135
    39   0.2400  -0.3507   0.0000   0.1037   0.0007   0.0238   0.1195   0.3096   0.2338  -0.0091   0.0000   0.0336   0.0197    0.106
    40   0.2430  -0.3551   0.0000   0.1018   0.0002   0.0080   0.1141   0.1064   0.0804  -0.0078   0.0000   0.0129   0.0055    0.089
 ---------------------------------------------------------------
