 ---------------------------------------------------------------
 Surface and Strip Forces by surface

  Sref = 0.14450       Cref = 0.20740       Bref = 0.71120    
  Xref = 0.10920       Yref =  0.0000       Zref =  0.0000    

  Surface # 1     Wing                                    
     # Chordwise = 10   # Spanwise = 20     First strip =  1
     Surface area Ssurf =    0.072258     Ave. chord Cave =    0.203200

 Forces referred to Sref, Cref, Bref about Xref, Yref, Zref
 Standard axis orientation,  X fwd, Z down         
     CLsurf  =   0.25138     Clsurf  =  -0.05483
     CYsurf  =   0.00708     Cmsurf  =  -0.04949
     CDsurf  =   0.01274     Cnsurf  =  -0.00904
     CDisurf =   0.01274     CDvsurf =   0.00000

 Forces referred to Ssurf, Cave 
     CLsurf  =   0.50270     CDsurf  =   0.02548

 Strip Forces referred to Strip Area, Chord
    j     Xle      Yle      Zle      Chord    Area     c_cl     ai     cl_norm    cl       cd       cdv    cm_c/4     cm_LE   C.P.x/c
     1   0.0004   0.0005   0.0000   0.2538   0.0006   0.1218   0.0691   0.5769   0.4354   0.3428   0.0000  -0.0252  -0.1217    0.308
     2   0.0032   0.0049   0.0000   0.2526   0.0016   0.1218   0.0694   0.6333   0.4780   0.0625   0.0000  -0.0238  -0.1211    0.300
     3   0.0088   0.0135   0.0000   0.2501   0.0027   0.1218   0.0713   0.6428   0.4852   0.0479   0.0000  -0.0195  -0.1185    0.290
     4   0.0170   0.0262   0.0000   0.2465   0.0036   0.1219   0.0741   0.6538   0.4935   0.0432   0.0000  -0.0137  -0.1153    0.278
     5   0.0276   0.0426   0.0000   0.2418   0.0044   0.1220   0.0772   0.6677   0.5040   0.0388   0.0000  -0.0079  -0.1125    0.266
     6   0.0404   0.0623   0.0000   0.2362   0.0050   0.1218   0.0802   0.6835   0.5159   0.0345   0.0000  -0.0028  -0.1105    0.255
     7   0.0551   0.0849   0.0000   0.2297   0.0055   0.1211   0.0831   0.6999   0.5283   0.0308   0.0000   0.0014  -0.1094    0.247
     8   0.0712   0.1098   0.0000   0.2226   0.0057   0.1199   0.0858   0.7155   0.5400   0.0274   0.0000   0.0049  -0.1089    0.241
     9   0.0884   0.1363   0.0000   0.2151   0.0058   0.1178   0.0886   0.7285   0.5499   0.0245   0.0000   0.0078  -0.1083    0.236
    10   0.1063   0.1638   0.0000   0.2072   0.0058   0.1148   0.0919   0.7373   0.5565   0.0218   0.0000   0.0106  -0.1073    0.231
    11   0.1244   0.1918   0.0000   0.1992   0.0055   0.1106   0.0958   0.7397   0.5583   0.0192   0.0000   0.0135  -0.1051    0.226
    12   0.1423   0.2193   0.0000   0.1913   0.0052   0.1052   0.1005   0.7330   0.5533   0.0166   0.0000   0.0170  -0.1011    0.219
    13   0.1595   0.2458   0.0000   0.1838   0.0047   0.0984   0.1060   0.7142   0.5391   0.0138   0.0000   0.0212  -0.0946    0.211
    14   0.1756   0.2707   0.0000   0.1767   0.0042   0.0900   0.1118   0.6799   0.5132   0.0106   0.0000   0.0262  -0.0849    0.199
    15   0.1903   0.2933   0.0000   0.1702   0.0036   0.0799   0.1172   0.6266   0.4729   0.0072   0.0000   0.0316  -0.0719    0.183
    16   0.2031   0.3130   0.0000   0.1646   0.0030   0.0679   0.1209   0.5519   0.4166   0.0035   0.0000   0.0363  -0.0562    0.163
    17   0.2137   0.3294   0.0000   0.1599   0.0023   0.0544   0.1219   0.4555   0.3438  -0.0001   0.0000   0.0383  -0.0393    0.139
    18   0.2219   0.3421   0.0000   0.1563   0.0017   0.0396   0.1196   0.3397   0.2564  -0.0029   0.0000   0.0352  -0.0236    0.113
    19   0.2275   0.3507   0.0000   0.1538   0.0010   0.0240   0.1146   0.2095   0.1581  -0.0044   0.0000   0.0253  -0.0115    0.090
    20   0.2303   0.3551   0.0000   0.1526   0.0003   0.0080   0.1102   0.0712   0.0538  -0.0049   0.0000   0.0092  -0.0033    0.078

  Surface # 2     Wing (YDUP)                             
     # Chordwise = 10   # Spanwise = 20     First strip = 21
     Surface area Ssurf =    0.072258     Ave. chord Cave =    0.203200

 Forces referred to Sref, Cref, Bref about Xref, Yref, Zref
 Standard axis orientation,  X fwd, Z down         
     CLsurf  =   0.25138     Clsurf  =   0.05483
     CYsurf  =  -0.00708     Cmsurf  =  -0.04949
     CDsurf  =   0.01274     Cnsurf  =   0.00904
     CDisurf =   0.01274     CDvsurf =   0.00000

 Forces referred to Ssurf, Cave 
     CLsurf  =   0.50270     CDsurf  =   0.02548

 Strip Forces referred to Strip Area, Chord
    j     Xle      Yle      Zle      Chord    Area     c_cl     ai     cl_norm    cl       cd       cdv    cm_c/4     cm_LE   C.P.x/c
    21   0.0004  -0.0005   0.0000   0.2538   0.0006   0.1218   0.0691   0.5769   0.4354   0.3428   0.0000  -0.0252   0.1217    0.308
    22   0.0032  -0.0049   0.0000   0.2526   0.0016   0.1218   0.0694   0.6333   0.4780   0.0625   0.0000  -0.0238   0.1211    0.300
    23   0.0088  -0.0135   0.0000   0.2501   0.0027   0.1218   0.0713   0.6428   0.4852   0.0479   0.0000  -0.0195   0.1185    0.290
    24   0.0170  -0.0262   0.0000   0.2465   0.0036   0.1219   0.0741   0.6538   0.4935   0.0432   0.0000  -0.0137   0.1153    0.278
    25   0.0276  -0.0426   0.0000   0.2418   0.0044   0.1220   0.0772   0.6677   0.5040   0.0388   0.0000  -0.0079   0.1125    0.266
    26   0.0404  -0.0623   0.0000   0.2362   0.0050   0.1218   0.0802   0.6835   0.5159   0.0345   0.0000  -0.0028   0.1105    0.255
    27   0.0551  -0.0849   0.0000   0.2297   0.0055   0.1211   0.0831   0.6999   0.5283   0.0308   0.0000   0.0014   0.1094    0.247
    28   0.0712  -0.1098   0.0000   0.2226   0.0057   0.1199   0.0858   0.7155   0.5400   0.0274   0.0000   0.0049   0.1089    0.241
    29   0.0884  -0.1363   0.0000   0.2151   0.0058   0.1178   0.0886   0.7285   0.5499   0.0245   0.0000   0.0078   0.1083    0.236
    30   0.1063  -0.1638   0.0000   0.2072   0.0058   0.1148   0.0919   0.7373   0.5565   0.0218   0.0000   0.0106   0.1073    0.231
    31   0.1244  -0.1918   0.0000   0.1992   0.0055   0.1106   0.0958   0.7397   0.5583   0.0192   0.0000   0.0135   0.1051    0.226
    32   0.1423  -0.2193   0.0000   0.1913   0.0052   0.1052   0.1005   0.7330   0.5533   0.0166   0.0000   0.0170   0.1011    0.219
    33   0.1595  -0.2458   0.0000   0.1838   0.0047   0.0984   0.1060   0.7142   0.5391   0.0138   0.0000   0.0212   0.0946    0.211
    34   0.1756  -0.2707   0.0000   0.1767   0.0042   0.0900   0.1118   0.6799   0.5132   0.0106   0.0000   0.0262   0.0849    0.199
    35   0.1903  -0.2933   0.0000   0.1702   0.0036   0.0799   0.1172   0.6266   0.4729   0.0072   0.0000   0.0316   0.0719    0.183
    36   0.2031  -0.3130   0.0000   0.1646   0.0030   0.0679   0.1209   0.5519   0.4166   0.0035   0.0000   0.0363   0.0562    0.163
    37   0.2137  -0.3294   0.0000   0.1599   0.0023   0.0544   0.1219   0.4555   0.3438  -0.0001   0.0000   0.0383   0.0393    0.139
    38   0.2219  -0.3421   0.0000   0.1563   0.0017   0.0396   0.1196   0.3397   0.2564  -0.0029   0.0000   0.0352   0.0236    0.113
    39   0.2275  -0.3507   0.0000   0.1538   0.0010   0.0240   0.1146   0.2095   0.1581  -0.0044   0.0000   0.0253   0.0115    0.090
    40   0.2303  -0.3551   0.0000   0.1526   0.0003   0.0080   0.1102   0.0712   0.0538  -0.0049   0.0000   0.0092   0.0033    0.078
 ---------------------------------------------------------------
