 ---------------------------------------------------------------
 Surface and Strip Forces by surface

  Sref = 0.12540       Cref = 0.15750       Bref = 0.91440    
  Xref = 0.10920       Yref =  0.0000       Zref =  0.0000    

  Surface # 1     Wing                                    
     # Chordwise = 10   # Spanwise = 20     First strip =  1
     Surface area Ssurf =    0.062705     Ave. chord Cave =    0.137150

 Forces referred to Sref, Cref, Bref about Xref, Yref, Zref
 Standard axis orientation,  X fwd, Z down         
     CLsurf  =   0.28967     Clsurf  =  -0.06058
     CYsurf  =   0.00437     Cmsurf  =  -0.06806
     CDsurf  =   0.00896     Cnsurf  =  -0.00745
     CDisurf =   0.00896     CDvsurf =   0.00000

 Forces referred to Ssurf, Cave 
     CLsurf  =   0.57929     CDsurf  =   0.01791

 Strip Forces referred to Strip Area, Chord
    j     Xle      Yle      Zle      Chord    Area     c_cl     ai     cl_norm    cl       cd       cdv    cm_c/4     cm_LE   C.P.x/c
     1   0.0004   0.0007   0.0000   0.2283   0.0006   0.1029   0.0574   0.5230   0.4308   0.1875   0.0000  -0.0188  -0.1144    0.294
     2   0.0036   0.0063   0.0000   0.2261   0.0019   0.1029   0.0573   0.5503   0.4533   0.0429   0.0000  -0.0171  -0.1139    0.288
     3   0.0099   0.0174   0.0000   0.2216   0.0030   0.1029   0.0582   0.5625   0.4634   0.0354   0.0000  -0.0125  -0.1119    0.277
     4   0.0191   0.0337   0.0000   0.2151   0.0040   0.1028   0.0595   0.5796   0.4775   0.0312   0.0000  -0.0072  -0.1102    0.265
     5   0.0310   0.0548   0.0000   0.2067   0.0048   0.1024   0.0605   0.6017   0.4957   0.0273   0.0000  -0.0025  -0.1099    0.255
     6   0.0454   0.0801   0.0000   0.1965   0.0054   0.1014   0.0609   0.6278   0.5172   0.0238   0.0000   0.0011  -0.1114    0.248
     7   0.0618   0.1092   0.0000   0.1849   0.0057   0.0998   0.0603   0.6568   0.5411   0.0206   0.0000   0.0035  -0.1143    0.244
     8   0.0799   0.1411   0.0000   0.1721   0.0057   0.0972   0.0589   0.6878   0.5666   0.0178   0.0000   0.0050  -0.1184    0.241
     9   0.0992   0.1752   0.0000   0.1585   0.0055   0.0936   0.0568   0.7199   0.5930   0.0152   0.0000   0.0059  -0.1233    0.240
    10   0.1193   0.2107   0.0000   0.1443   0.0052   0.0890   0.0542   0.7522   0.6196   0.0125   0.0000   0.0064  -0.1286    0.240
    11   0.1396   0.2465   0.0000   0.1300   0.0046   0.0834   0.0514   0.7838   0.6457   0.0098   0.0000   0.0067  -0.1339    0.240
    12   0.1597   0.2820   0.0000   0.1158   0.0040   0.0771   0.0488   0.8139   0.6705   0.0070   0.0000   0.0070  -0.1389    0.240
    13   0.1790   0.3161   0.0000   0.1022   0.0034   0.0702   0.0468   0.8406   0.6925   0.0042   0.0000   0.0075  -0.1431    0.239
    14   0.1971   0.3480   0.0000   0.0894   0.0027   0.0629   0.0463   0.8610   0.7093   0.0012   0.0000   0.0085  -0.1458    0.238
    15   0.2135   0.3771   0.0000   0.0778   0.0021   0.0553   0.0482   0.8697   0.7165  -0.0016   0.0000   0.0105  -0.1455    0.235
    16   0.2279   0.4024   0.0000   0.0676   0.0016   0.0473   0.0542   0.8560   0.7051  -0.0043   0.0000   0.0146  -0.1394    0.229
    17   0.2398   0.4235   0.0000   0.0592   0.0011   0.0387   0.0650   0.8004   0.6594  -0.0069   0.0000   0.0224  -0.1227    0.216
    18   0.2490   0.4398   0.0000   0.0527   0.0007   0.0290   0.0777   0.6748   0.5559  -0.0092   0.0000   0.0333  -0.0907    0.190
    19   0.2553   0.4509   0.0000   0.0482   0.0004   0.0180   0.0838   0.4569   0.3764  -0.0098   0.0000   0.0385  -0.0475    0.148
    20   0.2585   0.4565   0.0000   0.0460   0.0001   0.0060   0.0777   0.1613   0.1329  -0.0063   0.0000   0.0193  -0.0117    0.105

  Surface # 2     Wing (YDUP)                             
     # Chordwise = 10   # Spanwise = 20     First strip = 21
     Surface area Ssurf =    0.062705     Ave. chord Cave =    0.137150

 Forces referred to Sref, Cref, Bref about Xref, Yref, Zref
 Standard axis orientation,  X fwd, Z down         
     CLsurf  =   0.28967     Clsurf  =   0.06058
     CYsurf  =  -0.00437     Cmsurf  =  -0.06806
     CDsurf  =   0.00896     Cnsurf  =   0.00745
     CDisurf =   0.00896     CDvsurf =   0.00000

 Forces referred to Ssurf, Cave 
     CLsurf  =   0.57929     CDsurf  =   0.01791

 Strip Forces referred to Strip Area, Chord
    j     Xle      Yle      Zle      Chord    Area     c_cl     ai     cl_norm    cl       cd       cdv    cm_c/4     cm_LE   C.P.x/c
    21   0.0004  -0.0007   0.0000   0.2283   0.0006   0.1029   0.0574   0.5230   0.4308   0.1875   0.0000  -0.0188   0.1144    0.294
    22   0.0036  -0.0063   0.0000   0.2261   0.0019   0.1029   0.0573   0.5503   0.4533   0.0429   0.0000  -0.0171   0.1139    0.288
    23   0.0099  -0.0174   0.0000   0.2216   0.0030   0.1029   0.0582   0.5625   0.4634   0.0354   0.0000  -0.0125   0.1119    0.277
    24   0.0191  -0.0337   0.0000   0.2151   0.0040   0.1028   0.0595   0.5796   0.4775   0.0312   0.0000  -0.0072   0.1102    0.265
    25   0.0310  -0.0548   0.0000   0.2067   0.0048   0.1024   0.0605   0.6017   0.4957   0.0273   0.0000  -0.0025   0.1099    0.255
    26   0.0454  -0.0801   0.0000   0.1965   0.0054   0.1014   0.0609   0.6278   0.5172   0.0238   0.0000   0.0011   0.1114    0.248
    27   0.0618  -0.1092   0.0000   0.1849   0.0057   0.0998   0.0603   0.6568   0.5411   0.0206   0.0000   0.0035   0.1143    0.244
    28   0.0799  -0.1411   0.0000   0.1721   0.0057   0.0972   0.0589   0.6878   0.5666   0.0178   0.0000   0.0050   0.1184    0.241
    29   0.0992  -0.1752   0.0000   0.1585   0.0055   0.0936   0.0568   0.7199   0.5930   0.0152   0.0000   0.0059   0.1233    0.240
    30   0.1193  -0.2107   0.0000   0.1443   0.0052   0.0890   0.0542   0.7522   0.6196   0.0125   0.0000   0.0064   0.1286    0.240
    31   0.1396  -0.2465   0.0000   0.1300   0.0046   0.0834   0.0514   0.7838   0.6457   0.0098   0.0000   0.0067   0.1339    0.240
    32   0.1597  -0.2820   0.0000   0.1158   0.0040   0.0771   0.0488   0.8139   0.6705   0.0070   0.0000   0.0070   0.1389    0.240
    33   0.1790  -0.3161   0.0000   0.1022   0.0034   0.0702   0.0468   0.8406   0.6925   0.0042   0.0000   0.0075   0.1431    0.239
    34   0.1971  -0.3480   0.0000   0.0894   0.0027   0.0629   0.0463   0.8610   0.7093   0.0012   0.0000   0.0085   0.1458    0.238
    35   0.2135  -0.3771   0.0000   0.0778   0.0021   0.0553   0.0482   0.8697   0.7165  -0.0016   0.0000   0.0105   0.1455    0.235
    36   0.2279  -0.4024   0.0000   0.0676   0.0016   0.0473   0.0542   0.8560   0.7051  -0.0043   0.0000   0.0146   0.1394    0.229
    37   0.2398  -0.4235   0.0000   0.0592   0.0011   0.0387   0.0650   0.8004   0.6594  -0.0069   0.0000   0.0224   0.1227    0.216
    38   0.2490  -0.4398   0.0000   0.0527   0.0007   0.0290   0.0777   0.6748   0.5559  -0.0092   0.0000   0.0333   0.0907    0.190
    39   0.2553  -0.4509   0.0000   0.0482   0.0004   0.0180   0.0838   0.4569   0.3764  -0.0098   0.0000   0.0385   0.0475    0.148
    40   0.2585  -0.4565   0.0000   0.0460   0.0001   0.0060   0.0777   0.1613   0.1329  -0.0063   0.0000   0.0193   0.0117    0.105
 ---------------------------------------------------------------
