 ---------------------------------------------------------------
 Surface and Strip Forces by surface

  Sref = 0.24770       Cref = 0.30480       Bref = 0.81280    
  Xref = 0.10920       Yref =  0.0000       Zref =  0.0000    

  Surface # 1     Wing                                    
     # Chordwise = 10   # Spanwise = 20     First strip =  1
     Surface area Ssurf =    0.123871     Ave. chord Cave =    0.304800

 Forces referred to Sref, Cref, Bref about Xref, Yref, Zref
 Standard axis orientation,  X fwd, Z down         
     CLsurf  =   0.14665     Clsurf  =  -0.03210
     CYsurf  =   0.00463     Cmsurf  =  -0.02808
     CDsurf  =   0.00572     Cnsurf  =  -0.00463
     CDisurf =   0.00572     CDvsurf =   0.00000

 Forces referred to Ssurf, Cave 
     CLsurf  =   0.29324     CDsurf  =   0.01143

 Strip Forces referred to Strip Area, Chord
    j     Xle      Yle      Zle      Chord    Area     c_cl     ai     cl_norm    cl       cd       cdv    cm_c/4     cm_LE   C.P.x/c
     1   0.0004   0.0006   0.0000   0.3048   0.0008   0.1054   0.0499   0.4364   0.3283   0.2018   0.0000  -0.0183  -0.0907    0.306
     2   0.0032   0.0056   0.0000   0.3048   0.0023   0.1054   0.0482   0.4575   0.3441   0.0322   0.0000  -0.0172  -0.0897    0.300
     3   0.0089   0.0155   0.0000   0.3048   0.0037   0.1054   0.0492   0.4588   0.3452   0.0233   0.0000  -0.0139  -0.0869    0.290
     4   0.0173   0.0299   0.0000   0.3048   0.0051   0.1056   0.0518   0.4599   0.3459   0.0210   0.0000  -0.0093  -0.0831    0.277
     5   0.0281   0.0487   0.0000   0.3048   0.0063   0.1058   0.0551   0.4612   0.3469   0.0187   0.0000  -0.0047  -0.0792    0.263
     6   0.0411   0.0712   0.0000   0.3048   0.0074   0.1060   0.0587   0.4622   0.3477   0.0167   0.0000  -0.0005  -0.0757    0.251
     7   0.0560   0.0970   0.0000   0.3048   0.0083   0.1059   0.0624   0.4620   0.3475   0.0148   0.0000   0.0031  -0.0725    0.241
     8   0.0724   0.1254   0.0000   0.3048   0.0090   0.1053   0.0662   0.4596   0.3457   0.0132   0.0000   0.0062  -0.0694    0.232
     9   0.0899   0.1558   0.0000   0.3048   0.0095   0.1040   0.0701   0.4541   0.3416   0.0118   0.0000   0.0090  -0.0661    0.224
    10   0.1081   0.1873   0.0000   0.3048   0.0097   0.1018   0.0740   0.4445   0.3344   0.0105   0.0000   0.0117  -0.0621    0.215
    11   0.1265   0.2191   0.0000   0.3048   0.0097   0.0984   0.0780   0.4298   0.3233   0.0092   0.0000   0.0145  -0.0573    0.205
    12   0.1447   0.2506   0.0000   0.3048   0.0095   0.0936   0.0817   0.4090   0.3076   0.0079   0.0000   0.0174  -0.0514    0.193
    13   0.1622   0.2810   0.0000   0.3048   0.0090   0.0872   0.0848   0.3814   0.2869   0.0065   0.0000   0.0204  -0.0443    0.179
    14   0.1786   0.3094   0.0000   0.3048   0.0083   0.0793   0.0868   0.3466   0.2607   0.0051   0.0000   0.0231  -0.0363    0.162
    15   0.1935   0.3352   0.0000   0.3048   0.0074   0.0697   0.0873   0.3047   0.2292   0.0035   0.0000   0.0250  -0.0278    0.141
    16   0.2065   0.3577   0.0000   0.3048   0.0063   0.0586   0.0859   0.2564   0.1929   0.0020   0.0000   0.0256  -0.0194    0.117
    17   0.2173   0.3765   0.0000   0.3048   0.0051   0.0464   0.0826   0.2032   0.1528   0.0006   0.0000   0.0242  -0.0120    0.092
    18   0.2257   0.3909   0.0000   0.3048   0.0037   0.0334   0.0778   0.1466   0.1103  -0.0005   0.0000   0.0201  -0.0064    0.068
    19   0.2314   0.4008   0.0000   0.3048   0.0023   0.0201   0.0724   0.0883   0.0665  -0.0016   0.0000   0.0134  -0.0027    0.049
    20   0.2342   0.4058   0.0000   0.3048   0.0008   0.0067   0.0695   0.0296   0.0223  -0.0019   0.0000   0.0047  -0.0007    0.040

  Surface # 2     Wing (YDUP)                             
     # Chordwise = 10   # Spanwise = 20     First strip = 21
     Surface area Ssurf =    0.123871     Ave. chord Cave =    0.304800

 Forces referred to Sref, Cref, Bref about Xref, Yref, Zref
 Standard axis orientation,  X fwd, Z down         
     CLsurf  =   0.14665     Clsurf  =   0.03210
     CYsurf  =  -0.00463     Cmsurf  =  -0.02808
     CDsurf  =   0.00572     Cnsurf  =   0.00463
     CDisurf =   0.00572     CDvsurf =   0.00000

 Forces referred to Ssurf, Cave 
     CLsurf  =   0.29324     CDsurf  =   0.01143

 Strip Forces referred to Strip Area, Chord
    j     Xle      Yle      Zle      Chord    Area     c_cl     ai     cl_norm    cl       cd       cdv    cm_c/4     cm_LE   C.P.x/c
    21   0.0004  -0.0006   0.0000   0.3048   0.0008   0.1054   0.0499   0.4364   0.3283   0.2018   0.0000  -0.0183   0.0907    0.306
    22   0.0032  -0.0056   0.0000   0.3048   0.0023   0.1054   0.0482   0.4575   0.3441   0.0322   0.0000  -0.0172   0.0897    0.300
    23   0.0089  -0.0155   0.0000   0.3048   0.0037   0.1054   0.0492   0.4588   0.3452   0.0233   0.0000  -0.0139   0.0869    0.290
    24   0.0173  -0.0299   0.0000   0.3048   0.0051   0.1056   0.0518   0.4599   0.3459   0.0210   0.0000  -0.0093   0.0831    0.277
    25   0.0281  -0.0487   0.0000   0.3048   0.0063   0.1058   0.0551   0.4612   0.3469   0.0187   0.0000  -0.0047   0.0792    0.263
    26   0.0411  -0.0712   0.0000   0.3048   0.0074   0.1060   0.0587   0.4622   0.3477   0.0167   0.0000  -0.0005   0.0757    0.251
    27   0.0560  -0.0970   0.0000   0.3048   0.0083   0.1059   0.0624   0.4620   0.3475   0.0148   0.0000   0.0031   0.0725    0.241
    28   0.0724  -0.1254   0.0000   0.3048   0.0090   0.1053   0.0662   0.4596   0.3457   0.0132   0.0000   0.0062   0.0694    0.232
    29   0.0899  -0.1558   0.0000   0.3048   0.0095   0.1040   0.0701   0.4541   0.3416   0.0118   0.0000   0.0090   0.0661    0.224
    30   0.1081  -0.1873   0.0000   0.3048   0.0097   0.1018   0.0740   0.4445   0.3344   0.0105   0.0000   0.0117   0.0621    0.215
    31   0.1265  -0.2191   0.0000   0.3048   0.0097   0.0984   0.0780   0.4298   0.3233   0.0092   0.0000   0.0145   0.0573    0.205
    32   0.1447  -0.2506   0.0000   0.3048   0.0095   0.0936   0.0817   0.4090   0.3076   0.0079   0.0000   0.0174   0.0514    0.193
    33   0.1622  -0.2810   0.0000   0.3048   0.0090   0.0872   0.0848   0.3814   0.2869   0.0065   0.0000   0.0204   0.0443    0.179
    34   0.1786  -0.3094   0.0000   0.3048   0.0083   0.0793   0.0868   0.3466   0.2607   0.0051   0.0000   0.0231   0.0363    0.162
    35   0.1935  -0.3352   0.0000   0.3048   0.0074   0.0697   0.0873   0.3047   0.2292   0.0035   0.0000   0.0250   0.0278    0.141
    36   0.2065  -0.3577   0.0000   0.3048   0.0063   0.0586   0.0859   0.2564   0.1929   0.0020   0.0000   0.0256   0.0194    0.117
    37   0.2173  -0.3765   0.0000   0.3048   0.0051   0.0464   0.0826   0.2032   0.1528   0.0006   0.0000   0.0242   0.0120    0.092
    38   0.2257  -0.3909   0.0000   0.3048   0.0037   0.0334   0.0778   0.1466   0.1103  -0.0005   0.0000   0.0201   0.0064    0.068
    39   0.2314  -0.4008   0.0000   0.3048   0.0023   0.0201   0.0724   0.0883   0.0665  -0.0016   0.0000   0.0134   0.0027    0.049
    40   0.2342  -0.4058   0.0000   0.3048   0.0008   0.0067   0.0695   0.0296   0.0223  -0.0019   0.0000   0.0047   0.0007    0.040
 ---------------------------------------------------------------
