 ---------------------------------------------------------------
 Surface and Strip Forces by surface

  Sref = 0.13910       Cref = 0.20760       Bref = 0.71120    
  Xref = 0.10920       Yref =  0.0000       Zref =  0.0000    

  Surface # 1     Wing                                    
     # Chordwise = 10   # Spanwise = 20     First strip =  1
     Surface area Ssurf =    0.069555     Ave. chord Cave =    0.195600

 Forces referred to Sref, Cref, Bref about Xref, Yref, Zref
 Standard axis orientation,  X fwd, Z down         
     CLsurf  =   0.26114     Clsurf  =  -0.05567
     CYsurf  =  -0.00200     Cmsurf  =  -0.01559
     CDsurf  =   0.01296     Cnsurf  =  -0.00564
     CDisurf =   0.01296     CDvsurf =   0.00000

 Forces referred to Ssurf, Cave 
     CLsurf  =   0.52224     CDsurf  =   0.02591

 Strip Forces referred to Strip Area, Chord
    j     Xle      Yle      Zle      Chord    Area     c_cl     ai     cl_norm    cl       cd       cdv    cm_c/4     cm_LE   C.P.x/c
     1   0.0003   0.0005   0.0000   0.2791   0.0006   0.1283   0.0895   0.4839   0.4283   0.2568   0.0000  -0.0088  -0.1115    0.271
     2   0.0024   0.0049   0.0000   0.2771   0.0018   0.1283   0.0895   0.5201   0.4603   0.0526   0.0000  -0.0081  -0.1116    0.268
     3   0.0065   0.0135   0.0000   0.2730   0.0029   0.1283   0.0896   0.5295   0.4686   0.0411   0.0000  -0.0059  -0.1111    0.262
     4   0.0126   0.0262   0.0000   0.2671   0.0039   0.1280   0.0898   0.5411   0.4788   0.0375   0.0000  -0.0027  -0.1104    0.256
     5   0.0205   0.0426   0.0000   0.2593   0.0047   0.1275   0.0900   0.5555   0.4916   0.0345   0.0000   0.0007  -0.1101    0.249
     6   0.0300   0.0623   0.0000   0.2500   0.0053   0.1265   0.0901   0.5722   0.5064   0.0316   0.0000   0.0038  -0.1106    0.243
     7   0.0409   0.0849   0.0000   0.2394   0.0057   0.1248   0.0901   0.5904   0.5225   0.0290   0.0000   0.0064  -0.1117    0.238
     8   0.0529   0.1098   0.0000   0.2277   0.0059   0.1224   0.0899   0.6090   0.5389   0.0267   0.0000   0.0086  -0.1133    0.234
     9   0.0657   0.1363   0.0000   0.2152   0.0058   0.1189   0.0898   0.6269   0.5548   0.0245   0.0000   0.0104  -0.1151    0.231
    10   0.0789   0.1638   0.0000   0.2022   0.0056   0.1145   0.0898   0.6426   0.5687   0.0223   0.0000   0.0121  -0.1166    0.229
    11   0.0924   0.1918   0.0000   0.1890   0.0053   0.1090   0.0902   0.6545   0.5792   0.0202   0.0000   0.0139  -0.1173    0.226
    12   0.1056   0.2193   0.0000   0.1760   0.0048   0.1023   0.0913   0.6603   0.5844   0.0180   0.0000   0.0161  -0.1164    0.223
    13   0.1184   0.2458   0.0000   0.1635   0.0042   0.0945   0.0933   0.6571   0.5815   0.0157   0.0000   0.0188  -0.1133    0.218
    14   0.1304   0.2707   0.0000   0.1518   0.0036   0.0856   0.0963   0.6410   0.5673   0.0132   0.0000   0.0223  -0.1069    0.211
    15   0.1413   0.2933   0.0000   0.1412   0.0030   0.0754   0.1002   0.6075   0.5377   0.0105   0.0000   0.0266  -0.0963    0.201
    16   0.1508   0.3130   0.0000   0.1319   0.0024   0.0639   0.1043   0.5516   0.4882   0.0075   0.0000   0.0311  -0.0811    0.186
    17   0.1587   0.3294   0.0000   0.1241   0.0018   0.0511   0.1073   0.4693   0.4153   0.0045   0.0000   0.0342  -0.0619    0.168
    18   0.1648   0.3421   0.0000   0.1182   0.0013   0.0373   0.1078   0.3596   0.3182   0.0017   0.0000   0.0333  -0.0410    0.145
    19   0.1689   0.3507   0.0000   0.1141   0.0007   0.0226   0.1048   0.2260   0.2000  -0.0006   0.0000   0.0254  -0.0217    0.123
    20   0.1710   0.3551   0.0000   0.1121   0.0002   0.0076   0.1001   0.0773   0.0684  -0.0027   0.0000   0.0096  -0.0065    0.109

  Surface # 2     Wing (YDUP)                             
     # Chordwise = 10   # Spanwise = 20     First strip = 21
     Surface area Ssurf =    0.069555     Ave. chord Cave =    0.195600

 Forces referred to Sref, Cref, Bref about Xref, Yref, Zref
 Standard axis orientation,  X fwd, Z down         
     CLsurf  =   0.26114     Clsurf  =   0.05567
     CYsurf  =   0.00200     Cmsurf  =  -0.01559
     CDsurf  =   0.01296     Cnsurf  =   0.00564
     CDisurf =   0.01296     CDvsurf =   0.00000

 Forces referred to Ssurf, Cave 
     CLsurf  =   0.52224     CDsurf  =   0.02591

 Strip Forces referred to Strip Area, Chord
    j     Xle      Yle      Zle      Chord    Area     c_cl     ai     cl_norm    cl       cd       cdv    cm_c/4     cm_LE   C.P.x/c
    21   0.0003  -0.0005   0.0000   0.2791   0.0006   0.1283   0.0895   0.4839   0.4283   0.2568   0.0000  -0.0088   0.1115    0.271
    22   0.0024  -0.0049   0.0000   0.2771   0.0018   0.1283   0.0895   0.5201   0.4603   0.0526   0.0000  -0.0081   0.1116    0.268
    23   0.0065  -0.0135   0.0000   0.2730   0.0029   0.1283   0.0896   0.5295   0.4686   0.0411   0.0000  -0.0059   0.1111    0.262
    24   0.0126  -0.0262   0.0000   0.2671   0.0039   0.1280   0.0898   0.5411   0.4788   0.0375   0.0000  -0.0027   0.1104    0.256
    25   0.0205  -0.0426   0.0000   0.2593   0.0047   0.1275   0.0900   0.5555   0.4916   0.0345   0.0000   0.0007   0.1101    0.249
    26   0.0300  -0.0623   0.0000   0.2500   0.0053   0.1265   0.0901   0.5722   0.5064   0.0316   0.0000   0.0038   0.1106    0.243
    27   0.0409  -0.0849   0.0000   0.2394   0.0057   0.1248   0.0901   0.5904   0.5225   0.0290   0.0000   0.0064   0.1117    0.238
    28   0.0529  -0.1098   0.0000   0.2277   0.0059   0.1224   0.0899   0.6090   0.5389   0.0267   0.0000   0.0086   0.1133    0.234
    29   0.0657  -0.1363   0.0000   0.2152   0.0058   0.1189   0.0898   0.6269   0.5548   0.0245   0.0000   0.0104   0.1151    0.231
    30   0.0789  -0.1638   0.0000   0.2022   0.0056   0.1145   0.0898   0.6426   0.5687   0.0223   0.0000   0.0121   0.1166    0.229
    31   0.0924  -0.1918   0.0000   0.1890   0.0053   0.1090   0.0902   0.6545   0.5792   0.0202   0.0000   0.0139   0.1173    0.226
    32   0.1056  -0.2193   0.0000   0.1760   0.0048   0.1023   0.0913   0.6603   0.5844   0.0180   0.0000   0.0161   0.1164    0.223
    33   0.1184  -0.2458   0.0000   0.1635   0.0042   0.0945   0.0933   0.6571   0.5815   0.0157   0.0000   0.0188   0.1133    0.218
    34   0.1304  -0.2707   0.0000   0.1518   0.0036   0.0856   0.0963   0.6410   0.5673   0.0132   0.0000   0.0223   0.1069    0.211
    35   0.1413  -0.2933   0.0000   0.1412   0.0030   0.0754   0.1002   0.6075   0.5377   0.0105   0.0000   0.0266   0.0963    0.201
    36   0.1508  -0.3130   0.0000   0.1319   0.0024   0.0639   0.1043   0.5516   0.4882   0.0075   0.0000   0.0311   0.0811    0.186
    37   0.1587  -0.3294   0.0000   0.1241   0.0018   0.0511   0.1073   0.4693   0.4153   0.0045   0.0000   0.0342   0.0619    0.168
    38   0.1648  -0.3421   0.0000   0.1182   0.0013   0.0373   0.1078   0.3596   0.3182   0.0017   0.0000   0.0333   0.0410    0.145
    39   0.1689  -0.3507   0.0000   0.1141   0.0007   0.0226   0.1048   0.2260   0.2000  -0.0006   0.0000   0.0254   0.0217    0.123
    40   0.1710  -0.3551   0.0000   0.1121   0.0002   0.0076   0.1001   0.0773   0.0684  -0.0027   0.0000   0.0096   0.0065    0.109
 ---------------------------------------------------------------
