 ---------------------------------------------------------------
 Surface and Strip Forces by surface

  Sref = 0.13010       Cref = 0.21000       Bref = 0.71120    
  Xref = 0.10920       Yref =  0.0000       Zref =  0.0000    

  Surface # 1     Wing                                    
     # Chordwise = 10   # Spanwise = 20     First strip =  1
     Surface area Ssurf =    0.065039     Ave. chord Cave =    0.182900

 Forces referred to Sref, Cref, Bref about Xref, Yref, Zref
 Standard axis orientation,  X fwd, Z down         
     CLsurf  =   0.27920     Clsurf  =  -0.05857
     CYsurf  =  -0.00441     Cmsurf  =  -0.04676
     CDsurf  =   0.01421     Cnsurf  =  -0.00612
     CDisurf =   0.01421     CDvsurf =   0.00000

 Forces referred to Ssurf, Cave 
     CLsurf  =   0.55850     CDsurf  =   0.02842

 Strip Forces referred to Strip Area, Chord
    j     Xle      Yle      Zle      Chord    Area     c_cl     ai     cl_norm    cl       cd       cdv    cm_c/4     cm_LE   C.P.x/c
     1   0.0003   0.0005   0.0000   0.3044   0.0007   0.1318   0.0973   0.4769   0.3932   0.3022   0.0000  -0.0122  -0.1015    0.281
     2   0.0031   0.0049   0.0000   0.3014   0.0020   0.1318   0.0975   0.5257   0.4334   0.0585   0.0000  -0.0115  -0.1019    0.276
     3   0.0086   0.0135   0.0000   0.2955   0.0032   0.1317   0.0976   0.5384   0.4440   0.0450   0.0000  -0.0091  -0.1017    0.271
     4   0.0167   0.0262   0.0000   0.2868   0.0042   0.1314   0.0975   0.5543   0.4571   0.0414   0.0000  -0.0057  -0.1014    0.262
     5   0.0272   0.0426   0.0000   0.2756   0.0050   0.1307   0.0973   0.5747   0.4739   0.0382   0.0000  -0.0020  -0.1017    0.254
     6   0.0398   0.0623   0.0000   0.2621   0.0056   0.1295   0.0968   0.5993   0.4942   0.0351   0.0000   0.0014  -0.1030    0.247
     7   0.0541   0.0849   0.0000   0.2466   0.0059   0.1274   0.0959   0.6275   0.5174   0.0321   0.0000   0.0042  -0.1053    0.242
     8   0.0700   0.1098   0.0000   0.2295   0.0059   0.1243   0.0946   0.6587   0.5431   0.0291   0.0000   0.0066  -0.1086    0.238
     9   0.0869   0.1363   0.0000   0.2114   0.0057   0.1201   0.0928   0.6921   0.5706   0.0261   0.0000   0.0084  -0.1127    0.235
    10   0.1045   0.1638   0.0000   0.1925   0.0054   0.1148   0.0907   0.7269   0.5993   0.0231   0.0000   0.0098  -0.1174    0.234
    11   0.1223   0.1918   0.0000   0.1733   0.0048   0.1082   0.0885   0.7618   0.6282   0.0197   0.0000   0.0111  -0.1222    0.232
    12   0.1399   0.2193   0.0000   0.1544   0.0042   0.1006   0.0863   0.7953   0.6557   0.0160   0.0000   0.0125  -0.1267    0.231
    13   0.1568   0.2458   0.0000   0.1363   0.0035   0.0919   0.0848   0.8245   0.6798   0.0119   0.0000   0.0143  -0.1301    0.229
    14   0.1727   0.2707   0.0000   0.1192   0.0028   0.0823   0.0844   0.8450   0.6968   0.0073   0.0000   0.0170  -0.1312    0.226
    15   0.1870   0.2933   0.0000   0.1037   0.0022   0.0719   0.0860   0.8494   0.7004   0.0022   0.0000   0.0212  -0.1283    0.220
    16   0.1996   0.3130   0.0000   0.0902   0.0016   0.0607   0.0899   0.8256   0.6808  -0.0033   0.0000   0.0275  -0.1187    0.210
    17   0.2101   0.3294   0.0000   0.0790   0.0012   0.0486   0.0955   0.7565   0.6237  -0.0088   0.0000   0.0358  -0.0996    0.193
    18   0.2182   0.3421   0.0000   0.0703   0.0008   0.0356   0.1005   0.6228   0.5136  -0.0132   0.0000   0.0425  -0.0708    0.167
    19   0.2237   0.3507   0.0000   0.0644   0.0004   0.0216   0.1011   0.4148   0.3420  -0.0140   0.0000   0.0392  -0.0379    0.135
    20   0.2265   0.3551   0.0000   0.0614   0.0001   0.0072   0.0959   0.1463   0.1207  -0.0096   0.0000   0.0168  -0.0107    0.111

  Surface # 2     Wing (YDUP)                             
     # Chordwise = 10   # Spanwise = 20     First strip = 21
     Surface area Ssurf =    0.065039     Ave. chord Cave =    0.182900

 Forces referred to Sref, Cref, Bref about Xref, Yref, Zref
 Standard axis orientation,  X fwd, Z down         
     CLsurf  =   0.27920     Clsurf  =   0.05857
     CYsurf  =   0.00441     Cmsurf  =  -0.04676
     CDsurf  =   0.01421     Cnsurf  =   0.00612
     CDisurf =   0.01421     CDvsurf =   0.00000

 Forces referred to Ssurf, Cave 
     CLsurf  =   0.55850     CDsurf  =   0.02842

 Strip Forces referred to Strip Area, Chord
    j     Xle      Yle      Zle      Chord    Area     c_cl     ai     cl_norm    cl       cd       cdv    cm_c/4     cm_LE   C.P.x/c
    21   0.0003  -0.0005   0.0000   0.3044   0.0007   0.1318   0.0973   0.4769   0.3932   0.3022   0.0000  -0.0122   0.1015    0.281
    22   0.0031  -0.0049   0.0000   0.3014   0.0020   0.1318   0.0975   0.5257   0.4334   0.0585   0.0000  -0.0115   0.1019    0.276
    23   0.0086  -0.0135   0.0000   0.2955   0.0032   0.1317   0.0976   0.5384   0.4440   0.0450   0.0000  -0.0091   0.1017    0.271
    24   0.0167  -0.0262   0.0000   0.2868   0.0042   0.1314   0.0975   0.5543   0.4571   0.0414   0.0000  -0.0057   0.1014    0.262
    25   0.0272  -0.0426   0.0000   0.2756   0.0050   0.1307   0.0973   0.5747   0.4739   0.0382   0.0000  -0.0020   0.1017    0.254
    26   0.0398  -0.0623   0.0000   0.2621   0.0056   0.1295   0.0968   0.5993   0.4942   0.0351   0.0000   0.0014   0.1030    0.247
    27   0.0541  -0.0849   0.0000   0.2466   0.0059   0.1274   0.0959   0.6275   0.5174   0.0321   0.0000   0.0042   0.1053    0.242
    28   0.0700  -0.1098   0.0000   0.2295   0.0059   0.1243   0.0946   0.6587   0.5431   0.0291   0.0000   0.0066   0.1086    0.238
    29   0.0869  -0.1363   0.0000   0.2114   0.0057   0.1201   0.0928   0.6921   0.5706   0.0261   0.0000   0.0084   0.1127    0.235
    30   0.1045  -0.1638   0.0000   0.1925   0.0054   0.1148   0.0907   0.7269   0.5993   0.0231   0.0000   0.0098   0.1174    0.234
    31   0.1223  -0.1918   0.0000   0.1733   0.0048   0.1082   0.0885   0.7618   0.6282   0.0197   0.0000   0.0111   0.1222    0.232
    32   0.1399  -0.2193   0.0000   0.1544   0.0042   0.1006   0.0863   0.7953   0.6557   0.0160   0.0000   0.0125   0.1267    0.231
    33   0.1568  -0.2458   0.0000   0.1363   0.0035   0.0919   0.0848   0.8245   0.6798   0.0119   0.0000   0.0143   0.1301    0.229
    34   0.1727  -0.2707   0.0000   0.1192   0.0028   0.0823   0.0844   0.8450   0.6968   0.0073   0.0000   0.0170   0.1312    0.226
    35   0.1870  -0.2933   0.0000   0.1037   0.0022   0.0719   0.0860   0.8494   0.7004   0.0022   0.0000   0.0212   0.1283    0.220
    36   0.1996  -0.3130   0.0000   0.0902   0.0016   0.0607   0.0899   0.8256   0.6808  -0.0033   0.0000   0.0275   0.1187    0.210
    37   0.2101  -0.3294   0.0000   0.0790   0.0012   0.0486   0.0955   0.7565   0.6237  -0.0088   0.0000   0.0358   0.0996    0.193
    38   0.2182  -0.3421   0.0000   0.0703   0.0008   0.0356   0.1005   0.6228   0.5136  -0.0132   0.0000   0.0425   0.0708    0.167
    39   0.2237  -0.3507   0.0000   0.0644   0.0004   0.0216   0.1011   0.4148   0.3420  -0.0140   0.0000   0.0392   0.0379    0.135
    40   0.2265  -0.3551   0.0000   0.0614   0.0001   0.0072   0.0959   0.1463   0.1207  -0.0096   0.0000   0.0168   0.0107    0.111
 ---------------------------------------------------------------
