 ---------------------------------------------------------------
 Surface and Strip Forces by surface

  Sref = 0.13910       Cref = 0.20760       Bref = 0.71120    
  Xref = 0.10920       Yref =  0.0000       Zref =  0.0000    

  Surface # 1     Wing                                    
     # Chordwise = 10   # Spanwise = 20     First strip =  1
     Surface area Ssurf =    0.069555     Ave. chord Cave =    0.195600

 Forces referred to Sref, Cref, Bref about Xref, Yref, Zref
 Standard axis orientation,  X fwd, Z down         
     CLsurf  =   0.26114     Clsurf  =  -0.05594
     CYsurf  =   0.00047     Cmsurf  =  -0.03659
     CDsurf  =   0.01314     Cnsurf  =  -0.00677
     CDisurf =   0.01314     CDvsurf =   0.00000

 Forces referred to Ssurf, Cave 
     CLsurf  =   0.52224     CDsurf  =   0.02627

 Strip Forces referred to Strip Area, Chord
    j     Xle      Yle      Zle      Chord    Area     c_cl     ai     cl_norm    cl       cd       cdv    cm_c/4     cm_LE   C.P.x/c
     1   0.0003   0.0005   0.0000   0.2791   0.0006   0.1270   0.0859   0.5057   0.4170   0.2999   0.0000  -0.0152  -0.1113    0.286
     2   0.0029   0.0049   0.0000   0.2771   0.0018   0.1270   0.0857   0.5516   0.4548   0.0574   0.0000  -0.0143  -0.1113    0.281
     3   0.0079   0.0135   0.0000   0.2730   0.0029   0.1269   0.0859   0.5620   0.4634   0.0440   0.0000  -0.0114  -0.1102    0.275
     4   0.0153   0.0262   0.0000   0.2671   0.0039   0.1268   0.0866   0.5746   0.4738   0.0401   0.0000  -0.0074  -0.1089    0.266
     5   0.0249   0.0426   0.0000   0.2593   0.0047   0.1264   0.0874   0.5906   0.4870   0.0366   0.0000  -0.0032  -0.1079    0.257
     6   0.0364   0.0623   0.0000   0.2500   0.0053   0.1255   0.0881   0.6092   0.5024   0.0332   0.0000   0.0007  -0.1078    0.249
     7   0.0496   0.0849   0.0000   0.2394   0.0057   0.1241   0.0887   0.6297   0.5192   0.0302   0.0000   0.0039  -0.1085    0.242
     8   0.0641   0.1098   0.0000   0.2277   0.0059   0.1218   0.0892   0.6508   0.5366   0.0273   0.0000   0.0066  -0.1098    0.238
     9   0.0796   0.1363   0.0000   0.2152   0.0058   0.1187   0.0895   0.6714   0.5536   0.0246   0.0000   0.0089  -0.1114    0.234
    10   0.0957   0.1638   0.0000   0.2022   0.0056   0.1145   0.0901   0.6899   0.5689   0.0221   0.0000   0.0109  -0.1128    0.231
    11   0.1120   0.1918   0.0000   0.1890   0.0053   0.1092   0.0911   0.7045   0.5809   0.0195   0.0000   0.0131  -0.1135    0.228
    12   0.1281   0.2193   0.0000   0.1760   0.0048   0.1028   0.0928   0.7126   0.5876   0.0169   0.0000   0.0155  -0.1127    0.224
    13   0.1436   0.2458   0.0000   0.1635   0.0042   0.0953   0.0955   0.7112   0.5864   0.0141   0.0000   0.0187  -0.1096    0.218
    14   0.1581   0.2707   0.0000   0.1518   0.0036   0.0865   0.0993   0.6957   0.5737   0.0110   0.0000   0.0228  -0.1033    0.210
    15   0.1713   0.2933   0.0000   0.1412   0.0030   0.0763   0.1039   0.6611   0.5451   0.0077   0.0000   0.0278  -0.0927    0.199
    16   0.1828   0.3130   0.0000   0.1319   0.0024   0.0648   0.1085   0.6016   0.4961   0.0041   0.0000   0.0333  -0.0774    0.183
    17   0.1924   0.3294   0.0000   0.1241   0.0018   0.0520   0.1117   0.5127   0.4227   0.0005   0.0000   0.0373  -0.0582    0.162
    18   0.1998   0.3421   0.0000   0.1182   0.0013   0.0379   0.1119   0.3931   0.3242  -0.0025   0.0000   0.0367  -0.0375    0.137
    19   0.2048   0.3507   0.0000   0.1141   0.0007   0.0230   0.1084   0.2473   0.2039  -0.0041   0.0000   0.0281  -0.0192    0.112
    20   0.2074   0.3551   0.0000   0.1121   0.0002   0.0077   0.1035   0.0847   0.0699  -0.0047   0.0000   0.0107  -0.0056    0.097

  Surface # 2     Wing (YDUP)                             
     # Chordwise = 10   # Spanwise = 20     First strip = 21
     Surface area Ssurf =    0.069555     Ave. chord Cave =    0.195600

 Forces referred to Sref, Cref, Bref about Xref, Yref, Zref
 Standard axis orientation,  X fwd, Z down         
     CLsurf  =   0.26114     Clsurf  =   0.05594
     CYsurf  =  -0.00047     Cmsurf  =  -0.03659
     CDsurf  =   0.01314     Cnsurf  =   0.00677
     CDisurf =   0.01314     CDvsurf =   0.00000

 Forces referred to Ssurf, Cave 
     CLsurf  =   0.52224     CDsurf  =   0.02627

 Strip Forces referred to Strip Area, Chord
    j     Xle      Yle      Zle      Chord    Area     c_cl     ai     cl_norm    cl       cd       cdv    cm_c/4     cm_LE   C.P.x/c
    21   0.0003  -0.0005   0.0000   0.2791   0.0006   0.1270   0.0859   0.5057   0.4170   0.2999   0.0000  -0.0152   0.1113    0.286
    22   0.0029  -0.0049   0.0000   0.2771   0.0018   0.1270   0.0857   0.5516   0.4548   0.0574   0.0000  -0.0143   0.1113    0.281
    23   0.0079  -0.0135   0.0000   0.2730   0.0029   0.1269   0.0859   0.5620   0.4634   0.0440   0.0000  -0.0114   0.1102    0.275
    24   0.0153  -0.0262   0.0000   0.2671   0.0039   0.1268   0.0866   0.5746   0.4738   0.0401   0.0000  -0.0074   0.1089    0.266
    25   0.0249  -0.0426   0.0000   0.2593   0.0047   0.1264   0.0874   0.5906   0.4870   0.0366   0.0000  -0.0032   0.1079    0.257
    26   0.0364  -0.0623   0.0000   0.2500   0.0053   0.1255   0.0881   0.6092   0.5024   0.0332   0.0000   0.0007   0.1078    0.249
    27   0.0496  -0.0849   0.0000   0.2394   0.0057   0.1241   0.0887   0.6297   0.5192   0.0302   0.0000   0.0039   0.1085    0.242
    28   0.0641  -0.1098   0.0000   0.2277   0.0059   0.1218   0.0892   0.6508   0.5366   0.0273   0.0000   0.0066   0.1098    0.238
    29   0.0796  -0.1363   0.0000   0.2152   0.0058   0.1187   0.0895   0.6714   0.5536   0.0246   0.0000   0.0089   0.1114    0.234
    30   0.0957  -0.1638   0.0000   0.2022   0.0056   0.1145   0.0901   0.6899   0.5689   0.0221   0.0000   0.0109   0.1128    0.231
    31   0.1120  -0.1918   0.0000   0.1890   0.0053   0.1092   0.0911   0.7045   0.5809   0.0195   0.0000   0.0131   0.1135    0.228
    32   0.1281  -0.2193   0.0000   0.1760   0.0048   0.1028   0.0928   0.7126   0.5876   0.0169   0.0000   0.0155   0.1127    0.224
    33   0.1436  -0.2458   0.0000   0.1635   0.0042   0.0953   0.0955   0.7112   0.5864   0.0141   0.0000   0.0187   0.1096    0.218
    34   0.1581  -0.2707   0.0000   0.1518   0.0036   0.0865   0.0993   0.6957   0.5737   0.0110   0.0000   0.0228   0.1033    0.210
    35   0.1713  -0.2933   0.0000   0.1412   0.0030   0.0763   0.1039   0.6611   0.5451   0.0077   0.0000   0.0278   0.0927    0.199
    36   0.1828  -0.3130   0.0000   0.1319   0.0024   0.0648   0.1085   0.6016   0.4961   0.0041   0.0000   0.0333   0.0774    0.183
    37   0.1924  -0.3294   0.0000   0.1241   0.0018   0.0520   0.1117   0.5127   0.4227   0.0005   0.0000   0.0373   0.0582    0.162
    38   0.1998  -0.3421   0.0000   0.1182   0.0013   0.0379   0.1119   0.3931   0.3242  -0.0025   0.0000   0.0367   0.0375    0.137
    39   0.2048  -0.3507   0.0000   0.1141   0.0007   0.0230   0.1084   0.2473   0.2039  -0.0041   0.0000   0.0281   0.0192    0.112
    40   0.2074  -0.3551   0.0000   0.1121   0.0002   0.0077   0.1035   0.0847   0.0699  -0.0047   0.0000   0.0107   0.0056    0.097
 ---------------------------------------------------------------
