 ---------------------------------------------------------------
 Surface and Strip Forces by surface

  Sref = 0.13010       Cref = 0.18360       Bref = 0.71120    
  Xref = 0.10920       Yref =  0.0000       Zref =  0.0000    

  Surface # 1     Wing                                    
     # Chordwise = 10   # Spanwise = 20     First strip =  1
     Surface area Ssurf =    0.065039     Ave. chord Cave =    0.182900

 Forces referred to Sref, Cref, Bref about Xref, Yref, Zref
 Standard axis orientation,  X fwd, Z down         
     CLsurf  =   0.27920     Clsurf  =  -0.06188
     CYsurf  =   0.01390     Cmsurf  =  -0.04512
     CDsurf  =   0.01412     Cnsurf  =  -0.01190
     CDisurf =   0.01412     CDvsurf =   0.00000

 Forces referred to Ssurf, Cave 
     CLsurf  =   0.55850     CDsurf  =   0.02824

 Strip Forces referred to Strip Area, Chord
    j     Xle      Yle      Zle      Chord    Area     c_cl     ai     cl_norm    cl       cd       cdv    cm_c/4     cm_LE   C.P.x/c
     1   0.0003   0.0005   0.0000   0.2031   0.0004   0.1163   0.0479   0.6889   0.5207   0.3760   0.0000  -0.0336  -0.1512    0.315
     2   0.0030   0.0049   0.0000   0.2026   0.0013   0.1164   0.0510   0.7539   0.5698   0.0733   0.0000  -0.0313  -0.1495    0.305
     3   0.0082   0.0135   0.0000   0.2017   0.0022   0.1166   0.0562   0.7625   0.5763   0.0581   0.0000  -0.0248  -0.1449    0.293
     4   0.0159   0.0262   0.0000   0.2002   0.0029   0.1171   0.0623   0.7726   0.5839   0.0512   0.0000  -0.0169  -0.1395    0.279
     5   0.0258   0.0426   0.0000   0.1983   0.0036   0.1177   0.0682   0.7852   0.5934   0.0447   0.0000  -0.0096  -0.1350    0.266
     6   0.0378   0.0623   0.0000   0.1961   0.0042   0.1181   0.0736   0.7987   0.6037   0.0390   0.0000  -0.0036  -0.1319    0.256
     7   0.0515   0.0849   0.0000   0.1935   0.0046   0.1183   0.0784   0.8115   0.6134   0.0344   0.0000   0.0010  -0.1298    0.248
     8   0.0665   0.1098   0.0000   0.1907   0.0049   0.1179   0.0831   0.8219   0.6212   0.0306   0.0000   0.0046  -0.1283    0.243
     9   0.0826   0.1363   0.0000   0.1876   0.0051   0.1168   0.0880   0.8282   0.6259   0.0275   0.0000   0.0077  -0.1266    0.238
    10   0.0993   0.1638   0.0000   0.1845   0.0051   0.1148   0.0934   0.8284   0.6261   0.0249   0.0000   0.0106  -0.1240    0.233
    11   0.1162   0.1918   0.0000   0.1813   0.0050   0.1117   0.0998   0.8205   0.6202   0.0224   0.0000   0.0137  -0.1200    0.228
    12   0.1329   0.2193   0.0000   0.1782   0.0048   0.1072   0.1071   0.8020   0.6062   0.0199   0.0000   0.0175  -0.1137    0.221
    13   0.1490   0.2458   0.0000   0.1751   0.0045   0.1012   0.1151   0.7700   0.5820   0.0172   0.0000   0.0222  -0.1045    0.212
    14   0.1640   0.2707   0.0000   0.1723   0.0041   0.0932   0.1230   0.7215   0.5453   0.0140   0.0000   0.0277  -0.0919    0.199
    15   0.1777   0.2933   0.0000   0.1697   0.0036   0.0832   0.1298   0.6541   0.4944   0.0103   0.0000   0.0335  -0.0761    0.182
    16   0.1897   0.3130   0.0000   0.1675   0.0030   0.0711   0.1341   0.5669   0.4285   0.0062   0.0000   0.0381  -0.0582    0.161
    17   0.1996   0.3294   0.0000   0.1656   0.0024   0.0571   0.1350   0.4609   0.3484   0.0023   0.0000   0.0395  -0.0399    0.137
    18   0.2073   0.3421   0.0000   0.1641   0.0018   0.0416   0.1324   0.3395   0.2566  -0.0010   0.0000   0.0357  -0.0237    0.111
    19   0.2125   0.3507   0.0000   0.1632   0.0011   0.0252   0.1271   0.2076   0.1569  -0.0032   0.0000   0.0252  -0.0114    0.089
    20   0.2152   0.3551   0.0000   0.1627   0.0004   0.0084   0.1228   0.0704   0.0532  -0.0046   0.0000   0.0091  -0.0033    0.078

  Surface # 2     Wing (YDUP)                             
     # Chordwise = 10   # Spanwise = 20     First strip = 21
     Surface area Ssurf =    0.065039     Ave. chord Cave =    0.182900

 Forces referred to Sref, Cref, Bref about Xref, Yref, Zref
 Standard axis orientation,  X fwd, Z down         
     CLsurf  =   0.27920     Clsurf  =   0.06188
     CYsurf  =  -0.01390     Cmsurf  =  -0.04512
     CDsurf  =   0.01412     Cnsurf  =   0.01190
     CDisurf =   0.01412     CDvsurf =   0.00000

 Forces referred to Ssurf, Cave 
     CLsurf  =   0.55850     CDsurf  =   0.02824

 Strip Forces referred to Strip Area, Chord
    j     Xle      Yle      Zle      Chord    Area     c_cl     ai     cl_norm    cl       cd       cdv    cm_c/4     cm_LE   C.P.x/c
    21   0.0003  -0.0005   0.0000   0.2031   0.0004   0.1163   0.0479   0.6889   0.5207   0.3760   0.0000  -0.0336   0.1512    0.315
    22   0.0030  -0.0049   0.0000   0.2026   0.0013   0.1164   0.0510   0.7539   0.5698   0.0733   0.0000  -0.0313   0.1495    0.305
    23   0.0082  -0.0135   0.0000   0.2017   0.0022   0.1166   0.0562   0.7625   0.5763   0.0581   0.0000  -0.0248   0.1449    0.293
    24   0.0159  -0.0262   0.0000   0.2002   0.0029   0.1171   0.0623   0.7726   0.5839   0.0512   0.0000  -0.0169   0.1395    0.279
    25   0.0258  -0.0426   0.0000   0.1983   0.0036   0.1177   0.0682   0.7852   0.5934   0.0447   0.0000  -0.0096   0.1350    0.266
    26   0.0378  -0.0623   0.0000   0.1961   0.0042   0.1181   0.0736   0.7987   0.6037   0.0390   0.0000  -0.0036   0.1319    0.256
    27   0.0515  -0.0849   0.0000   0.1935   0.0046   0.1183   0.0784   0.8115   0.6134   0.0344   0.0000   0.0010   0.1298    0.248
    28   0.0665  -0.1098   0.0000   0.1907   0.0049   0.1179   0.0831   0.8219   0.6212   0.0306   0.0000   0.0046   0.1283    0.243
    29   0.0826  -0.1363   0.0000   0.1876   0.0051   0.1168   0.0880   0.8282   0.6259   0.0275   0.0000   0.0077   0.1266    0.238
    30   0.0993  -0.1638   0.0000   0.1845   0.0051   0.1148   0.0934   0.8284   0.6261   0.0249   0.0000   0.0106   0.1240    0.233
    31   0.1162  -0.1918   0.0000   0.1813   0.0050   0.1117   0.0998   0.8205   0.6202   0.0224   0.0000   0.0137   0.1200    0.228
    32   0.1329  -0.2193   0.0000   0.1782   0.0048   0.1072   0.1071   0.8020   0.6062   0.0199   0.0000   0.0175   0.1137    0.221
    33   0.1490  -0.2458   0.0000   0.1751   0.0045   0.1012   0.1151   0.7700   0.5820   0.0172   0.0000   0.0222   0.1045    0.212
    34   0.1640  -0.2707   0.0000   0.1723   0.0041   0.0932   0.1230   0.7215   0.5453   0.0140   0.0000   0.0277   0.0919    0.199
    35   0.1777  -0.2933   0.0000   0.1697   0.0036   0.0832   0.1298   0.6541   0.4944   0.0103   0.0000   0.0335   0.0761    0.182
    36   0.1897  -0.3130   0.0000   0.1675   0.0030   0.0711   0.1341   0.5669   0.4285   0.0062   0.0000   0.0381   0.0582    0.161
    37   0.1996  -0.3294   0.0000   0.1656   0.0024   0.0571   0.1350   0.4609   0.3484   0.0023   0.0000   0.0395   0.0399    0.137
    38   0.2073  -0.3421   0.0000   0.1641   0.0018   0.0416   0.1324   0.3395   0.2566  -0.0010   0.0000   0.0357   0.0237    0.111
    39   0.2125  -0.3507   0.0000   0.1632   0.0011   0.0252   0.1271   0.2076   0.1569  -0.0032   0.0000   0.0252   0.0114    0.089
    40   0.2152  -0.3551   0.0000   0.1627   0.0004   0.0084   0.1228   0.0704   0.0532  -0.0046   0.0000   0.0091   0.0033    0.078
 ---------------------------------------------------------------
