 ---------------------------------------------------------------
 Surface and Strip Forces by surface

  Sref = 0.11560       Cref = 0.16590       Bref = 0.71120    
  Xref = 0.10920       Yref =  0.0000       Zref =  0.0000    

  Surface # 1     Wing                                    
     # Chordwise = 10   # Spanwise = 20     First strip =  1
     Surface area Ssurf =    0.057803     Ave. chord Cave =    0.162550

 Forces referred to Sref, Cref, Bref about Xref, Yref, Zref
 Standard axis orientation,  X fwd, Z down         
     CLsurf  =   0.31422     Clsurf  =  -0.06908
     CYsurf  =   0.01368     Cmsurf  =  -0.05790
     CDsurf  =   0.01589     Cnsurf  =  -0.01315
     CDisurf =   0.01589     CDvsurf =   0.00000

 Forces referred to Ssurf, Cave 
     CLsurf  =   0.62842     CDsurf  =   0.03177

 Strip Forces referred to Strip Area, Chord
    j     Xle      Yle      Zle      Chord    Area     c_cl     ai     cl_norm    cl       cd       cdv    cm_c/4     cm_LE   C.P.x/c
     1   0.0003   0.0005   0.0000   0.2031   0.0004   0.1188   0.0574   0.6974   0.5277   0.3939   0.0000  -0.0339  -0.1522    0.314
     2   0.0031   0.0049   0.0000   0.2021   0.0013   0.1189   0.0599   0.7707   0.5831   0.0796   0.0000  -0.0316  -0.1509    0.304
     3   0.0086   0.0135   0.0000   0.2001   0.0021   0.1191   0.0642   0.7832   0.5926   0.0638   0.0000  -0.0252  -0.1469    0.292
     4   0.0166   0.0262   0.0000   0.1972   0.0029   0.1194   0.0692   0.7987   0.6043   0.0564   0.0000  -0.0173  -0.1424    0.279
     5   0.0270   0.0426   0.0000   0.1935   0.0035   0.1197   0.0739   0.8181   0.6190   0.0493   0.0000  -0.0100  -0.1391    0.266
     6   0.0395   0.0623   0.0000   0.1890   0.0040   0.1198   0.0780   0.8400   0.6355   0.0431   0.0000  -0.0041  -0.1373    0.256
     7   0.0539   0.0849   0.0000   0.1838   0.0044   0.1195   0.0814   0.8626   0.6526   0.0378   0.0000   0.0004  -0.1369    0.249
     8   0.0696   0.1098   0.0000   0.1781   0.0046   0.1185   0.0843   0.8840   0.6689   0.0334   0.0000   0.0038  -0.1373    0.244
     9   0.0865   0.1363   0.0000   0.1720   0.0047   0.1167   0.0873   0.9026   0.6829   0.0297   0.0000   0.0064  -0.1378    0.241
    10   0.1039   0.1638   0.0000   0.1657   0.0046   0.1141   0.0907   0.9163   0.6933   0.0265   0.0000   0.0088  -0.1379    0.237
    11   0.1217   0.1918   0.0000   0.1594   0.0044   0.1104   0.0951   0.9229   0.6982   0.0235   0.0000   0.0114  -0.1366    0.234
    12   0.1391   0.2193   0.0000   0.1531   0.0042   0.1055   0.1010   0.9192   0.6955   0.0205   0.0000   0.0146  -0.1332    0.229
    13   0.1560   0.2458   0.0000   0.1470   0.0038   0.0993   0.1084   0.9016   0.6822   0.0175   0.0000   0.0188  -0.1268    0.222
    14   0.1717   0.2707   0.0000   0.1413   0.0034   0.0916   0.1172   0.8652   0.6546   0.0140   0.0000   0.0244  -0.1162    0.213
    15   0.1861   0.2933   0.0000   0.1361   0.0029   0.0820   0.1262   0.8045   0.6087   0.0099   0.0000   0.0313  -0.1006    0.199
    16   0.1986   0.3130   0.0000   0.1316   0.0024   0.0704   0.1338   0.7151   0.5411   0.0052   0.0000   0.0384  -0.0804    0.179
    17   0.2090   0.3294   0.0000   0.1279   0.0019   0.0568   0.1380   0.5950   0.4502   0.0004   0.0000   0.0431  -0.0574    0.154
    18   0.2170   0.3421   0.0000   0.1250   0.0013   0.0416   0.1378   0.4466   0.3379  -0.0036   0.0000   0.0418  -0.0350    0.126
    19   0.2225   0.3507   0.0000   0.1230   0.0008   0.0253   0.1333   0.2765   0.2092  -0.0058   0.0000   0.0313  -0.0169    0.100
    20   0.2253   0.3551   0.0000   0.1220   0.0003   0.0085   0.1282   0.0943   0.0713  -0.0064   0.0000   0.0117  -0.0048    0.086

  Surface # 2     Wing (YDUP)                             
     # Chordwise = 10   # Spanwise = 20     First strip = 21
     Surface area Ssurf =    0.057803     Ave. chord Cave =    0.162550

 Forces referred to Sref, Cref, Bref about Xref, Yref, Zref
 Standard axis orientation,  X fwd, Z down         
     CLsurf  =   0.31422     Clsurf  =   0.06908
     CYsurf  =  -0.01368     Cmsurf  =  -0.05790
     CDsurf  =   0.01589     Cnsurf  =   0.01315
     CDisurf =   0.01589     CDvsurf =   0.00000

 Forces referred to Ssurf, Cave 
     CLsurf  =   0.62842     CDsurf  =   0.03177

 Strip Forces referred to Strip Area, Chord
    j     Xle      Yle      Zle      Chord    Area     c_cl     ai     cl_norm    cl       cd       cdv    cm_c/4     cm_LE   C.P.x/c
    21   0.0003  -0.0005   0.0000   0.2031   0.0004   0.1188   0.0574   0.6974   0.5277   0.3939   0.0000  -0.0339   0.1522    0.314
    22   0.0031  -0.0049   0.0000   0.2021   0.0013   0.1189   0.0599   0.7707   0.5831   0.0796   0.0000  -0.0316   0.1509    0.304
    23   0.0086  -0.0135   0.0000   0.2001   0.0021   0.1191   0.0642   0.7832   0.5926   0.0638   0.0000  -0.0252   0.1469    0.292
    24   0.0166  -0.0262   0.0000   0.1972   0.0029   0.1194   0.0692   0.7987   0.6043   0.0564   0.0000  -0.0173   0.1424    0.279
    25   0.0270  -0.0426   0.0000   0.1935   0.0035   0.1197   0.0739   0.8181   0.6190   0.0493   0.0000  -0.0100   0.1391    0.266
    26   0.0395  -0.0623   0.0000   0.1890   0.0040   0.1198   0.0780   0.8400   0.6355   0.0431   0.0000  -0.0041   0.1373    0.256
    27   0.0539  -0.0849   0.0000   0.1838   0.0044   0.1195   0.0814   0.8626   0.6526   0.0378   0.0000   0.0004   0.1369    0.249
    28   0.0696  -0.1098   0.0000   0.1781   0.0046   0.1185   0.0843   0.8840   0.6689   0.0334   0.0000   0.0038   0.1373    0.244
    29   0.0865  -0.1363   0.0000   0.1720   0.0047   0.1167   0.0873   0.9026   0.6829   0.0297   0.0000   0.0064   0.1378    0.241
    30   0.1039  -0.1638   0.0000   0.1657   0.0046   0.1141   0.0907   0.9163   0.6933   0.0265   0.0000   0.0088   0.1379    0.237
    31   0.1217  -0.1918   0.0000   0.1594   0.0044   0.1104   0.0951   0.9229   0.6982   0.0235   0.0000   0.0114   0.1366    0.234
    32   0.1391  -0.2193   0.0000   0.1531   0.0042   0.1055   0.1010   0.9192   0.6955   0.0205   0.0000   0.0146   0.1332    0.229
    33   0.1560  -0.2458   0.0000   0.1470   0.0038   0.0993   0.1084   0.9016   0.6822   0.0175   0.0000   0.0188   0.1268    0.222
    34   0.1717  -0.2707   0.0000   0.1413   0.0034   0.0916   0.1172   0.8652   0.6546   0.0140   0.0000   0.0244   0.1162    0.213
    35   0.1861  -0.2933   0.0000   0.1361   0.0029   0.0820   0.1262   0.8045   0.6087   0.0099   0.0000   0.0313   0.1006    0.199
    36   0.1986  -0.3130   0.0000   0.1316   0.0024   0.0704   0.1338   0.7151   0.5411   0.0052   0.0000   0.0384   0.0804    0.179
    37   0.2090  -0.3294   0.0000   0.1279   0.0019   0.0568   0.1380   0.5950   0.4502   0.0004   0.0000   0.0431   0.0574    0.154
    38   0.2170  -0.3421   0.0000   0.1250   0.0013   0.0416   0.1378   0.4466   0.3379  -0.0036   0.0000   0.0418   0.0350    0.126
    39   0.2225  -0.3507   0.0000   0.1230   0.0008   0.0253   0.1333   0.2765   0.2092  -0.0058   0.0000   0.0313   0.0169    0.100
    40   0.2253  -0.3551   0.0000   0.1220   0.0003   0.0085   0.1282   0.0943   0.0713  -0.0064   0.0000   0.0117   0.0048    0.086
 ---------------------------------------------------------------
