 ---------------------------------------------------------------
 Surface and Strip Forces by surface

  Sref = 0.99100E-01   Cref = 0.14000       Bref = 0.81280    
  Xref = 0.10920       Yref =  0.0000       Zref =  0.0000    

  Surface # 1     Wing                                    
     # Chordwise = 10   # Spanwise = 20     First strip =  1
     Surface area Ssurf =    0.049540     Ave. chord Cave =    0.121900

 Forces referred to Sref, Cref, Bref about Xref, Yref, Zref
 Standard axis orientation,  X fwd, Z down         
     CLsurf  =   0.36654     Clsurf  =  -0.07598
     CYsurf  =   0.00256     Cmsurf  =  -0.00739
     CDsurf  =   0.01409     Cnsurf  =  -0.01068
     CDisurf =   0.01409     CDvsurf =   0.00000

 Forces referred to Ssurf, Cave 
     CLsurf  =   0.73323     CDsurf  =   0.02818

 Strip Forces referred to Strip Area, Chord
    j     Xle      Yle      Zle      Chord    Area     c_cl     ai     cl_norm    cl       cd       cdv    cm_c/4     cm_LE   C.P.x/c
     1   0.0003   0.0006   0.0000   0.2029   0.0005   0.1171   0.0779   0.6152   0.5448   0.2495   0.0000  -0.0170  -0.1463    0.281
     2   0.0026   0.0056   0.0000   0.2010   0.0015   0.1171   0.0780   0.6550   0.5800   0.0630   0.0000  -0.0153  -0.1460    0.276
     3   0.0072   0.0155   0.0000   0.1970   0.0024   0.1170   0.0785   0.6699   0.5932   0.0522   0.0000  -0.0109  -0.1446    0.268
     4   0.0139   0.0299   0.0000   0.1912   0.0032   0.1168   0.0791   0.6901   0.6111   0.0461   0.0000  -0.0057  -0.1437    0.259
     5   0.0226   0.0487   0.0000   0.1837   0.0038   0.1161   0.0793   0.7155   0.6336   0.0406   0.0000  -0.0011  -0.1443    0.252
     6   0.0331   0.0712   0.0000   0.1747   0.0042   0.1148   0.0787   0.7452   0.6599   0.0359   0.0000   0.0024  -0.1469    0.246
     7   0.0450   0.0970   0.0000   0.1644   0.0045   0.1127   0.0773   0.7781   0.6891   0.0318   0.0000   0.0048  -0.1511    0.243
     8   0.0582   0.1254   0.0000   0.1530   0.0045   0.1095   0.0749   0.8132   0.7201   0.0281   0.0000   0.0063  -0.1566    0.241
     9   0.0723   0.1558   0.0000   0.1409   0.0044   0.1052   0.0718   0.8493   0.7521   0.0245   0.0000   0.0071  -0.1629    0.241
    10   0.0869   0.1873   0.0000   0.1283   0.0041   0.0998   0.0682   0.8856   0.7842   0.0209   0.0000   0.0075  -0.1696    0.240
    11   0.1017   0.2191   0.0000   0.1155   0.0037   0.0934   0.0644   0.9208   0.8154   0.0172   0.0000   0.0078  -0.1762    0.240
    12   0.1163   0.2506   0.0000   0.1029   0.0032   0.0861   0.0608   0.9539   0.8447   0.0134   0.0000   0.0081  -0.1823    0.240
    13   0.1304   0.2810   0.0000   0.0908   0.0027   0.0782   0.0580   0.9826   0.8701   0.0095   0.0000   0.0087  -0.1874    0.240
    14   0.1436   0.3094   0.0000   0.0794   0.0022   0.0698   0.0568   1.0033   0.8885   0.0056   0.0000   0.0098  -0.1903    0.239
    15   0.1555   0.3352   0.0000   0.0691   0.0017   0.0610   0.0585   1.0097   0.8941   0.0019   0.0000   0.0122  -0.1892    0.236
    16   0.1660   0.3577   0.0000   0.0601   0.0012   0.0520   0.0647   0.9892   0.8760  -0.0013   0.0000   0.0169  -0.1808    0.231
    17   0.1747   0.3765   0.0000   0.0526   0.0009   0.0423   0.0765   0.9207   0.8153  -0.0040   0.0000   0.0253  -0.1595    0.219
    18   0.1814   0.3909   0.0000   0.0468   0.0006   0.0316   0.0910   0.7736   0.6851  -0.0062   0.0000   0.0368  -0.1198    0.196
    19   0.1860   0.4008   0.0000   0.0428   0.0003   0.0196   0.1002   0.5239   0.4640  -0.0069   0.0000   0.0417  -0.0659    0.160
    20   0.1883   0.4058   0.0000   0.0409   0.0001   0.0066   0.0969   0.1856   0.1643  -0.0051   0.0000   0.0208  -0.0178    0.124

  Surface # 2     Wing (YDUP)                             
     # Chordwise = 10   # Spanwise = 20     First strip = 21
     Surface area Ssurf =    0.049540     Ave. chord Cave =    0.121900

 Forces referred to Sref, Cref, Bref about Xref, Yref, Zref
 Standard axis orientation,  X fwd, Z down         
     CLsurf  =   0.36654     Clsurf  =   0.07598
     CYsurf  =  -0.00256     Cmsurf  =  -0.00739
     CDsurf  =   0.01409     Cnsurf  =   0.01068
     CDisurf =   0.01409     CDvsurf =   0.00000

 Forces referred to Ssurf, Cave 
     CLsurf  =   0.73323     CDsurf  =   0.02818

 Strip Forces referred to Strip Area, Chord
    j     Xle      Yle      Zle      Chord    Area     c_cl     ai     cl_norm    cl       cd       cdv    cm_c/4     cm_LE   C.P.x/c
    21   0.0003  -0.0006   0.0000   0.2029   0.0005   0.1171   0.0779   0.6152   0.5448   0.2495   0.0000  -0.0170   0.1463    0.281
    22   0.0026  -0.0056   0.0000   0.2010   0.0015   0.1171   0.0780   0.6550   0.5800   0.0630   0.0000  -0.0153   0.1460    0.276
    23   0.0072  -0.0155   0.0000   0.1970   0.0024   0.1170   0.0785   0.6699   0.5932   0.0522   0.0000  -0.0109   0.1446    0.268
    24   0.0139  -0.0299   0.0000   0.1912   0.0032   0.1168   0.0791   0.6901   0.6111   0.0461   0.0000  -0.0057   0.1437    0.259
    25   0.0226  -0.0487   0.0000   0.1837   0.0038   0.1161   0.0793   0.7155   0.6336   0.0406   0.0000  -0.0011   0.1443    0.252
    26   0.0331  -0.0712   0.0000   0.1747   0.0042   0.1148   0.0787   0.7452   0.6599   0.0359   0.0000   0.0024   0.1469    0.246
    27   0.0450  -0.0970   0.0000   0.1644   0.0045   0.1127   0.0773   0.7781   0.6891   0.0318   0.0000   0.0048   0.1511    0.243
    28   0.0582  -0.1254   0.0000   0.1530   0.0045   0.1095   0.0749   0.8132   0.7201   0.0281   0.0000   0.0063   0.1566    0.241
    29   0.0723  -0.1558   0.0000   0.1409   0.0044   0.1052   0.0718   0.8493   0.7521   0.0245   0.0000   0.0071   0.1629    0.241
    30   0.0869  -0.1873   0.0000   0.1283   0.0041   0.0998   0.0682   0.8856   0.7842   0.0209   0.0000   0.0075   0.1696    0.240
    31   0.1017  -0.2191   0.0000   0.1155   0.0037   0.0934   0.0644   0.9208   0.8154   0.0172   0.0000   0.0078   0.1762    0.240
    32   0.1163  -0.2506   0.0000   0.1029   0.0032   0.0861   0.0608   0.9539   0.8447   0.0134   0.0000   0.0081   0.1823    0.240
    33   0.1304  -0.2810   0.0000   0.0908   0.0027   0.0782   0.0580   0.9826   0.8701   0.0095   0.0000   0.0087   0.1874    0.240
    34   0.1436  -0.3094   0.0000   0.0794   0.0022   0.0698   0.0568   1.0033   0.8885   0.0056   0.0000   0.0098   0.1903    0.239
    35   0.1555  -0.3352   0.0000   0.0691   0.0017   0.0610   0.0585   1.0097   0.8941   0.0019   0.0000   0.0122   0.1892    0.236
    36   0.1660  -0.3577   0.0000   0.0601   0.0012   0.0520   0.0647   0.9892   0.8760  -0.0013   0.0000   0.0169   0.1808    0.231
    37   0.1747  -0.3765   0.0000   0.0526   0.0009   0.0423   0.0765   0.9207   0.8153  -0.0040   0.0000   0.0253   0.1595    0.219
    38   0.1814  -0.3909   0.0000   0.0468   0.0006   0.0316   0.0910   0.7736   0.6851  -0.0062   0.0000   0.0368   0.1198    0.196
    39   0.1860  -0.4008   0.0000   0.0428   0.0003   0.0196   0.1002   0.5239   0.4640  -0.0069   0.0000   0.0417   0.0659    0.160
    40   0.1883  -0.4058   0.0000   0.0409   0.0001   0.0066   0.0969   0.1856   0.1643  -0.0051   0.0000   0.0208   0.0178    0.124
 ---------------------------------------------------------------
