 ---------------------------------------------------------------
 Surface and Strip Forces by surface

  Sref = 0.15170       Cref = 0.22640       Bref = 0.71120    
  Xref = 0.10920       Yref =  0.0000       Zref =  0.0000    

  Surface # 1     Wing                                    
     # Chordwise = 10   # Spanwise = 20     First strip =  1
     Surface area Ssurf =    0.075867     Ave. chord Cave =    0.213350

 Forces referred to Sref, Cref, Bref about Xref, Yref, Zref
 Standard axis orientation,  X fwd, Z down         
     CLsurf  =   0.23945     Clsurf  =  -0.05122
     CYsurf  =  -0.00082     Cmsurf  =  -0.03635
     CDsurf  =   0.01207     Cnsurf  =  -0.00555
     CDisurf =   0.01207     CDvsurf =   0.00000

 Forces referred to Ssurf, Cave 
     CLsurf  =   0.47879     CDsurf  =   0.02414

 Strip Forces referred to Strip Area, Chord
    j     Xle      Yle      Zle      Chord    Area     c_cl     ai     cl_norm    cl       cd       cdv    cm_c/4     cm_LE   C.P.x/c
     1   0.0003   0.0005   0.0000   0.3045   0.0007   0.1275   0.0872   0.4664   0.3845   0.2829   0.0000  -0.0124  -0.1006    0.282
     2   0.0029   0.0049   0.0000   0.3023   0.0020   0.1275   0.0869   0.5079   0.4186   0.0523   0.0000  -0.0117  -0.1007    0.278
     3   0.0080   0.0135   0.0000   0.2978   0.0032   0.1275   0.0871   0.5175   0.4265   0.0394   0.0000  -0.0093  -0.0999    0.272
     4   0.0156   0.0262   0.0000   0.2913   0.0042   0.1273   0.0875   0.5289   0.4360   0.0360   0.0000  -0.0058  -0.0989    0.263
     5   0.0253   0.0426   0.0000   0.2829   0.0051   0.1268   0.0880   0.5434   0.4479   0.0331   0.0000  -0.0020  -0.0981    0.255
     6   0.0371   0.0623   0.0000   0.2727   0.0058   0.1259   0.0886   0.5603   0.4618   0.0303   0.0000   0.0015  -0.0979    0.247
     7   0.0505   0.0849   0.0000   0.2611   0.0062   0.1244   0.0890   0.5788   0.4770   0.0277   0.0000   0.0046  -0.0984    0.240
     8   0.0653   0.1098   0.0000   0.2483   0.0064   0.1221   0.0894   0.5980   0.4928   0.0252   0.0000   0.0072  -0.0995    0.235
     9   0.0811   0.1363   0.0000   0.2347   0.0064   0.1189   0.0898   0.6166   0.5082   0.0228   0.0000   0.0095  -0.1007    0.231
    10   0.0975   0.1638   0.0000   0.2205   0.0061   0.1147   0.0904   0.6333   0.5220   0.0205   0.0000   0.0116  -0.1017    0.228
    11   0.1140   0.1918   0.0000   0.2062   0.0057   0.1093   0.0913   0.6463   0.5327   0.0182   0.0000   0.0138  -0.1021    0.224
    12   0.1304   0.2193   0.0000   0.1920   0.0052   0.1028   0.0929   0.6532   0.5383   0.0157   0.0000   0.0163  -0.1010    0.220
    13   0.1462   0.2458   0.0000   0.1784   0.0046   0.0951   0.0952   0.6509   0.5365   0.0131   0.0000   0.0195  -0.0979    0.214
    14   0.1610   0.2707   0.0000   0.1656   0.0039   0.0862   0.0984   0.6357   0.5239   0.0102   0.0000   0.0234  -0.0917    0.205
    15   0.1744   0.2933   0.0000   0.1540   0.0033   0.0759   0.1022   0.6027   0.4967   0.0070   0.0000   0.0281  -0.0818    0.193
    16   0.1862   0.3130   0.0000   0.1438   0.0026   0.0643   0.1057   0.5471   0.4509   0.0037   0.0000   0.0328  -0.0679    0.177
    17   0.1959   0.3294   0.0000   0.1354   0.0020   0.0514   0.1078   0.4650   0.3833   0.0004   0.0000   0.0359  -0.0507    0.156
    18   0.2035   0.3421   0.0000   0.1289   0.0014   0.0374   0.1073   0.3559   0.2933  -0.0023   0.0000   0.0346  -0.0326    0.132
    19   0.2086   0.3507   0.0000   0.1244   0.0008   0.0227   0.1035   0.2236   0.1843  -0.0038   0.0000   0.0261  -0.0167    0.109
    20   0.2112   0.3551   0.0000   0.1222   0.0003   0.0076   0.0987   0.0766   0.0631  -0.0043   0.0000   0.0098  -0.0049    0.095

  Surface # 2     Wing (YDUP)                             
     # Chordwise = 10   # Spanwise = 20     First strip = 21
     Surface area Ssurf =    0.075867     Ave. chord Cave =    0.213350

 Forces referred to Sref, Cref, Bref about Xref, Yref, Zref
 Standard axis orientation,  X fwd, Z down         
     CLsurf  =   0.23945     Clsurf  =   0.05122
     CYsurf  =   0.00082     Cmsurf  =  -0.03635
     CDsurf  =   0.01207     Cnsurf  =   0.00555
     CDisurf =   0.01207     CDvsurf =   0.00000

 Forces referred to Ssurf, Cave 
     CLsurf  =   0.47879     CDsurf  =   0.02414

 Strip Forces referred to Strip Area, Chord
    j     Xle      Yle      Zle      Chord    Area     c_cl     ai     cl_norm    cl       cd       cdv    cm_c/4     cm_LE   C.P.x/c
    21   0.0003  -0.0005   0.0000   0.3045   0.0007   0.1275   0.0872   0.4664   0.3845   0.2829   0.0000  -0.0124   0.1006    0.282
    22   0.0029  -0.0049   0.0000   0.3023   0.0020   0.1275   0.0869   0.5079   0.4186   0.0523   0.0000  -0.0117   0.1007    0.278
    23   0.0080  -0.0135   0.0000   0.2978   0.0032   0.1275   0.0871   0.5175   0.4265   0.0394   0.0000  -0.0093   0.0999    0.272
    24   0.0156  -0.0262   0.0000   0.2913   0.0042   0.1273   0.0875   0.5289   0.4360   0.0360   0.0000  -0.0058   0.0989    0.263
    25   0.0253  -0.0426   0.0000   0.2829   0.0051   0.1268   0.0880   0.5434   0.4479   0.0331   0.0000  -0.0020   0.0981    0.255
    26   0.0371  -0.0623   0.0000   0.2727   0.0058   0.1259   0.0886   0.5603   0.4618   0.0303   0.0000   0.0015   0.0979    0.247
    27   0.0505  -0.0849   0.0000   0.2611   0.0062   0.1244   0.0890   0.5788   0.4770   0.0277   0.0000   0.0046   0.0984    0.240
    28   0.0653  -0.1098   0.0000   0.2483   0.0064   0.1221   0.0894   0.5980   0.4928   0.0252   0.0000   0.0072   0.0995    0.235
    29   0.0811  -0.1363   0.0000   0.2347   0.0064   0.1189   0.0898   0.6166   0.5082   0.0228   0.0000   0.0095   0.1007    0.231
    30   0.0975  -0.1638   0.0000   0.2205   0.0061   0.1147   0.0904   0.6333   0.5220   0.0205   0.0000   0.0116   0.1017    0.228
    31   0.1140  -0.1918   0.0000   0.2062   0.0057   0.1093   0.0913   0.6463   0.5327   0.0182   0.0000   0.0138   0.1021    0.224
    32   0.1304  -0.2193   0.0000   0.1920   0.0052   0.1028   0.0929   0.6532   0.5383   0.0157   0.0000   0.0163   0.1010    0.220
    33   0.1462  -0.2458   0.0000   0.1784   0.0046   0.0951   0.0952   0.6509   0.5365   0.0131   0.0000   0.0195   0.0979    0.214
    34   0.1610  -0.2707   0.0000   0.1656   0.0039   0.0862   0.0984   0.6357   0.5239   0.0102   0.0000   0.0234   0.0917    0.205
    35   0.1744  -0.2933   0.0000   0.1540   0.0033   0.0759   0.1022   0.6027   0.4967   0.0070   0.0000   0.0281   0.0818    0.193
    36   0.1862  -0.3130   0.0000   0.1438   0.0026   0.0643   0.1057   0.5471   0.4509   0.0037   0.0000   0.0328   0.0679    0.177
    37   0.1959  -0.3294   0.0000   0.1354   0.0020   0.0514   0.1078   0.4650   0.3833   0.0004   0.0000   0.0359   0.0507    0.156
    38   0.2035  -0.3421   0.0000   0.1289   0.0014   0.0374   0.1073   0.3559   0.2933  -0.0023   0.0000   0.0346   0.0326    0.132
    39   0.2086  -0.3507   0.0000   0.1244   0.0008   0.0227   0.1035   0.2236   0.1843  -0.0038   0.0000   0.0261   0.0167    0.109
    40   0.2112  -0.3551   0.0000   0.1222   0.0003   0.0076   0.0987   0.0766   0.0631  -0.0043   0.0000   0.0098   0.0049    0.095
 ---------------------------------------------------------------
