 ---------------------------------------------------------------
 Surface and Strip Forces by surface

  Sref = 0.15900       Cref = 0.20760       Bref = 0.81280    
  Xref = 0.10920       Yref =  0.0000       Zref =  0.0000    

  Surface # 1     Wing                                    
     # Chordwise = 10   # Spanwise = 20     First strip =  1
     Surface area Ssurf =    0.079492     Ave. chord Cave =    0.195600

 Forces referred to Sref, Cref, Bref about Xref, Yref, Zref
 Standard axis orientation,  X fwd, Z down         
     CLsurf  =   0.22846     Clsurf  =  -0.04886
     CYsurf  =  -0.00020     Cmsurf  =  -0.02281
     CDsurf  =   0.00868     Cnsurf  =  -0.00433
     CDisurf =   0.00868     CDvsurf =   0.00000

 Forces referred to Ssurf, Cave 
     CLsurf  =   0.45696     CDsurf  =   0.01736

 Strip Forces referred to Strip Area, Chord
    j     Xle      Yle      Zle      Chord    Area     c_cl     ai     cl_norm    cl       cd       cdv    cm_c/4     cm_LE   C.P.x/c
     1   0.0003   0.0006   0.0000   0.2791   0.0007   0.1119   0.0674   0.4341   0.3838   0.1741   0.0000  -0.0089  -0.0988    0.273
     2   0.0026   0.0056   0.0000   0.2771   0.0021   0.1119   0.0672   0.4551   0.4024   0.0360   0.0000  -0.0081  -0.0988    0.270
     3   0.0072   0.0155   0.0000   0.2730   0.0033   0.1118   0.0674   0.4626   0.4091   0.0285   0.0000  -0.0058  -0.0980    0.264
     4   0.0140   0.0299   0.0000   0.2671   0.0044   0.1117   0.0677   0.4726   0.4179   0.0259   0.0000  -0.0026  -0.0971    0.256
     5   0.0227   0.0487   0.0000   0.2593   0.0054   0.1112   0.0681   0.4852   0.4291   0.0235   0.0000   0.0005  -0.0967    0.249
     6   0.0333   0.0712   0.0000   0.2500   0.0061   0.1104   0.0683   0.4999   0.4420   0.0214   0.0000   0.0033  -0.0971    0.243
     7   0.0453   0.0970   0.0000   0.2394   0.0065   0.1090   0.0685   0.5158   0.4561   0.0194   0.0000   0.0055  -0.0981    0.238
     8   0.0586   0.1254   0.0000   0.2277   0.0067   0.1069   0.0684   0.5321   0.4705   0.0177   0.0000   0.0073  -0.0998    0.235
     9   0.0727   0.1558   0.0000   0.2152   0.0067   0.1040   0.0682   0.5478   0.4844   0.0161   0.0000   0.0087  -0.1016    0.232
    10   0.0875   0.1873   0.0000   0.2022   0.0064   0.1001   0.0682   0.5617   0.4967   0.0146   0.0000   0.0099  -0.1032    0.230
    11   0.1023   0.2191   0.0000   0.1890   0.0060   0.0954   0.0685   0.5724   0.5061   0.0132   0.0000   0.0112  -0.1041    0.228
    12   0.1171   0.2506   0.0000   0.1760   0.0055   0.0896   0.0695   0.5780   0.5111   0.0117   0.0000   0.0128  -0.1037    0.225
    13   0.1312   0.2810   0.0000   0.1635   0.0048   0.0830   0.0714   0.5761   0.5094   0.0102   0.0000   0.0149  -0.1014    0.221
    14   0.1445   0.3094   0.0000   0.1518   0.0041   0.0753   0.0743   0.5633   0.4981   0.0086   0.0000   0.0178  -0.0962    0.214
    15   0.1565   0.3352   0.0000   0.1412   0.0034   0.0665   0.0783   0.5354   0.4734   0.0069   0.0000   0.0215  -0.0872    0.205
    16   0.1671   0.3577   0.0000   0.1319   0.0027   0.0566   0.0825   0.4876   0.4312   0.0050   0.0000   0.0258  -0.0738    0.190
    17   0.1758   0.3765   0.0000   0.1241   0.0021   0.0454   0.0858   0.4159   0.3678   0.0029   0.0000   0.0294  -0.0563    0.170
    18   0.1826   0.3909   0.0000   0.1182   0.0014   0.0331   0.0863   0.3190   0.2821   0.0010   0.0000   0.0296  -0.0367    0.145
    19   0.1872   0.4008   0.0000   0.1141   0.0008   0.0201   0.0829   0.2004   0.1772  -0.0005   0.0000   0.0232  -0.0189    0.119
    20   0.1895   0.4058   0.0000   0.1121   0.0003   0.0067   0.0774   0.0683   0.0604  -0.0019   0.0000   0.0089  -0.0054    0.102

  Surface # 2     Wing (YDUP)                             
     # Chordwise = 10   # Spanwise = 20     First strip = 21
     Surface area Ssurf =    0.079492     Ave. chord Cave =    0.195600

 Forces referred to Sref, Cref, Bref about Xref, Yref, Zref
 Standard axis orientation,  X fwd, Z down         
     CLsurf  =   0.22846     Clsurf  =   0.04886
     CYsurf  =   0.00020     Cmsurf  =  -0.02281
     CDsurf  =   0.00868     Cnsurf  =   0.00433
     CDisurf =   0.00868     CDvsurf =   0.00000

 Forces referred to Ssurf, Cave 
     CLsurf  =   0.45696     CDsurf  =   0.01736

 Strip Forces referred to Strip Area, Chord
    j     Xle      Yle      Zle      Chord    Area     c_cl     ai     cl_norm    cl       cd       cdv    cm_c/4     cm_LE   C.P.x/c
    21   0.0003  -0.0006   0.0000   0.2791   0.0007   0.1119   0.0674   0.4341   0.3838   0.1741   0.0000  -0.0089   0.0988    0.273
    22   0.0026  -0.0056   0.0000   0.2771   0.0021   0.1119   0.0672   0.4551   0.4024   0.0360   0.0000  -0.0081   0.0988    0.270
    23   0.0072  -0.0155   0.0000   0.2730   0.0033   0.1118   0.0674   0.4626   0.4091   0.0285   0.0000  -0.0058   0.0980    0.264
    24   0.0140  -0.0299   0.0000   0.2671   0.0044   0.1117   0.0677   0.4726   0.4179   0.0259   0.0000  -0.0026   0.0971    0.256
    25   0.0227  -0.0487   0.0000   0.2593   0.0054   0.1112   0.0681   0.4852   0.4291   0.0235   0.0000   0.0005   0.0967    0.249
    26   0.0333  -0.0712   0.0000   0.2500   0.0061   0.1104   0.0683   0.4999   0.4420   0.0214   0.0000   0.0033   0.0971    0.243
    27   0.0453  -0.0970   0.0000   0.2394   0.0065   0.1090   0.0685   0.5158   0.4561   0.0194   0.0000   0.0055   0.0981    0.238
    28   0.0586  -0.1254   0.0000   0.2277   0.0067   0.1069   0.0684   0.5321   0.4705   0.0177   0.0000   0.0073   0.0998    0.235
    29   0.0727  -0.1558   0.0000   0.2152   0.0067   0.1040   0.0682   0.5478   0.4844   0.0161   0.0000   0.0087   0.1016    0.232
    30   0.0875  -0.1873   0.0000   0.2022   0.0064   0.1001   0.0682   0.5617   0.4967   0.0146   0.0000   0.0099   0.1032    0.230
    31   0.1023  -0.2191   0.0000   0.1890   0.0060   0.0954   0.0685   0.5724   0.5061   0.0132   0.0000   0.0112   0.1041    0.228
    32   0.1171  -0.2506   0.0000   0.1760   0.0055   0.0896   0.0695   0.5780   0.5111   0.0117   0.0000   0.0128   0.1037    0.225
    33   0.1312  -0.2810   0.0000   0.1635   0.0048   0.0830   0.0714   0.5761   0.5094   0.0102   0.0000   0.0149   0.1014    0.221
    34   0.1445  -0.3094   0.0000   0.1518   0.0041   0.0753   0.0743   0.5633   0.4981   0.0086   0.0000   0.0178   0.0962    0.214
    35   0.1565  -0.3352   0.0000   0.1412   0.0034   0.0665   0.0783   0.5354   0.4734   0.0069   0.0000   0.0215   0.0872    0.205
    36   0.1671  -0.3577   0.0000   0.1319   0.0027   0.0566   0.0825   0.4876   0.4312   0.0050   0.0000   0.0258   0.0738    0.190
    37   0.1758  -0.3765   0.0000   0.1241   0.0021   0.0454   0.0858   0.4159   0.3678   0.0029   0.0000   0.0294   0.0563    0.170
    38   0.1826  -0.3909   0.0000   0.1182   0.0014   0.0331   0.0863   0.3190   0.2821   0.0010   0.0000   0.0296   0.0367    0.145
    39   0.1872  -0.4008   0.0000   0.1141   0.0008   0.0201   0.0829   0.2004   0.1772  -0.0005   0.0000   0.0232   0.0189    0.119
    40   0.1895  -0.4058   0.0000   0.1121   0.0003   0.0067   0.0774   0.0683   0.0604  -0.0019   0.0000   0.0089   0.0054    0.102
 ---------------------------------------------------------------
