 ---------------------------------------------------------------
 Surface and Strip Forces by surface

  Sref = 0.15170       Cref = 0.22640       Bref = 0.71120    
  Xref = 0.10920       Yref =  0.0000       Zref =  0.0000    

  Surface # 1     Wing                                    
     # Chordwise = 10   # Spanwise = 20     First strip =  1
     Surface area Ssurf =    0.075867     Ave. chord Cave =    0.213350

 Forces referred to Sref, Cref, Bref about Xref, Yref, Zref
 Standard axis orientation,  X fwd, Z down         
     CLsurf  =   0.23945     Clsurf  =  -0.05100
     CYsurf  =  -0.00291     Cmsurf  =  -0.01863
     CDsurf  =   0.01190     Cnsurf  =  -0.00452
     CDisurf =   0.01190     CDvsurf =   0.00000

 Forces referred to Ssurf, Cave 
     CLsurf  =   0.47879     CDsurf  =   0.02380

 Strip Forces referred to Strip Area, Chord
    j     Xle      Yle      Zle      Chord    Area     c_cl     ai     cl_norm    cl       cd       cdv    cm_c/4     cm_LE   C.P.x/c
     1   0.0003   0.0005   0.0000   0.3045   0.0007   0.1287   0.0900   0.4455   0.3942   0.2416   0.0000  -0.0065  -0.1006    0.266
     2   0.0024   0.0049   0.0000   0.3023   0.0020   0.1287   0.0901   0.4782   0.4231   0.0480   0.0000  -0.0059  -0.1008    0.264
     3   0.0067   0.0135   0.0000   0.2978   0.0032   0.1286   0.0902   0.4869   0.4307   0.0369   0.0000  -0.0040  -0.1005    0.259
     4   0.0129   0.0262   0.0000   0.2913   0.0042   0.1284   0.0903   0.4974   0.4401   0.0338   0.0000  -0.0013  -0.1000    0.253
     5   0.0210   0.0426   0.0000   0.2829   0.0051   0.1278   0.0904   0.5106   0.4517   0.0313   0.0000   0.0017  -0.0998    0.246
     6   0.0307   0.0623   0.0000   0.2727   0.0058   0.1268   0.0904   0.5258   0.4652   0.0289   0.0000   0.0045  -0.1002    0.240
     7   0.0418   0.0849   0.0000   0.2611   0.0062   0.1251   0.0904   0.5423   0.4798   0.0267   0.0000   0.0070  -0.1012    0.235
     8   0.0540   0.1098   0.0000   0.2483   0.0064   0.1226   0.0902   0.5593   0.4948   0.0246   0.0000   0.0091  -0.1025    0.232
     9   0.0671   0.1363   0.0000   0.2347   0.0064   0.1192   0.0901   0.5756   0.5092   0.0227   0.0000   0.0110  -0.1040    0.228
    10   0.0807   0.1638   0.0000   0.2205   0.0061   0.1147   0.0901   0.5898   0.5219   0.0207   0.0000   0.0128  -0.1052    0.226
    11   0.0944   0.1918   0.0000   0.2062   0.0057   0.1091   0.0905   0.6005   0.5313   0.0188   0.0000   0.0146  -0.1056    0.222
    12   0.1080   0.2193   0.0000   0.1920   0.0052   0.1024   0.0915   0.6053   0.5356   0.0167   0.0000   0.0168  -0.1045    0.219
    13   0.1211   0.2458   0.0000   0.1784   0.0046   0.0945   0.0932   0.6017   0.5324   0.0146   0.0000   0.0194  -0.1014    0.213
    14   0.1333   0.2707   0.0000   0.1656   0.0039   0.0854   0.0957   0.5861   0.5186   0.0122   0.0000   0.0228  -0.0952    0.206
    15   0.1444   0.2933   0.0000   0.1540   0.0033   0.0751   0.0988   0.5544   0.4905   0.0096   0.0000   0.0267  -0.0854    0.196
    16   0.1541   0.3130   0.0000   0.1438   0.0026   0.0635   0.1019   0.5023   0.4444   0.0068   0.0000   0.0306  -0.0716    0.181
    17   0.1622   0.3294   0.0000   0.1354   0.0020   0.0507   0.1040   0.4264   0.3773   0.0040   0.0000   0.0330  -0.0544    0.163
    18   0.1684   0.3421   0.0000   0.1289   0.0014   0.0369   0.1037   0.3261   0.2885   0.0014   0.0000   0.0315  -0.0359    0.141
    19   0.1727   0.3507   0.0000   0.1244   0.0008   0.0223   0.1004   0.2047   0.1811  -0.0007   0.0000   0.0236  -0.0191    0.120
    20   0.1748   0.3551   0.0000   0.1222   0.0003   0.0075   0.0959   0.0700   0.0619  -0.0026   0.0000   0.0089  -0.0057    0.107

  Surface # 2     Wing (YDUP)                             
     # Chordwise = 10   # Spanwise = 20     First strip = 21
     Surface area Ssurf =    0.075867     Ave. chord Cave =    0.213350

 Forces referred to Sref, Cref, Bref about Xref, Yref, Zref
 Standard axis orientation,  X fwd, Z down         
     CLsurf  =   0.23945     Clsurf  =   0.05100
     CYsurf  =   0.00291     Cmsurf  =  -0.01863
     CDsurf  =   0.01190     Cnsurf  =   0.00452
     CDisurf =   0.01190     CDvsurf =   0.00000

 Forces referred to Ssurf, Cave 
     CLsurf  =   0.47879     CDsurf  =   0.02380

 Strip Forces referred to Strip Area, Chord
    j     Xle      Yle      Zle      Chord    Area     c_cl     ai     cl_norm    cl       cd       cdv    cm_c/4     cm_LE   C.P.x/c
    21   0.0003  -0.0005   0.0000   0.3045   0.0007   0.1287   0.0900   0.4455   0.3942   0.2416   0.0000  -0.0065   0.1006    0.266
    22   0.0024  -0.0049   0.0000   0.3023   0.0020   0.1287   0.0901   0.4782   0.4231   0.0480   0.0000  -0.0059   0.1008    0.264
    23   0.0067  -0.0135   0.0000   0.2978   0.0032   0.1286   0.0902   0.4869   0.4307   0.0369   0.0000  -0.0040   0.1005    0.259
    24   0.0129  -0.0262   0.0000   0.2913   0.0042   0.1284   0.0903   0.4974   0.4401   0.0338   0.0000  -0.0013   0.1000    0.253
    25   0.0210  -0.0426   0.0000   0.2829   0.0051   0.1278   0.0904   0.5106   0.4517   0.0313   0.0000   0.0017   0.0998    0.246
    26   0.0307  -0.0623   0.0000   0.2727   0.0058   0.1268   0.0904   0.5258   0.4652   0.0289   0.0000   0.0045   0.1002    0.240
    27   0.0418  -0.0849   0.0000   0.2611   0.0062   0.1251   0.0904   0.5423   0.4798   0.0267   0.0000   0.0070   0.1012    0.235
    28   0.0540  -0.1098   0.0000   0.2483   0.0064   0.1226   0.0902   0.5593   0.4948   0.0246   0.0000   0.0091   0.1025    0.232
    29   0.0671  -0.1363   0.0000   0.2347   0.0064   0.1192   0.0901   0.5756   0.5092   0.0227   0.0000   0.0110   0.1040    0.228
    30   0.0807  -0.1638   0.0000   0.2205   0.0061   0.1147   0.0901   0.5898   0.5219   0.0207   0.0000   0.0128   0.1052    0.226
    31   0.0944  -0.1918   0.0000   0.2062   0.0057   0.1091   0.0905   0.6005   0.5313   0.0188   0.0000   0.0146   0.1056    0.222
    32   0.1080  -0.2193   0.0000   0.1920   0.0052   0.1024   0.0915   0.6053   0.5356   0.0167   0.0000   0.0168   0.1045    0.219
    33   0.1211  -0.2458   0.0000   0.1784   0.0046   0.0945   0.0932   0.6017   0.5324   0.0146   0.0000   0.0194   0.1014    0.213
    34   0.1333  -0.2707   0.0000   0.1656   0.0039   0.0854   0.0957   0.5861   0.5186   0.0122   0.0000   0.0228   0.0952    0.206
    35   0.1444  -0.2933   0.0000   0.1540   0.0033   0.0751   0.0988   0.5544   0.4905   0.0096   0.0000   0.0267   0.0854    0.196
    36   0.1541  -0.3130   0.0000   0.1438   0.0026   0.0635   0.1019   0.5023   0.4444   0.0068   0.0000   0.0306   0.0716    0.181
    37   0.1622  -0.3294   0.0000   0.1354   0.0020   0.0507   0.1040   0.4264   0.3773   0.0040   0.0000   0.0330   0.0544    0.163
    38   0.1684  -0.3421   0.0000   0.1289   0.0014   0.0369   0.1037   0.3261   0.2885   0.0014   0.0000   0.0315   0.0359    0.141
    39   0.1727  -0.3507   0.0000   0.1244   0.0008   0.0223   0.1004   0.2047   0.1811  -0.0007   0.0000   0.0236   0.0191    0.120
    40   0.1748  -0.3551   0.0000   0.1222   0.0003   0.0075   0.0959   0.0700   0.0619  -0.0026   0.0000   0.0089   0.0057    0.107
 ---------------------------------------------------------------
