 ---------------------------------------------------------------
 Surface and Strip Forces by surface

  Sref = 0.19510       Cref = 0.22640       Bref = 0.91440    
  Xref = 0.10920       Yref =  0.0000       Zref =  0.0000    

  Surface # 1     Wing                                    
     # Chordwise = 10   # Spanwise = 20     First strip =  1
     Surface area Ssurf =    0.097544     Ave. chord Cave =    0.213350

 Forces referred to Sref, Cref, Bref about Xref, Yref, Zref
 Standard axis orientation,  X fwd, Z down         
     CLsurf  =   0.18618     Clsurf  =  -0.04033
     CYsurf  =   0.00247     Cmsurf  =  -0.06502
     CDsurf  =   0.00578     Cnsurf  =  -0.00399
     CDisurf =   0.00578     CDvsurf =   0.00000

 Forces referred to Ssurf, Cave 
     CLsurf  =   0.37239     CDsurf  =   0.01156

 Strip Forces referred to Strip Area, Chord
    j     Xle      Yle      Zle      Chord    Area     c_cl     ai     cl_norm    cl       cd       cdv    cm_c/4     cm_LE   C.P.x/c
     1   0.0005   0.0007   0.0000   0.3045   0.0009   0.0971   0.0482   0.4067   0.3057   0.1567   0.0000  -0.0162  -0.0794    0.303
     2   0.0043   0.0063   0.0000   0.3023   0.0025   0.0970   0.0472   0.4255   0.3198   0.0278   0.0000  -0.0152  -0.0790    0.298
     3   0.0118   0.0174   0.0000   0.2978   0.0041   0.0970   0.0475   0.4325   0.3252   0.0215   0.0000  -0.0121  -0.0774    0.287
     4   0.0228   0.0337   0.0000   0.2913   0.0055   0.0970   0.0486   0.4424   0.3326   0.0195   0.0000  -0.0079  -0.0754    0.274
     5   0.0371   0.0548   0.0000   0.2829   0.0066   0.0969   0.0500   0.4552   0.3422   0.0174   0.0000  -0.0038  -0.0740    0.261
     6   0.0543   0.0801   0.0000   0.2727   0.0074   0.0964   0.0513   0.4705   0.3537   0.0154   0.0000  -0.0003  -0.0734    0.251
     7   0.0739   0.1092   0.0000   0.2611   0.0080   0.0956   0.0523   0.4873   0.3663   0.0136   0.0000   0.0024  -0.0737    0.243
     8   0.0956   0.1411   0.0000   0.2483   0.0082   0.0941   0.0529   0.5049   0.3795   0.0119   0.0000   0.0045  -0.0747    0.238
     9   0.1187   0.1752   0.0000   0.2347   0.0082   0.0920   0.0535   0.5222   0.3926   0.0104   0.0000   0.0061  -0.0761    0.234
    10   0.1427   0.2107   0.0000   0.2205   0.0079   0.0890   0.0541   0.5382   0.4045   0.0090   0.0000   0.0074  -0.0774    0.232
    11   0.1670   0.2465   0.0000   0.2062   0.0074   0.0853   0.0550   0.5514   0.4145   0.0077   0.0000   0.0087  -0.0784    0.229
    12   0.1910   0.2820   0.0000   0.1920   0.0067   0.0806   0.0566   0.5602   0.4211   0.0064   0.0000   0.0102  -0.0785    0.226
    13   0.2141   0.3161   0.0000   0.1784   0.0059   0.0751   0.0591   0.5621   0.4226   0.0050   0.0000   0.0123  -0.0770    0.221
    14   0.2358   0.3480   0.0000   0.1656   0.0051   0.0687   0.0629   0.5536   0.4161   0.0034   0.0000   0.0152  -0.0732    0.213
    15   0.2554   0.3771   0.0000   0.1540   0.0042   0.0611   0.0675   0.5299   0.3983   0.0017   0.0000   0.0193  -0.0661    0.201
    16   0.2726   0.4024   0.0000   0.1438   0.0034   0.0523   0.0722   0.4854   0.3649  -0.0002   0.0000   0.0244  -0.0550    0.183
    17   0.2869   0.4235   0.0000   0.1354   0.0025   0.0421   0.0751   0.4155   0.3123  -0.0022   0.0000   0.0291  -0.0403    0.157
    18   0.2979   0.4398   0.0000   0.1289   0.0018   0.0307   0.0744   0.3188   0.2397  -0.0037   0.0000   0.0303  -0.0242    0.123
    19   0.3054   0.4509   0.0000   0.1244   0.0010   0.0186   0.0693   0.1998   0.1502  -0.0041   0.0000   0.0243  -0.0108    0.088
    20   0.3092   0.4565   0.0000   0.1222   0.0003   0.0062   0.0625   0.0680   0.0511  -0.0034   0.0000   0.0094  -0.0027    0.065

  Surface # 2     Wing (YDUP)                             
     # Chordwise = 10   # Spanwise = 20     First strip = 21
     Surface area Ssurf =    0.097544     Ave. chord Cave =    0.213350

 Forces referred to Sref, Cref, Bref about Xref, Yref, Zref
 Standard axis orientation,  X fwd, Z down         
     CLsurf  =   0.18618     Clsurf  =   0.04033
     CYsurf  =  -0.00247     Cmsurf  =  -0.06502
     CDsurf  =   0.00578     Cnsurf  =   0.00399
     CDisurf =   0.00578     CDvsurf =   0.00000

 Forces referred to Ssurf, Cave 
     CLsurf  =   0.37239     CDsurf  =   0.01156

 Strip Forces referred to Strip Area, Chord
    j     Xle      Yle      Zle      Chord    Area     c_cl     ai     cl_norm    cl       cd       cdv    cm_c/4     cm_LE   C.P.x/c
    21   0.0005  -0.0007   0.0000   0.3045   0.0009   0.0971   0.0482   0.4067   0.3057   0.1567   0.0000  -0.0162   0.0794    0.303
    22   0.0043  -0.0063   0.0000   0.3023   0.0025   0.0970   0.0472   0.4255   0.3198   0.0278   0.0000  -0.0152   0.0790    0.298
    23   0.0118  -0.0174   0.0000   0.2978   0.0041   0.0970   0.0475   0.4325   0.3252   0.0215   0.0000  -0.0121   0.0774    0.287
    24   0.0228  -0.0337   0.0000   0.2913   0.0055   0.0970   0.0486   0.4424   0.3326   0.0195   0.0000  -0.0079   0.0754    0.274
    25   0.0371  -0.0548   0.0000   0.2829   0.0066   0.0969   0.0500   0.4552   0.3422   0.0174   0.0000  -0.0038   0.0740    0.261
    26   0.0543  -0.0801   0.0000   0.2727   0.0074   0.0964   0.0513   0.4705   0.3537   0.0154   0.0000  -0.0003   0.0734    0.251
    27   0.0739  -0.1092   0.0000   0.2611   0.0080   0.0956   0.0523   0.4873   0.3663   0.0136   0.0000   0.0024   0.0737    0.243
    28   0.0956  -0.1411   0.0000   0.2483   0.0082   0.0941   0.0529   0.5049   0.3795   0.0119   0.0000   0.0045   0.0747    0.238
    29   0.1187  -0.1752   0.0000   0.2347   0.0082   0.0920   0.0535   0.5222   0.3926   0.0104   0.0000   0.0061   0.0761    0.234
    30   0.1427  -0.2107   0.0000   0.2205   0.0079   0.0890   0.0541   0.5382   0.4045   0.0090   0.0000   0.0074   0.0774    0.232
    31   0.1670  -0.2465   0.0000   0.2062   0.0074   0.0853   0.0550   0.5514   0.4145   0.0077   0.0000   0.0087   0.0784    0.229
    32   0.1910  -0.2820   0.0000   0.1920   0.0067   0.0806   0.0566   0.5602   0.4211   0.0064   0.0000   0.0102   0.0785    0.226
    33   0.2141  -0.3161   0.0000   0.1784   0.0059   0.0751   0.0591   0.5621   0.4226   0.0050   0.0000   0.0123   0.0770    0.221
    34   0.2358  -0.3480   0.0000   0.1656   0.0051   0.0687   0.0629   0.5536   0.4161   0.0034   0.0000   0.0152   0.0732    0.213
    35   0.2554  -0.3771   0.0000   0.1540   0.0042   0.0611   0.0675   0.5299   0.3983   0.0017   0.0000   0.0193   0.0661    0.201
    36   0.2726  -0.4024   0.0000   0.1438   0.0034   0.0523   0.0722   0.4854   0.3649  -0.0002   0.0000   0.0244   0.0550    0.183
    37   0.2869  -0.4235   0.0000   0.1354   0.0025   0.0421   0.0751   0.4155   0.3123  -0.0022   0.0000   0.0291   0.0403    0.157
    38   0.2979  -0.4398   0.0000   0.1289   0.0018   0.0307   0.0744   0.3188   0.2397  -0.0037   0.0000   0.0303   0.0242    0.123
    39   0.3054  -0.4509   0.0000   0.1244   0.0010   0.0186   0.0693   0.1998   0.1502  -0.0041   0.0000   0.0243   0.0108    0.088
    40   0.3092  -0.4565   0.0000   0.1222   0.0003   0.0062   0.0625   0.0680   0.0511  -0.0034   0.0000   0.0094   0.0027    0.065
 ---------------------------------------------------------------
