 ---------------------------------------------------------------
 Surface and Strip Forces by surface

  Sref = 0.16520       Cref = 0.20320       Bref = 0.81280    
  Xref = 0.10920       Yref =  0.0000       Zref =  0.0000    

  Surface # 1     Wing                                    
     # Chordwise = 10   # Spanwise = 20     First strip =  1
     Surface area Ssurf =    0.082580     Ave. chord Cave =    0.203200

 Forces referred to Sref, Cref, Bref about Xref, Yref, Zref
 Standard axis orientation,  X fwd, Z down         
     CLsurf  =   0.21988     Clsurf  =  -0.04938
     CYsurf  =   0.01034     Cmsurf  =  -0.04586
     CDsurf  =   0.00855     Cnsurf  =  -0.00779
     CDisurf =   0.00855     CDvsurf =   0.00000

 Forces referred to Ssurf, Cave 
     CLsurf  =   0.43987     CDsurf  =   0.01710

 Strip Forces referred to Strip Area, Chord
    j     Xle      Yle      Zle      Chord    Area     c_cl     ai     cl_norm    cl       cd       cdv    cm_c/4     cm_LE   C.P.x/c
     1   0.0004   0.0006   0.0000   0.2032   0.0005   0.0986   0.0259   0.6097   0.4595   0.2404   0.0000  -0.0302  -0.1311    0.316
     2   0.0032   0.0056   0.0000   0.2032   0.0015   0.0986   0.0285   0.6412   0.4832   0.0466   0.0000  -0.0276  -0.1290    0.307
     3   0.0089   0.0155   0.0000   0.2032   0.0025   0.0989   0.0339   0.6447   0.4859   0.0374   0.0000  -0.0211  -0.1237    0.293
     4   0.0173   0.0299   0.0000   0.2032   0.0034   0.0996   0.0403   0.6497   0.4896   0.0324   0.0000  -0.0136  -0.1179    0.278
     5   0.0281   0.0487   0.0000   0.2032   0.0042   0.1004   0.0465   0.6560   0.4944   0.0278   0.0000  -0.0071  -0.1131    0.264
     6   0.0411   0.0712   0.0000   0.2032   0.0049   0.1013   0.0521   0.6625   0.4993   0.0240   0.0000  -0.0020  -0.1097    0.254
     7   0.0560   0.0970   0.0000   0.2032   0.0055   0.1020   0.0572   0.6676   0.5032   0.0210   0.0000   0.0018  -0.1071    0.246
     8   0.0724   0.1254   0.0000   0.2032   0.0060   0.1023   0.0622   0.6701   0.5051   0.0188   0.0000   0.0047  -0.1050    0.241
     9   0.0899   0.1558   0.0000   0.2032   0.0063   0.1021   0.0673   0.6688   0.5040   0.0170   0.0000   0.0071  -0.1026    0.236
    10   0.1081   0.1873   0.0000   0.2032   0.0065   0.1010   0.0730   0.6621   0.4990   0.0156   0.0000   0.0095  -0.0995    0.231
    11   0.1265   0.2191   0.0000   0.2032   0.0065   0.0990   0.0793   0.6486   0.4888   0.0143   0.0000   0.0121  -0.0950    0.225
    12   0.1447   0.2506   0.0000   0.2032   0.0063   0.0956   0.0863   0.6266   0.4722   0.0128   0.0000   0.0153  -0.0886    0.218
    13   0.1622   0.2810   0.0000   0.2032   0.0060   0.0906   0.0935   0.5940   0.4477   0.0112   0.0000   0.0192  -0.0799    0.207
    14   0.1786   0.3094   0.0000   0.2032   0.0055   0.0837   0.1002   0.5492   0.4139   0.0092   0.0000   0.0236  -0.0687    0.193
    15   0.1935   0.3352   0.0000   0.2032   0.0049   0.0748   0.1052   0.4910   0.3700   0.0069   0.0000   0.0280  -0.0554    0.174
    16   0.2065   0.3577   0.0000   0.2032   0.0042   0.0639   0.1076   0.4195   0.3161   0.0043   0.0000   0.0313  -0.0410    0.151
    17   0.2173   0.3765   0.0000   0.2032   0.0034   0.0512   0.1067   0.3364   0.2535   0.0019   0.0000   0.0318  -0.0270    0.125
    18   0.2257   0.3909   0.0000   0.2032   0.0025   0.0372   0.1027   0.2448   0.1845  -0.0002   0.0000   0.0282  -0.0152    0.097
    19   0.2314   0.4008   0.0000   0.2032   0.0015   0.0225   0.0967   0.1482   0.1117  -0.0018   0.0000   0.0197  -0.0069    0.074
    20   0.2342   0.4058   0.0000   0.2032   0.0005   0.0075   0.0924   0.0498   0.0376  -0.0027   0.0000   0.0071  -0.0019    0.062

  Surface # 2     Wing (YDUP)                             
     # Chordwise = 10   # Spanwise = 20     First strip = 21
     Surface area Ssurf =    0.082580     Ave. chord Cave =    0.203200

 Forces referred to Sref, Cref, Bref about Xref, Yref, Zref
 Standard axis orientation,  X fwd, Z down         
     CLsurf  =   0.21988     Clsurf  =   0.04938
     CYsurf  =  -0.01034     Cmsurf  =  -0.04586
     CDsurf  =   0.00855     Cnsurf  =   0.00779
     CDisurf =   0.00855     CDvsurf =   0.00000

 Forces referred to Ssurf, Cave 
     CLsurf  =   0.43987     CDsurf  =   0.01710

 Strip Forces referred to Strip Area, Chord
    j     Xle      Yle      Zle      Chord    Area     c_cl     ai     cl_norm    cl       cd       cdv    cm_c/4     cm_LE   C.P.x/c
    21   0.0004  -0.0006   0.0000   0.2032   0.0005   0.0986   0.0259   0.6097   0.4595   0.2404   0.0000  -0.0302   0.1311    0.316
    22   0.0032  -0.0056   0.0000   0.2032   0.0015   0.0986   0.0285   0.6412   0.4832   0.0466   0.0000  -0.0276   0.1290    0.307
    23   0.0089  -0.0155   0.0000   0.2032   0.0025   0.0989   0.0339   0.6447   0.4859   0.0374   0.0000  -0.0211   0.1237    0.293
    24   0.0173  -0.0299   0.0000   0.2032   0.0034   0.0996   0.0403   0.6497   0.4896   0.0324   0.0000  -0.0136   0.1179    0.278
    25   0.0281  -0.0487   0.0000   0.2032   0.0042   0.1004   0.0465   0.6560   0.4944   0.0278   0.0000  -0.0071   0.1131    0.264
    26   0.0411  -0.0712   0.0000   0.2032   0.0049   0.1013   0.0521   0.6625   0.4993   0.0240   0.0000  -0.0020   0.1097    0.254
    27   0.0560  -0.0970   0.0000   0.2032   0.0055   0.1020   0.0572   0.6676   0.5032   0.0210   0.0000   0.0018   0.1071    0.246
    28   0.0724  -0.1254   0.0000   0.2032   0.0060   0.1023   0.0622   0.6701   0.5051   0.0188   0.0000   0.0047   0.1050    0.241
    29   0.0899  -0.1558   0.0000   0.2032   0.0063   0.1021   0.0673   0.6688   0.5040   0.0170   0.0000   0.0071   0.1026    0.236
    30   0.1081  -0.1873   0.0000   0.2032   0.0065   0.1010   0.0730   0.6621   0.4990   0.0156   0.0000   0.0095   0.0995    0.231
    31   0.1265  -0.2191   0.0000   0.2032   0.0065   0.0990   0.0793   0.6486   0.4888   0.0143   0.0000   0.0121   0.0950    0.225
    32   0.1447  -0.2506   0.0000   0.2032   0.0063   0.0956   0.0863   0.6266   0.4722   0.0128   0.0000   0.0153   0.0886    0.218
    33   0.1622  -0.2810   0.0000   0.2032   0.0060   0.0906   0.0935   0.5940   0.4477   0.0112   0.0000   0.0192   0.0799    0.207
    34   0.1786  -0.3094   0.0000   0.2032   0.0055   0.0837   0.1002   0.5492   0.4139   0.0092   0.0000   0.0236   0.0687    0.193
    35   0.1935  -0.3352   0.0000   0.2032   0.0049   0.0748   0.1052   0.4910   0.3700   0.0069   0.0000   0.0280   0.0554    0.174
    36   0.2065  -0.3577   0.0000   0.2032   0.0042   0.0639   0.1076   0.4195   0.3161   0.0043   0.0000   0.0313   0.0410    0.151
    37   0.2173  -0.3765   0.0000   0.2032   0.0034   0.0512   0.1067   0.3364   0.2535   0.0019   0.0000   0.0318   0.0270    0.125
    38   0.2257  -0.3909   0.0000   0.2032   0.0025   0.0372   0.1027   0.2448   0.1845  -0.0002   0.0000   0.0282   0.0152    0.097
    39   0.2314  -0.4008   0.0000   0.2032   0.0015   0.0225   0.0967   0.1482   0.1117  -0.0018   0.0000   0.0197   0.0069    0.074
    40   0.2342  -0.4058   0.0000   0.2032   0.0005   0.0075   0.0924   0.0498   0.0376  -0.0027   0.0000   0.0071   0.0019    0.062
 ---------------------------------------------------------------
