 ---------------------------------------------------------------
 Surface and Strip Forces by surface

  Sref = 0.14450       Cref = 0.20740       Bref = 0.71120    
  Xref = 0.10920       Yref =  0.0000       Zref =  0.0000    

  Surface # 1     Wing                                    
     # Chordwise = 10   # Spanwise = 20     First strip =  1
     Surface area Ssurf =    0.072258     Ave. chord Cave =    0.203200

 Forces referred to Sref, Cref, Bref about Xref, Yref, Zref
 Standard axis orientation,  X fwd, Z down         
     CLsurf  =   0.25138     Clsurf  =  -0.05452
     CYsurf  =   0.00435     Cmsurf  =  -0.02721
     CDsurf  =   0.01259     Cnsurf  =  -0.00755
     CDisurf =   0.01259     CDvsurf =   0.00000

 Forces referred to Ssurf, Cave 
     CLsurf  =   0.50270     CDsurf  =   0.02518

 Strip Forces referred to Strip Area, Chord
    j     Xle      Yle      Zle      Chord    Area     c_cl     ai     cl_norm    cl       cd       cdv    cm_c/4     cm_LE   C.P.x/c
     1   0.0003   0.0005   0.0000   0.2538   0.0006   0.1235   0.0755   0.5438   0.4484   0.3052   0.0000  -0.0184  -0.1234    0.291
     2   0.0026   0.0049   0.0000   0.2526   0.0016   0.1235   0.0754   0.5888   0.4856   0.0582   0.0000  -0.0173  -0.1229    0.286
     3   0.0073   0.0135   0.0000   0.2501   0.0027   0.1235   0.0764   0.5971   0.4924   0.0448   0.0000  -0.0138  -0.1208    0.278
     4   0.0141   0.0262   0.0000   0.2465   0.0036   0.1235   0.0781   0.6066   0.5003   0.0404   0.0000  -0.0090  -0.1182    0.268
     5   0.0229   0.0426   0.0000   0.2418   0.0044   0.1234   0.0802   0.6185   0.5100   0.0364   0.0000  -0.0041  -0.1160    0.258
     6   0.0335   0.0623   0.0000   0.2362   0.0050   0.1229   0.0824   0.6318   0.5210   0.0328   0.0000   0.0002  -0.1144    0.250
     7   0.0456   0.0849   0.0000   0.2297   0.0055   0.1220   0.0845   0.6454   0.5323   0.0295   0.0000   0.0038  -0.1136    0.243
     8   0.0590   0.1098   0.0000   0.2226   0.0057   0.1205   0.0866   0.6581   0.5427   0.0267   0.0000   0.0069  -0.1131    0.237
     9   0.0733   0.1363   0.0000   0.2151   0.0058   0.1181   0.0888   0.6683   0.5511   0.0242   0.0000   0.0095  -0.1125    0.233
    10   0.0881   0.1638   0.0000   0.2072   0.0058   0.1147   0.0914   0.6744   0.5562   0.0219   0.0000   0.0120  -0.1114    0.228
    11   0.1031   0.1918   0.0000   0.1992   0.0055   0.1103   0.0946   0.6745   0.5563   0.0197   0.0000   0.0147  -0.1090    0.224
    12   0.1179   0.2193   0.0000   0.1913   0.0052   0.1046   0.0986   0.6664   0.5495   0.0175   0.0000   0.0178  -0.1047    0.218
    13   0.1322   0.2458   0.0000   0.1838   0.0047   0.0975   0.1032   0.6473   0.5338   0.0151   0.0000   0.0215  -0.0979    0.210
    14   0.1456   0.2707   0.0000   0.1767   0.0042   0.0889   0.1082   0.6144   0.5066   0.0124   0.0000   0.0258  -0.0881    0.199
    15   0.1577   0.2933   0.0000   0.1702   0.0036   0.0787   0.1128   0.5648   0.4657   0.0095   0.0000   0.0304  -0.0751    0.185
    16   0.1683   0.3130   0.0000   0.1646   0.0030   0.0669   0.1162   0.4965   0.4094   0.0064   0.0000   0.0342  -0.0594    0.166
    17   0.1771   0.3294   0.0000   0.1599   0.0023   0.0535   0.1173   0.4092   0.3375   0.0032   0.0000   0.0356  -0.0424    0.145
    18   0.1839   0.3421   0.0000   0.1563   0.0017   0.0389   0.1155   0.3049   0.2515   0.0005   0.0000   0.0324  -0.0263    0.121
    19   0.1886   0.3507   0.0000   0.1538   0.0010   0.0236   0.1109   0.1879   0.1550  -0.0016   0.0000   0.0232  -0.0133    0.100
    20   0.1909   0.3551   0.0000   0.1526   0.0003   0.0079   0.1067   0.0638   0.0526  -0.0033   0.0000   0.0085  -0.0039    0.089

  Surface # 2     Wing (YDUP)                             
     # Chordwise = 10   # Spanwise = 20     First strip = 21
     Surface area Ssurf =    0.072258     Ave. chord Cave =    0.203200

 Forces referred to Sref, Cref, Bref about Xref, Yref, Zref
 Standard axis orientation,  X fwd, Z down         
     CLsurf  =   0.25138     Clsurf  =   0.05452
     CYsurf  =  -0.00435     Cmsurf  =  -0.02721
     CDsurf  =   0.01259     Cnsurf  =   0.00755
     CDisurf =   0.01259     CDvsurf =   0.00000

 Forces referred to Ssurf, Cave 
     CLsurf  =   0.50270     CDsurf  =   0.02518

 Strip Forces referred to Strip Area, Chord
    j     Xle      Yle      Zle      Chord    Area     c_cl     ai     cl_norm    cl       cd       cdv    cm_c/4     cm_LE   C.P.x/c
    21   0.0003  -0.0005   0.0000   0.2538   0.0006   0.1235   0.0755   0.5438   0.4484   0.3052   0.0000  -0.0184   0.1234    0.291
    22   0.0026  -0.0049   0.0000   0.2526   0.0016   0.1235   0.0754   0.5888   0.4856   0.0582   0.0000  -0.0173   0.1229    0.286
    23   0.0073  -0.0135   0.0000   0.2501   0.0027   0.1235   0.0764   0.5971   0.4924   0.0448   0.0000  -0.0138   0.1208    0.278
    24   0.0141  -0.0262   0.0000   0.2465   0.0036   0.1235   0.0781   0.6066   0.5003   0.0404   0.0000  -0.0090   0.1182    0.268
    25   0.0229  -0.0426   0.0000   0.2418   0.0044   0.1234   0.0802   0.6185   0.5100   0.0364   0.0000  -0.0041   0.1160    0.258
    26   0.0335  -0.0623   0.0000   0.2362   0.0050   0.1229   0.0824   0.6318   0.5210   0.0328   0.0000   0.0002   0.1144    0.250
    27   0.0456  -0.0849   0.0000   0.2297   0.0055   0.1220   0.0845   0.6454   0.5323   0.0295   0.0000   0.0038   0.1136    0.243
    28   0.0590  -0.1098   0.0000   0.2226   0.0057   0.1205   0.0866   0.6581   0.5427   0.0267   0.0000   0.0069   0.1131    0.237
    29   0.0733  -0.1363   0.0000   0.2151   0.0058   0.1181   0.0888   0.6683   0.5511   0.0242   0.0000   0.0095   0.1125    0.233
    30   0.0881  -0.1638   0.0000   0.2072   0.0058   0.1147   0.0914   0.6744   0.5562   0.0219   0.0000   0.0120   0.1114    0.228
    31   0.1031  -0.1918   0.0000   0.1992   0.0055   0.1103   0.0946   0.6745   0.5563   0.0197   0.0000   0.0147   0.1090    0.224
    32   0.1179  -0.2193   0.0000   0.1913   0.0052   0.1046   0.0986   0.6664   0.5495   0.0175   0.0000   0.0178   0.1047    0.218
    33   0.1322  -0.2458   0.0000   0.1838   0.0047   0.0975   0.1032   0.6473   0.5338   0.0151   0.0000   0.0215   0.0979    0.210
    34   0.1456  -0.2707   0.0000   0.1767   0.0042   0.0889   0.1082   0.6144   0.5066   0.0124   0.0000   0.0258   0.0881    0.199
    35   0.1577  -0.2933   0.0000   0.1702   0.0036   0.0787   0.1128   0.5648   0.4657   0.0095   0.0000   0.0304   0.0751    0.185
    36   0.1683  -0.3130   0.0000   0.1646   0.0030   0.0669   0.1162   0.4965   0.4094   0.0064   0.0000   0.0342   0.0594    0.166
    37   0.1771  -0.3294   0.0000   0.1599   0.0023   0.0535   0.1173   0.4092   0.3375   0.0032   0.0000   0.0356   0.0424    0.145
    38   0.1839  -0.3421   0.0000   0.1563   0.0017   0.0389   0.1155   0.3049   0.2515   0.0005   0.0000   0.0324   0.0263    0.121
    39   0.1886  -0.3507   0.0000   0.1538   0.0010   0.0236   0.1109   0.1879   0.1550  -0.0016   0.0000   0.0232   0.0133    0.100
    40   0.1909  -0.3551   0.0000   0.1526   0.0003   0.0079   0.1067   0.0638   0.0526  -0.0033   0.0000   0.0085   0.0039    0.089
 ---------------------------------------------------------------
