 ---------------------------------------------------------------
 Surface and Strip Forces by surface

  Sref = 0.18580       Cref = 0.20740       Bref = 0.91440    
  Xref = 0.10920       Yref =  0.0000       Zref =  0.0000    

  Surface # 1     Wing                                    
     # Chordwise = 10   # Spanwise = 20     First strip =  1
     Surface area Ssurf =    0.092903     Ave. chord Cave =    0.203200

 Forces referred to Sref, Cref, Bref about Xref, Yref, Zref
 Standard axis orientation,  X fwd, Z down         
     CLsurf  =   0.19550     Clsurf  =  -0.04259
     CYsurf  =   0.00204     Cmsurf  =  -0.02149
     CDsurf  =   0.00586     Cnsurf  =  -0.00354
     CDisurf =   0.00586     CDvsurf =   0.00000

 Forces referred to Ssurf, Cave 
     CLsurf  =   0.39099     CDsurf  =   0.01171

 Strip Forces referred to Strip Area, Chord
    j     Xle      Yle      Zle      Chord    Area     c_cl     ai     cl_norm    cl       cd       cdv    cm_c/4     cm_LE   C.P.x/c
     1   0.0003   0.0007   0.0000   0.2538   0.0007   0.0959   0.0460   0.4162   0.3678   0.1250   0.0000  -0.0109  -0.0971    0.280
     2   0.0026   0.0063   0.0000   0.2526   0.0021   0.0959   0.0452   0.4286   0.3788   0.0260   0.0000  -0.0098  -0.0966    0.276
     3   0.0073   0.0174   0.0000   0.2501   0.0034   0.0959   0.0457   0.4334   0.3830   0.0208   0.0000  -0.0069  -0.0948    0.268
     4   0.0141   0.0337   0.0000   0.2465   0.0046   0.0959   0.0467   0.4400   0.3889   0.0185   0.0000  -0.0034  -0.0927    0.259
     5   0.0230   0.0548   0.0000   0.2418   0.0056   0.0958   0.0481   0.4482   0.3962   0.0164   0.0000  -0.0000  -0.0913    0.250
     6   0.0336   0.0801   0.0000   0.2362   0.0064   0.0954   0.0494   0.4576   0.4044   0.0147   0.0000   0.0027  -0.0906    0.243
     7   0.0458   0.1092   0.0000   0.2297   0.0070   0.0947   0.0505   0.4671   0.4128   0.0132   0.0000   0.0048  -0.0906    0.238
     8   0.0592   0.1411   0.0000   0.2226   0.0074   0.0935   0.0516   0.4758   0.4206   0.0120   0.0000   0.0064  -0.0909    0.235
     9   0.0735   0.1752   0.0000   0.2151   0.0075   0.0916   0.0527   0.4829   0.4268   0.0109   0.0000   0.0077  -0.0911    0.232
    10   0.0884   0.2107   0.0000   0.2072   0.0074   0.0890   0.0541   0.4872   0.4306   0.0101   0.0000   0.0089  -0.0909    0.229
    11   0.1034   0.2465   0.0000   0.1992   0.0071   0.0856   0.0560   0.4875   0.4309   0.0093   0.0000   0.0102  -0.0897    0.226
    12   0.1183   0.2820   0.0000   0.1913   0.0067   0.0814   0.0586   0.4823   0.4263   0.0085   0.0000   0.0118  -0.0871    0.222
    13   0.1326   0.3161   0.0000   0.1838   0.0061   0.0761   0.0620   0.4697   0.4152   0.0077   0.0000   0.0139  -0.0826    0.216
    14   0.1460   0.3480   0.0000   0.1767   0.0054   0.0697   0.0661   0.4476   0.3956   0.0068   0.0000   0.0167  -0.0756    0.208
    15   0.1582   0.3771   0.0000   0.1702   0.0046   0.0620   0.0704   0.4134   0.3654   0.0057   0.0000   0.0200  -0.0656    0.195
    16   0.1688   0.4024   0.0000   0.1646   0.0038   0.0529   0.0740   0.3651   0.3227   0.0045   0.0000   0.0233  -0.0527    0.178
    17   0.1777   0.4235   0.0000   0.1599   0.0030   0.0425   0.0756   0.3019   0.2668   0.0030   0.0000   0.0254  -0.0379    0.155
    18   0.1845   0.4398   0.0000   0.1563   0.0021   0.0310   0.0740   0.2250   0.1989   0.0016   0.0000   0.0243  -0.0233    0.128
    19   0.1892   0.4509   0.0000   0.1538   0.0013   0.0187   0.0690   0.1382   0.1221   0.0002   0.0000   0.0182  -0.0113    0.101
    20   0.1915   0.4565   0.0000   0.1526   0.0004   0.0062   0.0635   0.0465   0.0411  -0.0012   0.0000   0.0068  -0.0032    0.085

  Surface # 2     Wing (YDUP)                             
     # Chordwise = 10   # Spanwise = 20     First strip = 21
     Surface area Ssurf =    0.092903     Ave. chord Cave =    0.203200

 Forces referred to Sref, Cref, Bref about Xref, Yref, Zref
 Standard axis orientation,  X fwd, Z down         
     CLsurf  =   0.19550     Clsurf  =   0.04259
     CYsurf  =  -0.00204     Cmsurf  =  -0.02149
     CDsurf  =   0.00586     Cnsurf  =   0.00354
     CDisurf =   0.00586     CDvsurf =   0.00000

 Forces referred to Ssurf, Cave 
     CLsurf  =   0.39099     CDsurf  =   0.01171

 Strip Forces referred to Strip Area, Chord
    j     Xle      Yle      Zle      Chord    Area     c_cl     ai     cl_norm    cl       cd       cdv    cm_c/4     cm_LE   C.P.x/c
    21   0.0003  -0.0007   0.0000   0.2538   0.0007   0.0959   0.0460   0.4162   0.3678   0.1250   0.0000  -0.0109   0.0971    0.280
    22   0.0026  -0.0063   0.0000   0.2526   0.0021   0.0959   0.0452   0.4286   0.3788   0.0260   0.0000  -0.0098   0.0966    0.276
    23   0.0073  -0.0174   0.0000   0.2501   0.0034   0.0959   0.0457   0.4334   0.3830   0.0208   0.0000  -0.0069   0.0948    0.268
    24   0.0141  -0.0337   0.0000   0.2465   0.0046   0.0959   0.0467   0.4400   0.3889   0.0185   0.0000  -0.0034   0.0927    0.259
    25   0.0230  -0.0548   0.0000   0.2418   0.0056   0.0958   0.0481   0.4482   0.3962   0.0164   0.0000  -0.0000   0.0913    0.250
    26   0.0336  -0.0801   0.0000   0.2362   0.0064   0.0954   0.0494   0.4576   0.4044   0.0147   0.0000   0.0027   0.0906    0.243
    27   0.0458  -0.1092   0.0000   0.2297   0.0070   0.0947   0.0505   0.4671   0.4128   0.0132   0.0000   0.0048   0.0906    0.238
    28   0.0592  -0.1411   0.0000   0.2226   0.0074   0.0935   0.0516   0.4758   0.4206   0.0120   0.0000   0.0064   0.0909    0.235
    29   0.0735  -0.1752   0.0000   0.2151   0.0075   0.0916   0.0527   0.4829   0.4268   0.0109   0.0000   0.0077   0.0911    0.232
    30   0.0884  -0.2107   0.0000   0.2072   0.0074   0.0890   0.0541   0.4872   0.4306   0.0101   0.0000   0.0089   0.0909    0.229
    31   0.1034  -0.2465   0.0000   0.1992   0.0071   0.0856   0.0560   0.4875   0.4309   0.0093   0.0000   0.0102   0.0897    0.226
    32   0.1183  -0.2820   0.0000   0.1913   0.0067   0.0814   0.0586   0.4823   0.4263   0.0085   0.0000   0.0118   0.0871    0.222
    33   0.1326  -0.3161   0.0000   0.1838   0.0061   0.0761   0.0620   0.4697   0.4152   0.0077   0.0000   0.0139   0.0826    0.216
    34   0.1460  -0.3480   0.0000   0.1767   0.0054   0.0697   0.0661   0.4476   0.3956   0.0068   0.0000   0.0167   0.0756    0.208
    35   0.1582  -0.3771   0.0000   0.1702   0.0046   0.0620   0.0704   0.4134   0.3654   0.0057   0.0000   0.0200   0.0656    0.195
    36   0.1688  -0.4024   0.0000   0.1646   0.0038   0.0529   0.0740   0.3651   0.3227   0.0045   0.0000   0.0233   0.0527    0.178
    37   0.1777  -0.4235   0.0000   0.1599   0.0030   0.0425   0.0756   0.3019   0.2668   0.0030   0.0000   0.0254   0.0379    0.155
    38   0.1845  -0.4398   0.0000   0.1563   0.0021   0.0310   0.0740   0.2250   0.1989   0.0016   0.0000   0.0243   0.0233    0.128
    39   0.1892  -0.4509   0.0000   0.1538   0.0013   0.0187   0.0690   0.1382   0.1221   0.0002   0.0000   0.0182   0.0113    0.101
    40   0.1915  -0.4565   0.0000   0.1526   0.0004   0.0062   0.0635   0.0465   0.0411  -0.0012   0.0000   0.0068   0.0032    0.085
 ---------------------------------------------------------------
