 ---------------------------------------------------------------
 Surface and Strip Forces by surface

  Sref = 0.14860       Cref = 0.21000       Bref = 0.81280    
  Xref = 0.10920       Yref =  0.0000       Zref =  0.0000    

  Surface # 1     Wing                                    
     # Chordwise = 10   # Spanwise = 20     First strip =  1
     Surface area Ssurf =    0.074331     Ave. chord Cave =    0.182900

 Forces referred to Sref, Cref, Bref about Xref, Yref, Zref
 Standard axis orientation,  X fwd, Z down         
     CLsurf  =   0.24444     Clsurf  =  -0.05107
     CYsurf  =  -0.00324     Cmsurf  =  -0.03090
     CDsurf  =   0.00940     Cnsurf  =  -0.00412
     CDisurf =   0.00940     CDvsurf =   0.00000

 Forces referred to Ssurf, Cave 
     CLsurf  =   0.48869     CDsurf  =   0.01879

 Strip Forces referred to Strip Area, Chord
    j     Xle      Yle      Zle      Chord    Area     c_cl     ai     cl_norm    cl       cd       cdv    cm_c/4     cm_LE   C.P.x/c
     1   0.0003   0.0006   0.0000   0.3044   0.0008   0.1166   0.0763   0.4125   0.3647   0.1772   0.0000  -0.0064  -0.0909    0.268
     2   0.0029   0.0056   0.0000   0.3014   0.0022   0.1166   0.0767   0.4355   0.3850   0.0371   0.0000  -0.0058  -0.0912    0.265
     3   0.0080   0.0155   0.0000   0.2955   0.0036   0.1165   0.0769   0.4450   0.3934   0.0295   0.0000  -0.0039  -0.0911    0.260
     4   0.0154   0.0299   0.0000   0.2868   0.0048   0.1162   0.0768   0.4578   0.4047   0.0271   0.0000  -0.0012  -0.0912    0.253
     5   0.0250   0.0487   0.0000   0.2756   0.0057   0.1155   0.0764   0.4741   0.4192   0.0249   0.0000   0.0015  -0.0919    0.246
     6   0.0366   0.0712   0.0000   0.2621   0.0064   0.1143   0.0758   0.4937   0.4365   0.0229   0.0000   0.0040  -0.0934    0.241
     7   0.0499   0.0970   0.0000   0.2466   0.0067   0.1123   0.0747   0.5159   0.4561   0.0209   0.0000   0.0060  -0.0960    0.237
     8   0.0645   0.1254   0.0000   0.2295   0.0068   0.1094   0.0732   0.5402   0.4776   0.0191   0.0000   0.0075  -0.0993    0.234
     9   0.0801   0.1558   0.0000   0.2114   0.0066   0.1055   0.0713   0.5660   0.5004   0.0172   0.0000   0.0086  -0.1033    0.233
    10   0.0963   0.1873   0.0000   0.1925   0.0061   0.1005   0.0691   0.5926   0.5239   0.0153   0.0000   0.0094  -0.1078    0.232
    11   0.1126   0.2191   0.0000   0.1733   0.0055   0.0945   0.0666   0.6189   0.5472   0.0133   0.0000   0.0101  -0.1122    0.232
    12   0.1288   0.2506   0.0000   0.1544   0.0048   0.0875   0.0643   0.6437   0.5691   0.0111   0.0000   0.0108  -0.1163    0.231
    13   0.1444   0.2810   0.0000   0.1363   0.0040   0.0797   0.0625   0.6650   0.5879   0.0087   0.0000   0.0119  -0.1195    0.230
    14   0.1590   0.3094   0.0000   0.1192   0.0032   0.0712   0.0616   0.6793   0.6006   0.0061   0.0000   0.0136  -0.1207    0.227
    15   0.1723   0.3352   0.0000   0.1037   0.0025   0.0621   0.0625   0.6811   0.6022   0.0033   0.0000   0.0164  -0.1185    0.223
    16   0.1839   0.3577   0.0000   0.0902   0.0019   0.0524   0.0656   0.6611   0.5845   0.0005   0.0000   0.0209  -0.1105    0.214
    17   0.1935   0.3765   0.0000   0.0790   0.0013   0.0420   0.0707   0.6057   0.5355  -0.0023   0.0000   0.0271  -0.0941    0.199
    18   0.2009   0.3909   0.0000   0.0703   0.0009   0.0308   0.0756   0.4989   0.4411  -0.0045   0.0000   0.0329  -0.0680    0.175
    19   0.2060   0.4008   0.0000   0.0644   0.0005   0.0187   0.0764   0.3321   0.2936  -0.0051   0.0000   0.0313  -0.0369    0.144
    20   0.2086   0.4058   0.0000   0.0614   0.0002   0.0063   0.0708   0.1166   0.1031  -0.0040   0.0000   0.0138  -0.0104    0.116

  Surface # 2     Wing (YDUP)                             
     # Chordwise = 10   # Spanwise = 20     First strip = 21
     Surface area Ssurf =    0.074331     Ave. chord Cave =    0.182900

 Forces referred to Sref, Cref, Bref about Xref, Yref, Zref
 Standard axis orientation,  X fwd, Z down         
     CLsurf  =   0.24444     Clsurf  =   0.05107
     CYsurf  =   0.00324     Cmsurf  =  -0.03090
     CDsurf  =   0.00940     Cnsurf  =   0.00412
     CDisurf =   0.00940     CDvsurf =   0.00000

 Forces referred to Ssurf, Cave 
     CLsurf  =   0.48869     CDsurf  =   0.01879

 Strip Forces referred to Strip Area, Chord
    j     Xle      Yle      Zle      Chord    Area     c_cl     ai     cl_norm    cl       cd       cdv    cm_c/4     cm_LE   C.P.x/c
    21   0.0003  -0.0006   0.0000   0.3044   0.0008   0.1166   0.0763   0.4125   0.3647   0.1772   0.0000  -0.0064   0.0909    0.268
    22   0.0029  -0.0056   0.0000   0.3014   0.0022   0.1166   0.0767   0.4355   0.3850   0.0371   0.0000  -0.0058   0.0912    0.265
    23   0.0080  -0.0155   0.0000   0.2955   0.0036   0.1165   0.0769   0.4450   0.3934   0.0295   0.0000  -0.0039   0.0911    0.260
    24   0.0154  -0.0299   0.0000   0.2868   0.0048   0.1162   0.0768   0.4578   0.4047   0.0271   0.0000  -0.0012   0.0912    0.253
    25   0.0250  -0.0487   0.0000   0.2756   0.0057   0.1155   0.0764   0.4741   0.4192   0.0249   0.0000   0.0015   0.0919    0.246
    26   0.0366  -0.0712   0.0000   0.2621   0.0064   0.1143   0.0758   0.4937   0.4365   0.0229   0.0000   0.0040   0.0934    0.241
    27   0.0499  -0.0970   0.0000   0.2466   0.0067   0.1123   0.0747   0.5159   0.4561   0.0209   0.0000   0.0060   0.0960    0.237
    28   0.0645  -0.1254   0.0000   0.2295   0.0068   0.1094   0.0732   0.5402   0.4776   0.0191   0.0000   0.0075   0.0993    0.234
    29   0.0801  -0.1558   0.0000   0.2114   0.0066   0.1055   0.0713   0.5660   0.5004   0.0172   0.0000   0.0086   0.1033    0.233
    30   0.0963  -0.1873   0.0000   0.1925   0.0061   0.1005   0.0691   0.5926   0.5239   0.0153   0.0000   0.0094   0.1078    0.232
    31   0.1126  -0.2191   0.0000   0.1733   0.0055   0.0945   0.0666   0.6189   0.5472   0.0133   0.0000   0.0101   0.1122    0.232
    32   0.1288  -0.2506   0.0000   0.1544   0.0048   0.0875   0.0643   0.6437   0.5691   0.0111   0.0000   0.0108   0.1163    0.231
    33   0.1444  -0.2810   0.0000   0.1363   0.0040   0.0797   0.0625   0.6650   0.5879   0.0087   0.0000   0.0119   0.1195    0.230
    34   0.1590  -0.3094   0.0000   0.1192   0.0032   0.0712   0.0616   0.6793   0.6006   0.0061   0.0000   0.0136   0.1207    0.227
    35   0.1723  -0.3352   0.0000   0.1037   0.0025   0.0621   0.0625   0.6811   0.6022   0.0033   0.0000   0.0164   0.1185    0.223
    36   0.1839  -0.3577   0.0000   0.0902   0.0019   0.0524   0.0656   0.6611   0.5845   0.0005   0.0000   0.0209   0.1105    0.214
    37   0.1935  -0.3765   0.0000   0.0790   0.0013   0.0420   0.0707   0.6057   0.5355  -0.0023   0.0000   0.0271   0.0941    0.199
    38   0.2009  -0.3909   0.0000   0.0703   0.0009   0.0308   0.0756   0.4989   0.4411  -0.0045   0.0000   0.0329   0.0680    0.175
    39   0.2060  -0.4008   0.0000   0.0644   0.0005   0.0187   0.0764   0.3321   0.2936  -0.0051   0.0000   0.0313   0.0369    0.144
    40   0.2086  -0.4058   0.0000   0.0614   0.0002   0.0063   0.0708   0.1166   0.1031  -0.0040   0.0000   0.0138   0.0104    0.116
 ---------------------------------------------------------------
