 ---------------------------------------------------------------
 Surface and Strip Forces by surface

  Sref = 0.14860       Cref = 0.16590       Bref = 0.91440    
  Xref = 0.10920       Yref =  0.0000       Zref =  0.0000    

  Surface # 1     Wing                                    
     # Chordwise = 10   # Spanwise = 20     First strip =  1
     Surface area Ssurf =    0.074318     Ave. chord Cave =    0.162550

 Forces referred to Sref, Cref, Bref about Xref, Yref, Zref
 Standard axis orientation,  X fwd, Z down         
     CLsurf  =   0.24444     Clsurf  =  -0.05363
     CYsurf  =   0.00422     Cmsurf  =  -0.01834
     CDsurf  =   0.00731     Cnsurf  =  -0.00538
     CDisurf =   0.00731     CDvsurf =   0.00000

 Forces referred to Ssurf, Cave 
     CLsurf  =   0.48877     CDsurf  =   0.01462

 Strip Forces referred to Strip Area, Chord
    j     Xle      Yle      Zle      Chord    Area     c_cl     ai     cl_norm    cl       cd       cdv    cm_c/4     cm_LE   C.P.x/c
     1   0.0003   0.0007   0.0000   0.2031   0.0006   0.0943   0.0412   0.5105   0.4514   0.1438   0.0000  -0.0157  -0.1220    0.285
     2   0.0026   0.0063   0.0000   0.2021   0.0017   0.0943   0.0412   0.5267   0.4657   0.0336   0.0000  -0.0139  -0.1209    0.280
     3   0.0071   0.0174   0.0000   0.2001   0.0027   0.0944   0.0426   0.5330   0.4713   0.0275   0.0000  -0.0096  -0.1181    0.270
     4   0.0138   0.0337   0.0000   0.1972   0.0037   0.0945   0.0447   0.5419   0.4792   0.0238   0.0000  -0.0049  -0.1154    0.260
     5   0.0224   0.0548   0.0000   0.1935   0.0045   0.0945   0.0468   0.5532   0.4892   0.0207   0.0000  -0.0008  -0.1138    0.252
     6   0.0327   0.0801   0.0000   0.1890   0.0052   0.0943   0.0485   0.5656   0.5002   0.0181   0.0000   0.0023  -0.1134    0.245
     7   0.0446   0.1092   0.0000   0.1838   0.0056   0.0938   0.0498   0.5783   0.5114   0.0161   0.0000   0.0044  -0.1140    0.241
     8   0.0576   0.1411   0.0000   0.1781   0.0059   0.0927   0.0508   0.5900   0.5217   0.0145   0.0000   0.0058  -0.1150    0.239
     9   0.0716   0.1752   0.0000   0.1720   0.0060   0.0909   0.0519   0.5996   0.5302   0.0132   0.0000   0.0069  -0.1159    0.237
    10   0.0860   0.2107   0.0000   0.1657   0.0059   0.0885   0.0532   0.6060   0.5359   0.0122   0.0000   0.0079  -0.1163    0.235
    11   0.1007   0.2465   0.0000   0.1594   0.0057   0.0854   0.0552   0.6080   0.5377   0.0113   0.0000   0.0090  -0.1157    0.233
    12   0.1151   0.2820   0.0000   0.1531   0.0053   0.0814   0.0582   0.6039   0.5340   0.0105   0.0000   0.0104  -0.1135    0.230
    13   0.1291   0.3161   0.0000   0.1470   0.0049   0.0766   0.0625   0.5914   0.5229   0.0097   0.0000   0.0125  -0.1090    0.226
    14   0.1421   0.3480   0.0000   0.1413   0.0043   0.0706   0.0681   0.5676   0.5019   0.0088   0.0000   0.0154  -0.1014    0.219
    15   0.1540   0.3771   0.0000   0.1361   0.0037   0.0634   0.0747   0.5290   0.4678   0.0078   0.0000   0.0194  -0.0899    0.209
    16   0.1643   0.4024   0.0000   0.1316   0.0031   0.0547   0.0810   0.4718   0.4172   0.0064   0.0000   0.0240  -0.0740    0.193
    17   0.1729   0.4235   0.0000   0.1279   0.0024   0.0444   0.0855   0.3939   0.3483   0.0046   0.0000   0.0278  -0.0545    0.170
    18   0.1796   0.4398   0.0000   0.1250   0.0017   0.0326   0.0860   0.2959   0.2617   0.0027   0.0000   0.0282  -0.0342    0.142
    19   0.1841   0.4509   0.0000   0.1230   0.0010   0.0198   0.0818   0.1827   0.1616   0.0008   0.0000   0.0221  -0.0167    0.113
    20   0.1864   0.4565   0.0000   0.1220   0.0003   0.0066   0.0756   0.0617   0.0545  -0.0011   0.0000   0.0085  -0.0046    0.094

  Surface # 2     Wing (YDUP)                             
     # Chordwise = 10   # Spanwise = 20     First strip = 21
     Surface area Ssurf =    0.074318     Ave. chord Cave =    0.162550

 Forces referred to Sref, Cref, Bref about Xref, Yref, Zref
 Standard axis orientation,  X fwd, Z down         
     CLsurf  =   0.24444     Clsurf  =   0.05363
     CYsurf  =  -0.00422     Cmsurf  =  -0.01834
     CDsurf  =   0.00731     Cnsurf  =   0.00538
     CDisurf =   0.00731     CDvsurf =   0.00000

 Forces referred to Ssurf, Cave 
     CLsurf  =   0.48877     CDsurf  =   0.01462

 Strip Forces referred to Strip Area, Chord
    j     Xle      Yle      Zle      Chord    Area     c_cl     ai     cl_norm    cl       cd       cdv    cm_c/4     cm_LE   C.P.x/c
    21   0.0003  -0.0007   0.0000   0.2031   0.0006   0.0943   0.0412   0.5105   0.4514   0.1438   0.0000  -0.0157   0.1220    0.285
    22   0.0026  -0.0063   0.0000   0.2021   0.0017   0.0943   0.0412   0.5267   0.4657   0.0336   0.0000  -0.0139   0.1209    0.280
    23   0.0071  -0.0174   0.0000   0.2001   0.0027   0.0944   0.0426   0.5330   0.4713   0.0275   0.0000  -0.0096   0.1181    0.270
    24   0.0138  -0.0337   0.0000   0.1972   0.0037   0.0945   0.0447   0.5419   0.4792   0.0238   0.0000  -0.0049   0.1154    0.260
    25   0.0224  -0.0548   0.0000   0.1935   0.0045   0.0945   0.0468   0.5532   0.4892   0.0207   0.0000  -0.0008   0.1138    0.252
    26   0.0327  -0.0801   0.0000   0.1890   0.0052   0.0943   0.0485   0.5656   0.5002   0.0181   0.0000   0.0023   0.1134    0.245
    27   0.0446  -0.1092   0.0000   0.1838   0.0056   0.0938   0.0498   0.5783   0.5114   0.0161   0.0000   0.0044   0.1140    0.241
    28   0.0576  -0.1411   0.0000   0.1781   0.0059   0.0927   0.0508   0.5900   0.5217   0.0145   0.0000   0.0058   0.1150    0.239
    29   0.0716  -0.1752   0.0000   0.1720   0.0060   0.0909   0.0519   0.5996   0.5302   0.0132   0.0000   0.0069   0.1159    0.237
    30   0.0860  -0.2107   0.0000   0.1657   0.0059   0.0885   0.0532   0.6060   0.5359   0.0122   0.0000   0.0079   0.1163    0.235
    31   0.1007  -0.2465   0.0000   0.1594   0.0057   0.0854   0.0552   0.6080   0.5377   0.0113   0.0000   0.0090   0.1157    0.233
    32   0.1151  -0.2820   0.0000   0.1531   0.0053   0.0814   0.0582   0.6039   0.5340   0.0105   0.0000   0.0104   0.1135    0.230
    33   0.1291  -0.3161   0.0000   0.1470   0.0049   0.0766   0.0625   0.5914   0.5229   0.0097   0.0000   0.0125   0.1090    0.226
    34   0.1421  -0.3480   0.0000   0.1413   0.0043   0.0706   0.0681   0.5676   0.5019   0.0088   0.0000   0.0154   0.1014    0.219
    35   0.1540  -0.3771   0.0000   0.1361   0.0037   0.0634   0.0747   0.5290   0.4678   0.0078   0.0000   0.0194   0.0899    0.209
    36   0.1643  -0.4024   0.0000   0.1316   0.0031   0.0547   0.0810   0.4718   0.4172   0.0064   0.0000   0.0240   0.0740    0.193
    37   0.1729  -0.4235   0.0000   0.1279   0.0024   0.0444   0.0855   0.3939   0.3483   0.0046   0.0000   0.0278   0.0545    0.170
    38   0.1796  -0.4398   0.0000   0.1250   0.0017   0.0326   0.0860   0.2959   0.2617   0.0027   0.0000   0.0282   0.0342    0.142
    39   0.1841  -0.4509   0.0000   0.1230   0.0010   0.0198   0.0818   0.1827   0.1616   0.0008   0.0000   0.0221   0.0167    0.113
    40   0.1864  -0.4565   0.0000   0.1220   0.0003   0.0066   0.0756   0.0617   0.0545  -0.0011   0.0000   0.0085   0.0046    0.094
 ---------------------------------------------------------------
