 ---------------------------------------------------------------
 Surface and Strip Forces by surface

  Sref = 0.10120       Cref = 0.15090       Bref = 0.71120    
  Xref = 0.10920       Yref =  0.0000       Zref =  0.0000    

  Surface # 1     Wing                                    
     # Chordwise = 10   # Spanwise = 20     First strip =  1
     Surface area Ssurf =    0.050584     Ave. chord Cave =    0.142250

 Forces referred to Sref, Cref, Bref about Xref, Yref, Zref
 Standard axis orientation,  X fwd, Z down         
     CLsurf  =   0.35894     Clsurf  =  -0.07720
     CYsurf  =   0.00808     Cmsurf  =  -0.02971
     CDsurf  =   0.01797     Cnsurf  =  -0.01295
     CDisurf =   0.01797     CDvsurf =   0.00000

 Forces referred to Ssurf, Cave 
     CLsurf  =   0.71810     CDsurf  =   0.03595

 Strip Forces referred to Strip Area, Chord
    j     Xle      Yle      Zle      Chord    Area     c_cl     ai     cl_norm    cl       cd       cdv    cm_c/4     cm_LE   C.P.x/c
     1   0.0003   0.0005   0.0000   0.2030   0.0004   0.1248   0.0783   0.6750   0.5578   0.3781   0.0000  -0.0264  -0.1577    0.297
     2   0.0027   0.0049   0.0000   0.2015   0.0013   0.1248   0.0792   0.7434   0.6143   0.0829   0.0000  -0.0245  -0.1570    0.290
     3   0.0075   0.0135   0.0000   0.1986   0.0021   0.1249   0.0811   0.7583   0.6267   0.0670   0.0000  -0.0192  -0.1544    0.281
     4   0.0145   0.0262   0.0000   0.1942   0.0028   0.1249   0.0835   0.7771   0.6422   0.0594   0.0000  -0.0126  -0.1517    0.270
     5   0.0235   0.0426   0.0000   0.1886   0.0034   0.1246   0.0857   0.8008   0.6618   0.0524   0.0000  -0.0064  -0.1503    0.260
     6   0.0344   0.0623   0.0000   0.1818   0.0039   0.1240   0.0873   0.8280   0.6843   0.0463   0.0000  -0.0014  -0.1505    0.252
     7   0.0469   0.0849   0.0000   0.1741   0.0041   0.1227   0.0883   0.8574   0.7086   0.0411   0.0000   0.0023  -0.1523    0.247
     8   0.0606   0.1098   0.0000   0.1656   0.0043   0.1206   0.0886   0.8874   0.7334   0.0365   0.0000   0.0050  -0.1551    0.243
     9   0.0752   0.1363   0.0000   0.1565   0.0042   0.1176   0.0886   0.9165   0.7574   0.0324   0.0000   0.0070  -0.1584    0.241
    10   0.0904   0.1638   0.0000   0.1470   0.0041   0.1136   0.0888   0.9429   0.7793   0.0286   0.0000   0.0086  -0.1616    0.239
    11   0.1059   0.1918   0.0000   0.1375   0.0038   0.1085   0.0895   0.9646   0.7972   0.0251   0.0000   0.0102  -0.1638    0.237
    12   0.1211   0.2193   0.0000   0.1280   0.0035   0.1025   0.0914   0.9787   0.8089   0.0216   0.0000   0.0122  -0.1645    0.235
    13   0.1357   0.2458   0.0000   0.1189   0.0031   0.0954   0.0952   0.9815   0.8111   0.0181   0.0000   0.0151  -0.1623    0.231
    14   0.1494   0.2707   0.0000   0.1104   0.0026   0.0872   0.1014   0.9672   0.7993   0.0145   0.0000   0.0194  -0.1559    0.226
    15   0.1619   0.2933   0.0000   0.1027   0.0022   0.0777   0.1100   0.9281   0.7670   0.0106   0.0000   0.0256  -0.1434    0.217
    16   0.1728   0.3130   0.0000   0.0959   0.0017   0.0668   0.1199   0.8544   0.7061   0.0062   0.0000   0.0336  -0.1230    0.202
    17   0.1818   0.3294   0.0000   0.0903   0.0013   0.0542   0.1289   0.7368   0.6090   0.0014   0.0000   0.0417  -0.0948    0.181
    18   0.1888   0.3421   0.0000   0.0859   0.0009   0.0399   0.1338   0.5709   0.4718  -0.0031   0.0000   0.0452  -0.0620    0.154
    19   0.1936   0.3507   0.0000   0.0830   0.0005   0.0243   0.1325   0.3616   0.2989  -0.0056   0.0000   0.0373  -0.0315    0.125
    20   0.1960   0.3551   0.0000   0.0815   0.0002   0.0082   0.1272   0.1244   0.1028  -0.0063   0.0000   0.0148  -0.0090    0.106

  Surface # 2     Wing (YDUP)                             
     # Chordwise = 10   # Spanwise = 20     First strip = 21
     Surface area Ssurf =    0.050584     Ave. chord Cave =    0.142250

 Forces referred to Sref, Cref, Bref about Xref, Yref, Zref
 Standard axis orientation,  X fwd, Z down         
     CLsurf  =   0.35894     Clsurf  =   0.07720
     CYsurf  =  -0.00808     Cmsurf  =  -0.02971
     CDsurf  =   0.01797     Cnsurf  =   0.01295
     CDisurf =   0.01797     CDvsurf =   0.00000

 Forces referred to Ssurf, Cave 
     CLsurf  =   0.71810     CDsurf  =   0.03595

 Strip Forces referred to Strip Area, Chord
    j     Xle      Yle      Zle      Chord    Area     c_cl     ai     cl_norm    cl       cd       cdv    cm_c/4     cm_LE   C.P.x/c
    21   0.0003  -0.0005   0.0000   0.2030   0.0004   0.1248   0.0783   0.6750   0.5578   0.3781   0.0000  -0.0264   0.1577    0.297
    22   0.0027  -0.0049   0.0000   0.2015   0.0013   0.1248   0.0792   0.7434   0.6143   0.0829   0.0000  -0.0245   0.1570    0.290
    23   0.0075  -0.0135   0.0000   0.1986   0.0021   0.1249   0.0811   0.7583   0.6267   0.0670   0.0000  -0.0192   0.1544    0.281
    24   0.0145  -0.0262   0.0000   0.1942   0.0028   0.1249   0.0835   0.7771   0.6422   0.0594   0.0000  -0.0126   0.1517    0.270
    25   0.0235  -0.0426   0.0000   0.1886   0.0034   0.1246   0.0857   0.8008   0.6618   0.0524   0.0000  -0.0064   0.1503    0.260
    26   0.0344  -0.0623   0.0000   0.1818   0.0039   0.1240   0.0873   0.8280   0.6843   0.0463   0.0000  -0.0014   0.1505    0.252
    27   0.0469  -0.0849   0.0000   0.1741   0.0041   0.1227   0.0883   0.8574   0.7086   0.0411   0.0000   0.0023   0.1523    0.247
    28   0.0606  -0.1098   0.0000   0.1656   0.0043   0.1206   0.0886   0.8874   0.7334   0.0365   0.0000   0.0050   0.1551    0.243
    29   0.0752  -0.1363   0.0000   0.1565   0.0042   0.1176   0.0886   0.9165   0.7574   0.0324   0.0000   0.0070   0.1584    0.241
    30   0.0904  -0.1638   0.0000   0.1470   0.0041   0.1136   0.0888   0.9429   0.7793   0.0286   0.0000   0.0086   0.1616    0.239
    31   0.1059  -0.1918   0.0000   0.1375   0.0038   0.1085   0.0895   0.9646   0.7972   0.0251   0.0000   0.0102   0.1638    0.237
    32   0.1211  -0.2193   0.0000   0.1280   0.0035   0.1025   0.0914   0.9787   0.8089   0.0216   0.0000   0.0122   0.1645    0.235
    33   0.1357  -0.2458   0.0000   0.1189   0.0031   0.0954   0.0952   0.9815   0.8111   0.0181   0.0000   0.0151   0.1623    0.231
    34   0.1494  -0.2707   0.0000   0.1104   0.0026   0.0872   0.1014   0.9672   0.7993   0.0145   0.0000   0.0194   0.1559    0.226
    35   0.1619  -0.2933   0.0000   0.1027   0.0022   0.0777   0.1100   0.9281   0.7670   0.0106   0.0000   0.0256   0.1434    0.217
    36   0.1728  -0.3130   0.0000   0.0959   0.0017   0.0668   0.1199   0.8544   0.7061   0.0062   0.0000   0.0336   0.1230    0.202
    37   0.1818  -0.3294   0.0000   0.0903   0.0013   0.0542   0.1289   0.7368   0.6090   0.0014   0.0000   0.0417   0.0948    0.181
    38   0.1888  -0.3421   0.0000   0.0859   0.0009   0.0399   0.1338   0.5709   0.4718  -0.0031   0.0000   0.0452   0.0620    0.154
    39   0.1936  -0.3507   0.0000   0.0830   0.0005   0.0243   0.1325   0.3616   0.2989  -0.0056   0.0000   0.0373   0.0315    0.125
    40   0.1960  -0.3551   0.0000   0.0815   0.0002   0.0082   0.1272   0.1244   0.1028  -0.0063   0.0000   0.0148   0.0090    0.106
 ---------------------------------------------------------------
