 ---------------------------------------------------------------
 Surface and Strip Forces by surface

  Sref = 0.22990       Cref = 0.25250       Bref = 0.91440    
  Xref = 0.10920       Yref =  0.0000       Zref =  0.0000    

  Surface # 1     Wing                                    
     # Chordwise = 10   # Spanwise = 20     First strip =  1
     Surface area Ssurf =    0.114963     Ave. chord Cave =    0.251450

 Forces referred to Sref, Cref, Bref about Xref, Yref, Zref
 Standard axis orientation,  X fwd, Z down         
     CLsurf  =   0.15800     Clsurf  =  -0.03451
     CYsurf  =   0.00200     Cmsurf  =  -0.01615
     CDsurf  =   0.00474     Cnsurf  =  -0.00273
     CDisurf =   0.00474     CDvsurf =   0.00000

 Forces referred to Ssurf, Cave 
     CLsurf  =   0.31597     CDsurf  =   0.00947

 Strip Forces referred to Strip Area, Chord
    j     Xle      Yle      Zle      Chord    Area     c_cl     ai     cl_norm    cl       cd       cdv    cm_c/4     cm_LE   C.P.x/c
     1   0.0003   0.0007   0.0000   0.2793   0.0008   0.0950   0.0444   0.3757   0.3320   0.1147   0.0000  -0.0094  -0.0879    0.278
     2   0.0025   0.0063   0.0000   0.2786   0.0023   0.0950   0.0431   0.3851   0.3403   0.0218   0.0000  -0.0086  -0.0873    0.275
     3   0.0069   0.0174   0.0000   0.2773   0.0038   0.0950   0.0432   0.3875   0.3424   0.0170   0.0000  -0.0061  -0.0853    0.268
     4   0.0133   0.0337   0.0000   0.2753   0.0052   0.0950   0.0443   0.3905   0.3451   0.0152   0.0000  -0.0028  -0.0829    0.258
     5   0.0216   0.0548   0.0000   0.2727   0.0064   0.0950   0.0459   0.3943   0.3484   0.0136   0.0000   0.0003  -0.0807    0.249
     6   0.0316   0.0801   0.0000   0.2696   0.0074   0.0948   0.0477   0.3983   0.3519   0.0122   0.0000   0.0030  -0.0790    0.242
     7   0.0431   0.1092   0.0000   0.2661   0.0081   0.0944   0.0495   0.4017   0.3550   0.0110   0.0000   0.0052  -0.0777    0.235
     8   0.0557   0.1411   0.0000   0.2621   0.0087   0.0934   0.0514   0.4038   0.3568   0.0101   0.0000   0.0070  -0.0764    0.230
     9   0.0691   0.1752   0.0000   0.2580   0.0090   0.0919   0.0535   0.4037   0.3568   0.0093   0.0000   0.0085  -0.0749    0.226
    10   0.0831   0.2107   0.0000   0.2536   0.0091   0.0897   0.0559   0.4005   0.3539   0.0086   0.0000   0.0101  -0.0728    0.222
    11   0.0973   0.2465   0.0000   0.2493   0.0089   0.0865   0.0586   0.3933   0.3475   0.0080   0.0000   0.0117  -0.0698    0.216
    12   0.1113   0.2820   0.0000   0.2449   0.0085   0.0823   0.0616   0.3809   0.3366   0.0073   0.0000   0.0136  -0.0655    0.210
    13   0.1247   0.3161   0.0000   0.2408   0.0080   0.0769   0.0648   0.3621   0.3200   0.0066   0.0000   0.0158  -0.0596    0.200
    14   0.1373   0.3480   0.0000   0.2368   0.0072   0.0702   0.0679   0.3360   0.2969   0.0057   0.0000   0.0183  -0.0519    0.188
    15   0.1488   0.3771   0.0000   0.2333   0.0064   0.0621   0.0703   0.3017   0.2666   0.0047   0.0000   0.0207  -0.0427    0.172
    16   0.1588   0.4024   0.0000   0.2302   0.0054   0.0526   0.0712   0.2590   0.2289   0.0036   0.0000   0.0223  -0.0323    0.152
    17   0.1671   0.4235   0.0000   0.2276   0.0043   0.0419   0.0700   0.2086   0.1844   0.0024   0.0000   0.0224  -0.0220    0.129
    18   0.1735   0.4398   0.0000   0.2256   0.0031   0.0303   0.0665   0.1522   0.1345   0.0012   0.0000   0.0198  -0.0128    0.103
    19   0.1779   0.4509   0.0000   0.2243   0.0019   0.0182   0.0610   0.0922   0.0815  -0.0001   0.0000   0.0138  -0.0060    0.081
    20   0.1801   0.4565   0.0000   0.2236   0.0006   0.0061   0.0568   0.0309   0.0273  -0.0010   0.0000   0.0050  -0.0017    0.068

  Surface # 2     Wing (YDUP)                             
     # Chordwise = 10   # Spanwise = 20     First strip = 21
     Surface area Ssurf =    0.114963     Ave. chord Cave =    0.251450

 Forces referred to Sref, Cref, Bref about Xref, Yref, Zref
 Standard axis orientation,  X fwd, Z down         
     CLsurf  =   0.15800     Clsurf  =   0.03451
     CYsurf  =  -0.00200     Cmsurf  =  -0.01615
     CDsurf  =   0.00474     Cnsurf  =   0.00273
     CDisurf =   0.00474     CDvsurf =   0.00000

 Forces referred to Ssurf, Cave 
     CLsurf  =   0.31597     CDsurf  =   0.00947

 Strip Forces referred to Strip Area, Chord
    j     Xle      Yle      Zle      Chord    Area     c_cl     ai     cl_norm    cl       cd       cdv    cm_c/4     cm_LE   C.P.x/c
    21   0.0003  -0.0007   0.0000   0.2793   0.0008   0.0950   0.0444   0.3757   0.3320   0.1147   0.0000  -0.0094   0.0879    0.278
    22   0.0025  -0.0063   0.0000   0.2786   0.0023   0.0950   0.0431   0.3851   0.3403   0.0218   0.0000  -0.0086   0.0873    0.275
    23   0.0069  -0.0174   0.0000   0.2773   0.0038   0.0950   0.0432   0.3875   0.3424   0.0170   0.0000  -0.0061   0.0853    0.268
    24   0.0133  -0.0337   0.0000   0.2753   0.0052   0.0950   0.0443   0.3905   0.3451   0.0152   0.0000  -0.0028   0.0829    0.258
    25   0.0216  -0.0548   0.0000   0.2727   0.0064   0.0950   0.0459   0.3943   0.3484   0.0136   0.0000   0.0003   0.0807    0.249
    26   0.0316  -0.0801   0.0000   0.2696   0.0074   0.0948   0.0477   0.3983   0.3519   0.0122   0.0000   0.0030   0.0790    0.242
    27   0.0431  -0.1092   0.0000   0.2661   0.0081   0.0944   0.0495   0.4017   0.3550   0.0110   0.0000   0.0052   0.0777    0.235
    28   0.0557  -0.1411   0.0000   0.2621   0.0087   0.0934   0.0514   0.4038   0.3568   0.0101   0.0000   0.0070   0.0764    0.230
    29   0.0691  -0.1752   0.0000   0.2580   0.0090   0.0919   0.0535   0.4037   0.3568   0.0093   0.0000   0.0085   0.0749    0.226
    30   0.0831  -0.2107   0.0000   0.2536   0.0091   0.0897   0.0559   0.4005   0.3539   0.0086   0.0000   0.0101   0.0728    0.222
    31   0.0973  -0.2465   0.0000   0.2493   0.0089   0.0865   0.0586   0.3933   0.3475   0.0080   0.0000   0.0117   0.0698    0.216
    32   0.1113  -0.2820   0.0000   0.2449   0.0085   0.0823   0.0616   0.3809   0.3366   0.0073   0.0000   0.0136   0.0655    0.210
    33   0.1247  -0.3161   0.0000   0.2408   0.0080   0.0769   0.0648   0.3621   0.3200   0.0066   0.0000   0.0158   0.0596    0.200
    34   0.1373  -0.3480   0.0000   0.2368   0.0072   0.0702   0.0679   0.3360   0.2969   0.0057   0.0000   0.0183   0.0519    0.188
    35   0.1488  -0.3771   0.0000   0.2333   0.0064   0.0621   0.0703   0.3017   0.2666   0.0047   0.0000   0.0207   0.0427    0.172
    36   0.1588  -0.4024   0.0000   0.2302   0.0054   0.0526   0.0712   0.2590   0.2289   0.0036   0.0000   0.0223   0.0323    0.152
    37   0.1671  -0.4235   0.0000   0.2276   0.0043   0.0419   0.0700   0.2086   0.1844   0.0024   0.0000   0.0224   0.0220    0.129
    38   0.1735  -0.4398   0.0000   0.2256   0.0031   0.0303   0.0665   0.1522   0.1345   0.0012   0.0000   0.0198   0.0128    0.103
    39   0.1779  -0.4509   0.0000   0.2243   0.0019   0.0182   0.0610   0.0922   0.0815  -0.0001   0.0000   0.0138   0.0060    0.081
    40   0.1801  -0.4565   0.0000   0.2236   0.0006   0.0061   0.0568   0.0309   0.0273  -0.0010   0.0000   0.0050   0.0017    0.068
 ---------------------------------------------------------------
