 ---------------------------------------------------------------
 Surface and Strip Forces by surface

  Sref = 0.19510       Cref = 0.27540       Bref = 0.71120    
  Xref = 0.10920       Yref =  0.0000       Zref =  0.0000    

  Surface # 1     Wing                                    
     # Chordwise = 10   # Spanwise = 20     First strip =  1
     Surface area Ssurf =    0.097541     Ave. chord Cave =    0.274300

 Forces referred to Sref, Cref, Bref about Xref, Yref, Zref
 Standard axis orientation,  X fwd, Z down         
     CLsurf  =   0.18618     Clsurf  =  -0.04045
     CYsurf  =   0.00520     Cmsurf  =  -0.03215
     CDsurf  =   0.00947     Cnsurf  =  -0.00672
     CDisurf =   0.00947     CDvsurf =   0.00000

 Forces referred to Ssurf, Cave 
     CLsurf  =   0.37240     CDsurf  =   0.01895

 Strip Forces referred to Strip Area, Chord
    j     Xle      Yle      Zle      Chord    Area     c_cl     ai     cl_norm    cl       cd       cdv    cm_c/4     cm_LE   C.P.x/c
     1   0.0003   0.0005   0.0000   0.3047   0.0007   0.1228   0.0727   0.4895   0.3689   0.3032   0.0000  -0.0187  -0.1015    0.301
     2   0.0030   0.0049   0.0000   0.3040   0.0020   0.1228   0.0718   0.5321   0.4010   0.0498   0.0000  -0.0177  -0.1009    0.294
     3   0.0084   0.0135   0.0000   0.3025   0.0032   0.1229   0.0726   0.5372   0.4048   0.0357   0.0000  -0.0146  -0.0987    0.286
     4   0.0162   0.0262   0.0000   0.3003   0.0044   0.1229   0.0747   0.5418   0.4084   0.0323   0.0000  -0.0100  -0.0955    0.275
     5   0.0264   0.0426   0.0000   0.2975   0.0054   0.1229   0.0774   0.5475   0.4126   0.0294   0.0000  -0.0052  -0.0922    0.262
     6   0.0386   0.0623   0.0000   0.2941   0.0062   0.1227   0.0805   0.5533   0.4170   0.0265   0.0000  -0.0006  -0.0891    0.251
     7   0.0526   0.0849   0.0000   0.2902   0.0069   0.1221   0.0838   0.5584   0.4209   0.0238   0.0000   0.0035  -0.0864    0.242
     8   0.0681   0.1098   0.0000   0.2860   0.0074   0.1209   0.0872   0.5615   0.4232   0.0214   0.0000   0.0072  -0.0837    0.233
     9   0.0845   0.1363   0.0000   0.2814   0.0076   0.1188   0.0908   0.5613   0.4230   0.0191   0.0000   0.0105  -0.0808    0.225
    10   0.1016   0.1638   0.0000   0.2767   0.0077   0.1157   0.0946   0.5564   0.4193   0.0170   0.0000   0.0138  -0.0772    0.217
    11   0.1189   0.1918   0.0000   0.2719   0.0076   0.1114   0.0985   0.5452   0.4109   0.0150   0.0000   0.0171  -0.0725    0.208
    12   0.1360   0.2193   0.0000   0.2672   0.0072   0.1056   0.1025   0.5263   0.3967   0.0128   0.0000   0.0206  -0.0665    0.198
    13   0.1524   0.2458   0.0000   0.2626   0.0068   0.0982   0.1061   0.4983   0.3756   0.0106   0.0000   0.0243  -0.0588    0.185
    14   0.1679   0.2707   0.0000   0.2584   0.0061   0.0892   0.1089   0.4600   0.3467   0.0081   0.0000   0.0278  -0.0497    0.170
    15   0.1819   0.2933   0.0000   0.2545   0.0054   0.0784   0.1104   0.4110   0.3097   0.0056   0.0000   0.0305  -0.0395    0.152
    16   0.1941   0.3130   0.0000   0.2511   0.0045   0.0661   0.1101   0.3514   0.2648   0.0032   0.0000   0.0317  -0.0290    0.130
    17   0.2043   0.3294   0.0000   0.2483   0.0036   0.0525   0.1078   0.2825   0.2129   0.0010   0.0000   0.0303  -0.0192    0.108
    18   0.2121   0.3421   0.0000   0.2461   0.0026   0.0380   0.1037   0.2064   0.1556  -0.0009   0.0000   0.0255  -0.0111    0.086
    19   0.2175   0.3507   0.0000   0.2446   0.0016   0.0229   0.0987   0.1256   0.0947  -0.0023   0.0000   0.0172  -0.0053    0.069
    20   0.2202   0.3551   0.0000   0.2439   0.0005   0.0077   0.0957   0.0424   0.0320  -0.0030   0.0000   0.0060  -0.0015    0.061

  Surface # 2     Wing (YDUP)                             
     # Chordwise = 10   # Spanwise = 20     First strip = 21
     Surface area Ssurf =    0.097541     Ave. chord Cave =    0.274300

 Forces referred to Sref, Cref, Bref about Xref, Yref, Zref
 Standard axis orientation,  X fwd, Z down         
     CLsurf  =   0.18618     Clsurf  =   0.04045
     CYsurf  =  -0.00520     Cmsurf  =  -0.03215
     CDsurf  =   0.00947     Cnsurf  =   0.00672
     CDisurf =   0.00947     CDvsurf =   0.00000

 Forces referred to Ssurf, Cave 
     CLsurf  =   0.37240     CDsurf  =   0.01895

 Strip Forces referred to Strip Area, Chord
    j     Xle      Yle      Zle      Chord    Area     c_cl     ai     cl_norm    cl       cd       cdv    cm_c/4     cm_LE   C.P.x/c
    21   0.0003  -0.0005   0.0000   0.3047   0.0007   0.1228   0.0727   0.4895   0.3689   0.3032   0.0000  -0.0187   0.1015    0.301
    22   0.0030  -0.0049   0.0000   0.3040   0.0020   0.1228   0.0718   0.5321   0.4010   0.0498   0.0000  -0.0177   0.1009    0.294
    23   0.0084  -0.0135   0.0000   0.3025   0.0032   0.1229   0.0726   0.5372   0.4048   0.0357   0.0000  -0.0146   0.0987    0.286
    24   0.0162  -0.0262   0.0000   0.3003   0.0044   0.1229   0.0747   0.5418   0.4084   0.0323   0.0000  -0.0100   0.0955    0.275
    25   0.0264  -0.0426   0.0000   0.2975   0.0054   0.1229   0.0774   0.5475   0.4126   0.0294   0.0000  -0.0052   0.0922    0.262
    26   0.0386  -0.0623   0.0000   0.2941   0.0062   0.1227   0.0805   0.5533   0.4170   0.0265   0.0000  -0.0006   0.0891    0.251
    27   0.0526  -0.0849   0.0000   0.2902   0.0069   0.1221   0.0838   0.5584   0.4209   0.0238   0.0000   0.0035   0.0864    0.242
    28   0.0681  -0.1098   0.0000   0.2860   0.0074   0.1209   0.0872   0.5615   0.4232   0.0214   0.0000   0.0072   0.0837    0.233
    29   0.0845  -0.1363   0.0000   0.2814   0.0076   0.1188   0.0908   0.5613   0.4230   0.0191   0.0000   0.0105   0.0808    0.225
    30   0.1016  -0.1638   0.0000   0.2767   0.0077   0.1157   0.0946   0.5564   0.4193   0.0170   0.0000   0.0138   0.0772    0.217
    31   0.1189  -0.1918   0.0000   0.2719   0.0076   0.1114   0.0985   0.5452   0.4109   0.0150   0.0000   0.0171   0.0725    0.208
    32   0.1360  -0.2193   0.0000   0.2672   0.0072   0.1056   0.1025   0.5263   0.3967   0.0128   0.0000   0.0206   0.0665    0.198
    33   0.1524  -0.2458   0.0000   0.2626   0.0068   0.0982   0.1061   0.4983   0.3756   0.0106   0.0000   0.0243   0.0588    0.185
    34   0.1679  -0.2707   0.0000   0.2584   0.0061   0.0892   0.1089   0.4600   0.3467   0.0081   0.0000   0.0278   0.0497    0.170
    35   0.1819  -0.2933   0.0000   0.2545   0.0054   0.0784   0.1104   0.4110   0.3097   0.0056   0.0000   0.0305   0.0395    0.152
    36   0.1941  -0.3130   0.0000   0.2511   0.0045   0.0661   0.1101   0.3514   0.2648   0.0032   0.0000   0.0317   0.0290    0.130
    37   0.2043  -0.3294   0.0000   0.2483   0.0036   0.0525   0.1078   0.2825   0.2129   0.0010   0.0000   0.0303   0.0192    0.108
    38   0.2121  -0.3421   0.0000   0.2461   0.0026   0.0380   0.1037   0.2064   0.1556  -0.0009   0.0000   0.0255   0.0111    0.086
    39   0.2175  -0.3507   0.0000   0.2446   0.0016   0.0229   0.0987   0.1256   0.0947  -0.0023   0.0000   0.0172   0.0053    0.069
    40   0.2202  -0.3551   0.0000   0.2439   0.0005   0.0077   0.0957   0.0424   0.0320  -0.0030   0.0000   0.0060   0.0015    0.061
 ---------------------------------------------------------------
