 ---------------------------------------------------------------
 Surface and Strip Forces by surface

  Sref = 0.25080       Cref = 0.27540       Bref = 0.91440    
  Xref = 0.10920       Yref =  0.0000       Zref =  0.0000    

  Surface # 1     Wing                                    
     # Chordwise = 10   # Spanwise = 20     First strip =  1
     Surface area Ssurf =    0.125410     Ave. chord Cave =    0.274300

 Forces referred to Sref, Cref, Bref about Xref, Yref, Zref
 Standard axis orientation,  X fwd, Z down         
     CLsurf  =   0.14483     Clsurf  =  -0.03166
     CYsurf  =   0.00231     Cmsurf  =  -0.02719
     CDsurf  =   0.00442     Cnsurf  =  -0.00281
     CDisurf =   0.00442     CDvsurf =   0.00000

 Forces referred to Ssurf, Cave 
     CLsurf  =   0.28965     CDsurf  =   0.00884

 Strip Forces referred to Strip Area, Chord
    j     Xle      Yle      Zle      Chord    Area     c_cl     ai     cl_norm    cl       cd       cdv    cm_c/4     cm_LE   C.P.x/c
     1   0.0004   0.0007   0.0000   0.3047   0.0009   0.0947   0.0437   0.3664   0.3014   0.1298   0.0000  -0.0124  -0.0806    0.291
     2   0.0032   0.0063   0.0000   0.3040   0.0025   0.0946   0.0419   0.3776   0.3105   0.0223   0.0000  -0.0115  -0.0799    0.287
     3   0.0087   0.0174   0.0000   0.3025   0.0042   0.0946   0.0420   0.3799   0.3125   0.0167   0.0000  -0.0088  -0.0778    0.278
     4   0.0168   0.0337   0.0000   0.3003   0.0056   0.0947   0.0432   0.3830   0.3150   0.0150   0.0000  -0.0052  -0.0751    0.266
     5   0.0274   0.0548   0.0000   0.2975   0.0069   0.0947   0.0451   0.3870   0.3183   0.0134   0.0000  -0.0016  -0.0727    0.255
     6   0.0400   0.0801   0.0000   0.2941   0.0080   0.0946   0.0472   0.3912   0.3218   0.0119   0.0000   0.0015  -0.0706    0.245
     7   0.0545   0.1092   0.0000   0.2902   0.0089   0.0943   0.0493   0.3951   0.3249   0.0107   0.0000   0.0041  -0.0690    0.238
     8   0.0705   0.1411   0.0000   0.2860   0.0095   0.0935   0.0515   0.3976   0.3270   0.0096   0.0000   0.0062  -0.0675    0.231
     9   0.0875   0.1752   0.0000   0.2814   0.0098   0.0920   0.0539   0.3981   0.3274   0.0087   0.0000   0.0081  -0.0659    0.225
    10   0.1052   0.2107   0.0000   0.2767   0.0099   0.0899   0.0565   0.3954   0.3252   0.0079   0.0000   0.0099  -0.0638    0.220
    11   0.1232   0.2465   0.0000   0.2719   0.0097   0.0868   0.0594   0.3886   0.3196   0.0071   0.0000   0.0118  -0.0608    0.213
    12   0.1409   0.2820   0.0000   0.2672   0.0093   0.0826   0.0625   0.3764   0.3096   0.0063   0.0000   0.0139  -0.0567    0.205
    13   0.1579   0.3161   0.0000   0.2626   0.0087   0.0772   0.0657   0.3579   0.2943   0.0054   0.0000   0.0164  -0.0511    0.194
    14   0.1739   0.3480   0.0000   0.2584   0.0079   0.0704   0.0685   0.3318   0.2729   0.0044   0.0000   0.0190  -0.0439    0.180
    15   0.1884   0.3771   0.0000   0.2545   0.0069   0.0621   0.0703   0.2975   0.2446   0.0034   0.0000   0.0215  -0.0354    0.162
    16   0.2010   0.4024   0.0000   0.2511   0.0058   0.0525   0.0705   0.2548   0.2096   0.0022   0.0000   0.0232  -0.0261    0.140
    17   0.2116   0.4235   0.0000   0.2483   0.0047   0.0417   0.0686   0.2048   0.1684   0.0011   0.0000   0.0230  -0.0170    0.113
    18   0.2197   0.4398   0.0000   0.2461   0.0034   0.0301   0.0645   0.1492   0.1227   0.0000   0.0000   0.0201  -0.0094    0.086
    19   0.2252   0.4509   0.0000   0.2446   0.0020   0.0181   0.0588   0.0903   0.0742  -0.0009   0.0000   0.0139  -0.0041    0.062
    20   0.2280   0.4565   0.0000   0.2439   0.0007   0.0060   0.0547   0.0302   0.0249  -0.0015   0.0000   0.0050  -0.0011    0.050

  Surface # 2     Wing (YDUP)                             
     # Chordwise = 10   # Spanwise = 20     First strip = 21
     Surface area Ssurf =    0.125410     Ave. chord Cave =    0.274300

 Forces referred to Sref, Cref, Bref about Xref, Yref, Zref
 Standard axis orientation,  X fwd, Z down         
     CLsurf  =   0.14483     Clsurf  =   0.03166
     CYsurf  =  -0.00231     Cmsurf  =  -0.02719
     CDsurf  =   0.00442     Cnsurf  =   0.00281
     CDisurf =   0.00442     CDvsurf =   0.00000

 Forces referred to Ssurf, Cave 
     CLsurf  =   0.28965     CDsurf  =   0.00884

 Strip Forces referred to Strip Area, Chord
    j     Xle      Yle      Zle      Chord    Area     c_cl     ai     cl_norm    cl       cd       cdv    cm_c/4     cm_LE   C.P.x/c
    21   0.0004  -0.0007   0.0000   0.3047   0.0009   0.0947   0.0437   0.3664   0.3014   0.1298   0.0000  -0.0124   0.0806    0.291
    22   0.0032  -0.0063   0.0000   0.3040   0.0025   0.0946   0.0419   0.3776   0.3105   0.0223   0.0000  -0.0115   0.0799    0.287
    23   0.0087  -0.0174   0.0000   0.3025   0.0042   0.0946   0.0420   0.3799   0.3125   0.0167   0.0000  -0.0088   0.0778    0.278
    24   0.0168  -0.0337   0.0000   0.3003   0.0056   0.0947   0.0432   0.3830   0.3150   0.0150   0.0000  -0.0052   0.0751    0.266
    25   0.0274  -0.0548   0.0000   0.2975   0.0069   0.0947   0.0451   0.3870   0.3183   0.0134   0.0000  -0.0016   0.0727    0.255
    26   0.0400  -0.0801   0.0000   0.2941   0.0080   0.0946   0.0472   0.3912   0.3218   0.0119   0.0000   0.0015   0.0706    0.245
    27   0.0545  -0.1092   0.0000   0.2902   0.0089   0.0943   0.0493   0.3951   0.3249   0.0107   0.0000   0.0041   0.0690    0.238
    28   0.0705  -0.1411   0.0000   0.2860   0.0095   0.0935   0.0515   0.3976   0.3270   0.0096   0.0000   0.0062   0.0675    0.231
    29   0.0875  -0.1752   0.0000   0.2814   0.0098   0.0920   0.0539   0.3981   0.3274   0.0087   0.0000   0.0081   0.0659    0.225
    30   0.1052  -0.2107   0.0000   0.2767   0.0099   0.0899   0.0565   0.3954   0.3252   0.0079   0.0000   0.0099   0.0638    0.220
    31   0.1232  -0.2465   0.0000   0.2719   0.0097   0.0868   0.0594   0.3886   0.3196   0.0071   0.0000   0.0118   0.0608    0.213
    32   0.1409  -0.2820   0.0000   0.2672   0.0093   0.0826   0.0625   0.3764   0.3096   0.0063   0.0000   0.0139   0.0567    0.205
    33   0.1579  -0.3161   0.0000   0.2626   0.0087   0.0772   0.0657   0.3579   0.2943   0.0054   0.0000   0.0164   0.0511    0.194
    34   0.1739  -0.3480   0.0000   0.2584   0.0079   0.0704   0.0685   0.3318   0.2729   0.0044   0.0000   0.0190   0.0439    0.180
    35   0.1884  -0.3771   0.0000   0.2545   0.0069   0.0621   0.0703   0.2975   0.2446   0.0034   0.0000   0.0215   0.0354    0.162
    36   0.2010  -0.4024   0.0000   0.2511   0.0058   0.0525   0.0705   0.2548   0.2096   0.0022   0.0000   0.0232   0.0261    0.140
    37   0.2116  -0.4235   0.0000   0.2483   0.0047   0.0417   0.0686   0.2048   0.1684   0.0011   0.0000   0.0230   0.0170    0.113
    38   0.2197  -0.4398   0.0000   0.2461   0.0034   0.0301   0.0645   0.1492   0.1227   0.0000   0.0000   0.0201   0.0094    0.086
    39   0.2252  -0.4509   0.0000   0.2446   0.0020   0.0181   0.0588   0.0903   0.0742  -0.0009   0.0000   0.0139   0.0041    0.062
    40   0.2280  -0.4565   0.0000   0.2439   0.0007   0.0060   0.0547   0.0302   0.0249  -0.0015   0.0000   0.0050   0.0011    0.050
 ---------------------------------------------------------------
