 ---------------------------------------------------------------
 Surface and Strip Forces by surface

  Sref = 0.18060       Cref = 0.25400       Bref = 0.71120    
  Xref = 0.10920       Yref =  0.0000       Zref =  0.0000    

  Surface # 1     Wing                                    
     # Chordwise = 10   # Spanwise = 20     First strip =  1
     Surface area Ssurf =    0.090322     Ave. chord Cave =    0.254000

 Forces referred to Sref, Cref, Bref about Xref, Yref, Zref
 Standard axis orientation,  X fwd, Z down         
     CLsurf  =   0.20113     Clsurf  =  -0.04419
     CYsurf  =   0.00918     Cmsurf  =  -0.02882
     CDsurf  =   0.01018     Cnsurf  =  -0.00847
     CDisurf =   0.01018     CDvsurf =   0.00000

 Forces referred to Ssurf, Cave 
     CLsurf  =   0.40216     CDsurf  =   0.02036

 Strip Forces referred to Strip Area, Chord
    j     Xle      Yle      Zle      Chord    Area     c_cl     ai     cl_norm    cl       cd       cdv    cm_c/4     cm_LE   C.P.x/c
     1   0.0003   0.0005   0.0000   0.2540   0.0006   0.1189   0.0572   0.5697   0.4297   0.3257   0.0000  -0.0250  -0.1230    0.308
     2   0.0028   0.0049   0.0000   0.2540   0.0017   0.1189   0.0578   0.6165   0.4650   0.0556   0.0000  -0.0235  -0.1218    0.301
     3   0.0078   0.0135   0.0000   0.2540   0.0027   0.1191   0.0610   0.6198   0.4674   0.0414   0.0000  -0.0191  -0.1180    0.291
     4   0.0151   0.0262   0.0000   0.2540   0.0037   0.1194   0.0655   0.6222   0.4692   0.0371   0.0000  -0.0130  -0.1131    0.278
     5   0.0246   0.0426   0.0000   0.2540   0.0046   0.1198   0.0705   0.6250   0.4714   0.0331   0.0000  -0.0070  -0.1082    0.265
     6   0.0360   0.0623   0.0000   0.2540   0.0054   0.1202   0.0757   0.6275   0.4732   0.0294   0.0000  -0.0017  -0.1039    0.253
     7   0.0490   0.0849   0.0000   0.2540   0.0060   0.1202   0.0808   0.6282   0.4738   0.0261   0.0000   0.0029  -0.0999    0.244
     8   0.0634   0.1098   0.0000   0.2540   0.0065   0.1197   0.0860   0.6261   0.4722   0.0234   0.0000   0.0068  -0.0961    0.236
     9   0.0787   0.1363   0.0000   0.2540   0.0069   0.1184   0.0913   0.6197   0.4674   0.0210   0.0000   0.0103  -0.0920    0.228
    10   0.0946   0.1638   0.0000   0.2540   0.0071   0.1161   0.0968   0.6077   0.4584   0.0188   0.0000   0.0138  -0.0870    0.220
    11   0.1107   0.1918   0.0000   0.2540   0.0071   0.1124   0.1023   0.5888   0.4441   0.0167   0.0000   0.0173  -0.0808    0.211
    12   0.1266   0.2193   0.0000   0.2540   0.0069   0.1072   0.1077   0.5617   0.4236   0.0146   0.0000   0.0211  -0.0731    0.200
    13   0.1419   0.2458   0.0000   0.2540   0.0065   0.1002   0.1125   0.5252   0.3961   0.0122   0.0000   0.0250  -0.0638    0.187
    14   0.1563   0.2707   0.0000   0.2540   0.0060   0.0913   0.1160   0.4789   0.3612   0.0097   0.0000   0.0286  -0.0531    0.171
    15   0.1693   0.2933   0.0000   0.2540   0.0054   0.0805   0.1178   0.4226   0.3187   0.0070   0.0000   0.0313  -0.0415    0.152
    16   0.1807   0.3130   0.0000   0.2540   0.0046   0.0680   0.1175   0.3572   0.2694   0.0044   0.0000   0.0322  -0.0300    0.130
    17   0.1902   0.3294   0.0000   0.2540   0.0037   0.0541   0.1149   0.2843   0.2144   0.0019   0.0000   0.0305  -0.0197    0.108
    18   0.1975   0.3421   0.0000   0.2540   0.0027   0.0391   0.1105   0.2061   0.1554  -0.0001   0.0000   0.0255  -0.0113    0.086
    19   0.2025   0.3507   0.0000   0.2540   0.0017   0.0236   0.1054   0.1247   0.0941  -0.0018   0.0000   0.0170  -0.0054    0.069
    20   0.2050   0.3551   0.0000   0.2540   0.0006   0.0079   0.1025   0.0421   0.0317  -0.0028   0.0000   0.0060  -0.0016    0.062

  Surface # 2     Wing (YDUP)                             
     # Chordwise = 10   # Spanwise = 20     First strip = 21
     Surface area Ssurf =    0.090322     Ave. chord Cave =    0.254000

 Forces referred to Sref, Cref, Bref about Xref, Yref, Zref
 Standard axis orientation,  X fwd, Z down         
     CLsurf  =   0.20113     Clsurf  =   0.04419
     CYsurf  =  -0.00918     Cmsurf  =  -0.02882
     CDsurf  =   0.01018     Cnsurf  =   0.00847
     CDisurf =   0.01018     CDvsurf =   0.00000

 Forces referred to Ssurf, Cave 
     CLsurf  =   0.40216     CDsurf  =   0.02036

 Strip Forces referred to Strip Area, Chord
    j     Xle      Yle      Zle      Chord    Area     c_cl     ai     cl_norm    cl       cd       cdv    cm_c/4     cm_LE   C.P.x/c
    21   0.0003  -0.0005   0.0000   0.2540   0.0006   0.1189   0.0572   0.5697   0.4297   0.3257   0.0000  -0.0250   0.1230    0.308
    22   0.0028  -0.0049   0.0000   0.2540   0.0017   0.1189   0.0578   0.6165   0.4650   0.0556   0.0000  -0.0235   0.1218    0.301
    23   0.0078  -0.0135   0.0000   0.2540   0.0027   0.1191   0.0610   0.6198   0.4674   0.0414   0.0000  -0.0191   0.1180    0.291
    24   0.0151  -0.0262   0.0000   0.2540   0.0037   0.1194   0.0655   0.6222   0.4692   0.0371   0.0000  -0.0130   0.1131    0.278
    25   0.0246  -0.0426   0.0000   0.2540   0.0046   0.1198   0.0705   0.6250   0.4714   0.0331   0.0000  -0.0070   0.1082    0.265
    26   0.0360  -0.0623   0.0000   0.2540   0.0054   0.1202   0.0757   0.6275   0.4732   0.0294   0.0000  -0.0017   0.1039    0.253
    27   0.0490  -0.0849   0.0000   0.2540   0.0060   0.1202   0.0808   0.6282   0.4738   0.0261   0.0000   0.0029   0.0999    0.244
    28   0.0634  -0.1098   0.0000   0.2540   0.0065   0.1197   0.0860   0.6261   0.4722   0.0234   0.0000   0.0068   0.0961    0.236
    29   0.0787  -0.1363   0.0000   0.2540   0.0069   0.1184   0.0913   0.6197   0.4674   0.0210   0.0000   0.0103   0.0920    0.228
    30   0.0946  -0.1638   0.0000   0.2540   0.0071   0.1161   0.0968   0.6077   0.4584   0.0188   0.0000   0.0138   0.0870    0.220
    31   0.1107  -0.1918   0.0000   0.2540   0.0071   0.1124   0.1023   0.5888   0.4441   0.0167   0.0000   0.0173   0.0808    0.211
    32   0.1266  -0.2193   0.0000   0.2540   0.0069   0.1072   0.1077   0.5617   0.4236   0.0146   0.0000   0.0211   0.0731    0.200
    33   0.1419  -0.2458   0.0000   0.2540   0.0065   0.1002   0.1125   0.5252   0.3961   0.0122   0.0000   0.0250   0.0638    0.187
    34   0.1563  -0.2707   0.0000   0.2540   0.0060   0.0913   0.1160   0.4789   0.3612   0.0097   0.0000   0.0286   0.0531    0.171
    35   0.1693  -0.2933   0.0000   0.2540   0.0054   0.0805   0.1178   0.4226   0.3187   0.0070   0.0000   0.0313   0.0415    0.152
    36   0.1807  -0.3130   0.0000   0.2540   0.0046   0.0680   0.1175   0.3572   0.2694   0.0044   0.0000   0.0322   0.0300    0.130
    37   0.1902  -0.3294   0.0000   0.2540   0.0037   0.0541   0.1149   0.2843   0.2144   0.0019   0.0000   0.0305   0.0197    0.108
    38   0.1975  -0.3421   0.0000   0.2540   0.0027   0.0391   0.1105   0.2061   0.1554  -0.0001   0.0000   0.0255   0.0113    0.086
    39   0.2025  -0.3507   0.0000   0.2540   0.0017   0.0236   0.1054   0.1247   0.0941  -0.0018   0.0000   0.0170   0.0054    0.069
    40   0.2050  -0.3551   0.0000   0.2540   0.0006   0.0079   0.1025   0.0421   0.0317  -0.0028   0.0000   0.0060   0.0016    0.062
 ---------------------------------------------------------------
