 ---------------------------------------------------------------
 Surface and Strip Forces by surface

  Sref = 0.21680       Cref = 0.30480       Bref = 0.71120    
  Xref = 0.10920       Yref =  0.0000       Zref =  0.0000    

  Surface # 1     Wing                                    
     # Chordwise = 10   # Spanwise = 20     First strip =  1
     Surface area Ssurf =    0.108387     Ave. chord Cave =    0.304800

 Forces referred to Sref, Cref, Bref about Xref, Yref, Zref
 Standard axis orientation,  X fwd, Z down         
     CLsurf  =   0.16755     Clsurf  =  -0.03627
     CYsurf  =   0.00517     Cmsurf  =  -0.01415
     CDsurf  =   0.00842     Cnsurf  =  -0.00586
     CDisurf =   0.00842     CDvsurf =   0.00000

 Forces referred to Ssurf, Cave 
     CLsurf  =   0.33514     CDsurf  =   0.01683

 Strip Forces referred to Strip Area, Chord
    j     Xle      Yle      Zle      Chord    Area     c_cl     ai     cl_norm    cl       cd       cdv    cm_c/4     cm_LE   C.P.x/c
     1   0.0003   0.0005   0.0000   0.3048   0.0007   0.1237   0.0752   0.4583   0.3775   0.2647   0.0000  -0.0127  -0.1034    0.284
     2   0.0023   0.0049   0.0000   0.3048   0.0020   0.1236   0.0737   0.4895   0.4032   0.0443   0.0000  -0.0118  -0.1026    0.279
     3   0.0063   0.0135   0.0000   0.3048   0.0033   0.1236   0.0741   0.4913   0.4047   0.0316   0.0000  -0.0092  -0.1002    0.273
     4   0.0122   0.0262   0.0000   0.3048   0.0044   0.1237   0.0759   0.4918   0.4051   0.0284   0.0000  -0.0053  -0.0967    0.263
     5   0.0199   0.0426   0.0000   0.3048   0.0055   0.1236   0.0785   0.4919   0.4053   0.0259   0.0000  -0.0011  -0.0929    0.253
     6   0.0291   0.0623   0.0000   0.3048   0.0065   0.1234   0.0815   0.4913   0.4047   0.0234   0.0000   0.0029  -0.0890    0.243
     7   0.0396   0.0849   0.0000   0.3048   0.0073   0.1227   0.0848   0.4890   0.4028   0.0213   0.0000   0.0066  -0.0852    0.234
     8   0.0512   0.1098   0.0000   0.3048   0.0079   0.1214   0.0883   0.4841   0.3988   0.0193   0.0000   0.0099  -0.0813    0.225
     9   0.0635   0.1363   0.0000   0.3048   0.0083   0.1193   0.0919   0.4758   0.3920   0.0175   0.0000   0.0130  -0.0769    0.217
    10   0.0764   0.1638   0.0000   0.3048   0.0085   0.1160   0.0956   0.4630   0.3815   0.0158   0.0000   0.0159  -0.0718    0.208
    11   0.0894   0.1918   0.0000   0.3048   0.0085   0.1115   0.0991   0.4450   0.3666   0.0141   0.0000   0.0188  -0.0658    0.199
    12   0.1023   0.2193   0.0000   0.3048   0.0083   0.1054   0.1022   0.4210   0.3469   0.0124   0.0000   0.0217  -0.0587    0.187
    13   0.1146   0.2458   0.0000   0.3048   0.0079   0.0978   0.1048   0.3905   0.3217   0.0106   0.0000   0.0244  -0.0506    0.174
    14   0.1262   0.2707   0.0000   0.3048   0.0073   0.0884   0.1063   0.3534   0.2911   0.0087   0.0000   0.0265  -0.0417    0.159
    15   0.1367   0.2933   0.0000   0.3048   0.0065   0.0775   0.1065   0.3098   0.2552   0.0067   0.0000   0.0278  -0.0325    0.141
    16   0.1459   0.3130   0.0000   0.3048   0.0055   0.0651   0.1051   0.2604   0.2145   0.0047   0.0000   0.0275  -0.0235    0.122
    17   0.1536   0.3294   0.0000   0.3048   0.0044   0.0516   0.1021   0.2064   0.1701   0.0029   0.0000   0.0251  -0.0156    0.102
    18   0.1595   0.3421   0.0000   0.3048   0.0033   0.0373   0.0980   0.1492   0.1229   0.0011   0.0000   0.0204  -0.0092    0.084
    19   0.1635   0.3507   0.0000   0.3048   0.0020   0.0225   0.0934   0.0902   0.0743  -0.0006   0.0000   0.0134  -0.0046    0.070
    20   0.1655   0.3551   0.0000   0.3048   0.0007   0.0075   0.0911   0.0303   0.0250  -0.0017   0.0000   0.0047  -0.0014    0.063

  Surface # 2     Wing (YDUP)                             
     # Chordwise = 10   # Spanwise = 20     First strip = 21
     Surface area Ssurf =    0.108387     Ave. chord Cave =    0.304800

 Forces referred to Sref, Cref, Bref about Xref, Yref, Zref
 Standard axis orientation,  X fwd, Z down         
     CLsurf  =   0.16755     Clsurf  =   0.03627
     CYsurf  =  -0.00517     Cmsurf  =  -0.01415
     CDsurf  =   0.00842     Cnsurf  =   0.00586
     CDisurf =   0.00842     CDvsurf =   0.00000

 Forces referred to Ssurf, Cave 
     CLsurf  =   0.33514     CDsurf  =   0.01683

 Strip Forces referred to Strip Area, Chord
    j     Xle      Yle      Zle      Chord    Area     c_cl     ai     cl_norm    cl       cd       cdv    cm_c/4     cm_LE   C.P.x/c
    21   0.0003  -0.0005   0.0000   0.3048   0.0007   0.1237   0.0752   0.4583   0.3775   0.2647   0.0000  -0.0127   0.1034    0.284
    22   0.0023  -0.0049   0.0000   0.3048   0.0020   0.1236   0.0737   0.4895   0.4032   0.0443   0.0000  -0.0118   0.1026    0.279
    23   0.0063  -0.0135   0.0000   0.3048   0.0033   0.1236   0.0741   0.4913   0.4047   0.0316   0.0000  -0.0092   0.1002    0.273
    24   0.0122  -0.0262   0.0000   0.3048   0.0044   0.1237   0.0759   0.4918   0.4051   0.0284   0.0000  -0.0053   0.0967    0.263
    25   0.0199  -0.0426   0.0000   0.3048   0.0055   0.1236   0.0785   0.4919   0.4053   0.0259   0.0000  -0.0011   0.0929    0.253
    26   0.0291  -0.0623   0.0000   0.3048   0.0065   0.1234   0.0815   0.4913   0.4047   0.0234   0.0000   0.0029   0.0890    0.243
    27   0.0396  -0.0849   0.0000   0.3048   0.0073   0.1227   0.0848   0.4890   0.4028   0.0213   0.0000   0.0066   0.0852    0.234
    28   0.0512  -0.1098   0.0000   0.3048   0.0079   0.1214   0.0883   0.4841   0.3988   0.0193   0.0000   0.0099   0.0813    0.225
    29   0.0635  -0.1363   0.0000   0.3048   0.0083   0.1193   0.0919   0.4758   0.3920   0.0175   0.0000   0.0130   0.0769    0.217
    30   0.0764  -0.1638   0.0000   0.3048   0.0085   0.1160   0.0956   0.4630   0.3815   0.0158   0.0000   0.0159   0.0718    0.208
    31   0.0894  -0.1918   0.0000   0.3048   0.0085   0.1115   0.0991   0.4450   0.3666   0.0141   0.0000   0.0188   0.0658    0.199
    32   0.1023  -0.2193   0.0000   0.3048   0.0083   0.1054   0.1022   0.4210   0.3469   0.0124   0.0000   0.0217   0.0587    0.187
    33   0.1146  -0.2458   0.0000   0.3048   0.0079   0.0978   0.1048   0.3905   0.3217   0.0106   0.0000   0.0244   0.0506    0.174
    34   0.1262  -0.2707   0.0000   0.3048   0.0073   0.0884   0.1063   0.3534   0.2911   0.0087   0.0000   0.0265   0.0417    0.159
    35   0.1367  -0.2933   0.0000   0.3048   0.0065   0.0775   0.1065   0.3098   0.2552   0.0067   0.0000   0.0278   0.0325    0.141
    36   0.1459  -0.3130   0.0000   0.3048   0.0055   0.0651   0.1051   0.2604   0.2145   0.0047   0.0000   0.0275   0.0235    0.122
    37   0.1536  -0.3294   0.0000   0.3048   0.0044   0.0516   0.1021   0.2064   0.1701   0.0029   0.0000   0.0251   0.0156    0.102
    38   0.1595  -0.3421   0.0000   0.3048   0.0033   0.0373   0.0980   0.1492   0.1229   0.0011   0.0000   0.0204   0.0092    0.084
    39   0.1635  -0.3507   0.0000   0.3048   0.0020   0.0225   0.0934   0.0902   0.0743  -0.0006   0.0000   0.0134   0.0046    0.070
    40   0.1655  -0.3551   0.0000   0.3048   0.0007   0.0075   0.0911   0.0303   0.0250  -0.0017   0.0000   0.0047   0.0014    0.063
 ---------------------------------------------------------------
