 ---------------------------------------------------------------
 Surface and Strip Forces by surface

  Sref = 0.16720       Cref = 0.21000       Bref = 0.91440    
  Xref = 0.10920       Yref =  0.0000       Zref =  0.0000    

  Surface # 1     Wing                                    
     # Chordwise = 10   # Spanwise = 20     First strip =  1
     Surface area Ssurf =    0.083622     Ave. chord Cave =    0.182900

 Forces referred to Sref, Cref, Bref about Xref, Yref, Zref
 Standard axis orientation,  X fwd, Z down         
     CLsurf  =   0.21725     Clsurf  =  -0.04588
     CYsurf  =   0.00200     Cmsurf  =  -0.08068
     CDsurf  =   0.00682     Cnsurf  =  -0.00479
     CDisurf =   0.00682     CDvsurf =   0.00000

 Forces referred to Ssurf, Cave 
     CLsurf  =   0.43439     CDsurf  =   0.01365

 Strip Forces referred to Strip Area, Chord
    j     Xle      Yle      Zle      Chord    Area     c_cl     ai     cl_norm    cl       cd       cdv    cm_c/4     cm_LE   C.P.x/c
     1   0.0005   0.0007   0.0000   0.3044   0.0009   0.1016   0.0562   0.4231   0.3182   0.1699   0.0000  -0.0160  -0.0811    0.300
     2   0.0045   0.0063   0.0000   0.3014   0.0025   0.1016   0.0555   0.4461   0.3356   0.0317   0.0000  -0.0150  -0.0809    0.295
     3   0.0124   0.0174   0.0000   0.2955   0.0041   0.1016   0.0558   0.4559   0.3429   0.0250   0.0000  -0.0119  -0.0797    0.285
     4   0.0239   0.0337   0.0000   0.2868   0.0054   0.1014   0.0565   0.4694   0.3531   0.0228   0.0000  -0.0077  -0.0783    0.272
     5   0.0389   0.0548   0.0000   0.2756   0.0064   0.1010   0.0574   0.4872   0.3664   0.0204   0.0000  -0.0036  -0.0776    0.260
     6   0.0569   0.0801   0.0000   0.2621   0.0071   0.1002   0.0579   0.5087   0.3826   0.0181   0.0000  -0.0001  -0.0780    0.250
     7   0.0776   0.1092   0.0000   0.2466   0.0075   0.0988   0.0579   0.5333   0.4011   0.0159   0.0000   0.0026  -0.0796    0.244
     8   0.1003   0.1411   0.0000   0.2295   0.0076   0.0965   0.0573   0.5602   0.4214   0.0139   0.0000   0.0045  -0.0821    0.239
     9   0.1245   0.1752   0.0000   0.2114   0.0074   0.0934   0.0562   0.5889   0.4429   0.0119   0.0000   0.0058  -0.0853    0.237
    10   0.1497   0.2107   0.0000   0.1925   0.0069   0.0893   0.0546   0.6185   0.4652   0.0099   0.0000   0.0067  -0.0891    0.236
    11   0.1752   0.2465   0.0000   0.1733   0.0062   0.0842   0.0530   0.6482   0.4875   0.0078   0.0000   0.0073  -0.0930    0.235
    12   0.2004   0.2820   0.0000   0.1544   0.0054   0.0783   0.0514   0.6769   0.5091   0.0056   0.0000   0.0080  -0.0968    0.234
    13   0.2246   0.3161   0.0000   0.1363   0.0045   0.0717   0.0505   0.7028   0.5286   0.0033   0.0000   0.0089  -0.1000    0.233
    14   0.2473   0.3480   0.0000   0.1192   0.0036   0.0645   0.0507   0.7228   0.5436   0.0007   0.0000   0.0103  -0.1018    0.231
    15   0.2680   0.3771   0.0000   0.1037   0.0028   0.0567   0.0530   0.7310   0.5498  -0.0021   0.0000   0.0130  -0.1008    0.226
    16   0.2860   0.4024   0.0000   0.0902   0.0021   0.0484   0.0581   0.7173   0.5395  -0.0050   0.0000   0.0178  -0.0948    0.217
    17   0.3010   0.4235   0.0000   0.0790   0.0015   0.0392   0.0656   0.6649   0.5001  -0.0082   0.0000   0.0254  -0.0805    0.199
    18   0.3125   0.4398   0.0000   0.0703   0.0010   0.0290   0.0721   0.5529   0.4158  -0.0109   0.0000   0.0341  -0.0563    0.168
    19   0.3204   0.4509   0.0000   0.0644   0.0005   0.0177   0.0722   0.3695   0.2779  -0.0112   0.0000   0.0350  -0.0276    0.124
    20   0.3244   0.4565   0.0000   0.0614   0.0002   0.0059   0.0644   0.1297   0.0975  -0.0070   0.0000   0.0161  -0.0065    0.085

  Surface # 2     Wing (YDUP)                             
     # Chordwise = 10   # Spanwise = 20     First strip = 21
     Surface area Ssurf =    0.083622     Ave. chord Cave =    0.182900

 Forces referred to Sref, Cref, Bref about Xref, Yref, Zref
 Standard axis orientation,  X fwd, Z down         
     CLsurf  =   0.21725     Clsurf  =   0.04588
     CYsurf  =  -0.00200     Cmsurf  =  -0.08068
     CDsurf  =   0.00682     Cnsurf  =   0.00479
     CDisurf =   0.00682     CDvsurf =   0.00000

 Forces referred to Ssurf, Cave 
     CLsurf  =   0.43439     CDsurf  =   0.01365

 Strip Forces referred to Strip Area, Chord
    j     Xle      Yle      Zle      Chord    Area     c_cl     ai     cl_norm    cl       cd       cdv    cm_c/4     cm_LE   C.P.x/c
    21   0.0005  -0.0007   0.0000   0.3044   0.0009   0.1016   0.0562   0.4231   0.3182   0.1699   0.0000  -0.0160   0.0811    0.300
    22   0.0045  -0.0063   0.0000   0.3014   0.0025   0.1016   0.0555   0.4461   0.3356   0.0317   0.0000  -0.0150   0.0809    0.295
    23   0.0124  -0.0174   0.0000   0.2955   0.0041   0.1016   0.0558   0.4559   0.3429   0.0250   0.0000  -0.0119   0.0797    0.285
    24   0.0239  -0.0337   0.0000   0.2868   0.0054   0.1014   0.0565   0.4694   0.3531   0.0228   0.0000  -0.0077   0.0783    0.272
    25   0.0389  -0.0548   0.0000   0.2756   0.0064   0.1010   0.0574   0.4872   0.3664   0.0204   0.0000  -0.0036   0.0776    0.260
    26   0.0569  -0.0801   0.0000   0.2621   0.0071   0.1002   0.0579   0.5087   0.3826   0.0181   0.0000  -0.0001   0.0780    0.250
    27   0.0776  -0.1092   0.0000   0.2466   0.0075   0.0988   0.0579   0.5333   0.4011   0.0159   0.0000   0.0026   0.0796    0.244
    28   0.1003  -0.1411   0.0000   0.2295   0.0076   0.0965   0.0573   0.5602   0.4214   0.0139   0.0000   0.0045   0.0821    0.239
    29   0.1245  -0.1752   0.0000   0.2114   0.0074   0.0934   0.0562   0.5889   0.4429   0.0119   0.0000   0.0058   0.0853    0.237
    30   0.1497  -0.2107   0.0000   0.1925   0.0069   0.0893   0.0546   0.6185   0.4652   0.0099   0.0000   0.0067   0.0891    0.236
    31   0.1752  -0.2465   0.0000   0.1733   0.0062   0.0842   0.0530   0.6482   0.4875   0.0078   0.0000   0.0073   0.0930    0.235
    32   0.2004  -0.2820   0.0000   0.1544   0.0054   0.0783   0.0514   0.6769   0.5091   0.0056   0.0000   0.0080   0.0968    0.234
    33   0.2246  -0.3161   0.0000   0.1363   0.0045   0.0717   0.0505   0.7028   0.5286   0.0033   0.0000   0.0089   0.1000    0.233
    34   0.2473  -0.3480   0.0000   0.1192   0.0036   0.0645   0.0507   0.7228   0.5436   0.0007   0.0000   0.0103   0.1018    0.231
    35   0.2680  -0.3771   0.0000   0.1037   0.0028   0.0567   0.0530   0.7310   0.5498  -0.0021   0.0000   0.0130   0.1008    0.226
    36   0.2860  -0.4024   0.0000   0.0902   0.0021   0.0484   0.0581   0.7173   0.5395  -0.0050   0.0000   0.0178   0.0948    0.217
    37   0.3010  -0.4235   0.0000   0.0790   0.0015   0.0392   0.0656   0.6649   0.5001  -0.0082   0.0000   0.0254   0.0805    0.199
    38   0.3125  -0.4398   0.0000   0.0703   0.0010   0.0290   0.0721   0.5529   0.4158  -0.0109   0.0000   0.0341   0.0563    0.168
    39   0.3204  -0.4509   0.0000   0.0644   0.0005   0.0177   0.0722   0.3695   0.2779  -0.0112   0.0000   0.0350   0.0276    0.124
    40   0.3244  -0.4565   0.0000   0.0614   0.0002   0.0059   0.0644   0.1297   0.0975  -0.0070   0.0000   0.0161   0.0065    0.085
 ---------------------------------------------------------------
