 ---------------------------------------------------------------
 Surface and Strip Forces by surface

  Sref = 0.13010       Cref = 0.15090       Bref = 0.91440    
  Xref = 0.10920       Yref =  0.0000       Zref =  0.0000    

  Surface # 1     Wing                                    
     # Chordwise = 10   # Spanwise = 20     First strip =  1
     Surface area Ssurf =    0.065037     Ave. chord Cave =    0.142250

 Forces referred to Sref, Cref, Bref about Xref, Yref, Zref
 Standard axis orientation,  X fwd, Z down         
     CLsurf  =   0.27920     Clsurf  =  -0.06011
     CYsurf  =   0.00389     Cmsurf  =  -0.02261
     CDsurf  =   0.00837     Cnsurf  =  -0.00651
     CDisurf =   0.00837     CDvsurf =   0.00000

 Forces referred to Ssurf, Cave 
     CLsurf  =   0.55852     CDsurf  =   0.01674

 Strip Forces referred to Strip Area, Chord
    j     Xle      Yle      Zle      Chord    Area     c_cl     ai     cl_norm    cl       cd       cdv    cm_c/4     cm_LE   C.P.x/c
     1   0.0003   0.0007   0.0000   0.2030   0.0006   0.0981   0.0492   0.5292   0.4680   0.1566   0.0000  -0.0156  -0.1253    0.283
     2   0.0027   0.0063   0.0000   0.2015   0.0017   0.0981   0.0493   0.5491   0.4856   0.0384   0.0000  -0.0138  -0.1245    0.278
     3   0.0075   0.0174   0.0000   0.1986   0.0027   0.0981   0.0503   0.5584   0.4938   0.0317   0.0000  -0.0095  -0.1222    0.269
     4   0.0145   0.0337   0.0000   0.1942   0.0036   0.0981   0.0518   0.5713   0.5053   0.0275   0.0000  -0.0047  -0.1203    0.259
     5   0.0236   0.0548   0.0000   0.1886   0.0044   0.0979   0.0531   0.5877   0.5198   0.0239   0.0000  -0.0006  -0.1197    0.251
     6   0.0345   0.0801   0.0000   0.1818   0.0050   0.0973   0.0539   0.6064   0.5363   0.0209   0.0000   0.0025  -0.1206    0.245
     7   0.0470   0.1092   0.0000   0.1741   0.0053   0.0961   0.0540   0.6262   0.5538   0.0185   0.0000   0.0045  -0.1227    0.242
     8   0.0608   0.1411   0.0000   0.1656   0.0055   0.0943   0.0537   0.6461   0.5714   0.0164   0.0000   0.0058  -0.1254    0.240
     9   0.0755   0.1752   0.0000   0.1565   0.0055   0.0917   0.0530   0.6650   0.5881   0.0146   0.0000   0.0066  -0.1285    0.239
    10   0.0907   0.2107   0.0000   0.1470   0.0053   0.0883   0.0524   0.6817   0.6029   0.0130   0.0000   0.0072  -0.1312    0.238
    11   0.1062   0.2465   0.0000   0.1375   0.0049   0.0841   0.0522   0.6952   0.6148   0.0115   0.0000   0.0078  -0.1333    0.237
    12   0.1214   0.2820   0.0000   0.1280   0.0045   0.0793   0.0529   0.7037   0.6224   0.0102   0.0000   0.0087  -0.1342    0.236
    13   0.1361   0.3161   0.0000   0.1189   0.0039   0.0738   0.0550   0.7049   0.6235   0.0089   0.0000   0.0101  -0.1332    0.234
    14   0.1499   0.3480   0.0000   0.1104   0.0034   0.0675   0.0590   0.6953   0.6150   0.0078   0.0000   0.0123  -0.1291    0.230
    15   0.1624   0.3771   0.0000   0.1027   0.0028   0.0604   0.0653   0.6695   0.5921   0.0067   0.0000   0.0158  -0.1207    0.223
    16   0.1733   0.4024   0.0000   0.0959   0.0022   0.0523   0.0735   0.6199   0.5483   0.0054   0.0000   0.0211  -0.1058    0.212
    17   0.1824   0.4235   0.0000   0.0903   0.0017   0.0427   0.0819   0.5384   0.4761   0.0037   0.0000   0.0274  -0.0835    0.192
    18   0.1894   0.4398   0.0000   0.0859   0.0012   0.0317   0.0872   0.4193   0.3709   0.0018   0.0000   0.0317  -0.0555    0.165
    19   0.1942   0.4509   0.0000   0.0830   0.0007   0.0194   0.0860   0.2658   0.2351   0.0001   0.0000   0.0280  -0.0279    0.131
    20   0.1966   0.4565   0.0000   0.0815   0.0002   0.0065   0.0793   0.0907   0.0802  -0.0016   0.0000   0.0116  -0.0076    0.105

  Surface # 2     Wing (YDUP)                             
     # Chordwise = 10   # Spanwise = 20     First strip = 21
     Surface area Ssurf =    0.065037     Ave. chord Cave =    0.142250

 Forces referred to Sref, Cref, Bref about Xref, Yref, Zref
 Standard axis orientation,  X fwd, Z down         
     CLsurf  =   0.27920     Clsurf  =   0.06011
     CYsurf  =  -0.00389     Cmsurf  =  -0.02261
     CDsurf  =   0.00837     Cnsurf  =   0.00651
     CDisurf =   0.00837     CDvsurf =   0.00000

 Forces referred to Ssurf, Cave 
     CLsurf  =   0.55852     CDsurf  =   0.01674

 Strip Forces referred to Strip Area, Chord
    j     Xle      Yle      Zle      Chord    Area     c_cl     ai     cl_norm    cl       cd       cdv    cm_c/4     cm_LE   C.P.x/c
    21   0.0003  -0.0007   0.0000   0.2030   0.0006   0.0981   0.0492   0.5292   0.4680   0.1566   0.0000  -0.0156   0.1253    0.283
    22   0.0027  -0.0063   0.0000   0.2015   0.0017   0.0981   0.0493   0.5491   0.4856   0.0384   0.0000  -0.0138   0.1245    0.278
    23   0.0075  -0.0174   0.0000   0.1986   0.0027   0.0981   0.0503   0.5584   0.4938   0.0317   0.0000  -0.0095   0.1222    0.269
    24   0.0145  -0.0337   0.0000   0.1942   0.0036   0.0981   0.0518   0.5713   0.5053   0.0275   0.0000  -0.0047   0.1203    0.259
    25   0.0236  -0.0548   0.0000   0.1886   0.0044   0.0979   0.0531   0.5877   0.5198   0.0239   0.0000  -0.0006   0.1197    0.251
    26   0.0345  -0.0801   0.0000   0.1818   0.0050   0.0973   0.0539   0.6064   0.5363   0.0209   0.0000   0.0025   0.1206    0.245
    27   0.0470  -0.1092   0.0000   0.1741   0.0053   0.0961   0.0540   0.6262   0.5538   0.0185   0.0000   0.0045   0.1227    0.242
    28   0.0608  -0.1411   0.0000   0.1656   0.0055   0.0943   0.0537   0.6461   0.5714   0.0164   0.0000   0.0058   0.1254    0.240
    29   0.0755  -0.1752   0.0000   0.1565   0.0055   0.0917   0.0530   0.6650   0.5881   0.0146   0.0000   0.0066   0.1285    0.239
    30   0.0907  -0.2107   0.0000   0.1470   0.0053   0.0883   0.0524   0.6817   0.6029   0.0130   0.0000   0.0072   0.1312    0.238
    31   0.1062  -0.2465   0.0000   0.1375   0.0049   0.0841   0.0522   0.6952   0.6148   0.0115   0.0000   0.0078   0.1333    0.237
    32   0.1214  -0.2820   0.0000   0.1280   0.0045   0.0793   0.0529   0.7037   0.6224   0.0102   0.0000   0.0087   0.1342    0.236
    33   0.1361  -0.3161   0.0000   0.1189   0.0039   0.0738   0.0550   0.7049   0.6235   0.0089   0.0000   0.0101   0.1332    0.234
    34   0.1499  -0.3480   0.0000   0.1104   0.0034   0.0675   0.0590   0.6953   0.6150   0.0078   0.0000   0.0123   0.1291    0.230
    35   0.1624  -0.3771   0.0000   0.1027   0.0028   0.0604   0.0653   0.6695   0.5921   0.0067   0.0000   0.0158   0.1207    0.223
    36   0.1733  -0.4024   0.0000   0.0959   0.0022   0.0523   0.0735   0.6199   0.5483   0.0054   0.0000   0.0211   0.1058    0.212
    37   0.1824  -0.4235   0.0000   0.0903   0.0017   0.0427   0.0819   0.5384   0.4761   0.0037   0.0000   0.0274   0.0835    0.192
    38   0.1894  -0.4398   0.0000   0.0859   0.0012   0.0317   0.0872   0.4193   0.3709   0.0018   0.0000   0.0317   0.0555    0.165
    39   0.1942  -0.4509   0.0000   0.0830   0.0007   0.0194   0.0860   0.2658   0.2351   0.0001   0.0000   0.0280   0.0279    0.131
    40   0.1966  -0.4565   0.0000   0.0815   0.0002   0.0065   0.0793   0.0907   0.0802  -0.0016   0.0000   0.0116   0.0076    0.105
 ---------------------------------------------------------------
