 ---------------------------------------------------------------
 Surface and Strip Forces by surface

  Sref = 0.99100E-01   Cref = 0.14000       Bref = 0.81280    
  Xref = 0.10920       Yref =  0.0000       Zref =  0.0000    

  Surface # 1     Wing                                    
     # Chordwise = 10   # Spanwise = 20     First strip =  1
     Surface area Ssurf =    0.049540     Ave. chord Cave =    0.121900

 Forces referred to Sref, Cref, Bref about Xref, Yref, Zref
 Standard axis orientation,  X fwd, Z down         
     CLsurf  =   0.36654     Clsurf  =  -0.07643
     CYsurf  =   0.00727     Cmsurf  =  -0.05496
     CDsurf  =   0.01429     Cnsurf  =  -0.01214
     CDisurf =   0.01429     CDvsurf =   0.00000

 Forces referred to Ssurf, Cave 
     CLsurf  =   0.73323     CDsurf  =   0.02858

 Strip Forces referred to Strip Area, Chord
    j     Xle      Yle      Zle      Chord    Area     c_cl     ai     cl_norm    cl       cd       cdv    cm_c/4     cm_LE   C.P.x/c
     1   0.0004   0.0006   0.0000   0.2029   0.0005   0.1155   0.0720   0.6414   0.5296   0.2887   0.0000  -0.0244  -0.1450    0.296
     2   0.0032   0.0056   0.0000   0.2010   0.0015   0.1155   0.0725   0.6915   0.5709   0.0686   0.0000  -0.0223  -0.1444    0.289
     3   0.0088   0.0155   0.0000   0.1970   0.0024   0.1155   0.0740   0.7079   0.5845   0.0566   0.0000  -0.0167  -0.1420    0.279
     4   0.0170   0.0299   0.0000   0.1912   0.0032   0.1153   0.0757   0.7302   0.6030   0.0498   0.0000  -0.0102  -0.1401    0.267
     5   0.0276   0.0487   0.0000   0.1837   0.0038   0.1149   0.0770   0.7587   0.6264   0.0435   0.0000  -0.0045  -0.1399    0.257
     6   0.0403   0.0712   0.0000   0.1747   0.0042   0.1138   0.0773   0.7921   0.6540   0.0379   0.0000  -0.0001  -0.1419    0.250
     7   0.0549   0.0970   0.0000   0.1644   0.0045   0.1120   0.0766   0.8291   0.6846   0.0330   0.0000   0.0029  -0.1457    0.246
     8   0.0710   0.1254   0.0000   0.1530   0.0045   0.1090   0.0747   0.8686   0.7172   0.0285   0.0000   0.0048  -0.1509    0.243
     9   0.0882   0.1558   0.0000   0.1409   0.0044   0.1050   0.0720   0.9094   0.7509   0.0243   0.0000   0.0058  -0.1570    0.242
    10   0.1060   0.1873   0.0000   0.1283   0.0041   0.0998   0.0687   0.9505   0.7848   0.0201   0.0000   0.0064  -0.1637    0.242
    11   0.1241   0.2191   0.0000   0.1155   0.0037   0.0936   0.0651   0.9908   0.8181   0.0159   0.0000   0.0068  -0.1703    0.242
    12   0.1419   0.2506   0.0000   0.1029   0.0032   0.0865   0.0618   1.0291   0.8497   0.0114   0.0000   0.0072  -0.1766    0.242
    13   0.1591   0.2810   0.0000   0.0908   0.0027   0.0788   0.0593   1.0632   0.8779   0.0068   0.0000   0.0078  -0.1820    0.241
    14   0.1752   0.3094   0.0000   0.0794   0.0022   0.0706   0.0586   1.0894   0.8995   0.0022   0.0000   0.0091  -0.1854    0.240
    15   0.1898   0.3352   0.0000   0.0691   0.0017   0.0620   0.0611   1.1008   0.9089  -0.0024   0.0000   0.0116  -0.1850    0.237
    16   0.2025   0.3577   0.0000   0.0601   0.0012   0.0530   0.0687   1.0838   0.8949  -0.0067   0.0000   0.0168  -0.1773    0.231
    17   0.2131   0.3765   0.0000   0.0526   0.0009   0.0434   0.0824   1.0141   0.8374  -0.0106   0.0000   0.0265  -0.1564    0.218
    18   0.2213   0.3909   0.0000   0.0468   0.0006   0.0325   0.0987   0.8561   0.7068  -0.0142   0.0000   0.0402  -0.1164    0.193
    19   0.2269   0.4008   0.0000   0.0428   0.0003   0.0202   0.1081   0.5814   0.4800  -0.0152   0.0000   0.0465  -0.0621    0.153
    20   0.2297   0.4058   0.0000   0.0409   0.0001   0.0068   0.1040   0.2063   0.1703  -0.0098   0.0000   0.0233  -0.0159    0.113

  Surface # 2     Wing (YDUP)                             
     # Chordwise = 10   # Spanwise = 20     First strip = 21
     Surface area Ssurf =    0.049540     Ave. chord Cave =    0.121900

 Forces referred to Sref, Cref, Bref about Xref, Yref, Zref
 Standard axis orientation,  X fwd, Z down         
     CLsurf  =   0.36654     Clsurf  =   0.07643
     CYsurf  =  -0.00727     Cmsurf  =  -0.05496
     CDsurf  =   0.01429     Cnsurf  =   0.01214
     CDisurf =   0.01429     CDvsurf =   0.00000

 Forces referred to Ssurf, Cave 
     CLsurf  =   0.73323     CDsurf  =   0.02858

 Strip Forces referred to Strip Area, Chord
    j     Xle      Yle      Zle      Chord    Area     c_cl     ai     cl_norm    cl       cd       cdv    cm_c/4     cm_LE   C.P.x/c
    21   0.0004  -0.0006   0.0000   0.2029   0.0005   0.1155   0.0720   0.6414   0.5296   0.2887   0.0000  -0.0244   0.1450    0.296
    22   0.0032  -0.0056   0.0000   0.2010   0.0015   0.1155   0.0725   0.6915   0.5709   0.0686   0.0000  -0.0223   0.1444    0.289
    23   0.0088  -0.0155   0.0000   0.1970   0.0024   0.1155   0.0740   0.7079   0.5845   0.0566   0.0000  -0.0167   0.1420    0.279
    24   0.0170  -0.0299   0.0000   0.1912   0.0032   0.1153   0.0757   0.7302   0.6030   0.0498   0.0000  -0.0102   0.1401    0.267
    25   0.0276  -0.0487   0.0000   0.1837   0.0038   0.1149   0.0770   0.7587   0.6264   0.0435   0.0000  -0.0045   0.1399    0.257
    26   0.0403  -0.0712   0.0000   0.1747   0.0042   0.1138   0.0773   0.7921   0.6540   0.0379   0.0000  -0.0001   0.1419    0.250
    27   0.0549  -0.0970   0.0000   0.1644   0.0045   0.1120   0.0766   0.8291   0.6846   0.0330   0.0000   0.0029   0.1457    0.246
    28   0.0710  -0.1254   0.0000   0.1530   0.0045   0.1090   0.0747   0.8686   0.7172   0.0285   0.0000   0.0048   0.1509    0.243
    29   0.0882  -0.1558   0.0000   0.1409   0.0044   0.1050   0.0720   0.9094   0.7509   0.0243   0.0000   0.0058   0.1570    0.242
    30   0.1060  -0.1873   0.0000   0.1283   0.0041   0.0998   0.0687   0.9505   0.7848   0.0201   0.0000   0.0064   0.1637    0.242
    31   0.1241  -0.2191   0.0000   0.1155   0.0037   0.0936   0.0651   0.9908   0.8181   0.0159   0.0000   0.0068   0.1703    0.242
    32   0.1419  -0.2506   0.0000   0.1029   0.0032   0.0865   0.0618   1.0291   0.8497   0.0114   0.0000   0.0072   0.1766    0.242
    33   0.1591  -0.2810   0.0000   0.0908   0.0027   0.0788   0.0593   1.0632   0.8779   0.0068   0.0000   0.0078   0.1820    0.241
    34   0.1752  -0.3094   0.0000   0.0794   0.0022   0.0706   0.0586   1.0894   0.8995   0.0022   0.0000   0.0091   0.1854    0.240
    35   0.1898  -0.3352   0.0000   0.0691   0.0017   0.0620   0.0611   1.1008   0.9089  -0.0024   0.0000   0.0116   0.1850    0.237
    36   0.2025  -0.3577   0.0000   0.0601   0.0012   0.0530   0.0687   1.0838   0.8949  -0.0067   0.0000   0.0168   0.1773    0.231
    37   0.2131  -0.3765   0.0000   0.0526   0.0009   0.0434   0.0824   1.0141   0.8374  -0.0106   0.0000   0.0265   0.1564    0.218
    38   0.2213  -0.3909   0.0000   0.0468   0.0006   0.0325   0.0987   0.8561   0.7068  -0.0142   0.0000   0.0402   0.1164    0.193
    39   0.2269  -0.4008   0.0000   0.0428   0.0003   0.0202   0.1081   0.5814   0.4800  -0.0152   0.0000   0.0465   0.0621    0.153
    40   0.2297  -0.4058   0.0000   0.0409   0.0001   0.0068   0.1040   0.2063   0.1703  -0.0098   0.0000   0.0233   0.0159    0.113
 ---------------------------------------------------------------
