 ---------------------------------------------------------------
 Surface and Strip Forces by surface

  Sref = 0.13940       Cref = 0.17500       Bref = 0.91440    
  Xref = 0.10920       Yref =  0.0000       Zref =  0.0000    

  Surface # 1     Wing                                    
     # Chordwise = 10   # Spanwise = 20     First strip =  1
     Surface area Ssurf =    0.069677     Ave. chord Cave =    0.152400

 Forces referred to Sref, Cref, Bref about Xref, Yref, Zref
 Standard axis orientation,  X fwd, Z down         
     CLsurf  =   0.26058     Clsurf  =  -0.05491
     CYsurf  =   0.00517     Cmsurf  =  -0.09793
     CDsurf  =   0.00817     Cnsurf  =  -0.00706
     CDisurf =   0.00817     CDvsurf =   0.00000

 Forces referred to Ssurf, Cave 
     CLsurf  =   0.52132     CDsurf  =   0.01634

 Strip Forces referred to Strip Area, Chord
    j     Xle      Yle      Zle      Chord    Area     c_cl     ai     cl_norm    cl       cd       cdv    cm_c/4     cm_LE   C.P.x/c
     1   0.0005   0.0007   0.0000   0.2537   0.0007   0.1015   0.0543   0.5049   0.3802   0.1940   0.0000  -0.0214  -0.1000    0.306
     2   0.0043   0.0063   0.0000   0.2512   0.0021   0.1015   0.0540   0.5342   0.4022   0.0401   0.0000  -0.0198  -0.0995    0.299
     3   0.0120   0.0174   0.0000   0.2463   0.0034   0.1015   0.0551   0.5462   0.4112   0.0328   0.0000  -0.0153  -0.0975    0.287
     4   0.0232   0.0337   0.0000   0.2390   0.0045   0.1015   0.0568   0.5631   0.4240   0.0292   0.0000  -0.0098  -0.0954    0.273
     5   0.0377   0.0548   0.0000   0.2297   0.0054   0.1012   0.0582   0.5852   0.4406   0.0256   0.0000  -0.0047  -0.0946    0.261
     6   0.0552   0.0801   0.0000   0.2184   0.0060   0.1004   0.0591   0.6116   0.4605   0.0223   0.0000  -0.0007  -0.0953    0.252
     7   0.0752   0.1092   0.0000   0.2055   0.0063   0.0990   0.0591   0.6413   0.4829   0.0192   0.0000   0.0022  -0.0974    0.246
     8   0.0972   0.1411   0.0000   0.1913   0.0063   0.0967   0.0582   0.6733   0.5070   0.0164   0.0000   0.0040  -0.1008    0.242
     9   0.1207   0.1752   0.0000   0.1761   0.0061   0.0934   0.0566   0.7069   0.5322   0.0138   0.0000   0.0052  -0.1049    0.240
    10   0.1451   0.2107   0.0000   0.1604   0.0057   0.0891   0.0545   0.7411   0.5580   0.0112   0.0000   0.0059  -0.1095    0.239
    11   0.1697   0.2465   0.0000   0.1444   0.0052   0.0839   0.0523   0.7751   0.5836   0.0086   0.0000   0.0063  -0.1143    0.239
    12   0.1941   0.2820   0.0000   0.1287   0.0045   0.0778   0.0502   0.8078   0.6082   0.0058   0.0000   0.0068  -0.1189    0.239
    13   0.2176   0.3161   0.0000   0.1135   0.0038   0.0711   0.0487   0.8375   0.6306   0.0028   0.0000   0.0074  -0.1229    0.238
    14   0.2396   0.3480   0.0000   0.0993   0.0030   0.0639   0.0488   0.8610   0.6483  -0.0002   0.0000   0.0086  -0.1255    0.237
    15   0.2596   0.3771   0.0000   0.0864   0.0024   0.0564   0.0513   0.8726   0.6570  -0.0034   0.0000   0.0109  -0.1253    0.233
    16   0.2771   0.4024   0.0000   0.0751   0.0018   0.0483   0.0579   0.8608   0.6481  -0.0066   0.0000   0.0155  -0.1196    0.226
    17   0.2916   0.4235   0.0000   0.0658   0.0012   0.0395   0.0686   0.8052   0.6063  -0.0100   0.0000   0.0239  -0.1040    0.211
    18   0.3028   0.4398   0.0000   0.0585   0.0008   0.0296   0.0797   0.6772   0.5099  -0.0132   0.0000   0.0353  -0.0749    0.181
    19   0.3105   0.4509   0.0000   0.0536   0.0004   0.0182   0.0833   0.4568   0.3440  -0.0139   0.0000   0.0396  -0.0374    0.135
    20   0.3143   0.4565   0.0000   0.0511   0.0001   0.0061   0.0759   0.1610   0.1212  -0.0086   0.0000   0.0193  -0.0087    0.091

  Surface # 2     Wing (YDUP)                             
     # Chordwise = 10   # Spanwise = 20     First strip = 21
     Surface area Ssurf =    0.069677     Ave. chord Cave =    0.152400

 Forces referred to Sref, Cref, Bref about Xref, Yref, Zref
 Standard axis orientation,  X fwd, Z down         
     CLsurf  =   0.26058     Clsurf  =   0.05491
     CYsurf  =  -0.00517     Cmsurf  =  -0.09793
     CDsurf  =   0.00817     Cnsurf  =   0.00706
     CDisurf =   0.00817     CDvsurf =   0.00000

 Forces referred to Ssurf, Cave 
     CLsurf  =   0.52132     CDsurf  =   0.01634

 Strip Forces referred to Strip Area, Chord
    j     Xle      Yle      Zle      Chord    Area     c_cl     ai     cl_norm    cl       cd       cdv    cm_c/4     cm_LE   C.P.x/c
    21   0.0005  -0.0007   0.0000   0.2537   0.0007   0.1015   0.0543   0.5049   0.3802   0.1940   0.0000  -0.0214   0.1000    0.306
    22   0.0043  -0.0063   0.0000   0.2512   0.0021   0.1015   0.0540   0.5342   0.4022   0.0401   0.0000  -0.0198   0.0995    0.299
    23   0.0120  -0.0174   0.0000   0.2463   0.0034   0.1015   0.0551   0.5462   0.4112   0.0328   0.0000  -0.0153   0.0975    0.287
    24   0.0232  -0.0337   0.0000   0.2390   0.0045   0.1015   0.0568   0.5631   0.4240   0.0292   0.0000  -0.0098   0.0954    0.273
    25   0.0377  -0.0548   0.0000   0.2297   0.0054   0.1012   0.0582   0.5852   0.4406   0.0256   0.0000  -0.0047   0.0946    0.261
    26   0.0552  -0.0801   0.0000   0.2184   0.0060   0.1004   0.0591   0.6116   0.4605   0.0223   0.0000  -0.0007   0.0953    0.252
    27   0.0752  -0.1092   0.0000   0.2055   0.0063   0.0990   0.0591   0.6413   0.4829   0.0192   0.0000   0.0022   0.0974    0.246
    28   0.0972  -0.1411   0.0000   0.1913   0.0063   0.0967   0.0582   0.6733   0.5070   0.0164   0.0000   0.0040   0.1008    0.242
    29   0.1207  -0.1752   0.0000   0.1761   0.0061   0.0934   0.0566   0.7069   0.5322   0.0138   0.0000   0.0052   0.1049    0.240
    30   0.1451  -0.2107   0.0000   0.1604   0.0057   0.0891   0.0545   0.7411   0.5580   0.0112   0.0000   0.0059   0.1095    0.239
    31   0.1697  -0.2465   0.0000   0.1444   0.0052   0.0839   0.0523   0.7751   0.5836   0.0086   0.0000   0.0063   0.1143    0.239
    32   0.1941  -0.2820   0.0000   0.1287   0.0045   0.0778   0.0502   0.8078   0.6082   0.0058   0.0000   0.0068   0.1189    0.239
    33   0.2176  -0.3161   0.0000   0.1135   0.0038   0.0711   0.0487   0.8375   0.6306   0.0028   0.0000   0.0074   0.1229    0.238
    34   0.2396  -0.3480   0.0000   0.0993   0.0030   0.0639   0.0488   0.8610   0.6483  -0.0002   0.0000   0.0086   0.1255    0.237
    35   0.2596  -0.3771   0.0000   0.0864   0.0024   0.0564   0.0513   0.8726   0.6570  -0.0034   0.0000   0.0109   0.1253    0.233
    36   0.2771  -0.4024   0.0000   0.0751   0.0018   0.0483   0.0579   0.8608   0.6481  -0.0066   0.0000   0.0155   0.1196    0.226
    37   0.2916  -0.4235   0.0000   0.0658   0.0012   0.0395   0.0686   0.8052   0.6063  -0.0100   0.0000   0.0239   0.1040    0.211
    38   0.3028  -0.4398   0.0000   0.0585   0.0008   0.0296   0.0797   0.6772   0.5099  -0.0132   0.0000   0.0353   0.0749    0.181
    39   0.3105  -0.4509   0.0000   0.0536   0.0004   0.0182   0.0833   0.4568   0.3440  -0.0139   0.0000   0.0396   0.0374    0.135
    40   0.3143  -0.4565   0.0000   0.0511   0.0001   0.0061   0.0759   0.1610   0.1212  -0.0086   0.0000   0.0193   0.0087    0.091
 ---------------------------------------------------------------
