 ---------------------------------------------------------------
 Surface and Strip Forces by surface

  Sref = 0.22990       Cref = 0.25250       Bref = 0.91440    
  Xref = 0.10920       Yref =  0.0000       Zref =  0.0000    

  Surface # 1     Wing                                    
     # Chordwise = 10   # Spanwise = 20     First strip =  1
     Surface area Ssurf =    0.114963     Ave. chord Cave =    0.251450

 Forces referred to Sref, Cref, Bref about Xref, Yref, Zref
 Standard axis orientation,  X fwd, Z down         
     CLsurf  =   0.15800     Clsurf  =  -0.03470
     CYsurf  =   0.00289     Cmsurf  =  -0.02965
     CDsurf  =   0.00481     Cnsurf  =  -0.00321
     CDisurf =   0.00481     CDvsurf =   0.00000

 Forces referred to Ssurf, Cave 
     CLsurf  =   0.31597     CDsurf  =   0.00962

 Strip Forces referred to Strip Area, Chord
    j     Xle      Yle      Zle      Chord    Area     c_cl     ai     cl_norm    cl       cd       cdv    cm_c/4     cm_LE   C.P.x/c
     1   0.0004   0.0007   0.0000   0.2793   0.0008   0.0937   0.0409   0.3955   0.3253   0.1346   0.0000  -0.0143  -0.0879    0.294
     2   0.0031   0.0063   0.0000   0.2786   0.0023   0.0936   0.0395   0.4076   0.3353   0.0241   0.0000  -0.0132  -0.0870    0.289
     3   0.0086   0.0174   0.0000   0.2773   0.0038   0.0937   0.0400   0.4103   0.3375   0.0185   0.0000  -0.0100  -0.0846    0.280
     4   0.0167   0.0337   0.0000   0.2753   0.0052   0.0938   0.0417   0.4140   0.3405   0.0165   0.0000  -0.0060  -0.0816    0.268
     5   0.0272   0.0548   0.0000   0.2727   0.0064   0.0939   0.0440   0.4186   0.3443   0.0146   0.0000  -0.0021  -0.0790    0.256
     6   0.0398   0.0801   0.0000   0.2696   0.0074   0.0939   0.0463   0.4237   0.3485   0.0129   0.0000   0.0012  -0.0770    0.247
     7   0.0542   0.1092   0.0000   0.2661   0.0081   0.0937   0.0486   0.4284   0.3524   0.0115   0.0000   0.0038  -0.0755    0.239
     8   0.0701   0.1411   0.0000   0.2621   0.0087   0.0930   0.0510   0.4318   0.3551   0.0104   0.0000   0.0059  -0.0742    0.233
     9   0.0871   0.1752   0.0000   0.2580   0.0090   0.0917   0.0535   0.4329   0.3561   0.0094   0.0000   0.0077  -0.0727    0.228
    10   0.1047   0.2107   0.0000   0.2536   0.0091   0.0897   0.0562   0.4308   0.3543   0.0085   0.0000   0.0094  -0.0708    0.223
    11   0.1225   0.2465   0.0000   0.2493   0.0089   0.0868   0.0594   0.4242   0.3489   0.0077   0.0000   0.0113  -0.0679    0.218
    12   0.1401   0.2820   0.0000   0.2449   0.0085   0.0829   0.0629   0.4121   0.3389   0.0069   0.0000   0.0135  -0.0637    0.210
    13   0.1571   0.3161   0.0000   0.2408   0.0080   0.0777   0.0667   0.3929   0.3232   0.0060   0.0000   0.0160  -0.0578    0.200
    14   0.1730   0.3480   0.0000   0.2368   0.0072   0.0711   0.0702   0.3655   0.3006   0.0050   0.0000   0.0189  -0.0502    0.187
    15   0.1874   0.3771   0.0000   0.2333   0.0064   0.0629   0.0728   0.3288   0.2704   0.0038   0.0000   0.0218  -0.0409    0.169
    16   0.2000   0.4024   0.0000   0.2302   0.0054   0.0534   0.0737   0.2826   0.2324   0.0026   0.0000   0.0239  -0.0305    0.147
    17   0.2105   0.4235   0.0000   0.2276   0.0043   0.0425   0.0723   0.2277   0.1873   0.0013   0.0000   0.0242  -0.0202    0.121
    18   0.2186   0.4398   0.0000   0.2256   0.0031   0.0307   0.0684   0.1662   0.1367   0.0002   0.0000   0.0215  -0.0113    0.093
    19   0.2241   0.4509   0.0000   0.2243   0.0019   0.0185   0.0626   0.1007   0.0828  -0.0009   0.0000   0.0150  -0.0050    0.068
    20   0.2268   0.4565   0.0000   0.2236   0.0006   0.0062   0.0582   0.0337   0.0278  -0.0015   0.0000   0.0054  -0.0013    0.055

  Surface # 2     Wing (YDUP)                             
     # Chordwise = 10   # Spanwise = 20     First strip = 21
     Surface area Ssurf =    0.114963     Ave. chord Cave =    0.251450

 Forces referred to Sref, Cref, Bref about Xref, Yref, Zref
 Standard axis orientation,  X fwd, Z down         
     CLsurf  =   0.15800     Clsurf  =   0.03470
     CYsurf  =  -0.00289     Cmsurf  =  -0.02965
     CDsurf  =   0.00481     Cnsurf  =   0.00321
     CDisurf =   0.00481     CDvsurf =   0.00000

 Forces referred to Ssurf, Cave 
     CLsurf  =   0.31597     CDsurf  =   0.00962

 Strip Forces referred to Strip Area, Chord
    j     Xle      Yle      Zle      Chord    Area     c_cl     ai     cl_norm    cl       cd       cdv    cm_c/4     cm_LE   C.P.x/c
    21   0.0004  -0.0007   0.0000   0.2793   0.0008   0.0937   0.0409   0.3955   0.3253   0.1346   0.0000  -0.0143   0.0879    0.294
    22   0.0031  -0.0063   0.0000   0.2786   0.0023   0.0936   0.0395   0.4076   0.3353   0.0241   0.0000  -0.0132   0.0870    0.289
    23   0.0086  -0.0174   0.0000   0.2773   0.0038   0.0937   0.0400   0.4103   0.3375   0.0185   0.0000  -0.0100   0.0846    0.280
    24   0.0167  -0.0337   0.0000   0.2753   0.0052   0.0938   0.0417   0.4140   0.3405   0.0165   0.0000  -0.0060   0.0816    0.268
    25   0.0272  -0.0548   0.0000   0.2727   0.0064   0.0939   0.0440   0.4186   0.3443   0.0146   0.0000  -0.0021   0.0790    0.256
    26   0.0398  -0.0801   0.0000   0.2696   0.0074   0.0939   0.0463   0.4237   0.3485   0.0129   0.0000   0.0012   0.0770    0.247
    27   0.0542  -0.1092   0.0000   0.2661   0.0081   0.0937   0.0486   0.4284   0.3524   0.0115   0.0000   0.0038   0.0755    0.239
    28   0.0701  -0.1411   0.0000   0.2621   0.0087   0.0930   0.0510   0.4318   0.3551   0.0104   0.0000   0.0059   0.0742    0.233
    29   0.0871  -0.1752   0.0000   0.2580   0.0090   0.0917   0.0535   0.4329   0.3561   0.0094   0.0000   0.0077   0.0727    0.228
    30   0.1047  -0.2107   0.0000   0.2536   0.0091   0.0897   0.0562   0.4308   0.3543   0.0085   0.0000   0.0094   0.0708    0.223
    31   0.1225  -0.2465   0.0000   0.2493   0.0089   0.0868   0.0594   0.4242   0.3489   0.0077   0.0000   0.0113   0.0679    0.218
    32   0.1401  -0.2820   0.0000   0.2449   0.0085   0.0829   0.0629   0.4121   0.3389   0.0069   0.0000   0.0135   0.0637    0.210
    33   0.1571  -0.3161   0.0000   0.2408   0.0080   0.0777   0.0667   0.3929   0.3232   0.0060   0.0000   0.0160   0.0578    0.200
    34   0.1730  -0.3480   0.0000   0.2368   0.0072   0.0711   0.0702   0.3655   0.3006   0.0050   0.0000   0.0189   0.0502    0.187
    35   0.1874  -0.3771   0.0000   0.2333   0.0064   0.0629   0.0728   0.3288   0.2704   0.0038   0.0000   0.0218   0.0409    0.169
    36   0.2000  -0.4024   0.0000   0.2302   0.0054   0.0534   0.0737   0.2826   0.2324   0.0026   0.0000   0.0239   0.0305    0.147
    37   0.2105  -0.4235   0.0000   0.2276   0.0043   0.0425   0.0723   0.2277   0.1873   0.0013   0.0000   0.0242   0.0202    0.121
    38   0.2186  -0.4398   0.0000   0.2256   0.0031   0.0307   0.0684   0.1662   0.1367   0.0002   0.0000   0.0215   0.0113    0.093
    39   0.2241  -0.4509   0.0000   0.2243   0.0019   0.0185   0.0626   0.1007   0.0828  -0.0009   0.0000   0.0150   0.0050    0.068
    40   0.2268  -0.4565   0.0000   0.2236   0.0006   0.0062   0.0582   0.0337   0.0278  -0.0015   0.0000   0.0054   0.0013    0.055
 ---------------------------------------------------------------
