 ---------------------------------------------------------------
 Surface and Strip Forces by surface

  Sref = 0.20900       Cref = 0.22860       Bref = 0.91440    
  Xref = 0.10920       Yref =  0.0000       Zref =  0.0000    

  Surface # 1     Wing                                    
     # Chordwise = 10   # Spanwise = 20     First strip =  1
     Surface area Ssurf =    0.104516     Ave. chord Cave =    0.228600

 Forces referred to Sref, Cref, Bref about Xref, Yref, Zref
 Standard axis orientation,  X fwd, Z down         
     CLsurf  =   0.17380     Clsurf  =  -0.03904
     CYsurf  =   0.00618     Cmsurf  =  -0.04619
     CDsurf  =   0.00536     Cnsurf  =  -0.00481
     CDisurf =   0.00536     CDvsurf =   0.00000

 Forces referred to Ssurf, Cave 
     CLsurf  =   0.34755     CDsurf  =   0.01071

 Strip Forces referred to Strip Area, Chord
    j     Xle      Yle      Zle      Chord    Area     c_cl     ai     cl_norm    cl       cd       cdv    cm_c/4     cm_LE   C.P.x/c
     1   0.0004   0.0007   0.0000   0.2286   0.0006   0.0880   0.0233   0.4943   0.3717   0.1596   0.0000  -0.0243  -0.1043    0.315
     2   0.0036   0.0063   0.0000   0.2286   0.0019   0.0880   0.0237   0.5105   0.3839   0.0296   0.0000  -0.0221  -0.1025    0.308
     3   0.0100   0.0174   0.0000   0.2286   0.0031   0.0882   0.0272   0.5126   0.3855   0.0237   0.0000  -0.0168  -0.0981    0.294
     4   0.0195   0.0337   0.0000   0.2286   0.0043   0.0888   0.0319   0.5160   0.3881   0.0205   0.0000  -0.0106  -0.0932    0.277
     5   0.0316   0.0548   0.0000   0.2286   0.0053   0.0895   0.0367   0.5205   0.3915   0.0176   0.0000  -0.0052  -0.0892    0.263
     6   0.0463   0.0801   0.0000   0.2286   0.0062   0.0902   0.0411   0.5253   0.3951   0.0151   0.0000  -0.0010  -0.0863    0.252
     7   0.0630   0.1092   0.0000   0.2286   0.0070   0.0909   0.0451   0.5291   0.3980   0.0132   0.0000   0.0021  -0.0842    0.245
     8   0.0815   0.1411   0.0000   0.2286   0.0076   0.0911   0.0491   0.5310   0.3993   0.0118   0.0000   0.0044  -0.0825    0.239
     9   0.1012   0.1752   0.0000   0.2286   0.0080   0.0909   0.0531   0.5297   0.3984   0.0107   0.0000   0.0064  -0.0806    0.234
    10   0.1216   0.2107   0.0000   0.2286   0.0082   0.0900   0.0576   0.5243   0.3943   0.0097   0.0000   0.0083  -0.0780    0.229
    11   0.1424   0.2465   0.0000   0.2286   0.0082   0.0881   0.0627   0.5135   0.3862   0.0089   0.0000   0.0104  -0.0744    0.223
    12   0.1628   0.2820   0.0000   0.2286   0.0080   0.0851   0.0682   0.4959   0.3730   0.0080   0.0000   0.0130  -0.0693    0.215
    13   0.1825   0.3161   0.0000   0.2286   0.0076   0.0806   0.0739   0.4699   0.3534   0.0069   0.0000   0.0161  -0.0624    0.204
    14   0.2010   0.3480   0.0000   0.2286   0.0070   0.0744   0.0791   0.4341   0.3265   0.0056   0.0000   0.0197  -0.0534    0.190
    15   0.2177   0.3771   0.0000   0.2286   0.0062   0.0664   0.0828   0.3876   0.2915   0.0041   0.0000   0.0233  -0.0427    0.170
    16   0.2324   0.4024   0.0000   0.2286   0.0053   0.0566   0.0842   0.3305   0.2486   0.0024   0.0000   0.0261  -0.0311    0.145
    17   0.2445   0.4235   0.0000   0.2286   0.0043   0.0453   0.0825   0.2643   0.1987   0.0008   0.0000   0.0266  -0.0198    0.116
    18   0.2540   0.4398   0.0000   0.2286   0.0031   0.0328   0.0779   0.1915   0.1441  -0.0005   0.0000   0.0237  -0.0105    0.086
    19   0.2604   0.4509   0.0000   0.2286   0.0019   0.0197   0.0715   0.1155   0.0869  -0.0015   0.0000   0.0165  -0.0044    0.059
    20   0.2636   0.4565   0.0000   0.2286   0.0006   0.0066   0.0670   0.0387   0.0291  -0.0020   0.0000   0.0059  -0.0011    0.046

  Surface # 2     Wing (YDUP)                             
     # Chordwise = 10   # Spanwise = 20     First strip = 21
     Surface area Ssurf =    0.104516     Ave. chord Cave =    0.228600

 Forces referred to Sref, Cref, Bref about Xref, Yref, Zref
 Standard axis orientation,  X fwd, Z down         
     CLsurf  =   0.17380     Clsurf  =   0.03904
     CYsurf  =  -0.00618     Cmsurf  =  -0.04619
     CDsurf  =   0.00536     Cnsurf  =   0.00481
     CDisurf =   0.00536     CDvsurf =   0.00000

 Forces referred to Ssurf, Cave 
     CLsurf  =   0.34755     CDsurf  =   0.01071

 Strip Forces referred to Strip Area, Chord
    j     Xle      Yle      Zle      Chord    Area     c_cl     ai     cl_norm    cl       cd       cdv    cm_c/4     cm_LE   C.P.x/c
    21   0.0004  -0.0007   0.0000   0.2286   0.0006   0.0880   0.0233   0.4943   0.3717   0.1596   0.0000  -0.0243   0.1043    0.315
    22   0.0036  -0.0063   0.0000   0.2286   0.0019   0.0880   0.0237   0.5105   0.3839   0.0296   0.0000  -0.0221   0.1025    0.308
    23   0.0100  -0.0174   0.0000   0.2286   0.0031   0.0882   0.0272   0.5126   0.3855   0.0237   0.0000  -0.0168   0.0981    0.294
    24   0.0195  -0.0337   0.0000   0.2286   0.0043   0.0888   0.0319   0.5160   0.3881   0.0205   0.0000  -0.0106   0.0932    0.277
    25   0.0316  -0.0548   0.0000   0.2286   0.0053   0.0895   0.0367   0.5205   0.3915   0.0176   0.0000  -0.0052   0.0892    0.263
    26   0.0463  -0.0801   0.0000   0.2286   0.0062   0.0902   0.0411   0.5253   0.3951   0.0151   0.0000  -0.0010   0.0863    0.252
    27   0.0630  -0.1092   0.0000   0.2286   0.0070   0.0909   0.0451   0.5291   0.3980   0.0132   0.0000   0.0021   0.0842    0.245
    28   0.0815  -0.1411   0.0000   0.2286   0.0076   0.0911   0.0491   0.5310   0.3993   0.0118   0.0000   0.0044   0.0825    0.239
    29   0.1012  -0.1752   0.0000   0.2286   0.0080   0.0909   0.0531   0.5297   0.3984   0.0107   0.0000   0.0064   0.0806    0.234
    30   0.1216  -0.2107   0.0000   0.2286   0.0082   0.0900   0.0576   0.5243   0.3943   0.0097   0.0000   0.0083   0.0780    0.229
    31   0.1424  -0.2465   0.0000   0.2286   0.0082   0.0881   0.0627   0.5135   0.3862   0.0089   0.0000   0.0104   0.0744    0.223
    32   0.1628  -0.2820   0.0000   0.2286   0.0080   0.0851   0.0682   0.4959   0.3730   0.0080   0.0000   0.0130   0.0693    0.215
    33   0.1825  -0.3161   0.0000   0.2286   0.0076   0.0806   0.0739   0.4699   0.3534   0.0069   0.0000   0.0161   0.0624    0.204
    34   0.2010  -0.3480   0.0000   0.2286   0.0070   0.0744   0.0791   0.4341   0.3265   0.0056   0.0000   0.0197   0.0534    0.190
    35   0.2177  -0.3771   0.0000   0.2286   0.0062   0.0664   0.0828   0.3876   0.2915   0.0041   0.0000   0.0233   0.0427    0.170
    36   0.2324  -0.4024   0.0000   0.2286   0.0053   0.0566   0.0842   0.3305   0.2486   0.0024   0.0000   0.0261   0.0311    0.145
    37   0.2445  -0.4235   0.0000   0.2286   0.0043   0.0453   0.0825   0.2643   0.1987   0.0008   0.0000   0.0266   0.0198    0.116
    38   0.2540  -0.4398   0.0000   0.2286   0.0031   0.0328   0.0779   0.1915   0.1441  -0.0005   0.0000   0.0237   0.0105    0.086
    39   0.2604  -0.4509   0.0000   0.2286   0.0019   0.0197   0.0715   0.1155   0.0869  -0.0015   0.0000   0.0165   0.0044    0.059
    40   0.2636  -0.4565   0.0000   0.2286   0.0006   0.0066   0.0670   0.0387   0.0291  -0.0020   0.0000   0.0059   0.0011    0.046
 ---------------------------------------------------------------
