 ---------------------------------------------------------------
 Surface and Strip Forces by surface

  Sref = 0.16520       Cref = 0.20740       Bref = 0.81280    
  Xref = 0.10920       Yref =  0.0000       Zref =  0.0000    

  Surface # 1     Wing                                    
     # Chordwise = 10   # Spanwise = 20     First strip =  1
     Surface area Ssurf =    0.082580     Ave. chord Cave =    0.203200

 Forces referred to Sref, Cref, Bref about Xref, Yref, Zref
 Standard axis orientation,  X fwd, Z down         
     CLsurf  =   0.21988     Clsurf  =  -0.04769
     CYsurf  =   0.00216     Cmsurf  =  -0.01517
     CDsurf  =   0.00832     Cnsurf  =  -0.00467
     CDisurf =   0.00832     CDvsurf =   0.00000

 Forces referred to Ssurf, Cave 
     CLsurf  =   0.43987     CDsurf  =   0.01664

 Strip Forces referred to Strip Area, Chord
    j     Xle      Yle      Zle      Chord    Area     c_cl     ai     cl_norm    cl       cd       cdv    cm_c/4     cm_LE   C.P.x/c
     1   0.0003   0.0006   0.0000   0.2538   0.0006   0.1086   0.0598   0.4647   0.4109   0.1758   0.0000  -0.0115  -0.1089    0.278
     2   0.0024   0.0056   0.0000   0.2526   0.0019   0.1086   0.0593   0.4847   0.4286   0.0362   0.0000  -0.0105  -0.1085    0.274
     3   0.0066   0.0155   0.0000   0.2501   0.0031   0.1086   0.0597   0.4904   0.4336   0.0287   0.0000  -0.0076  -0.1068    0.268
     4   0.0128   0.0299   0.0000   0.2465   0.0041   0.1085   0.0608   0.4978   0.4402   0.0258   0.0000  -0.0039  -0.1049    0.259
     5   0.0208   0.0487   0.0000   0.2418   0.0050   0.1084   0.0621   0.5069   0.4483   0.0231   0.0000  -0.0003  -0.1033    0.251
     6   0.0304   0.0712   0.0000   0.2362   0.0057   0.1079   0.0634   0.5172   0.4573   0.0208   0.0000   0.0028  -0.1025    0.244
     7   0.0414   0.0970   0.0000   0.2297   0.0062   0.1070   0.0647   0.5276   0.4665   0.0189   0.0000   0.0053  -0.1023    0.239
     8   0.0535   0.1254   0.0000   0.2226   0.0066   0.1055   0.0660   0.5371   0.4749   0.0172   0.0000   0.0073  -0.1023    0.235
     9   0.0664   0.1558   0.0000   0.2151   0.0067   0.1033   0.0673   0.5446   0.4816   0.0158   0.0000   0.0089  -0.1022    0.231
    10   0.0799   0.1873   0.0000   0.2072   0.0066   0.1003   0.0690   0.5488   0.4853   0.0146   0.0000   0.0105  -0.1016    0.228
    11   0.0934   0.2191   0.0000   0.1992   0.0063   0.0963   0.0713   0.5484   0.4849   0.0134   0.0000   0.0123  -0.0999    0.225
    12   0.1069   0.2506   0.0000   0.1913   0.0059   0.0913   0.0742   0.5414   0.4788   0.0122   0.0000   0.0143  -0.0965    0.220
    13   0.1198   0.2810   0.0000   0.1838   0.0054   0.0852   0.0779   0.5259   0.4651   0.0110   0.0000   0.0169  -0.0910    0.214
    14   0.1319   0.3094   0.0000   0.1767   0.0048   0.0777   0.0821   0.4995   0.4417   0.0096   0.0000   0.0201  -0.0827    0.204
    15   0.1429   0.3352   0.0000   0.1702   0.0041   0.0689   0.0864   0.4598   0.4066   0.0080   0.0000   0.0237  -0.0713    0.192
    16   0.1525   0.3577   0.0000   0.1646   0.0034   0.0587   0.0897   0.4047   0.3579   0.0062   0.0000   0.0270  -0.0571    0.175
    17   0.1605   0.3765   0.0000   0.1599   0.0027   0.0470   0.0911   0.3339   0.2953   0.0043   0.0000   0.0286  -0.0413    0.153
    18   0.1667   0.3909   0.0000   0.1563   0.0019   0.0342   0.0896   0.2487   0.2200   0.0023   0.0000   0.0266  -0.0258    0.129
    19   0.1709   0.4008   0.0000   0.1538   0.0011   0.0207   0.0850   0.1530   0.1353   0.0004   0.0000   0.0194  -0.0130    0.106
    20   0.1730   0.4058   0.0000   0.1526   0.0004   0.0069   0.0802   0.0517   0.0457  -0.0014   0.0000   0.0072  -0.0038    0.093

  Surface # 2     Wing (YDUP)                             
     # Chordwise = 10   # Spanwise = 20     First strip = 21
     Surface area Ssurf =    0.082580     Ave. chord Cave =    0.203200

 Forces referred to Sref, Cref, Bref about Xref, Yref, Zref
 Standard axis orientation,  X fwd, Z down         
     CLsurf  =   0.21988     Clsurf  =   0.04769
     CYsurf  =  -0.00216     Cmsurf  =  -0.01517
     CDsurf  =   0.00832     Cnsurf  =   0.00467
     CDisurf =   0.00832     CDvsurf =   0.00000

 Forces referred to Ssurf, Cave 
     CLsurf  =   0.43987     CDsurf  =   0.01664

 Strip Forces referred to Strip Area, Chord
    j     Xle      Yle      Zle      Chord    Area     c_cl     ai     cl_norm    cl       cd       cdv    cm_c/4     cm_LE   C.P.x/c
    21   0.0003  -0.0006   0.0000   0.2538   0.0006   0.1086   0.0598   0.4647   0.4109   0.1758   0.0000  -0.0115   0.1089    0.278
    22   0.0024  -0.0056   0.0000   0.2526   0.0019   0.1086   0.0593   0.4847   0.4286   0.0362   0.0000  -0.0105   0.1085    0.274
    23   0.0066  -0.0155   0.0000   0.2501   0.0031   0.1086   0.0597   0.4904   0.4336   0.0287   0.0000  -0.0076   0.1068    0.268
    24   0.0128  -0.0299   0.0000   0.2465   0.0041   0.1085   0.0608   0.4978   0.4402   0.0258   0.0000  -0.0039   0.1049    0.259
    25   0.0208  -0.0487   0.0000   0.2418   0.0050   0.1084   0.0621   0.5069   0.4483   0.0231   0.0000  -0.0003   0.1033    0.251
    26   0.0304  -0.0712   0.0000   0.2362   0.0057   0.1079   0.0634   0.5172   0.4573   0.0208   0.0000   0.0028   0.1025    0.244
    27   0.0414  -0.0970   0.0000   0.2297   0.0062   0.1070   0.0647   0.5276   0.4665   0.0189   0.0000   0.0053   0.1023    0.239
    28   0.0535  -0.1254   0.0000   0.2226   0.0066   0.1055   0.0660   0.5371   0.4749   0.0172   0.0000   0.0073   0.1023    0.235
    29   0.0664  -0.1558   0.0000   0.2151   0.0067   0.1033   0.0673   0.5446   0.4816   0.0158   0.0000   0.0089   0.1022    0.231
    30   0.0799  -0.1873   0.0000   0.2072   0.0066   0.1003   0.0690   0.5488   0.4853   0.0146   0.0000   0.0105   0.1016    0.228
    31   0.0934  -0.2191   0.0000   0.1992   0.0063   0.0963   0.0713   0.5484   0.4849   0.0134   0.0000   0.0123   0.0999    0.225
    32   0.1069  -0.2506   0.0000   0.1913   0.0059   0.0913   0.0742   0.5414   0.4788   0.0122   0.0000   0.0143   0.0965    0.220
    33   0.1198  -0.2810   0.0000   0.1838   0.0054   0.0852   0.0779   0.5259   0.4651   0.0110   0.0000   0.0169   0.0910    0.214
    34   0.1319  -0.3094   0.0000   0.1767   0.0048   0.0777   0.0821   0.4995   0.4417   0.0096   0.0000   0.0201   0.0827    0.204
    35   0.1429  -0.3352   0.0000   0.1702   0.0041   0.0689   0.0864   0.4598   0.4066   0.0080   0.0000   0.0237   0.0713    0.192
    36   0.1525  -0.3577   0.0000   0.1646   0.0034   0.0587   0.0897   0.4047   0.3579   0.0062   0.0000   0.0270   0.0571    0.175
    37   0.1605  -0.3765   0.0000   0.1599   0.0027   0.0470   0.0911   0.3339   0.2953   0.0043   0.0000   0.0286   0.0413    0.153
    38   0.1667  -0.3909   0.0000   0.1563   0.0019   0.0342   0.0896   0.2487   0.2200   0.0023   0.0000   0.0266   0.0258    0.129
    39   0.1709  -0.4008   0.0000   0.1538   0.0011   0.0207   0.0850   0.1530   0.1353   0.0004   0.0000   0.0194   0.0130    0.106
    40   0.1730  -0.4058   0.0000   0.1526   0.0004   0.0069   0.0802   0.0517   0.0457  -0.0014   0.0000   0.0072   0.0038    0.093
 ---------------------------------------------------------------
