 ---------------------------------------------------------------
 Surface and Strip Forces by surface

  Sref = 0.13010       Cref = 0.18360       Bref = 0.71120    
  Xref = 0.10920       Yref =  0.0000       Zref =  0.0000    

  Surface # 1     Wing                                    
     # Chordwise = 10   # Spanwise = 20     First strip =  1
     Surface area Ssurf =    0.065039     Ave. chord Cave =    0.182900

 Forces referred to Sref, Cref, Bref about Xref, Yref, Zref
 Standard axis orientation,  X fwd, Z down         
     CLsurf  =   0.27920     Clsurf  =  -0.06110
     CYsurf  =   0.00725     Cmsurf  =   0.00847
     CDsurf  =   0.01376     Cnsurf  =  -0.00867
     CDisurf =   0.01376     CDvsurf =   0.00000

 Forces referred to Ssurf, Cave 
     CLsurf  =   0.55850     CDsurf  =   0.02752

 Strip Forces referred to Strip Area, Chord
    j     Xle      Yle      Zle      Chord    Area     c_cl     ai     cl_norm    cl       cd       cdv    cm_c/4     cm_LE   C.P.x/c
     1   0.0002   0.0005   0.0000   0.2031   0.0004   0.1205   0.0659   0.6285   0.5565   0.2896   0.0000  -0.0185  -0.1553    0.283
     2   0.0019   0.0049   0.0000   0.2026   0.0013   0.1206   0.0665   0.6688   0.5923   0.0622   0.0000  -0.0169  -0.1542    0.279
     3   0.0053   0.0135   0.0000   0.2017   0.0022   0.1206   0.0687   0.6748   0.5975   0.0494   0.0000  -0.0126  -0.1510    0.271
     4   0.0103   0.0262   0.0000   0.2002   0.0029   0.1208   0.0717   0.6815   0.6034   0.0437   0.0000  -0.0073  -0.1472    0.262
     5   0.0167   0.0426   0.0000   0.1983   0.0036   0.1209   0.0749   0.6894   0.6104   0.0389   0.0000  -0.0022  -0.1439    0.254
     6   0.0245   0.0623   0.0000   0.1961   0.0042   0.1208   0.0782   0.6975   0.6176   0.0348   0.0000   0.0020  -0.1415    0.247
     7   0.0333   0.0849   0.0000   0.1935   0.0046   0.1203   0.0814   0.7046   0.6239   0.0316   0.0000   0.0054  -0.1397    0.241
     8   0.0431   0.1098   0.0000   0.1907   0.0049   0.1193   0.0846   0.7093   0.6281   0.0290   0.0000   0.0081  -0.1380    0.237
     9   0.0535   0.1363   0.0000   0.1876   0.0051   0.1174   0.0882   0.7102   0.6289   0.0269   0.0000   0.0106  -0.1358    0.233
    10   0.0643   0.1638   0.0000   0.1845   0.0051   0.1147   0.0922   0.7058   0.6249   0.0251   0.0000   0.0129  -0.1326    0.229
    11   0.0753   0.1918   0.0000   0.1813   0.0050   0.1109   0.0969   0.6943   0.6148   0.0234   0.0000   0.0155  -0.1278    0.225
    12   0.0861   0.2193   0.0000   0.1782   0.0048   0.1057   0.1024   0.6739   0.5968   0.0217   0.0000   0.0186  -0.1208    0.219
    13   0.0965   0.2458   0.0000   0.1751   0.0045   0.0991   0.1085   0.6427   0.5691   0.0198   0.0000   0.0222  -0.1109    0.211
    14   0.1063   0.2707   0.0000   0.1723   0.0041   0.0907   0.1146   0.5985   0.5300   0.0176   0.0000   0.0263  -0.0981    0.200
    15   0.1151   0.2933   0.0000   0.1697   0.0036   0.0806   0.1201   0.5399   0.4781   0.0150   0.0000   0.0304  -0.0823    0.186
    16   0.1229   0.3130   0.0000   0.1675   0.0030   0.0687   0.1238   0.4662   0.4128   0.0120   0.0000   0.0333  -0.0644    0.169
    17   0.1293   0.3294   0.0000   0.1656   0.0024   0.0550   0.1251   0.3781   0.3348   0.0087   0.0000   0.0338  -0.0459    0.149
    18   0.1343   0.3421   0.0000   0.1641   0.0018   0.0401   0.1233   0.2780   0.2462   0.0054   0.0000   0.0301  -0.0289    0.128
    19   0.1377   0.3507   0.0000   0.1632   0.0011   0.0243   0.1189   0.1698   0.1503   0.0020   0.0000   0.0211  -0.0150    0.109
    20   0.1394   0.3551   0.0000   0.1627   0.0004   0.0081   0.1150   0.0573   0.0507  -0.0014   0.0000   0.0076  -0.0045    0.099

  Surface # 2     Wing (YDUP)                             
     # Chordwise = 10   # Spanwise = 20     First strip = 21
     Surface area Ssurf =    0.065039     Ave. chord Cave =    0.182900

 Forces referred to Sref, Cref, Bref about Xref, Yref, Zref
 Standard axis orientation,  X fwd, Z down         
     CLsurf  =   0.27920     Clsurf  =   0.06110
     CYsurf  =  -0.00725     Cmsurf  =   0.00847
     CDsurf  =   0.01376     Cnsurf  =   0.00867
     CDisurf =   0.01376     CDvsurf =   0.00000

 Forces referred to Ssurf, Cave 
     CLsurf  =   0.55850     CDsurf  =   0.02752

 Strip Forces referred to Strip Area, Chord
    j     Xle      Yle      Zle      Chord    Area     c_cl     ai     cl_norm    cl       cd       cdv    cm_c/4     cm_LE   C.P.x/c
    21   0.0002  -0.0005   0.0000   0.2031   0.0004   0.1205   0.0659   0.6285   0.5565   0.2896   0.0000  -0.0185   0.1553    0.283
    22   0.0019  -0.0049   0.0000   0.2026   0.0013   0.1206   0.0665   0.6688   0.5923   0.0622   0.0000  -0.0169   0.1542    0.279
    23   0.0053  -0.0135   0.0000   0.2017   0.0022   0.1206   0.0687   0.6748   0.5975   0.0494   0.0000  -0.0126   0.1510    0.271
    24   0.0103  -0.0262   0.0000   0.2002   0.0029   0.1208   0.0717   0.6815   0.6034   0.0437   0.0000  -0.0073   0.1472    0.262
    25   0.0167  -0.0426   0.0000   0.1983   0.0036   0.1209   0.0749   0.6894   0.6104   0.0389   0.0000  -0.0022   0.1439    0.254
    26   0.0245  -0.0623   0.0000   0.1961   0.0042   0.1208   0.0782   0.6975   0.6176   0.0348   0.0000   0.0020   0.1415    0.247
    27   0.0333  -0.0849   0.0000   0.1935   0.0046   0.1203   0.0814   0.7046   0.6239   0.0316   0.0000   0.0054   0.1397    0.241
    28   0.0431  -0.1098   0.0000   0.1907   0.0049   0.1193   0.0846   0.7093   0.6281   0.0290   0.0000   0.0081   0.1380    0.237
    29   0.0535  -0.1363   0.0000   0.1876   0.0051   0.1174   0.0882   0.7102   0.6289   0.0269   0.0000   0.0106   0.1358    0.233
    30   0.0643  -0.1638   0.0000   0.1845   0.0051   0.1147   0.0922   0.7058   0.6249   0.0251   0.0000   0.0129   0.1326    0.229
    31   0.0753  -0.1918   0.0000   0.1813   0.0050   0.1109   0.0969   0.6943   0.6148   0.0234   0.0000   0.0155   0.1278    0.225
    32   0.0861  -0.2193   0.0000   0.1782   0.0048   0.1057   0.1024   0.6739   0.5968   0.0217   0.0000   0.0186   0.1208    0.219
    33   0.0965  -0.2458   0.0000   0.1751   0.0045   0.0991   0.1085   0.6427   0.5691   0.0198   0.0000   0.0222   0.1109    0.211
    34   0.1063  -0.2707   0.0000   0.1723   0.0041   0.0907   0.1146   0.5985   0.5300   0.0176   0.0000   0.0263   0.0981    0.200
    35   0.1151  -0.2933   0.0000   0.1697   0.0036   0.0806   0.1201   0.5399   0.4781   0.0150   0.0000   0.0304   0.0823    0.186
    36   0.1229  -0.3130   0.0000   0.1675   0.0030   0.0687   0.1238   0.4662   0.4128   0.0120   0.0000   0.0333   0.0644    0.169
    37   0.1293  -0.3294   0.0000   0.1656   0.0024   0.0550   0.1251   0.3781   0.3348   0.0087   0.0000   0.0338   0.0459    0.149
    38   0.1343  -0.3421   0.0000   0.1641   0.0018   0.0401   0.1233   0.2780   0.2462   0.0054   0.0000   0.0301   0.0289    0.128
    39   0.1377  -0.3507   0.0000   0.1632   0.0011   0.0243   0.1189   0.1698   0.1503   0.0020   0.0000   0.0211   0.0150    0.109
    40   0.1394  -0.3551   0.0000   0.1627   0.0004   0.0081   0.1150   0.0573   0.0507  -0.0014   0.0000   0.0076   0.0045    0.099
 ---------------------------------------------------------------
