 ---------------------------------------------------------------
 Surface and Strip Forces by surface

  Sref = 0.10840       Cref = 0.17500       Bref = 0.71120    
  Xref = 0.10920       Yref =  0.0000       Zref =  0.0000    

  Surface # 1     Wing                                    
     # Chordwise = 10   # Spanwise = 20     First strip =  1
     Surface area Ssurf =    0.054193     Ave. chord Cave =    0.152400

 Forces referred to Sref, Cref, Bref about Xref, Yref, Zref
 Standard axis orientation,  X fwd, Z down         
     CLsurf  =   0.33510     Clsurf  =  -0.07049
     CYsurf  =   0.00375     Cmsurf  =  -0.07889
     CDsurf  =   0.01723     Cnsurf  =  -0.01178
     CDisurf =   0.01723     CDvsurf =   0.00000

 Forces referred to Ssurf, Cave 
     CLsurf  =   0.67027     CDsurf  =   0.03446

 Strip Forces referred to Strip Area, Chord
    j     Xle      Yle      Zle      Chord    Area     c_cl     ai     cl_norm    cl       cd       cdv    cm_c/4     cm_LE   C.P.x/c
     1   0.0004   0.0005   0.0000   0.2537   0.0006   0.1303   0.0925   0.6003   0.4541   0.3928   0.0000  -0.0254  -0.1248    0.306
     2   0.0035   0.0049   0.0000   0.2512   0.0016   0.1303   0.0927   0.6777   0.5127   0.0780   0.0000  -0.0240  -0.1247    0.297
     3   0.0097   0.0135   0.0000   0.2463   0.0026   0.1302   0.0935   0.6951   0.5258   0.0617   0.0000  -0.0198  -0.1234    0.288
     4   0.0189   0.0262   0.0000   0.2390   0.0035   0.1300   0.0946   0.7167   0.5422   0.0561   0.0000  -0.0141  -0.1218    0.276
     5   0.0307   0.0426   0.0000   0.2297   0.0042   0.1295   0.0956   0.7447   0.5634   0.0507   0.0000  -0.0084  -0.1212    0.265
     6   0.0449   0.0623   0.0000   0.2184   0.0046   0.1284   0.0961   0.7783   0.5888   0.0453   0.0000  -0.0034  -0.1221    0.256
     7   0.0611   0.0849   0.0000   0.2055   0.0049   0.1265   0.0959   0.8167   0.6178   0.0403   0.0000   0.0005  -0.1245    0.249
     8   0.0790   0.1098   0.0000   0.1913   0.0049   0.1237   0.0948   0.8588   0.6497   0.0355   0.0000   0.0034  -0.1284    0.245
     9   0.0982   0.1363   0.0000   0.1761   0.0048   0.1196   0.0930   0.9036   0.6836   0.0308   0.0000   0.0055  -0.1333    0.242
    10   0.1180   0.1638   0.0000   0.1604   0.0045   0.1144   0.0907   0.9502   0.7188   0.0260   0.0000   0.0069  -0.1390    0.240
    11   0.1381   0.1918   0.0000   0.1444   0.0040   0.1079   0.0882   0.9971   0.7543   0.0210   0.0000   0.0081  -0.1450    0.239
    12   0.1579   0.2193   0.0000   0.1287   0.0035   0.1004   0.0858   1.0425   0.7887   0.0156   0.0000   0.0093  -0.1507    0.238
    13   0.1771   0.2458   0.0000   0.1135   0.0029   0.0919   0.0844   1.0835   0.8197   0.0098   0.0000   0.0109  -0.1554    0.237
    14   0.1950   0.2707   0.0000   0.0993   0.0024   0.0827   0.0849   1.1150   0.8435   0.0033   0.0000   0.0135  -0.1579    0.234
    15   0.2112   0.2933   0.0000   0.0864   0.0018   0.0726   0.0884   1.1279   0.8533  -0.0036   0.0000   0.0180  -0.1560    0.229
    16   0.2254   0.3130   0.0000   0.0751   0.0014   0.0618   0.0959   1.1060   0.8367  -0.0112   0.0000   0.0257  -0.1461    0.219
    17   0.2372   0.3294   0.0000   0.0658   0.0010   0.0500   0.1067   1.0242   0.7749  -0.0191   0.0000   0.0374  -0.1240    0.202
    18   0.2464   0.3421   0.0000   0.0585   0.0006   0.0370   0.1168   0.8522   0.6447  -0.0258   0.0000   0.0496  -0.0878    0.173
    19   0.2526   0.3507   0.0000   0.0536   0.0003   0.0226   0.1201   0.5722   0.4329  -0.0269   0.0000   0.0497  -0.0453    0.135
    20   0.2557   0.3551   0.0000   0.0511   0.0001   0.0076   0.1148   0.2030   0.1536  -0.0171   0.0000   0.0225  -0.0119    0.104

  Surface # 2     Wing (YDUP)                             
     # Chordwise = 10   # Spanwise = 20     First strip = 21
     Surface area Ssurf =    0.054193     Ave. chord Cave =    0.152400

 Forces referred to Sref, Cref, Bref about Xref, Yref, Zref
 Standard axis orientation,  X fwd, Z down         
     CLsurf  =   0.33510     Clsurf  =   0.07049
     CYsurf  =  -0.00375     Cmsurf  =  -0.07889
     CDsurf  =   0.01723     Cnsurf  =   0.01178
     CDisurf =   0.01723     CDvsurf =   0.00000

 Forces referred to Ssurf, Cave 
     CLsurf  =   0.67027     CDsurf  =   0.03446

 Strip Forces referred to Strip Area, Chord
    j     Xle      Yle      Zle      Chord    Area     c_cl     ai     cl_norm    cl       cd       cdv    cm_c/4     cm_LE   C.P.x/c
    21   0.0004  -0.0005   0.0000   0.2537   0.0006   0.1303   0.0925   0.6003   0.4541   0.3928   0.0000  -0.0254   0.1248    0.306
    22   0.0035  -0.0049   0.0000   0.2512   0.0016   0.1303   0.0927   0.6777   0.5127   0.0780   0.0000  -0.0240   0.1247    0.297
    23   0.0097  -0.0135   0.0000   0.2463   0.0026   0.1302   0.0935   0.6951   0.5258   0.0617   0.0000  -0.0198   0.1234    0.288
    24   0.0189  -0.0262   0.0000   0.2390   0.0035   0.1300   0.0946   0.7167   0.5422   0.0561   0.0000  -0.0141   0.1218    0.276
    25   0.0307  -0.0426   0.0000   0.2297   0.0042   0.1295   0.0956   0.7447   0.5634   0.0507   0.0000  -0.0084   0.1212    0.265
    26   0.0449  -0.0623   0.0000   0.2184   0.0046   0.1284   0.0961   0.7783   0.5888   0.0453   0.0000  -0.0034   0.1221    0.256
    27   0.0611  -0.0849   0.0000   0.2055   0.0049   0.1265   0.0959   0.8167   0.6178   0.0403   0.0000   0.0005   0.1245    0.249
    28   0.0790  -0.1098   0.0000   0.1913   0.0049   0.1237   0.0948   0.8588   0.6497   0.0355   0.0000   0.0034   0.1284    0.245
    29   0.0982  -0.1363   0.0000   0.1761   0.0048   0.1196   0.0930   0.9036   0.6836   0.0308   0.0000   0.0055   0.1333    0.242
    30   0.1180  -0.1638   0.0000   0.1604   0.0045   0.1144   0.0907   0.9502   0.7188   0.0260   0.0000   0.0069   0.1390    0.240
    31   0.1381  -0.1918   0.0000   0.1444   0.0040   0.1079   0.0882   0.9971   0.7543   0.0210   0.0000   0.0081   0.1450    0.239
    32   0.1579  -0.2193   0.0000   0.1287   0.0035   0.1004   0.0858   1.0425   0.7887   0.0156   0.0000   0.0093   0.1507    0.238
    33   0.1771  -0.2458   0.0000   0.1135   0.0029   0.0919   0.0844   1.0835   0.8197   0.0098   0.0000   0.0109   0.1554    0.237
    34   0.1950  -0.2707   0.0000   0.0993   0.0024   0.0827   0.0849   1.1150   0.8435   0.0033   0.0000   0.0135   0.1579    0.234
    35   0.2112  -0.2933   0.0000   0.0864   0.0018   0.0726   0.0884   1.1279   0.8533  -0.0036   0.0000   0.0180   0.1560    0.229
    36   0.2254  -0.3130   0.0000   0.0751   0.0014   0.0618   0.0959   1.1060   0.8367  -0.0112   0.0000   0.0257   0.1461    0.219
    37   0.2372  -0.3294   0.0000   0.0658   0.0010   0.0500   0.1067   1.0242   0.7749  -0.0191   0.0000   0.0374   0.1240    0.202
    38   0.2464  -0.3421   0.0000   0.0585   0.0006   0.0370   0.1168   0.8522   0.6447  -0.0258   0.0000   0.0496   0.0878    0.173
    39   0.2526  -0.3507   0.0000   0.0536   0.0003   0.0226   0.1201   0.5722   0.4329  -0.0269   0.0000   0.0497   0.0453    0.135
    40   0.2557  -0.3551   0.0000   0.0511   0.0001   0.0076   0.1148   0.2030   0.1536  -0.0171   0.0000   0.0225   0.0119    0.104
 ---------------------------------------------------------------
