 ---------------------------------------------------------------
 Surface and Strip Forces by surface

  Sref = 0.20440       Cref = 0.25250       Bref = 0.81280    
  Xref = 0.10920       Yref =  0.0000       Zref =  0.0000    

  Surface # 1     Wing                                    
     # Chordwise = 10   # Spanwise = 20     First strip =  1
     Surface area Ssurf =    0.102189     Ave. chord Cave =    0.251450

 Forces referred to Sref, Cref, Bref about Xref, Yref, Zref
 Standard axis orientation,  X fwd, Z down         
     CLsurf  =   0.17771     Clsurf  =  -0.03862
     CYsurf  =   0.00247     Cmsurf  =  -0.01201
     CDsurf  =   0.00673     Cnsurf  =  -0.00372
     CDisurf =   0.00673     CDvsurf =   0.00000

 Forces referred to Ssurf, Cave 
     CLsurf  =   0.35546     CDsurf  =   0.01346

 Strip Forces referred to Strip Area, Chord
    j     Xle      Yle      Zle      Chord    Area     c_cl     ai     cl_norm    cl       cd       cdv    cm_c/4     cm_LE   C.P.x/c
     1   0.0002   0.0006   0.0000   0.2793   0.0007   0.1079   0.0580   0.4209   0.3721   0.1610   0.0000  -0.0096  -0.0986    0.276
     2   0.0022   0.0056   0.0000   0.2786   0.0021   0.1079   0.0569   0.4366   0.3860   0.0307   0.0000  -0.0087  -0.0980    0.273
     3   0.0062   0.0155   0.0000   0.2773   0.0034   0.1079   0.0571   0.4395   0.3886   0.0235   0.0000  -0.0063  -0.0962    0.266
     4   0.0119   0.0299   0.0000   0.2753   0.0046   0.1078   0.0582   0.4429   0.3916   0.0212   0.0000  -0.0030  -0.0937    0.258
     5   0.0194   0.0487   0.0000   0.2727   0.0056   0.1077   0.0599   0.4470   0.3951   0.0192   0.0000   0.0004  -0.0914    0.249
     6   0.0284   0.0712   0.0000   0.2696   0.0065   0.1074   0.0618   0.4511   0.3988   0.0174   0.0000   0.0034  -0.0894    0.241
     7   0.0387   0.0970   0.0000   0.2661   0.0072   0.1068   0.0638   0.4544   0.4018   0.0158   0.0000   0.0060  -0.0877    0.235
     8   0.0500   0.1254   0.0000   0.2621   0.0077   0.1056   0.0660   0.4562   0.4033   0.0145   0.0000   0.0082  -0.0860    0.230
     9   0.0621   0.1558   0.0000   0.2580   0.0080   0.1037   0.0683   0.4554   0.4026   0.0134   0.0000   0.0101  -0.0839    0.225
    10   0.0746   0.1873   0.0000   0.2536   0.0081   0.1009   0.0710   0.4509   0.3986   0.0124   0.0000   0.0121  -0.0812    0.220
    11   0.0873   0.2191   0.0000   0.2493   0.0079   0.0971   0.0740   0.4417   0.3905   0.0114   0.0000   0.0142  -0.0774    0.214
    12   0.0998   0.2506   0.0000   0.2449   0.0076   0.0922   0.0772   0.4266   0.3771   0.0104   0.0000   0.0164  -0.0721    0.206
    13   0.1119   0.2810   0.0000   0.2408   0.0071   0.0859   0.0805   0.4044   0.3575   0.0093   0.0000   0.0190  -0.0652    0.197
    14   0.1232   0.3094   0.0000   0.2368   0.0064   0.0781   0.0835   0.3741   0.3307   0.0080   0.0000   0.0216  -0.0565    0.185
    15   0.1335   0.3352   0.0000   0.2333   0.0057   0.0689   0.0857   0.3349   0.2961   0.0066   0.0000   0.0239  -0.0463    0.169
    16   0.1425   0.3577   0.0000   0.2302   0.0048   0.0582   0.0864   0.2870   0.2537   0.0051   0.0000   0.0253  -0.0353    0.150
    17   0.1500   0.3765   0.0000   0.2276   0.0038   0.0463   0.0852   0.2310   0.2043   0.0035   0.0000   0.0247  -0.0243    0.129
    18   0.1557   0.3909   0.0000   0.2256   0.0028   0.0335   0.0818   0.1688   0.1492   0.0019   0.0000   0.0214  -0.0147    0.107
    19   0.1597   0.4008   0.0000   0.2243   0.0017   0.0202   0.0768   0.1025   0.0906   0.0002   0.0000   0.0147  -0.0073    0.088
    20   0.1617   0.4058   0.0000   0.2236   0.0006   0.0067   0.0731   0.0344   0.0304  -0.0011   0.0000   0.0052  -0.0021    0.078

  Surface # 2     Wing (YDUP)                             
     # Chordwise = 10   # Spanwise = 20     First strip = 21
     Surface area Ssurf =    0.102189     Ave. chord Cave =    0.251450

 Forces referred to Sref, Cref, Bref about Xref, Yref, Zref
 Standard axis orientation,  X fwd, Z down         
     CLsurf  =   0.17771     Clsurf  =   0.03862
     CYsurf  =  -0.00247     Cmsurf  =  -0.01201
     CDsurf  =   0.00673     Cnsurf  =   0.00372
     CDisurf =   0.00673     CDvsurf =   0.00000

 Forces referred to Ssurf, Cave 
     CLsurf  =   0.35546     CDsurf  =   0.01346

 Strip Forces referred to Strip Area, Chord
    j     Xle      Yle      Zle      Chord    Area     c_cl     ai     cl_norm    cl       cd       cdv    cm_c/4     cm_LE   C.P.x/c
    21   0.0002  -0.0006   0.0000   0.2793   0.0007   0.1079   0.0580   0.4209   0.3721   0.1610   0.0000  -0.0096   0.0986    0.276
    22   0.0022  -0.0056   0.0000   0.2786   0.0021   0.1079   0.0569   0.4366   0.3860   0.0307   0.0000  -0.0087   0.0980    0.273
    23   0.0062  -0.0155   0.0000   0.2773   0.0034   0.1079   0.0571   0.4395   0.3886   0.0235   0.0000  -0.0063   0.0962    0.266
    24   0.0119  -0.0299   0.0000   0.2753   0.0046   0.1078   0.0582   0.4429   0.3916   0.0212   0.0000  -0.0030   0.0937    0.258
    25   0.0194  -0.0487   0.0000   0.2727   0.0056   0.1077   0.0599   0.4470   0.3951   0.0192   0.0000   0.0004   0.0914    0.249
    26   0.0284  -0.0712   0.0000   0.2696   0.0065   0.1074   0.0618   0.4511   0.3988   0.0174   0.0000   0.0034   0.0894    0.241
    27   0.0387  -0.0970   0.0000   0.2661   0.0072   0.1068   0.0638   0.4544   0.4018   0.0158   0.0000   0.0060   0.0877    0.235
    28   0.0500  -0.1254   0.0000   0.2621   0.0077   0.1056   0.0660   0.4562   0.4033   0.0145   0.0000   0.0082   0.0860    0.230
    29   0.0621  -0.1558   0.0000   0.2580   0.0080   0.1037   0.0683   0.4554   0.4026   0.0134   0.0000   0.0101   0.0839    0.225
    30   0.0746  -0.1873   0.0000   0.2536   0.0081   0.1009   0.0710   0.4509   0.3986   0.0124   0.0000   0.0121   0.0812    0.220
    31   0.0873  -0.2191   0.0000   0.2493   0.0079   0.0971   0.0740   0.4417   0.3905   0.0114   0.0000   0.0142   0.0774    0.214
    32   0.0998  -0.2506   0.0000   0.2449   0.0076   0.0922   0.0772   0.4266   0.3771   0.0104   0.0000   0.0164   0.0721    0.206
    33   0.1119  -0.2810   0.0000   0.2408   0.0071   0.0859   0.0805   0.4044   0.3575   0.0093   0.0000   0.0190   0.0652    0.197
    34   0.1232  -0.3094   0.0000   0.2368   0.0064   0.0781   0.0835   0.3741   0.3307   0.0080   0.0000   0.0216   0.0565    0.185
    35   0.1335  -0.3352   0.0000   0.2333   0.0057   0.0689   0.0857   0.3349   0.2961   0.0066   0.0000   0.0239   0.0463    0.169
    36   0.1425  -0.3577   0.0000   0.2302   0.0048   0.0582   0.0864   0.2870   0.2537   0.0051   0.0000   0.0253   0.0353    0.150
    37   0.1500  -0.3765   0.0000   0.2276   0.0038   0.0463   0.0852   0.2310   0.2043   0.0035   0.0000   0.0247   0.0243    0.129
    38   0.1557  -0.3909   0.0000   0.2256   0.0028   0.0335   0.0818   0.1688   0.1492   0.0019   0.0000   0.0214   0.0147    0.107
    39   0.1597  -0.4008   0.0000   0.2243   0.0017   0.0202   0.0768   0.1025   0.0906   0.0002   0.0000   0.0147   0.0073    0.088
    40   0.1617  -0.4058   0.0000   0.2236   0.0006   0.0067   0.0731   0.0344   0.0304  -0.0011   0.0000   0.0052   0.0021    0.078
 ---------------------------------------------------------------
