 ---------------------------------------------------------------
 Surface and Strip Forces by surface

  Sref = 0.17340       Cref = 0.22640       Bref = 0.81280    
  Xref = 0.10920       Yref =  0.0000       Zref =  0.0000    

  Surface # 1     Wing                                    
     # Chordwise = 10   # Spanwise = 20     First strip =  1
     Surface area Ssurf =    0.086705     Ave. chord Cave =    0.213350

 Forces referred to Sref, Cref, Bref about Xref, Yref, Zref
 Standard axis orientation,  X fwd, Z down         
     CLsurf  =   0.20948     Clsurf  =  -0.04522
     CYsurf  =   0.00236     Cmsurf  =  -0.06106
     CDsurf  =   0.00820     Cnsurf  =  -0.00516
     CDisurf =   0.00820     CDvsurf =   0.00000

 Forces referred to Ssurf, Cave 
     CLsurf  =   0.41894     CDsurf  =   0.01640

 Strip Forces referred to Strip Area, Chord
    j     Xle      Yle      Zle      Chord    Area     c_cl     ai     cl_norm    cl       cd       cdv    cm_c/4     cm_LE   C.P.x/c
     1   0.0004   0.0006   0.0000   0.3045   0.0008   0.1098   0.0622   0.4499   0.3386   0.2177   0.0000  -0.0174  -0.0885    0.301
     2   0.0039   0.0056   0.0000   0.3023   0.0022   0.1097   0.0615   0.4797   0.3610   0.0385   0.0000  -0.0165  -0.0883    0.296
     3   0.0107   0.0155   0.0000   0.2978   0.0036   0.1097   0.0618   0.4882   0.3674   0.0292   0.0000  -0.0134  -0.0869    0.287
     4   0.0207   0.0299   0.0000   0.2913   0.0049   0.1097   0.0629   0.4993   0.3757   0.0267   0.0000  -0.0092  -0.0850    0.274
     5   0.0336   0.0487   0.0000   0.2829   0.0059   0.1094   0.0642   0.5136   0.3865   0.0242   0.0000  -0.0049  -0.0836    0.263
     6   0.0491   0.0712   0.0000   0.2727   0.0066   0.1089   0.0655   0.5305   0.3992   0.0217   0.0000  -0.0010  -0.0830    0.253
     7   0.0669   0.0970   0.0000   0.2611   0.0071   0.1078   0.0665   0.5493   0.4133   0.0193   0.0000   0.0021  -0.0832    0.245
     8   0.0865   0.1254   0.0000   0.2483   0.0073   0.1061   0.0673   0.5688   0.4281   0.0172   0.0000   0.0047  -0.0841    0.239
     9   0.1075   0.1558   0.0000   0.2347   0.0073   0.1036   0.0681   0.5881   0.4426   0.0151   0.0000   0.0067  -0.0854    0.235
    10   0.1292   0.1873   0.0000   0.2205   0.0070   0.1003   0.0689   0.6058   0.4559   0.0132   0.0000   0.0085  -0.0866    0.231
    11   0.1512   0.2191   0.0000   0.2062   0.0066   0.0959   0.0701   0.6204   0.4669   0.0114   0.0000   0.0102  -0.0873    0.228
    12   0.1729   0.2506   0.0000   0.1920   0.0060   0.0906   0.0720   0.6296   0.4738   0.0095   0.0000   0.0123  -0.0870    0.224
    13   0.1939   0.2810   0.0000   0.1784   0.0053   0.0843   0.0748   0.6305   0.4745   0.0074   0.0000   0.0150  -0.0849    0.218
    14   0.2135   0.3094   0.0000   0.1656   0.0045   0.0768   0.0788   0.6192   0.4660   0.0052   0.0000   0.0187  -0.0801    0.210
    15   0.2313   0.3352   0.0000   0.1540   0.0037   0.0681   0.0834   0.5906   0.4445   0.0027   0.0000   0.0234  -0.0717    0.197
    16   0.2468   0.3577   0.0000   0.1438   0.0030   0.0580   0.0878   0.5391   0.4057  -0.0000   0.0000   0.0289  -0.0592    0.179
    17   0.2597   0.3765   0.0000   0.1354   0.0023   0.0465   0.0903   0.4600   0.3462  -0.0027   0.0000   0.0333  -0.0433    0.154
    18   0.2697   0.3909   0.0000   0.1289   0.0016   0.0339   0.0895   0.3526   0.2654  -0.0047   0.0000   0.0336  -0.0265    0.123
    19   0.2765   0.4008   0.0000   0.1244   0.0009   0.0205   0.0847   0.2213   0.1666  -0.0053   0.0000   0.0262  -0.0124    0.093
    20   0.2800   0.4058   0.0000   0.1222   0.0003   0.0068   0.0788   0.0756   0.0569  -0.0045   0.0000   0.0100  -0.0033    0.074

  Surface # 2     Wing (YDUP)                             
     # Chordwise = 10   # Spanwise = 20     First strip = 21
     Surface area Ssurf =    0.086705     Ave. chord Cave =    0.213350

 Forces referred to Sref, Cref, Bref about Xref, Yref, Zref
 Standard axis orientation,  X fwd, Z down         
     CLsurf  =   0.20948     Clsurf  =   0.04522
     CYsurf  =  -0.00236     Cmsurf  =  -0.06106
     CDsurf  =   0.00820     Cnsurf  =   0.00516
     CDisurf =   0.00820     CDvsurf =   0.00000

 Forces referred to Ssurf, Cave 
     CLsurf  =   0.41894     CDsurf  =   0.01640

 Strip Forces referred to Strip Area, Chord
    j     Xle      Yle      Zle      Chord    Area     c_cl     ai     cl_norm    cl       cd       cdv    cm_c/4     cm_LE   C.P.x/c
    21   0.0004  -0.0006   0.0000   0.3045   0.0008   0.1098   0.0622   0.4499   0.3386   0.2177   0.0000  -0.0174   0.0885    0.301
    22   0.0039  -0.0056   0.0000   0.3023   0.0022   0.1097   0.0615   0.4797   0.3610   0.0385   0.0000  -0.0165   0.0883    0.296
    23   0.0107  -0.0155   0.0000   0.2978   0.0036   0.1097   0.0618   0.4882   0.3674   0.0292   0.0000  -0.0134   0.0869    0.287
    24   0.0207  -0.0299   0.0000   0.2913   0.0049   0.1097   0.0629   0.4993   0.3757   0.0267   0.0000  -0.0092   0.0850    0.274
    25   0.0336  -0.0487   0.0000   0.2829   0.0059   0.1094   0.0642   0.5136   0.3865   0.0242   0.0000  -0.0049   0.0836    0.263
    26   0.0491  -0.0712   0.0000   0.2727   0.0066   0.1089   0.0655   0.5305   0.3992   0.0217   0.0000  -0.0010   0.0830    0.253
    27   0.0669  -0.0970   0.0000   0.2611   0.0071   0.1078   0.0665   0.5493   0.4133   0.0193   0.0000   0.0021   0.0832    0.245
    28   0.0865  -0.1254   0.0000   0.2483   0.0073   0.1061   0.0673   0.5688   0.4281   0.0172   0.0000   0.0047   0.0841    0.239
    29   0.1075  -0.1558   0.0000   0.2347   0.0073   0.1036   0.0681   0.5881   0.4426   0.0151   0.0000   0.0067   0.0854    0.235
    30   0.1292  -0.1873   0.0000   0.2205   0.0070   0.1003   0.0689   0.6058   0.4559   0.0132   0.0000   0.0085   0.0866    0.231
    31   0.1512  -0.2191   0.0000   0.2062   0.0066   0.0959   0.0701   0.6204   0.4669   0.0114   0.0000   0.0102   0.0873    0.228
    32   0.1729  -0.2506   0.0000   0.1920   0.0060   0.0906   0.0720   0.6296   0.4738   0.0095   0.0000   0.0123   0.0870    0.224
    33   0.1939  -0.2810   0.0000   0.1784   0.0053   0.0843   0.0748   0.6305   0.4745   0.0074   0.0000   0.0150   0.0849    0.218
    34   0.2135  -0.3094   0.0000   0.1656   0.0045   0.0768   0.0788   0.6192   0.4660   0.0052   0.0000   0.0187   0.0801    0.210
    35   0.2313  -0.3352   0.0000   0.1540   0.0037   0.0681   0.0834   0.5906   0.4445   0.0027   0.0000   0.0234   0.0717    0.197
    36   0.2468  -0.3577   0.0000   0.1438   0.0030   0.0580   0.0878   0.5391   0.4057  -0.0000   0.0000   0.0289   0.0592    0.179
    37   0.2597  -0.3765   0.0000   0.1354   0.0023   0.0465   0.0903   0.4600   0.3462  -0.0027   0.0000   0.0333   0.0433    0.154
    38   0.2697  -0.3909   0.0000   0.1289   0.0016   0.0339   0.0895   0.3526   0.2654  -0.0047   0.0000   0.0336   0.0265    0.123
    39   0.2765  -0.4008   0.0000   0.1244   0.0009   0.0205   0.0847   0.2213   0.1666  -0.0053   0.0000   0.0262   0.0124    0.093
    40   0.2800  -0.4058   0.0000   0.1222   0.0003   0.0068   0.0788   0.0756   0.0569  -0.0045   0.0000   0.0100   0.0033    0.074
 ---------------------------------------------------------------
