 ---------------------------------------------------------------
 Surface and Strip Forces by surface

  Sref = 0.14860       Cref = 0.21000       Bref = 0.81280    
  Xref = 0.10920       Yref =  0.0000       Zref =  0.0000    

  Surface # 1     Wing                                    
     # Chordwise = 10   # Spanwise = 20     First strip =  1
     Surface area Ssurf =    0.074331     Ave. chord Cave =    0.182900

 Forces referred to Sref, Cref, Bref about Xref, Yref, Zref
 Standard axis orientation,  X fwd, Z down         
     CLsurf  =   0.24444     Clsurf  =  -0.05133
     CYsurf  =  -0.00121     Cmsurf  =  -0.05267
     CDsurf  =   0.00954     Cnsurf  =  -0.00494
     CDisurf =   0.00954     CDvsurf =   0.00000

 Forces referred to Ssurf, Cave 
     CLsurf  =   0.48869     CDsurf  =   0.01908

 Strip Forces referred to Strip Area, Chord
    j     Xle      Yle      Zle      Chord    Area     c_cl     ai     cl_norm    cl       cd       cdv    cm_c/4     cm_LE   C.P.x/c
     1   0.0004   0.0006   0.0000   0.3044   0.0008   0.1154   0.0741   0.4338   0.3572   0.2074   0.0000  -0.0118  -0.0907    0.283
     2   0.0035   0.0056   0.0000   0.3014   0.0022   0.1154   0.0741   0.4626   0.3809   0.0404   0.0000  -0.0110  -0.0909    0.279
     3   0.0095   0.0155   0.0000   0.2955   0.0036   0.1154   0.0742   0.4729   0.3894   0.0316   0.0000  -0.0085  -0.0904    0.272
     4   0.0185   0.0299   0.0000   0.2868   0.0048   0.1151   0.0744   0.4867   0.4007   0.0289   0.0000  -0.0051  -0.0898    0.263
     5   0.0300   0.0487   0.0000   0.2756   0.0057   0.1145   0.0744   0.5046   0.4154   0.0265   0.0000  -0.0016  -0.0898    0.254
     6   0.0439   0.0712   0.0000   0.2621   0.0064   0.1134   0.0742   0.5260   0.4331   0.0240   0.0000   0.0015  -0.0908    0.246
     7   0.0598   0.0970   0.0000   0.2466   0.0067   0.1116   0.0736   0.5506   0.4533   0.0217   0.0000   0.0040  -0.0929    0.241
     8   0.0773   0.1254   0.0000   0.2295   0.0068   0.1089   0.0726   0.5776   0.4755   0.0194   0.0000   0.0060  -0.0959    0.237
     9   0.0960   0.1558   0.0000   0.2114   0.0066   0.1052   0.0711   0.6064   0.4993   0.0172   0.0000   0.0074  -0.0997    0.235
    10   0.1154   0.1873   0.0000   0.1925   0.0061   0.1005   0.0692   0.6362   0.5238   0.0150   0.0000   0.0084  -0.1039    0.234
    11   0.1351   0.2191   0.0000   0.1733   0.0055   0.0947   0.0671   0.6661   0.5484   0.0126   0.0000   0.0093  -0.1083    0.233
    12   0.1545   0.2506   0.0000   0.1544   0.0048   0.0879   0.0652   0.6946   0.5719   0.0100   0.0000   0.0102  -0.1124    0.232
    13   0.1732   0.2810   0.0000   0.1363   0.0040   0.0803   0.0638   0.7197   0.5925   0.0071   0.0000   0.0114  -0.1157    0.231
    14   0.1907   0.3094   0.0000   0.1192   0.0032   0.0719   0.0636   0.7376   0.6073   0.0040   0.0000   0.0133  -0.1171    0.228
    15   0.2066   0.3352   0.0000   0.1037   0.0025   0.0630   0.0652   0.7423   0.6111   0.0007   0.0000   0.0165  -0.1151    0.223
    16   0.2205   0.3577   0.0000   0.0902   0.0019   0.0533   0.0693   0.7233   0.5955  -0.0029   0.0000   0.0218  -0.1072    0.213
    17   0.2320   0.3765   0.0000   0.0790   0.0013   0.0429   0.0754   0.6649   0.5474  -0.0065   0.0000   0.0292  -0.0907    0.197
    18   0.2410   0.3909   0.0000   0.0703   0.0009   0.0315   0.0808   0.5491   0.4521  -0.0094   0.0000   0.0363  -0.0644    0.170
    19   0.2470   0.4008   0.0000   0.0644   0.0005   0.0192   0.0812   0.3659   0.3013  -0.0098   0.0000   0.0350  -0.0337    0.134
    20   0.2501   0.4058   0.0000   0.0614   0.0002   0.0064   0.0750   0.1287   0.1059  -0.0065   0.0000   0.0155  -0.0090    0.104

  Surface # 2     Wing (YDUP)                             
     # Chordwise = 10   # Spanwise = 20     First strip = 21
     Surface area Ssurf =    0.074331     Ave. chord Cave =    0.182900

 Forces referred to Sref, Cref, Bref about Xref, Yref, Zref
 Standard axis orientation,  X fwd, Z down         
     CLsurf  =   0.24444     Clsurf  =   0.05133
     CYsurf  =   0.00121     Cmsurf  =  -0.05267
     CDsurf  =   0.00954     Cnsurf  =   0.00494
     CDisurf =   0.00954     CDvsurf =   0.00000

 Forces referred to Ssurf, Cave 
     CLsurf  =   0.48869     CDsurf  =   0.01908

 Strip Forces referred to Strip Area, Chord
    j     Xle      Yle      Zle      Chord    Area     c_cl     ai     cl_norm    cl       cd       cdv    cm_c/4     cm_LE   C.P.x/c
    21   0.0004  -0.0006   0.0000   0.3044   0.0008   0.1154   0.0741   0.4338   0.3572   0.2074   0.0000  -0.0118   0.0907    0.283
    22   0.0035  -0.0056   0.0000   0.3014   0.0022   0.1154   0.0741   0.4626   0.3809   0.0404   0.0000  -0.0110   0.0909    0.279
    23   0.0095  -0.0155   0.0000   0.2955   0.0036   0.1154   0.0742   0.4729   0.3894   0.0316   0.0000  -0.0085   0.0904    0.272
    24   0.0185  -0.0299   0.0000   0.2868   0.0048   0.1151   0.0744   0.4867   0.4007   0.0289   0.0000  -0.0051   0.0898    0.263
    25   0.0300  -0.0487   0.0000   0.2756   0.0057   0.1145   0.0744   0.5046   0.4154   0.0265   0.0000  -0.0016   0.0898    0.254
    26   0.0439  -0.0712   0.0000   0.2621   0.0064   0.1134   0.0742   0.5260   0.4331   0.0240   0.0000   0.0015   0.0908    0.246
    27   0.0598  -0.0970   0.0000   0.2466   0.0067   0.1116   0.0736   0.5506   0.4533   0.0217   0.0000   0.0040   0.0929    0.241
    28   0.0773  -0.1254   0.0000   0.2295   0.0068   0.1089   0.0726   0.5776   0.4755   0.0194   0.0000   0.0060   0.0959    0.237
    29   0.0960  -0.1558   0.0000   0.2114   0.0066   0.1052   0.0711   0.6064   0.4993   0.0172   0.0000   0.0074   0.0997    0.235
    30   0.1154  -0.1873   0.0000   0.1925   0.0061   0.1005   0.0692   0.6362   0.5238   0.0150   0.0000   0.0084   0.1039    0.234
    31   0.1351  -0.2191   0.0000   0.1733   0.0055   0.0947   0.0671   0.6661   0.5484   0.0126   0.0000   0.0093   0.1083    0.233
    32   0.1545  -0.2506   0.0000   0.1544   0.0048   0.0879   0.0652   0.6946   0.5719   0.0100   0.0000   0.0102   0.1124    0.232
    33   0.1732  -0.2810   0.0000   0.1363   0.0040   0.0803   0.0638   0.7197   0.5925   0.0071   0.0000   0.0114   0.1157    0.231
    34   0.1907  -0.3094   0.0000   0.1192   0.0032   0.0719   0.0636   0.7376   0.6073   0.0040   0.0000   0.0133   0.1171    0.228
    35   0.2066  -0.3352   0.0000   0.1037   0.0025   0.0630   0.0652   0.7423   0.6111   0.0007   0.0000   0.0165   0.1151    0.223
    36   0.2205  -0.3577   0.0000   0.0902   0.0019   0.0533   0.0693   0.7233   0.5955  -0.0029   0.0000   0.0218   0.1072    0.213
    37   0.2320  -0.3765   0.0000   0.0790   0.0013   0.0429   0.0754   0.6649   0.5474  -0.0065   0.0000   0.0292   0.0907    0.197
    38   0.2410  -0.3909   0.0000   0.0703   0.0009   0.0315   0.0808   0.5491   0.4521  -0.0094   0.0000   0.0363   0.0644    0.170
    39   0.2470  -0.4008   0.0000   0.0644   0.0005   0.0192   0.0812   0.3659   0.3013  -0.0098   0.0000   0.0350   0.0337    0.134
    40   0.2501  -0.4058   0.0000   0.0614   0.0002   0.0064   0.0750   0.1287   0.1059  -0.0065   0.0000   0.0155   0.0090    0.104
 ---------------------------------------------------------------
