 ---------------------------------------------------------------
 Surface and Strip Forces by surface

  Sref = 0.22300       Cref = 0.27540       Bref = 0.81280    
  Xref = 0.10920       Yref =  0.0000       Zref =  0.0000    

  Surface # 1     Wing                                    
     # Chordwise = 10   # Spanwise = 20     First strip =  1
     Surface area Ssurf =    0.111476     Ave. chord Cave =    0.274300

 Forces referred to Sref, Cref, Bref about Xref, Yref, Zref
 Standard axis orientation,  X fwd, Z down         
     CLsurf  =   0.16289     Clsurf  =  -0.03561
     CYsurf  =   0.00402     Cmsurf  =  -0.03644
     CDsurf  =   0.00635     Cnsurf  =  -0.00464
     CDisurf =   0.00635     CDvsurf =   0.00000

 Forces referred to Ssurf, Cave 
     CLsurf  =   0.32585     CDsurf  =   0.01271

 Strip Forces referred to Strip Area, Chord
    j     Xle      Yle      Zle      Chord    Area     c_cl     ai     cl_norm    cl       cd       cdv    cm_c/4     cm_LE   C.P.x/c
     1   0.0004   0.0006   0.0000   0.3047   0.0008   0.1061   0.0528   0.4386   0.3299   0.2047   0.0000  -0.0180  -0.0895    0.305
     2   0.0035   0.0056   0.0000   0.3040   0.0023   0.1061   0.0514   0.4619   0.3475   0.0337   0.0000  -0.0170  -0.0888    0.299
     3   0.0095   0.0155   0.0000   0.3025   0.0037   0.1061   0.0521   0.4655   0.3502   0.0247   0.0000  -0.0138  -0.0864    0.289
     4   0.0184   0.0299   0.0000   0.3003   0.0050   0.1062   0.0541   0.4696   0.3533   0.0223   0.0000  -0.0093  -0.0833    0.276
     5   0.0299   0.0487   0.0000   0.2975   0.0062   0.1063   0.0568   0.4749   0.3572   0.0201   0.0000  -0.0048  -0.0802    0.263
     6   0.0438   0.0712   0.0000   0.2941   0.0071   0.1063   0.0597   0.4806   0.3615   0.0179   0.0000  -0.0007  -0.0776    0.252
     7   0.0597   0.0970   0.0000   0.2902   0.0079   0.1060   0.0626   0.4858   0.3654   0.0159   0.0000   0.0028  -0.0754    0.242
     8   0.0771   0.1254   0.0000   0.2860   0.0084   0.1052   0.0656   0.4894   0.3681   0.0142   0.0000   0.0057  -0.0734    0.234
     9   0.0958   0.1558   0.0000   0.2814   0.0087   0.1037   0.0688   0.4904   0.3689   0.0127   0.0000   0.0084  -0.0713    0.227
    10   0.1151   0.1873   0.0000   0.2767   0.0088   0.1013   0.0722   0.4874   0.3666   0.0113   0.0000   0.0109  -0.0687    0.220
    11   0.1348   0.2191   0.0000   0.2719   0.0086   0.0978   0.0759   0.4791   0.3604   0.0099   0.0000   0.0135  -0.0651    0.212
    12   0.1541   0.2506   0.0000   0.2672   0.0083   0.0930   0.0798   0.4641   0.3491   0.0086   0.0000   0.0165  -0.0601    0.203
    13   0.1728   0.2810   0.0000   0.2626   0.0077   0.0869   0.0835   0.4409   0.3317   0.0071   0.0000   0.0197  -0.0537    0.191
    14   0.1902   0.3094   0.0000   0.2584   0.0070   0.0791   0.0865   0.4084   0.3072   0.0054   0.0000   0.0230  -0.0456    0.175
    15   0.2061   0.3352   0.0000   0.2545   0.0062   0.0698   0.0884   0.3658   0.2751   0.0037   0.0000   0.0259  -0.0363    0.156
    16   0.2200   0.3577   0.0000   0.2511   0.0052   0.0589   0.0883   0.3132   0.2356   0.0019   0.0000   0.0276  -0.0264    0.133
    17   0.2315   0.3765   0.0000   0.2483   0.0041   0.0468   0.0860   0.2518   0.1894   0.0003   0.0000   0.0271  -0.0171    0.107
    18   0.2404   0.3909   0.0000   0.2461   0.0030   0.0338   0.0817   0.1837   0.1382  -0.0009   0.0000   0.0233  -0.0094    0.081
    19   0.2464   0.4008   0.0000   0.2446   0.0018   0.0204   0.0761   0.1114   0.0838  -0.0020   0.0000   0.0160  -0.0041    0.060
    20   0.2495   0.4058   0.0000   0.2439   0.0006   0.0068   0.0725   0.0375   0.0282  -0.0023   0.0000   0.0057  -0.0011    0.049

  Surface # 2     Wing (YDUP)                             
     # Chordwise = 10   # Spanwise = 20     First strip = 21
     Surface area Ssurf =    0.111476     Ave. chord Cave =    0.274300

 Forces referred to Sref, Cref, Bref about Xref, Yref, Zref
 Standard axis orientation,  X fwd, Z down         
     CLsurf  =   0.16289     Clsurf  =   0.03561
     CYsurf  =  -0.00402     Cmsurf  =  -0.03644
     CDsurf  =   0.00635     Cnsurf  =   0.00464
     CDisurf =   0.00635     CDvsurf =   0.00000

 Forces referred to Ssurf, Cave 
     CLsurf  =   0.32585     CDsurf  =   0.01271

 Strip Forces referred to Strip Area, Chord
    j     Xle      Yle      Zle      Chord    Area     c_cl     ai     cl_norm    cl       cd       cdv    cm_c/4     cm_LE   C.P.x/c
    21   0.0004  -0.0006   0.0000   0.3047   0.0008   0.1061   0.0528   0.4386   0.3299   0.2047   0.0000  -0.0180   0.0895    0.305
    22   0.0035  -0.0056   0.0000   0.3040   0.0023   0.1061   0.0514   0.4619   0.3475   0.0337   0.0000  -0.0170   0.0888    0.299
    23   0.0095  -0.0155   0.0000   0.3025   0.0037   0.1061   0.0521   0.4655   0.3502   0.0247   0.0000  -0.0138   0.0864    0.289
    24   0.0184  -0.0299   0.0000   0.3003   0.0050   0.1062   0.0541   0.4696   0.3533   0.0223   0.0000  -0.0093   0.0833    0.276
    25   0.0299  -0.0487   0.0000   0.2975   0.0062   0.1063   0.0568   0.4749   0.3572   0.0201   0.0000  -0.0048   0.0802    0.263
    26   0.0438  -0.0712   0.0000   0.2941   0.0071   0.1063   0.0597   0.4806   0.3615   0.0179   0.0000  -0.0007   0.0776    0.252
    27   0.0597  -0.0970   0.0000   0.2902   0.0079   0.1060   0.0626   0.4858   0.3654   0.0159   0.0000   0.0028   0.0754    0.242
    28   0.0771  -0.1254   0.0000   0.2860   0.0084   0.1052   0.0656   0.4894   0.3681   0.0142   0.0000   0.0057   0.0734    0.234
    29   0.0958  -0.1558   0.0000   0.2814   0.0087   0.1037   0.0688   0.4904   0.3689   0.0127   0.0000   0.0084   0.0713    0.227
    30   0.1151  -0.1873   0.0000   0.2767   0.0088   0.1013   0.0722   0.4874   0.3666   0.0113   0.0000   0.0109   0.0687    0.220
    31   0.1348  -0.2191   0.0000   0.2719   0.0086   0.0978   0.0759   0.4791   0.3604   0.0099   0.0000   0.0135   0.0651    0.212
    32   0.1541  -0.2506   0.0000   0.2672   0.0083   0.0930   0.0798   0.4641   0.3491   0.0086   0.0000   0.0165   0.0601    0.203
    33   0.1728  -0.2810   0.0000   0.2626   0.0077   0.0869   0.0835   0.4409   0.3317   0.0071   0.0000   0.0197   0.0537    0.191
    34   0.1902  -0.3094   0.0000   0.2584   0.0070   0.0791   0.0865   0.4084   0.3072   0.0054   0.0000   0.0230   0.0456    0.175
    35   0.2061  -0.3352   0.0000   0.2545   0.0062   0.0698   0.0884   0.3658   0.2751   0.0037   0.0000   0.0259   0.0363    0.156
    36   0.2200  -0.3577   0.0000   0.2511   0.0052   0.0589   0.0883   0.3132   0.2356   0.0019   0.0000   0.0276   0.0264    0.133
    37   0.2315  -0.3765   0.0000   0.2483   0.0041   0.0468   0.0860   0.2518   0.1894   0.0003   0.0000   0.0271   0.0171    0.107
    38   0.2404  -0.3909   0.0000   0.2461   0.0030   0.0338   0.0817   0.1837   0.1382  -0.0009   0.0000   0.0233   0.0094    0.081
    39   0.2464  -0.4008   0.0000   0.2446   0.0018   0.0204   0.0761   0.1114   0.0838  -0.0020   0.0000   0.0160   0.0041    0.060
    40   0.2495  -0.4058   0.0000   0.2439   0.0006   0.0068   0.0725   0.0375   0.0282  -0.0023   0.0000   0.0057   0.0011    0.049
 ---------------------------------------------------------------
