 ---------------------------------------------------------------
 Surface and Strip Forces by surface

  Sref = 0.11560       Cref = 0.16590       Bref = 0.71120    
  Xref = 0.10920       Yref =  0.0000       Zref =  0.0000    

  Surface # 1     Wing                                    
     # Chordwise = 10   # Spanwise = 20     First strip =  1
     Surface area Ssurf =    0.057803     Ave. chord Cave =    0.162550

 Forces referred to Sref, Cref, Bref about Xref, Yref, Zref
 Standard axis orientation,  X fwd, Z down         
     CLsurf  =   0.31422     Clsurf  =  -0.06821
     CYsurf  =   0.00559     Cmsurf  =   0.00850
     CDsurf  =   0.01549     Cnsurf  =  -0.00964
     CDisurf =   0.01549     CDvsurf =   0.00000

 Forces referred to Ssurf, Cave 
     CLsurf  =   0.62842     CDsurf  =   0.03097

 Strip Forces referred to Strip Area, Chord
    j     Xle      Yle      Zle      Chord    Area     c_cl     ai     cl_norm    cl       cd       cdv    cm_c/4     cm_LE   C.P.x/c
     1   0.0002   0.0005   0.0000   0.2031   0.0004   0.1229   0.0742   0.6372   0.5644   0.3040   0.0000  -0.0184  -0.1565    0.283
     2   0.0021   0.0049   0.0000   0.2021   0.0013   0.1229   0.0746   0.6832   0.6052   0.0679   0.0000  -0.0169  -0.1557    0.278
     3   0.0057   0.0135   0.0000   0.2001   0.0021   0.1230   0.0761   0.6926   0.6135   0.0545   0.0000  -0.0126  -0.1532    0.271
     4   0.0110   0.0262   0.0000   0.1972   0.0029   0.1230   0.0782   0.7041   0.6237   0.0483   0.0000  -0.0074  -0.1505    0.262
     5   0.0179   0.0426   0.0000   0.1935   0.0035   0.1228   0.0804   0.7181   0.6361   0.0430   0.0000  -0.0024  -0.1485    0.254
     6   0.0262   0.0623   0.0000   0.1890   0.0040   0.1224   0.0824   0.7335   0.6498   0.0386   0.0000   0.0017  -0.1477    0.247
     7   0.0357   0.0849   0.0000   0.1838   0.0044   0.1215   0.0842   0.7492   0.6636   0.0348   0.0000   0.0049  -0.1477    0.243
     8   0.0462   0.1098   0.0000   0.1781   0.0046   0.1198   0.0858   0.7635   0.6763   0.0318   0.0000   0.0074  -0.1482    0.239
     9   0.0574   0.1363   0.0000   0.1720   0.0047   0.1174   0.0876   0.7750   0.6865   0.0292   0.0000   0.0095  -0.1485    0.236
    10   0.0690   0.1638   0.0000   0.1657   0.0046   0.1141   0.0899   0.7819   0.6926   0.0269   0.0000   0.0114  -0.1480    0.234
    11   0.0807   0.1918   0.0000   0.1594   0.0044   0.1097   0.0930   0.7824   0.6930   0.0249   0.0000   0.0136  -0.1461    0.230
    12   0.0923   0.2193   0.0000   0.1531   0.0042   0.1042   0.0971   0.7739   0.6856   0.0229   0.0000   0.0162  -0.1419    0.226
    13   0.1035   0.2458   0.0000   0.1470   0.0038   0.0974   0.1025   0.7537   0.6676   0.0208   0.0000   0.0196  -0.1346    0.221
    14   0.1140   0.2707   0.0000   0.1413   0.0034   0.0892   0.1091   0.7181   0.6361   0.0185   0.0000   0.0239  -0.1233    0.212
    15   0.1235   0.2933   0.0000   0.1361   0.0029   0.0794   0.1160   0.6634   0.5877   0.0157   0.0000   0.0290  -0.1076    0.201
    16   0.1318   0.3130   0.0000   0.1316   0.0024   0.0678   0.1222   0.5867   0.5197   0.0126   0.0000   0.0339  -0.0875    0.185
    17   0.1387   0.3294   0.0000   0.1279   0.0019   0.0546   0.1262   0.4863   0.4308   0.0090   0.0000   0.0368  -0.0645    0.165
    18   0.1440   0.3421   0.0000   0.1250   0.0013   0.0399   0.1266   0.3641   0.3225   0.0054   0.0000   0.0349  -0.0414    0.142
    19   0.1476   0.3507   0.0000   0.1230   0.0008   0.0243   0.1232   0.2250   0.1993   0.0018   0.0000   0.0259  -0.0216    0.120
    20   0.1495   0.3551   0.0000   0.1220   0.0003   0.0081   0.1187   0.0764   0.0677  -0.0019   0.0000   0.0096  -0.0064    0.107

  Surface # 2     Wing (YDUP)                             
     # Chordwise = 10   # Spanwise = 20     First strip = 21
     Surface area Ssurf =    0.057803     Ave. chord Cave =    0.162550

 Forces referred to Sref, Cref, Bref about Xref, Yref, Zref
 Standard axis orientation,  X fwd, Z down         
     CLsurf  =   0.31422     Clsurf  =   0.06821
     CYsurf  =  -0.00559     Cmsurf  =   0.00850
     CDsurf  =   0.01549     Cnsurf  =   0.00964
     CDisurf =   0.01549     CDvsurf =   0.00000

 Forces referred to Ssurf, Cave 
     CLsurf  =   0.62842     CDsurf  =   0.03097

 Strip Forces referred to Strip Area, Chord
    j     Xle      Yle      Zle      Chord    Area     c_cl     ai     cl_norm    cl       cd       cdv    cm_c/4     cm_LE   C.P.x/c
    21   0.0002  -0.0005   0.0000   0.2031   0.0004   0.1229   0.0742   0.6372   0.5644   0.3040   0.0000  -0.0184   0.1565    0.283
    22   0.0021  -0.0049   0.0000   0.2021   0.0013   0.1229   0.0746   0.6832   0.6052   0.0679   0.0000  -0.0169   0.1557    0.278
    23   0.0057  -0.0135   0.0000   0.2001   0.0021   0.1230   0.0761   0.6926   0.6135   0.0545   0.0000  -0.0126   0.1532    0.271
    24   0.0110  -0.0262   0.0000   0.1972   0.0029   0.1230   0.0782   0.7041   0.6237   0.0483   0.0000  -0.0074   0.1505    0.262
    25   0.0179  -0.0426   0.0000   0.1935   0.0035   0.1228   0.0804   0.7181   0.6361   0.0430   0.0000  -0.0024   0.1485    0.254
    26   0.0262  -0.0623   0.0000   0.1890   0.0040   0.1224   0.0824   0.7335   0.6498   0.0386   0.0000   0.0017   0.1477    0.247
    27   0.0357  -0.0849   0.0000   0.1838   0.0044   0.1215   0.0842   0.7492   0.6636   0.0348   0.0000   0.0049   0.1477    0.243
    28   0.0462  -0.1098   0.0000   0.1781   0.0046   0.1198   0.0858   0.7635   0.6763   0.0318   0.0000   0.0074   0.1482    0.239
    29   0.0574  -0.1363   0.0000   0.1720   0.0047   0.1174   0.0876   0.7750   0.6865   0.0292   0.0000   0.0095   0.1485    0.236
    30   0.0690  -0.1638   0.0000   0.1657   0.0046   0.1141   0.0899   0.7819   0.6926   0.0269   0.0000   0.0114   0.1480    0.234
    31   0.0807  -0.1918   0.0000   0.1594   0.0044   0.1097   0.0930   0.7824   0.6930   0.0249   0.0000   0.0136   0.1461    0.230
    32   0.0923  -0.2193   0.0000   0.1531   0.0042   0.1042   0.0971   0.7739   0.6856   0.0229   0.0000   0.0162   0.1419    0.226
    33   0.1035  -0.2458   0.0000   0.1470   0.0038   0.0974   0.1025   0.7537   0.6676   0.0208   0.0000   0.0196   0.1346    0.221
    34   0.1140  -0.2707   0.0000   0.1413   0.0034   0.0892   0.1091   0.7181   0.6361   0.0185   0.0000   0.0239   0.1233    0.212
    35   0.1235  -0.2933   0.0000   0.1361   0.0029   0.0794   0.1160   0.6634   0.5877   0.0157   0.0000   0.0290   0.1076    0.201
    36   0.1318  -0.3130   0.0000   0.1316   0.0024   0.0678   0.1222   0.5867   0.5197   0.0126   0.0000   0.0339   0.0875    0.185
    37   0.1387  -0.3294   0.0000   0.1279   0.0019   0.0546   0.1262   0.4863   0.4308   0.0090   0.0000   0.0368   0.0645    0.165
    38   0.1440  -0.3421   0.0000   0.1250   0.0013   0.0399   0.1266   0.3641   0.3225   0.0054   0.0000   0.0349   0.0414    0.142
    39   0.1476  -0.3507   0.0000   0.1230   0.0008   0.0243   0.1232   0.2250   0.1993   0.0018   0.0000   0.0259   0.0216    0.120
    40   0.1495  -0.3551   0.0000   0.1220   0.0003   0.0081   0.1187   0.0764   0.0677  -0.0019   0.0000   0.0096   0.0064    0.107
 ---------------------------------------------------------------
