 ---------------------------------------------------------------
 Surface and Strip Forces by surface

  Sref = 0.22300       Cref = 0.27540       Bref = 0.81280    
  Xref = 0.10920       Yref =  0.0000       Zref =  0.0000    

  Surface # 1     Wing                                    
     # Chordwise = 10   # Spanwise = 20     First strip =  1
     Surface area Ssurf =    0.111476     Ave. chord Cave =    0.274300

 Forces referred to Sref, Cref, Bref about Xref, Yref, Zref
 Standard axis orientation,  X fwd, Z down         
     CLsurf  =   0.16289     Clsurf  =  -0.03527
     CYsurf  =   0.00191     Cmsurf  =  -0.01266
     CDsurf  =   0.00618     Cnsurf  =  -0.00325
     CDisurf =   0.00618     CDvsurf =   0.00000

 Forces referred to Ssurf, Cave 
     CLsurf  =   0.32585     CDsurf  =   0.01236

 Strip Forces referred to Strip Area, Chord
    j     Xle      Yle      Zle      Chord    Area     c_cl     ai     cl_norm    cl       cd       cdv    cm_c/4     cm_LE   C.P.x/c
     1   0.0003   0.0006   0.0000   0.3047   0.0008   0.1088   0.0605   0.3892   0.3440   0.1541   0.0000  -0.0076  -0.0899    0.272
     2   0.0023   0.0056   0.0000   0.3040   0.0023   0.1088   0.0592   0.4036   0.3568   0.0284   0.0000  -0.0070  -0.0895    0.269
     3   0.0062   0.0155   0.0000   0.3025   0.0037   0.1087   0.0591   0.4063   0.3591   0.0213   0.0000  -0.0049  -0.0879    0.264
     4   0.0120   0.0299   0.0000   0.3003   0.0050   0.1087   0.0599   0.4092   0.3617   0.0193   0.0000  -0.0019  -0.0857    0.255
     5   0.0196   0.0487   0.0000   0.2975   0.0062   0.1085   0.0612   0.4126   0.3647   0.0176   0.0000   0.0011  -0.0836    0.247
     6   0.0286   0.0712   0.0000   0.2941   0.0071   0.1081   0.0628   0.4160   0.3677   0.0160   0.0000   0.0040  -0.0816    0.239
     7   0.0390   0.0970   0.0000   0.2902   0.0079   0.1073   0.0646   0.4187   0.3701   0.0146   0.0000   0.0064  -0.0798    0.233
     8   0.0504   0.1254   0.0000   0.2860   0.0084   0.1060   0.0666   0.4199   0.3711   0.0134   0.0000   0.0086  -0.0780    0.227
     9   0.0626   0.1558   0.0000   0.2814   0.0087   0.1040   0.0687   0.4185   0.3699   0.0124   0.0000   0.0106  -0.0759    0.221
    10   0.0752   0.1873   0.0000   0.2767   0.0088   0.1010   0.0711   0.4137   0.3657   0.0114   0.0000   0.0126  -0.0731    0.216
    11   0.0880   0.2191   0.0000   0.2719   0.0086   0.0971   0.0738   0.4045   0.3576   0.0105   0.0000   0.0146  -0.0693    0.209
    12   0.1006   0.2506   0.0000   0.2672   0.0083   0.0919   0.0766   0.3898   0.3446   0.0095   0.0000   0.0168  -0.0642    0.201
    13   0.1128   0.2810   0.0000   0.2626   0.0077   0.0854   0.0793   0.3686   0.3259   0.0084   0.0000   0.0192  -0.0576    0.191
    14   0.1242   0.3094   0.0000   0.2584   0.0070   0.0775   0.0817   0.3401   0.3006   0.0072   0.0000   0.0215  -0.0496    0.178
    15   0.1346   0.3352   0.0000   0.2545   0.0062   0.0682   0.0832   0.3037   0.2685   0.0059   0.0000   0.0235  -0.0404    0.163
    16   0.1436   0.3577   0.0000   0.2511   0.0052   0.0575   0.0833   0.2596   0.2295   0.0045   0.0000   0.0244  -0.0305    0.144
    17   0.1512   0.3765   0.0000   0.2483   0.0041   0.0456   0.0816   0.2086   0.1844   0.0030   0.0000   0.0235  -0.0208    0.123
    18   0.1570   0.3909   0.0000   0.2461   0.0030   0.0330   0.0780   0.1521   0.1345   0.0016   0.0000   0.0200  -0.0125    0.101
    19   0.1609   0.4008   0.0000   0.2446   0.0018   0.0199   0.0730   0.0923   0.0816   0.0001   0.0000   0.0136  -0.0062    0.083
    20   0.1629   0.4058   0.0000   0.2439   0.0006   0.0066   0.0696   0.0310   0.0274  -0.0011   0.0000   0.0048  -0.0018    0.074

  Surface # 2     Wing (YDUP)                             
     # Chordwise = 10   # Spanwise = 20     First strip = 21
     Surface area Ssurf =    0.111476     Ave. chord Cave =    0.274300

 Forces referred to Sref, Cref, Bref about Xref, Yref, Zref
 Standard axis orientation,  X fwd, Z down         
     CLsurf  =   0.16289     Clsurf  =   0.03527
     CYsurf  =  -0.00191     Cmsurf  =  -0.01266
     CDsurf  =   0.00618     Cnsurf  =   0.00325
     CDisurf =   0.00618     CDvsurf =   0.00000

 Forces referred to Ssurf, Cave 
     CLsurf  =   0.32585     CDsurf  =   0.01236

 Strip Forces referred to Strip Area, Chord
    j     Xle      Yle      Zle      Chord    Area     c_cl     ai     cl_norm    cl       cd       cdv    cm_c/4     cm_LE   C.P.x/c
    21   0.0003  -0.0006   0.0000   0.3047   0.0008   0.1088   0.0605   0.3892   0.3440   0.1541   0.0000  -0.0076   0.0899    0.272
    22   0.0023  -0.0056   0.0000   0.3040   0.0023   0.1088   0.0592   0.4036   0.3568   0.0284   0.0000  -0.0070   0.0895    0.269
    23   0.0062  -0.0155   0.0000   0.3025   0.0037   0.1087   0.0591   0.4063   0.3591   0.0213   0.0000  -0.0049   0.0879    0.264
    24   0.0120  -0.0299   0.0000   0.3003   0.0050   0.1087   0.0599   0.4092   0.3617   0.0193   0.0000  -0.0019   0.0857    0.255
    25   0.0196  -0.0487   0.0000   0.2975   0.0062   0.1085   0.0612   0.4126   0.3647   0.0176   0.0000   0.0011   0.0836    0.247
    26   0.0286  -0.0712   0.0000   0.2941   0.0071   0.1081   0.0628   0.4160   0.3677   0.0160   0.0000   0.0040   0.0816    0.239
    27   0.0390  -0.0970   0.0000   0.2902   0.0079   0.1073   0.0646   0.4187   0.3701   0.0146   0.0000   0.0064   0.0798    0.233
    28   0.0504  -0.1254   0.0000   0.2860   0.0084   0.1060   0.0666   0.4199   0.3711   0.0134   0.0000   0.0086   0.0780    0.227
    29   0.0626  -0.1558   0.0000   0.2814   0.0087   0.1040   0.0687   0.4185   0.3699   0.0124   0.0000   0.0106   0.0759    0.221
    30   0.0752  -0.1873   0.0000   0.2767   0.0088   0.1010   0.0711   0.4137   0.3657   0.0114   0.0000   0.0126   0.0731    0.216
    31   0.0880  -0.2191   0.0000   0.2719   0.0086   0.0971   0.0738   0.4045   0.3576   0.0105   0.0000   0.0146   0.0693    0.209
    32   0.1006  -0.2506   0.0000   0.2672   0.0083   0.0919   0.0766   0.3898   0.3446   0.0095   0.0000   0.0168   0.0642    0.201
    33   0.1128  -0.2810   0.0000   0.2626   0.0077   0.0854   0.0793   0.3686   0.3259   0.0084   0.0000   0.0192   0.0576    0.191
    34   0.1242  -0.3094   0.0000   0.2584   0.0070   0.0775   0.0817   0.3401   0.3006   0.0072   0.0000   0.0215   0.0496    0.178
    35   0.1346  -0.3352   0.0000   0.2545   0.0062   0.0682   0.0832   0.3037   0.2685   0.0059   0.0000   0.0235   0.0404    0.163
    36   0.1436  -0.3577   0.0000   0.2511   0.0052   0.0575   0.0833   0.2596   0.2295   0.0045   0.0000   0.0244   0.0305    0.144
    37   0.1512  -0.3765   0.0000   0.2483   0.0041   0.0456   0.0816   0.2086   0.1844   0.0030   0.0000   0.0235   0.0208    0.123
    38   0.1570  -0.3909   0.0000   0.2461   0.0030   0.0330   0.0780   0.1521   0.1345   0.0016   0.0000   0.0200   0.0125    0.101
    39   0.1609  -0.4008   0.0000   0.2446   0.0018   0.0199   0.0730   0.0923   0.0816   0.0001   0.0000   0.0136   0.0062    0.083
    40   0.1629  -0.4058   0.0000   0.2439   0.0006   0.0066   0.0696   0.0310   0.0274  -0.0011   0.0000   0.0048   0.0018    0.074
 ---------------------------------------------------------------
