 ---------------------------------------------------------------
 Surface and Strip Forces by surface

  Sref = 0.18810       Cref = 0.20660       Bref = 0.91440    
  Xref = 0.10920       Yref =  0.0000       Zref =  0.0000    

  Surface # 1     Wing                                    
     # Chordwise = 10   # Spanwise = 20     First strip =  1
     Surface area Ssurf =    0.094069     Ave. chord Cave =    0.205750

 Forces referred to Sref, Cref, Bref about Xref, Yref, Zref
 Standard axis orientation,  X fwd, Z down         
     CLsurf  =   0.19311     Clsurf  =  -0.04286
     CYsurf  =   0.00472     Cmsurf  =  -0.03580
     CDsurf  =   0.00587     Cnsurf  =  -0.00443
     CDisurf =   0.00587     CDvsurf =   0.00000

 Forces referred to Ssurf, Cave 
     CLsurf  =   0.38615     CDsurf  =   0.01173

 Strip Forces referred to Strip Area, Chord
    j     Xle      Yle      Zle      Chord    Area     c_cl     ai     cl_norm    cl       cd       cdv    cm_c/4     cm_LE   C.P.x/c
     1   0.0003   0.0007   0.0000   0.2285   0.0006   0.0914   0.0339   0.4708   0.3875   0.1479   0.0000  -0.0188  -0.1066    0.299
     2   0.0031   0.0063   0.0000   0.2280   0.0019   0.0914   0.0335   0.4858   0.3998   0.0294   0.0000  -0.0171  -0.1053    0.293
     3   0.0085   0.0174   0.0000   0.2269   0.0031   0.0915   0.0354   0.4895   0.4028   0.0235   0.0000  -0.0127  -0.1019    0.282
     4   0.0165   0.0337   0.0000   0.2252   0.0042   0.0917   0.0384   0.4948   0.4072   0.0205   0.0000  -0.0075  -0.0982    0.268
     5   0.0269   0.0548   0.0000   0.2231   0.0052   0.0921   0.0416   0.5017   0.4129   0.0178   0.0000  -0.0029  -0.0952    0.257
     6   0.0394   0.0801   0.0000   0.2206   0.0060   0.0923   0.0445   0.5092   0.4190   0.0155   0.0000   0.0007  -0.0933    0.248
     7   0.0536   0.1092   0.0000   0.2177   0.0067   0.0923   0.0472   0.5162   0.4248   0.0137   0.0000   0.0033  -0.0922    0.242
     8   0.0693   0.1411   0.0000   0.2145   0.0071   0.0919   0.0498   0.5218   0.4294   0.0123   0.0000   0.0053  -0.0914    0.238
     9   0.0861   0.1752   0.0000   0.2111   0.0074   0.0910   0.0525   0.5248   0.4319   0.0112   0.0000   0.0069  -0.0905    0.234
    10   0.1035   0.2107   0.0000   0.2075   0.0074   0.0893   0.0555   0.5242   0.4314   0.0103   0.0000   0.0085  -0.0890    0.230
    11   0.1211   0.2465   0.0000   0.2040   0.0073   0.0869   0.0592   0.5187   0.4269   0.0094   0.0000   0.0102  -0.0864    0.226
    12   0.1385   0.2820   0.0000   0.2004   0.0070   0.0834   0.0636   0.5068   0.4171   0.0086   0.0000   0.0123  -0.0823    0.220
    13   0.1553   0.3161   0.0000   0.1970   0.0065   0.0787   0.0687   0.4867   0.4005   0.0077   0.0000   0.0150  -0.0761    0.212
    14   0.1710   0.3480   0.0000   0.1938   0.0059   0.0726   0.0740   0.4564   0.3756   0.0066   0.0000   0.0184  -0.0675    0.201
    15   0.1852   0.3771   0.0000   0.1909   0.0052   0.0649   0.0787   0.4141   0.3408   0.0053   0.0000   0.0221  -0.0564    0.185
    16   0.1977   0.4024   0.0000   0.1884   0.0044   0.0555   0.0817   0.3590   0.2954   0.0037   0.0000   0.0254  -0.0432    0.164
    17   0.2081   0.4235   0.0000   0.1863   0.0035   0.0445   0.0820   0.2915   0.2399   0.0021   0.0000   0.0270  -0.0294    0.138
    18   0.2161   0.4398   0.0000   0.1846   0.0025   0.0324   0.0789   0.2139   0.1760   0.0006   0.0000   0.0249  -0.0170    0.108
    19   0.2215   0.4509   0.0000   0.1835   0.0015   0.0195   0.0730   0.1300   0.1070  -0.0007   0.0000   0.0180  -0.0077    0.082
    20   0.2243   0.4565   0.0000   0.1830   0.0005   0.0065   0.0679   0.0436   0.0359  -0.0017   0.0000   0.0066  -0.0021    0.066

  Surface # 2     Wing (YDUP)                             
     # Chordwise = 10   # Spanwise = 20     First strip = 21
     Surface area Ssurf =    0.094069     Ave. chord Cave =    0.205750

 Forces referred to Sref, Cref, Bref about Xref, Yref, Zref
 Standard axis orientation,  X fwd, Z down         
     CLsurf  =   0.19311     Clsurf  =   0.04286
     CYsurf  =  -0.00472     Cmsurf  =  -0.03580
     CDsurf  =   0.00587     Cnsurf  =   0.00443
     CDisurf =   0.00587     CDvsurf =   0.00000

 Forces referred to Ssurf, Cave 
     CLsurf  =   0.38615     CDsurf  =   0.01173

 Strip Forces referred to Strip Area, Chord
    j     Xle      Yle      Zle      Chord    Area     c_cl     ai     cl_norm    cl       cd       cdv    cm_c/4     cm_LE   C.P.x/c
    21   0.0003  -0.0007   0.0000   0.2285   0.0006   0.0914   0.0339   0.4708   0.3875   0.1479   0.0000  -0.0188   0.1066    0.299
    22   0.0031  -0.0063   0.0000   0.2280   0.0019   0.0914   0.0335   0.4858   0.3998   0.0294   0.0000  -0.0171   0.1053    0.293
    23   0.0085  -0.0174   0.0000   0.2269   0.0031   0.0915   0.0354   0.4895   0.4028   0.0235   0.0000  -0.0127   0.1019    0.282
    24   0.0165  -0.0337   0.0000   0.2252   0.0042   0.0917   0.0384   0.4948   0.4072   0.0205   0.0000  -0.0075   0.0982    0.268
    25   0.0269  -0.0548   0.0000   0.2231   0.0052   0.0921   0.0416   0.5017   0.4129   0.0178   0.0000  -0.0029   0.0952    0.257
    26   0.0394  -0.0801   0.0000   0.2206   0.0060   0.0923   0.0445   0.5092   0.4190   0.0155   0.0000   0.0007   0.0933    0.248
    27   0.0536  -0.1092   0.0000   0.2177   0.0067   0.0923   0.0472   0.5162   0.4248   0.0137   0.0000   0.0033   0.0922    0.242
    28   0.0693  -0.1411   0.0000   0.2145   0.0071   0.0919   0.0498   0.5218   0.4294   0.0123   0.0000   0.0053   0.0914    0.238
    29   0.0861  -0.1752   0.0000   0.2111   0.0074   0.0910   0.0525   0.5248   0.4319   0.0112   0.0000   0.0069   0.0905    0.234
    30   0.1035  -0.2107   0.0000   0.2075   0.0074   0.0893   0.0555   0.5242   0.4314   0.0103   0.0000   0.0085   0.0890    0.230
    31   0.1211  -0.2465   0.0000   0.2040   0.0073   0.0869   0.0592   0.5187   0.4269   0.0094   0.0000   0.0102   0.0864    0.226
    32   0.1385  -0.2820   0.0000   0.2004   0.0070   0.0834   0.0636   0.5068   0.4171   0.0086   0.0000   0.0123   0.0823    0.220
    33   0.1553  -0.3161   0.0000   0.1970   0.0065   0.0787   0.0687   0.4867   0.4005   0.0077   0.0000   0.0150   0.0761    0.212
    34   0.1710  -0.3480   0.0000   0.1938   0.0059   0.0726   0.0740   0.4564   0.3756   0.0066   0.0000   0.0184   0.0675    0.201
    35   0.1852  -0.3771   0.0000   0.1909   0.0052   0.0649   0.0787   0.4141   0.3408   0.0053   0.0000   0.0221   0.0564    0.185
    36   0.1977  -0.4024   0.0000   0.1884   0.0044   0.0555   0.0817   0.3590   0.2954   0.0037   0.0000   0.0254   0.0432    0.164
    37   0.2081  -0.4235   0.0000   0.1863   0.0035   0.0445   0.0820   0.2915   0.2399   0.0021   0.0000   0.0270   0.0294    0.138
    38   0.2161  -0.4398   0.0000   0.1846   0.0025   0.0324   0.0789   0.2139   0.1760   0.0006   0.0000   0.0249   0.0170    0.108
    39   0.2215  -0.4509   0.0000   0.1835   0.0015   0.0195   0.0730   0.1300   0.1070  -0.0007   0.0000   0.0180   0.0077    0.082
    40   0.2243  -0.4565   0.0000   0.1830   0.0005   0.0065   0.0679   0.0436   0.0359  -0.0017   0.0000   0.0066   0.0021    0.066
 ---------------------------------------------------------------
