 ---------------------------------------------------------------
 Surface and Strip Forces by surface

  Sref = 0.16720       Cref = 0.18360       Bref = 0.91440    
  Xref = 0.10920       Yref =  0.0000       Zref =  0.0000    

  Surface # 1     Wing                                    
     # Chordwise = 10   # Spanwise = 20     First strip =  1
     Surface area Ssurf =    0.083622     Ave. chord Cave =    0.182900

 Forces referred to Sref, Cref, Bref about Xref, Yref, Zref
 Standard axis orientation,  X fwd, Z down         
     CLsurf  =   0.21725     Clsurf  =  -0.04851
     CYsurf  =   0.00622     Cmsurf  =  -0.03980
     CDsurf  =   0.00661     Cnsurf  =  -0.00539
     CDisurf =   0.00661     CDvsurf =   0.00000

 Forces referred to Ssurf, Cave 
     CLsurf  =   0.43439     CDsurf  =   0.01321

 Strip Forces referred to Strip Area, Chord
    j     Xle      Yle      Zle      Chord    Area     c_cl     ai     cl_norm    cl       cd       cdv    cm_c/4     cm_LE   C.P.x/c
     1   0.0003   0.0007   0.0000   0.2031   0.0006   0.0900   0.0294   0.5213   0.4291   0.1575   0.0000  -0.0217  -0.1190    0.301
     2   0.0031   0.0063   0.0000   0.2026   0.0017   0.0900   0.0299   0.5384   0.4432   0.0335   0.0000  -0.0195  -0.1173    0.294
     3   0.0085   0.0174   0.0000   0.2017   0.0028   0.0902   0.0328   0.5429   0.4469   0.0272   0.0000  -0.0142  -0.1132    0.282
     4   0.0165   0.0337   0.0000   0.2002   0.0038   0.0906   0.0366   0.5496   0.4524   0.0233   0.0000  -0.0082  -0.1090    0.268
     5   0.0268   0.0548   0.0000   0.1983   0.0046   0.0910   0.0404   0.5581   0.4594   0.0199   0.0000  -0.0032  -0.1060    0.257
     6   0.0392   0.0801   0.0000   0.1961   0.0053   0.0914   0.0437   0.5674   0.4670   0.0172   0.0000   0.0005  -0.1043    0.249
     7   0.0533   0.1092   0.0000   0.1935   0.0059   0.0916   0.0465   0.5761   0.4742   0.0151   0.0000   0.0032  -0.1035    0.243
     8   0.0690   0.1411   0.0000   0.1907   0.0063   0.0913   0.0491   0.5832   0.4801   0.0136   0.0000   0.0050  -0.1030    0.240
     9   0.0856   0.1752   0.0000   0.1876   0.0065   0.0905   0.0518   0.5876   0.4836   0.0124   0.0000   0.0065  -0.1025    0.237
    10   0.1029   0.2107   0.0000   0.1845   0.0066   0.0890   0.0550   0.5880   0.4840   0.0114   0.0000   0.0079  -0.1013    0.234
    11   0.1205   0.2465   0.0000   0.1813   0.0065   0.0868   0.0589   0.5833   0.4801   0.0106   0.0000   0.0095  -0.0990    0.230
    12   0.1378   0.2820   0.0000   0.1782   0.0062   0.0836   0.0638   0.5717   0.4706   0.0098   0.0000   0.0116  -0.0950    0.225
    13   0.1544   0.3161   0.0000   0.1751   0.0058   0.0792   0.0696   0.5513   0.4538   0.0089   0.0000   0.0143  -0.0888    0.218
    14   0.1701   0.3480   0.0000   0.1723   0.0053   0.0734   0.0760   0.5196   0.4277   0.0078   0.0000   0.0179  -0.0797    0.208
    15   0.1842   0.3771   0.0000   0.1697   0.0046   0.0660   0.0822   0.4742   0.3903   0.0064   0.0000   0.0221  -0.0675    0.193
    16   0.1966   0.4024   0.0000   0.1675   0.0039   0.0568   0.0868   0.4134   0.3403   0.0046   0.0000   0.0262  -0.0526    0.173
    17   0.2069   0.4235   0.0000   0.1656   0.0031   0.0458   0.0884   0.3373   0.2777   0.0027   0.0000   0.0287  -0.0364    0.147
    18   0.2149   0.4398   0.0000   0.1641   0.0023   0.0334   0.0861   0.2485   0.2045   0.0009   0.0000   0.0272  -0.0213    0.117
    19   0.2203   0.4509   0.0000   0.1632   0.0014   0.0202   0.0803   0.1514   0.1246  -0.0006   0.0000   0.0201  -0.0098    0.089
    20   0.2231   0.4565   0.0000   0.1627   0.0005   0.0067   0.0747   0.0508   0.0418  -0.0018   0.0000   0.0074  -0.0026    0.072

  Surface # 2     Wing (YDUP)                             
     # Chordwise = 10   # Spanwise = 20     First strip = 21
     Surface area Ssurf =    0.083622     Ave. chord Cave =    0.182900

 Forces referred to Sref, Cref, Bref about Xref, Yref, Zref
 Standard axis orientation,  X fwd, Z down         
     CLsurf  =   0.21725     Clsurf  =   0.04851
     CYsurf  =  -0.00622     Cmsurf  =  -0.03980
     CDsurf  =   0.00661     Cnsurf  =   0.00539
     CDisurf =   0.00661     CDvsurf =   0.00000

 Forces referred to Ssurf, Cave 
     CLsurf  =   0.43439     CDsurf  =   0.01321

 Strip Forces referred to Strip Area, Chord
    j     Xle      Yle      Zle      Chord    Area     c_cl     ai     cl_norm    cl       cd       cdv    cm_c/4     cm_LE   C.P.x/c
    21   0.0003  -0.0007   0.0000   0.2031   0.0006   0.0900   0.0294   0.5213   0.4291   0.1575   0.0000  -0.0217   0.1190    0.301
    22   0.0031  -0.0063   0.0000   0.2026   0.0017   0.0900   0.0299   0.5384   0.4432   0.0335   0.0000  -0.0195   0.1173    0.294
    23   0.0085  -0.0174   0.0000   0.2017   0.0028   0.0902   0.0328   0.5429   0.4469   0.0272   0.0000  -0.0142   0.1132    0.282
    24   0.0165  -0.0337   0.0000   0.2002   0.0038   0.0906   0.0366   0.5496   0.4524   0.0233   0.0000  -0.0082   0.1090    0.268
    25   0.0268  -0.0548   0.0000   0.1983   0.0046   0.0910   0.0404   0.5581   0.4594   0.0199   0.0000  -0.0032   0.1060    0.257
    26   0.0392  -0.0801   0.0000   0.1961   0.0053   0.0914   0.0437   0.5674   0.4670   0.0172   0.0000   0.0005   0.1043    0.249
    27   0.0533  -0.1092   0.0000   0.1935   0.0059   0.0916   0.0465   0.5761   0.4742   0.0151   0.0000   0.0032   0.1035    0.243
    28   0.0690  -0.1411   0.0000   0.1907   0.0063   0.0913   0.0491   0.5832   0.4801   0.0136   0.0000   0.0050   0.1030    0.240
    29   0.0856  -0.1752   0.0000   0.1876   0.0065   0.0905   0.0518   0.5876   0.4836   0.0124   0.0000   0.0065   0.1025    0.237
    30   0.1029  -0.2107   0.0000   0.1845   0.0066   0.0890   0.0550   0.5880   0.4840   0.0114   0.0000   0.0079   0.1013    0.234
    31   0.1205  -0.2465   0.0000   0.1813   0.0065   0.0868   0.0589   0.5833   0.4801   0.0106   0.0000   0.0095   0.0990    0.230
    32   0.1378  -0.2820   0.0000   0.1782   0.0062   0.0836   0.0638   0.5717   0.4706   0.0098   0.0000   0.0116   0.0950    0.225
    33   0.1544  -0.3161   0.0000   0.1751   0.0058   0.0792   0.0696   0.5513   0.4538   0.0089   0.0000   0.0143   0.0888    0.218
    34   0.1701  -0.3480   0.0000   0.1723   0.0053   0.0734   0.0760   0.5196   0.4277   0.0078   0.0000   0.0179   0.0797    0.208
    35   0.1842  -0.3771   0.0000   0.1697   0.0046   0.0660   0.0822   0.4742   0.3903   0.0064   0.0000   0.0221   0.0675    0.193
    36   0.1966  -0.4024   0.0000   0.1675   0.0039   0.0568   0.0868   0.4134   0.3403   0.0046   0.0000   0.0262   0.0526    0.173
    37   0.2069  -0.4235   0.0000   0.1656   0.0031   0.0458   0.0884   0.3373   0.2777   0.0027   0.0000   0.0287   0.0364    0.147
    38   0.2149  -0.4398   0.0000   0.1641   0.0023   0.0334   0.0861   0.2485   0.2045   0.0009   0.0000   0.0272   0.0213    0.117
    39   0.2203  -0.4509   0.0000   0.1632   0.0014   0.0202   0.0803   0.1514   0.1246  -0.0006   0.0000   0.0201   0.0098    0.089
    40   0.2231  -0.4565   0.0000   0.1627   0.0005   0.0067   0.0747   0.0508   0.0418  -0.0018   0.0000   0.0074   0.0026    0.072
 ---------------------------------------------------------------
