 ---------------------------------------------------------------
 Surface and Strip Forces by surface

  Sref = 0.17880       Cref = 0.25250       Bref = 0.71120    
  Xref = 0.10920       Yref =  0.0000       Zref =  0.0000    

  Surface # 1     Wing                                    
     # Chordwise = 10   # Spanwise = 20     First strip =  1
     Surface area Ssurf =    0.089416     Ave. chord Cave =    0.251450

 Forces referred to Sref, Cref, Bref about Xref, Yref, Zref
 Standard axis orientation,  X fwd, Z down         
     CLsurf  =   0.20316     Clsurf  =  -0.04432
     CYsurf  =   0.00651     Cmsurf  =  -0.03485
     CDsurf  =   0.01031     Cnsurf  =  -0.00755
     CDisurf =   0.01031     CDvsurf =   0.00000

 Forces referred to Ssurf, Cave 
     CLsurf  =   0.40624     CDsurf  =   0.02062

 Strip Forces referred to Strip Area, Chord
    j     Xle      Yle      Zle      Chord    Area     c_cl     ai     cl_norm    cl       cd       cdv    cm_c/4     cm_LE   C.P.x/c
     1   0.0003   0.0005   0.0000   0.2793   0.0006   0.1215   0.0680   0.5277   0.3979   0.3166   0.0000  -0.0217  -0.1110    0.305
     2   0.0030   0.0049   0.0000   0.2786   0.0018   0.1215   0.0676   0.5741   0.4328   0.0537   0.0000  -0.0205  -0.1103    0.297
     3   0.0083   0.0135   0.0000   0.2773   0.0030   0.1216   0.0692   0.5796   0.4370   0.0395   0.0000  -0.0169  -0.1077    0.289
     4   0.0162   0.0262   0.0000   0.2753   0.0040   0.1217   0.0720   0.5851   0.4411   0.0357   0.0000  -0.0117  -0.1040    0.277
     5   0.0263   0.0426   0.0000   0.2727   0.0049   0.1218   0.0754   0.5919   0.4462   0.0322   0.0000  -0.0064  -0.1005    0.264
     6   0.0384   0.0623   0.0000   0.2696   0.0057   0.1217   0.0789   0.5990   0.4516   0.0288   0.0000  -0.0015  -0.0973    0.253
     7   0.0524   0.0849   0.0000   0.2661   0.0063   0.1213   0.0826   0.6054   0.4564   0.0258   0.0000   0.0028  -0.0946    0.244
     8   0.0677   0.1098   0.0000   0.2621   0.0068   0.1203   0.0864   0.6097   0.4597   0.0231   0.0000   0.0065  -0.0921    0.236
     9   0.0841   0.1363   0.0000   0.2580   0.0070   0.1185   0.0903   0.6106   0.4603   0.0207   0.0000   0.0098  -0.0893    0.229
    10   0.1010   0.1638   0.0000   0.2536   0.0071   0.1156   0.0945   0.6064   0.4572   0.0185   0.0000   0.0131  -0.0859    0.221
    11   0.1183   0.1918   0.0000   0.2493   0.0069   0.1115   0.0991   0.5956   0.4491   0.0163   0.0000   0.0165  -0.0812    0.213
    12   0.1352   0.2193   0.0000   0.2449   0.0066   0.1060   0.1037   0.5765   0.4346   0.0141   0.0000   0.0201  -0.0750    0.204
    13   0.1516   0.2458   0.0000   0.2408   0.0062   0.0989   0.1081   0.5473   0.4126   0.0117   0.0000   0.0241  -0.0669    0.192
    14   0.1669   0.2707   0.0000   0.2368   0.0056   0.0900   0.1118   0.5067   0.3820   0.0091   0.0000   0.0280  -0.0570    0.177
    15   0.1809   0.2933   0.0000   0.2333   0.0049   0.0794   0.1142   0.4539   0.3422   0.0064   0.0000   0.0313  -0.0457    0.158
    16   0.1930   0.3130   0.0000   0.2302   0.0042   0.0671   0.1146   0.3890   0.2933   0.0036   0.0000   0.0331  -0.0339    0.137
    17   0.2031   0.3294   0.0000   0.2276   0.0033   0.0534   0.1127   0.3134   0.2362   0.0011   0.0000   0.0321  -0.0226    0.114
    18   0.2110   0.3421   0.0000   0.2256   0.0024   0.0387   0.1088   0.2293   0.1728  -0.0009   0.0000   0.0274  -0.0131    0.092
    19   0.2163   0.3507   0.0000   0.2243   0.0015   0.0233   0.1036   0.1396   0.1052  -0.0024   0.0000   0.0186  -0.0063    0.073
    20   0.2190   0.3551   0.0000   0.2236   0.0005   0.0078   0.1003   0.0472   0.0356  -0.0033   0.0000   0.0066  -0.0018    0.065

  Surface # 2     Wing (YDUP)                             
     # Chordwise = 10   # Spanwise = 20     First strip = 21
     Surface area Ssurf =    0.089416     Ave. chord Cave =    0.251450

 Forces referred to Sref, Cref, Bref about Xref, Yref, Zref
 Standard axis orientation,  X fwd, Z down         
     CLsurf  =   0.20316     Clsurf  =   0.04432
     CYsurf  =  -0.00651     Cmsurf  =  -0.03485
     CDsurf  =   0.01031     Cnsurf  =   0.00755
     CDisurf =   0.01031     CDvsurf =   0.00000

 Forces referred to Ssurf, Cave 
     CLsurf  =   0.40624     CDsurf  =   0.02062

 Strip Forces referred to Strip Area, Chord
    j     Xle      Yle      Zle      Chord    Area     c_cl     ai     cl_norm    cl       cd       cdv    cm_c/4     cm_LE   C.P.x/c
    21   0.0003  -0.0005   0.0000   0.2793   0.0006   0.1215   0.0680   0.5277   0.3979   0.3166   0.0000  -0.0217   0.1110    0.305
    22   0.0030  -0.0049   0.0000   0.2786   0.0018   0.1215   0.0676   0.5741   0.4328   0.0537   0.0000  -0.0205   0.1103    0.297
    23   0.0083  -0.0135   0.0000   0.2773   0.0030   0.1216   0.0692   0.5796   0.4370   0.0395   0.0000  -0.0169   0.1077    0.289
    24   0.0162  -0.0262   0.0000   0.2753   0.0040   0.1217   0.0720   0.5851   0.4411   0.0357   0.0000  -0.0117   0.1040    0.277
    25   0.0263  -0.0426   0.0000   0.2727   0.0049   0.1218   0.0754   0.5919   0.4462   0.0322   0.0000  -0.0064   0.1005    0.264
    26   0.0384  -0.0623   0.0000   0.2696   0.0057   0.1217   0.0789   0.5990   0.4516   0.0288   0.0000  -0.0015   0.0973    0.253
    27   0.0524  -0.0849   0.0000   0.2661   0.0063   0.1213   0.0826   0.6054   0.4564   0.0258   0.0000   0.0028   0.0946    0.244
    28   0.0677  -0.1098   0.0000   0.2621   0.0068   0.1203   0.0864   0.6097   0.4597   0.0231   0.0000   0.0065   0.0921    0.236
    29   0.0841  -0.1363   0.0000   0.2580   0.0070   0.1185   0.0903   0.6106   0.4603   0.0207   0.0000   0.0098   0.0893    0.229
    30   0.1010  -0.1638   0.0000   0.2536   0.0071   0.1156   0.0945   0.6064   0.4572   0.0185   0.0000   0.0131   0.0859    0.221
    31   0.1183  -0.1918   0.0000   0.2493   0.0069   0.1115   0.0991   0.5956   0.4491   0.0163   0.0000   0.0165   0.0812    0.213
    32   0.1352  -0.2193   0.0000   0.2449   0.0066   0.1060   0.1037   0.5765   0.4346   0.0141   0.0000   0.0201   0.0750    0.204
    33   0.1516  -0.2458   0.0000   0.2408   0.0062   0.0989   0.1081   0.5473   0.4126   0.0117   0.0000   0.0241   0.0669    0.192
    34   0.1669  -0.2707   0.0000   0.2368   0.0056   0.0900   0.1118   0.5067   0.3820   0.0091   0.0000   0.0280   0.0570    0.177
    35   0.1809  -0.2933   0.0000   0.2333   0.0049   0.0794   0.1142   0.4539   0.3422   0.0064   0.0000   0.0313   0.0457    0.158
    36   0.1930  -0.3130   0.0000   0.2302   0.0042   0.0671   0.1146   0.3890   0.2933   0.0036   0.0000   0.0331   0.0339    0.137
    37   0.2031  -0.3294   0.0000   0.2276   0.0033   0.0534   0.1127   0.3134   0.2362   0.0011   0.0000   0.0321   0.0226    0.114
    38   0.2110  -0.3421   0.0000   0.2256   0.0024   0.0387   0.1088   0.2293   0.1728  -0.0009   0.0000   0.0274   0.0131    0.092
    39   0.2163  -0.3507   0.0000   0.2243   0.0015   0.0233   0.1036   0.1396   0.1052  -0.0024   0.0000   0.0186   0.0063    0.073
    40   0.2190  -0.3551   0.0000   0.2236   0.0005   0.0078   0.1003   0.0472   0.0356  -0.0033   0.0000   0.0066   0.0018    0.065
 ---------------------------------------------------------------
