 ---------------------------------------------------------------
 Surface and Strip Forces by surface

  Sref = 0.14860       Cref = 0.16590       Bref = 0.91440    
  Xref = 0.10920       Yref =  0.0000       Zref =  0.0000    

  Surface # 1     Wing                                    
     # Chordwise = 10   # Spanwise = 20     First strip =  1
     Surface area Ssurf =    0.074318     Ave. chord Cave =    0.162550

 Forces referred to Sref, Cref, Bref about Xref, Yref, Zref
 Standard axis orientation,  X fwd, Z down         
     CLsurf  =   0.24444     Clsurf  =  -0.05401
     CYsurf  =   0.00636     Cmsurf  =  -0.05015
     CDsurf  =   0.00742     Cnsurf  =  -0.00620
     CDisurf =   0.00742     CDvsurf =   0.00000

 Forces referred to Ssurf, Cave 
     CLsurf  =   0.48877     CDsurf  =   0.01485

 Strip Forces referred to Strip Area, Chord
    j     Xle      Yle      Zle      Chord    Area     c_cl     ai     cl_norm    cl       cd       cdv    cm_c/4     cm_LE   C.P.x/c
     1   0.0004   0.0007   0.0000   0.2031   0.0006   0.0926   0.0357   0.5343   0.4400   0.1669   0.0000  -0.0217  -0.1208    0.299
     2   0.0032   0.0063   0.0000   0.2021   0.0017   0.0926   0.0361   0.5548   0.4568   0.0370   0.0000  -0.0195  -0.1194    0.293
     3   0.0089   0.0174   0.0000   0.2001   0.0027   0.0927   0.0385   0.5620   0.4628   0.0302   0.0000  -0.0141  -0.1157    0.281
     4   0.0172   0.0337   0.0000   0.1972   0.0037   0.0930   0.0417   0.5724   0.4714   0.0261   0.0000  -0.0082  -0.1122    0.267
     5   0.0280   0.0548   0.0000   0.1935   0.0045   0.0932   0.0448   0.5856   0.4823   0.0223   0.0000  -0.0031  -0.1101    0.257
     6   0.0409   0.0801   0.0000   0.1890   0.0052   0.0933   0.0472   0.6005   0.4945   0.0192   0.0000   0.0006  -0.1094    0.249
     7   0.0557   0.1092   0.0000   0.1838   0.0056   0.0929   0.0490   0.6156   0.5070   0.0168   0.0000   0.0031  -0.1098    0.244
     8   0.0721   0.1411   0.0000   0.1781   0.0059   0.0921   0.0504   0.6299   0.5187   0.0149   0.0000   0.0048  -0.1108    0.241
     9   0.0895   0.1752   0.0000   0.1720   0.0060   0.0906   0.0518   0.6420   0.5287   0.0133   0.0000   0.0061  -0.1119    0.238
    10   0.1076   0.2107   0.0000   0.1657   0.0059   0.0885   0.0534   0.6509   0.5360   0.0120   0.0000   0.0072  -0.1125    0.237
    11   0.1259   0.2465   0.0000   0.1594   0.0057   0.0856   0.0558   0.6551   0.5395   0.0109   0.0000   0.0084  -0.1122    0.234
    12   0.1440   0.2820   0.0000   0.1531   0.0053   0.0820   0.0593   0.6530   0.5377   0.0099   0.0000   0.0100  -0.1104    0.231
    13   0.1614   0.3161   0.0000   0.1470   0.0049   0.0774   0.0642   0.6419   0.5286   0.0088   0.0000   0.0122  -0.1063    0.227
    14   0.1778   0.3480   0.0000   0.1413   0.0043   0.0717   0.0706   0.6185   0.5093   0.0077   0.0000   0.0155  -0.0991    0.220
    15   0.1926   0.3771   0.0000   0.1361   0.0037   0.0646   0.0781   0.5786   0.4765   0.0063   0.0000   0.0200  -0.0878    0.208
    16   0.2055   0.4024   0.0000   0.1316   0.0031   0.0559   0.0852   0.5178   0.4264   0.0045   0.0000   0.0254  -0.0718    0.190
    17   0.2163   0.4235   0.0000   0.1279   0.0024   0.0454   0.0899   0.4332   0.3567   0.0024   0.0000   0.0301  -0.0522    0.166
    18   0.2246   0.4398   0.0000   0.1250   0.0017   0.0333   0.0902   0.3258   0.2683   0.0004   0.0000   0.0310  -0.0318    0.135
    19   0.2303   0.4509   0.0000   0.1230   0.0010   0.0202   0.0855   0.2012   0.1657  -0.0012   0.0000   0.0244  -0.0149    0.103
    20   0.2331   0.4565   0.0000   0.1220   0.0003   0.0068   0.0790   0.0680   0.0560  -0.0022   0.0000   0.0094  -0.0040    0.082

  Surface # 2     Wing (YDUP)                             
     # Chordwise = 10   # Spanwise = 20     First strip = 21
     Surface area Ssurf =    0.074318     Ave. chord Cave =    0.162550

 Forces referred to Sref, Cref, Bref about Xref, Yref, Zref
 Standard axis orientation,  X fwd, Z down         
     CLsurf  =   0.24444     Clsurf  =   0.05401
     CYsurf  =  -0.00636     Cmsurf  =  -0.05015
     CDsurf  =   0.00742     Cnsurf  =   0.00620
     CDisurf =   0.00742     CDvsurf =   0.00000

 Forces referred to Ssurf, Cave 
     CLsurf  =   0.48877     CDsurf  =   0.01485

 Strip Forces referred to Strip Area, Chord
    j     Xle      Yle      Zle      Chord    Area     c_cl     ai     cl_norm    cl       cd       cdv    cm_c/4     cm_LE   C.P.x/c
    21   0.0004  -0.0007   0.0000   0.2031   0.0006   0.0926   0.0357   0.5343   0.4400   0.1669   0.0000  -0.0217   0.1208    0.299
    22   0.0032  -0.0063   0.0000   0.2021   0.0017   0.0926   0.0361   0.5548   0.4568   0.0370   0.0000  -0.0195   0.1194    0.293
    23   0.0089  -0.0174   0.0000   0.2001   0.0027   0.0927   0.0385   0.5620   0.4628   0.0302   0.0000  -0.0141   0.1157    0.281
    24   0.0172  -0.0337   0.0000   0.1972   0.0037   0.0930   0.0417   0.5724   0.4714   0.0261   0.0000  -0.0082   0.1122    0.267
    25   0.0280  -0.0548   0.0000   0.1935   0.0045   0.0932   0.0448   0.5856   0.4823   0.0223   0.0000  -0.0031   0.1101    0.257
    26   0.0409  -0.0801   0.0000   0.1890   0.0052   0.0933   0.0472   0.6005   0.4945   0.0192   0.0000   0.0006   0.1094    0.249
    27   0.0557  -0.1092   0.0000   0.1838   0.0056   0.0929   0.0490   0.6156   0.5070   0.0168   0.0000   0.0031   0.1098    0.244
    28   0.0721  -0.1411   0.0000   0.1781   0.0059   0.0921   0.0504   0.6299   0.5187   0.0149   0.0000   0.0048   0.1108    0.241
    29   0.0895  -0.1752   0.0000   0.1720   0.0060   0.0906   0.0518   0.6420   0.5287   0.0133   0.0000   0.0061   0.1119    0.238
    30   0.1076  -0.2107   0.0000   0.1657   0.0059   0.0885   0.0534   0.6509   0.5360   0.0120   0.0000   0.0072   0.1125    0.237
    31   0.1259  -0.2465   0.0000   0.1594   0.0057   0.0856   0.0558   0.6551   0.5395   0.0109   0.0000   0.0084   0.1122    0.234
    32   0.1440  -0.2820   0.0000   0.1531   0.0053   0.0820   0.0593   0.6530   0.5377   0.0099   0.0000   0.0100   0.1104    0.231
    33   0.1614  -0.3161   0.0000   0.1470   0.0049   0.0774   0.0642   0.6419   0.5286   0.0088   0.0000   0.0122   0.1063    0.227
    34   0.1778  -0.3480   0.0000   0.1413   0.0043   0.0717   0.0706   0.6185   0.5093   0.0077   0.0000   0.0155   0.0991    0.220
    35   0.1926  -0.3771   0.0000   0.1361   0.0037   0.0646   0.0781   0.5786   0.4765   0.0063   0.0000   0.0200   0.0878    0.208
    36   0.2055  -0.4024   0.0000   0.1316   0.0031   0.0559   0.0852   0.5178   0.4264   0.0045   0.0000   0.0254   0.0718    0.190
    37   0.2163  -0.4235   0.0000   0.1279   0.0024   0.0454   0.0899   0.4332   0.3567   0.0024   0.0000   0.0301   0.0522    0.166
    38   0.2246  -0.4398   0.0000   0.1250   0.0017   0.0333   0.0902   0.3258   0.2683   0.0004   0.0000   0.0310   0.0318    0.135
    39   0.2303  -0.4509   0.0000   0.1230   0.0010   0.0202   0.0855   0.2012   0.1657  -0.0012   0.0000   0.0244   0.0149    0.103
    40   0.2331  -0.4565   0.0000   0.1220   0.0003   0.0068   0.0790   0.0680   0.0560  -0.0022   0.0000   0.0094   0.0040    0.082
 ---------------------------------------------------------------
