 ---------------------------------------------------------------
 Surface and Strip Forces by surface

  Sref = 0.25550       Cref = 0.27940       Bref = 0.91440    
  Xref = 0.10920       Yref =  0.0000       Zref =  0.0000    

  Surface # 1     Wing                                    
     # Chordwise = 10   # Spanwise = 20     First strip =  1
     Surface area Ssurf =    0.127742     Ave. chord Cave =    0.279400

 Forces referred to Sref, Cref, Bref about Xref, Yref, Zref
 Standard axis orientation,  X fwd, Z down         
     CLsurf  =   0.14217     Clsurf  =  -0.03150
     CYsurf  =   0.00410     Cmsurf  =  -0.03494
     CDsurf  =   0.00438     Cnsurf  =  -0.00365
     CDisurf =   0.00438     CDvsurf =   0.00000

 Forces referred to Ssurf, Cave 
     CLsurf  =   0.28436     CDsurf  =   0.00877

 Strip Forces referred to Strip Area, Chord
    j     Xle      Yle      Zle      Chord    Area     c_cl     ai     cl_norm    cl       cd       cdv    cm_c/4     cm_LE   C.P.x/c
     1   0.0004   0.0007   0.0000   0.2794   0.0008   0.0910   0.0333   0.4190   0.3149   0.1479   0.0000  -0.0194  -0.0873    0.312
     2   0.0036   0.0063   0.0000   0.2794   0.0023   0.0910   0.0318   0.4323   0.3249   0.0246   0.0000  -0.0180  -0.0861    0.305
     3   0.0100   0.0174   0.0000   0.2794   0.0038   0.0911   0.0333   0.4334   0.3257   0.0187   0.0000  -0.0141  -0.0828    0.293
     4   0.0195   0.0337   0.0000   0.2794   0.0052   0.0914   0.0363   0.4351   0.3270   0.0166   0.0000  -0.0092  -0.0788    0.278
     5   0.0316   0.0548   0.0000   0.2794   0.0065   0.0919   0.0399   0.4374   0.3287   0.0145   0.0000  -0.0046  -0.0751    0.264
     6   0.0463   0.0801   0.0000   0.2794   0.0076   0.0923   0.0436   0.4397   0.3305   0.0127   0.0000  -0.0007  -0.0721    0.252
     7   0.0630   0.1092   0.0000   0.2794   0.0085   0.0926   0.0471   0.4411   0.3316   0.0112   0.0000   0.0024  -0.0696    0.243
     8   0.0815   0.1411   0.0000   0.2794   0.0093   0.0925   0.0507   0.4408   0.3313   0.0099   0.0000   0.0049  -0.0674    0.235
     9   0.1012   0.1752   0.0000   0.2794   0.0097   0.0918   0.0544   0.4377   0.3289   0.0089   0.0000   0.0071  -0.0650    0.228
    10   0.1216   0.2107   0.0000   0.2794   0.0100   0.0904   0.0583   0.4308   0.3238   0.0080   0.0000   0.0092  -0.0620    0.222
    11   0.1424   0.2465   0.0000   0.2794   0.0100   0.0879   0.0625   0.4192   0.3151   0.0071   0.0000   0.0115  -0.0582    0.214
    12   0.1628   0.2820   0.0000   0.2794   0.0097   0.0842   0.0667   0.4017   0.3019   0.0062   0.0000   0.0140  -0.0531    0.204
    13   0.1825   0.3161   0.0000   0.2794   0.0093   0.0791   0.0707   0.3774   0.2836   0.0052   0.0000   0.0169  -0.0467    0.191
    14   0.2010   0.3480   0.0000   0.2794   0.0085   0.0724   0.0738   0.3454   0.2596   0.0041   0.0000   0.0198  -0.0389    0.174
    15   0.2177   0.3771   0.0000   0.2794   0.0076   0.0640   0.0753   0.3054   0.2296   0.0028   0.0000   0.0224  -0.0302    0.152
    16   0.2324   0.4024   0.0000   0.2794   0.0065   0.0541   0.0748   0.2582   0.1941   0.0015   0.0000   0.0239  -0.0212    0.127
    17   0.2445   0.4235   0.0000   0.2794   0.0052   0.0429   0.0718   0.2050   0.1541   0.0004   0.0000   0.0234  -0.0130    0.098
    18   0.2540   0.4398   0.0000   0.2794   0.0038   0.0309   0.0668   0.1478   0.1111  -0.0006   0.0000   0.0201  -0.0065    0.069
    19   0.2604   0.4509   0.0000   0.2794   0.0023   0.0186   0.0608   0.0889   0.0668  -0.0015   0.0000   0.0137  -0.0025    0.045
    20   0.2636   0.4565   0.0000   0.2794   0.0008   0.0062   0.0571   0.0297   0.0223  -0.0018   0.0000   0.0049  -0.0006    0.033

  Surface # 2     Wing (YDUP)                             
     # Chordwise = 10   # Spanwise = 20     First strip = 21
     Surface area Ssurf =    0.127742     Ave. chord Cave =    0.279400

 Forces referred to Sref, Cref, Bref about Xref, Yref, Zref
 Standard axis orientation,  X fwd, Z down         
     CLsurf  =   0.14217     Clsurf  =   0.03150
     CYsurf  =  -0.00410     Cmsurf  =  -0.03494
     CDsurf  =   0.00438     Cnsurf  =   0.00365
     CDisurf =   0.00438     CDvsurf =   0.00000

 Forces referred to Ssurf, Cave 
     CLsurf  =   0.28436     CDsurf  =   0.00877

 Strip Forces referred to Strip Area, Chord
    j     Xle      Yle      Zle      Chord    Area     c_cl     ai     cl_norm    cl       cd       cdv    cm_c/4     cm_LE   C.P.x/c
    21   0.0004  -0.0007   0.0000   0.2794   0.0008   0.0910   0.0333   0.4190   0.3149   0.1479   0.0000  -0.0194   0.0873    0.312
    22   0.0036  -0.0063   0.0000   0.2794   0.0023   0.0910   0.0318   0.4323   0.3249   0.0246   0.0000  -0.0180   0.0861    0.305
    23   0.0100  -0.0174   0.0000   0.2794   0.0038   0.0911   0.0333   0.4334   0.3257   0.0187   0.0000  -0.0141   0.0828    0.293
    24   0.0195  -0.0337   0.0000   0.2794   0.0052   0.0914   0.0363   0.4351   0.3270   0.0166   0.0000  -0.0092   0.0788    0.278
    25   0.0316  -0.0548   0.0000   0.2794   0.0065   0.0919   0.0399   0.4374   0.3287   0.0145   0.0000  -0.0046   0.0751    0.264
    26   0.0463  -0.0801   0.0000   0.2794   0.0076   0.0923   0.0436   0.4397   0.3305   0.0127   0.0000  -0.0007   0.0721    0.252
    27   0.0630  -0.1092   0.0000   0.2794   0.0085   0.0926   0.0471   0.4411   0.3316   0.0112   0.0000   0.0024   0.0696    0.243
    28   0.0815  -0.1411   0.0000   0.2794   0.0093   0.0925   0.0507   0.4408   0.3313   0.0099   0.0000   0.0049   0.0674    0.235
    29   0.1012  -0.1752   0.0000   0.2794   0.0097   0.0918   0.0544   0.4377   0.3289   0.0089   0.0000   0.0071   0.0650    0.228
    30   0.1216  -0.2107   0.0000   0.2794   0.0100   0.0904   0.0583   0.4308   0.3238   0.0080   0.0000   0.0092   0.0620    0.222
    31   0.1424  -0.2465   0.0000   0.2794   0.0100   0.0879   0.0625   0.4192   0.3151   0.0071   0.0000   0.0115   0.0582    0.214
    32   0.1628  -0.2820   0.0000   0.2794   0.0097   0.0842   0.0667   0.4017   0.3019   0.0062   0.0000   0.0140   0.0531    0.204
    33   0.1825  -0.3161   0.0000   0.2794   0.0093   0.0791   0.0707   0.3774   0.2836   0.0052   0.0000   0.0169   0.0467    0.191
    34   0.2010  -0.3480   0.0000   0.2794   0.0085   0.0724   0.0738   0.3454   0.2596   0.0041   0.0000   0.0198   0.0389    0.174
    35   0.2177  -0.3771   0.0000   0.2794   0.0076   0.0640   0.0753   0.3054   0.2296   0.0028   0.0000   0.0224   0.0302    0.152
    36   0.2324  -0.4024   0.0000   0.2794   0.0065   0.0541   0.0748   0.2582   0.1941   0.0015   0.0000   0.0239   0.0212    0.127
    37   0.2445  -0.4235   0.0000   0.2794   0.0052   0.0429   0.0718   0.2050   0.1541   0.0004   0.0000   0.0234   0.0130    0.098
    38   0.2540  -0.4398   0.0000   0.2794   0.0038   0.0309   0.0668   0.1478   0.1111  -0.0006   0.0000   0.0201   0.0065    0.069
    39   0.2604  -0.4509   0.0000   0.2794   0.0023   0.0186   0.0608   0.0889   0.0668  -0.0015   0.0000   0.0137   0.0025    0.045
    40   0.2636  -0.4565   0.0000   0.2794   0.0008   0.0062   0.0571   0.0297   0.0223  -0.0018   0.0000   0.0049   0.0006    0.033
 ---------------------------------------------------------------
