 ---------------------------------------------------------------
 Surface and Strip Forces by surface

  Sref = 0.11150       Cref = 0.14000       Bref = 0.91440    
  Xref = 0.10920       Yref =  0.0000       Zref =  0.0000    

  Surface # 1     Wing                                    
     # Chordwise = 10   # Spanwise = 20     First strip =  1
     Surface area Ssurf =    0.055733     Ave. chord Cave =    0.121900

 Forces referred to Sref, Cref, Bref about Xref, Yref, Zref
 Standard axis orientation,  X fwd, Z down         
     CLsurf  =   0.32578     Clsurf  =  -0.06754
     CYsurf  =   0.00339     Cmsurf  =  -0.02403
     CDsurf  =   0.00993     Cnsurf  =  -0.00833
     CDisurf =   0.00993     CDvsurf =   0.00000

 Forces referred to Ssurf, Cave 
     CLsurf  =   0.65176     CDsurf  =   0.01987

 Strip Forces referred to Strip Area, Chord
    j     Xle      Yle      Zle      Chord    Area     c_cl     ai     cl_norm    cl       cd       cdv    cm_c/4     cm_LE   C.P.x/c
     1   0.0003   0.0007   0.0000   0.2029   0.0006   0.1045   0.0612   0.5600   0.4955   0.1788   0.0000  -0.0157  -0.1316    0.282
     2   0.0029   0.0063   0.0000   0.2010   0.0017   0.1045   0.0613   0.5858   0.5184   0.0464   0.0000  -0.0139  -0.1311    0.277
     3   0.0079   0.0174   0.0000   0.1970   0.0027   0.1044   0.0620   0.5986   0.5297   0.0386   0.0000  -0.0094  -0.1293    0.268
     4   0.0153   0.0337   0.0000   0.1912   0.0036   0.1043   0.0628   0.6165   0.5455   0.0337   0.0000  -0.0044  -0.1282    0.258
     5   0.0248   0.0548   0.0000   0.1837   0.0043   0.1037   0.0633   0.6392   0.5656   0.0293   0.0000  -0.0002  -0.1287    0.250
     6   0.0363   0.0801   0.0000   0.1747   0.0048   0.1026   0.0630   0.6655   0.5889   0.0256   0.0000   0.0029  -0.1311    0.245
     7   0.0494   0.1092   0.0000   0.1644   0.0050   0.1006   0.0617   0.6944   0.6145   0.0225   0.0000   0.0048  -0.1350    0.242
     8   0.0639   0.1411   0.0000   0.1530   0.0051   0.0977   0.0596   0.7249   0.6414   0.0196   0.0000   0.0059  -0.1400    0.241
     9   0.0793   0.1752   0.0000   0.1409   0.0049   0.0937   0.0568   0.7559   0.6689   0.0169   0.0000   0.0065  -0.1456    0.240
    10   0.0954   0.2107   0.0000   0.1283   0.0046   0.0888   0.0536   0.7868   0.6962   0.0142   0.0000   0.0067  -0.1515    0.240
    11   0.1116   0.2465   0.0000   0.1155   0.0041   0.0829   0.0502   0.8165   0.7225   0.0114   0.0000   0.0068  -0.1572    0.241
    12   0.1277   0.2820   0.0000   0.1029   0.0036   0.0763   0.0470   0.8443   0.7471   0.0086   0.0000   0.0070  -0.1625    0.241
    13   0.1431   0.3161   0.0000   0.0908   0.0030   0.0692   0.0445   0.8683   0.7684   0.0058   0.0000   0.0073  -0.1669    0.240
    14   0.1576   0.3480   0.0000   0.0794   0.0024   0.0617   0.0434   0.8860   0.7840   0.0030   0.0000   0.0081  -0.1697    0.240
    15   0.1707   0.3771   0.0000   0.0691   0.0019   0.0541   0.0449   0.8920   0.7893   0.0005   0.0000   0.0099  -0.1692    0.237
    16   0.1822   0.4024   0.0000   0.0601   0.0014   0.0462   0.0505   0.8761   0.7752  -0.0015   0.0000   0.0135  -0.1627    0.233
    17   0.1917   0.4235   0.0000   0.0526   0.0010   0.0378   0.0615   0.8194   0.7251  -0.0030   0.0000   0.0204  -0.1450    0.222
    18   0.1991   0.4398   0.0000   0.0468   0.0006   0.0284   0.0759   0.6931   0.6133  -0.0043   0.0000   0.0310  -0.1100    0.199
    19   0.2041   0.4509   0.0000   0.0428   0.0004   0.0177   0.0851   0.4716   0.4173  -0.0048   0.0000   0.0372  -0.0602    0.161
    20   0.2067   0.4565   0.0000   0.0409   0.0001   0.0060   0.0809   0.1669   0.1477  -0.0036   0.0000   0.0194  -0.0156    0.119

  Surface # 2     Wing (YDUP)                             
     # Chordwise = 10   # Spanwise = 20     First strip = 21
     Surface area Ssurf =    0.055733     Ave. chord Cave =    0.121900

 Forces referred to Sref, Cref, Bref about Xref, Yref, Zref
 Standard axis orientation,  X fwd, Z down         
     CLsurf  =   0.32578     Clsurf  =   0.06754
     CYsurf  =  -0.00339     Cmsurf  =  -0.02403
     CDsurf  =   0.00993     Cnsurf  =   0.00833
     CDisurf =   0.00993     CDvsurf =   0.00000

 Forces referred to Ssurf, Cave 
     CLsurf  =   0.65176     CDsurf  =   0.01987

 Strip Forces referred to Strip Area, Chord
    j     Xle      Yle      Zle      Chord    Area     c_cl     ai     cl_norm    cl       cd       cdv    cm_c/4     cm_LE   C.P.x/c
    21   0.0003  -0.0007   0.0000   0.2029   0.0006   0.1045   0.0612   0.5600   0.4955   0.1788   0.0000  -0.0157   0.1316    0.282
    22   0.0029  -0.0063   0.0000   0.2010   0.0017   0.1045   0.0613   0.5858   0.5184   0.0464   0.0000  -0.0139   0.1311    0.277
    23   0.0079  -0.0174   0.0000   0.1970   0.0027   0.1044   0.0620   0.5986   0.5297   0.0386   0.0000  -0.0094   0.1293    0.268
    24   0.0153  -0.0337   0.0000   0.1912   0.0036   0.1043   0.0628   0.6165   0.5455   0.0337   0.0000  -0.0044   0.1282    0.258
    25   0.0248  -0.0548   0.0000   0.1837   0.0043   0.1037   0.0633   0.6392   0.5656   0.0293   0.0000  -0.0002   0.1287    0.250
    26   0.0363  -0.0801   0.0000   0.1747   0.0048   0.1026   0.0630   0.6655   0.5889   0.0256   0.0000   0.0029   0.1311    0.245
    27   0.0494  -0.1092   0.0000   0.1644   0.0050   0.1006   0.0617   0.6944   0.6145   0.0225   0.0000   0.0048   0.1350    0.242
    28   0.0639  -0.1411   0.0000   0.1530   0.0051   0.0977   0.0596   0.7249   0.6414   0.0196   0.0000   0.0059   0.1400    0.241
    29   0.0793  -0.1752   0.0000   0.1409   0.0049   0.0937   0.0568   0.7559   0.6689   0.0169   0.0000   0.0065   0.1456    0.240
    30   0.0954  -0.2107   0.0000   0.1283   0.0046   0.0888   0.0536   0.7868   0.6962   0.0142   0.0000   0.0067   0.1515    0.240
    31   0.1116  -0.2465   0.0000   0.1155   0.0041   0.0829   0.0502   0.8165   0.7225   0.0114   0.0000   0.0068   0.1572    0.241
    32   0.1277  -0.2820   0.0000   0.1029   0.0036   0.0763   0.0470   0.8443   0.7471   0.0086   0.0000   0.0070   0.1625    0.241
    33   0.1431  -0.3161   0.0000   0.0908   0.0030   0.0692   0.0445   0.8683   0.7684   0.0058   0.0000   0.0073   0.1669    0.240
    34   0.1576  -0.3480   0.0000   0.0794   0.0024   0.0617   0.0434   0.8860   0.7840   0.0030   0.0000   0.0081   0.1697    0.240
    35   0.1707  -0.3771   0.0000   0.0691   0.0019   0.0541   0.0449   0.8920   0.7893   0.0005   0.0000   0.0099   0.1692    0.237
    36   0.1822  -0.4024   0.0000   0.0601   0.0014   0.0462   0.0505   0.8761   0.7752  -0.0015   0.0000   0.0135   0.1627    0.233
    37   0.1917  -0.4235   0.0000   0.0526   0.0010   0.0378   0.0615   0.8194   0.7251  -0.0030   0.0000   0.0204   0.1450    0.222
    38   0.1991  -0.4398   0.0000   0.0468   0.0006   0.0284   0.0759   0.6931   0.6133  -0.0043   0.0000   0.0310   0.1100    0.199
    39   0.2041  -0.4509   0.0000   0.0428   0.0004   0.0177   0.0851   0.4716   0.4173  -0.0048   0.0000   0.0372   0.0602    0.161
    40   0.2067  -0.4565   0.0000   0.0409   0.0001   0.0060   0.0809   0.1669   0.1477  -0.0036   0.0000   0.0194   0.0156    0.119
 ---------------------------------------------------------------
